    1	 2.404825563431e+00	 2.369273856649e-46	 2.369273856649e-46	 
    2	 5.520078096390e+00	 1.745570743708e-46	 1.745570743708e-46	 
    3	 8.653727922439e+00	 2.696866898436e-47	 2.696866898436e-47	 
    4	 1.179153443336e+01	 -3.921526675016e-47	 -3.921526675016e-47	 
    5	 1.493091771126e+01	 -4.550750495880e-47	 -4.550750495880e-47	 
    6	 1.807106396675e+01	 -4.436643272650e-47	 -4.436643272650e-47	 
    7	 2.121163662911e+01	 -3.241647088567e-47	 -3.241647088567e-47	 
    8	 2.435247153282e+01	 -2.910396364764e-47	 -2.910396364764e-47	 
    9	 2.749347912789e+01	 -1.987722531920e-47	 -1.987722531920e-47	 
   10	 3.063460646630e+01	 -1.905761312196e-47	 -1.905761312196e-47	 
   11	 3.377582020760e+01	 -1.248488262721e-47	 -1.248488262721e-47	 
   12	 3.691709836006e+01	 -1.318899730784e-47	 -1.318899730784e-47	 
   13	 4.005842576027e+01	 -8.190790256334e-48	 -8.190790256334e-48	 
   14	 4.319979170799e+01	 -9.653456152197e-48	 -9.653456152197e-48	 
   15	 4.634118836403e+01	 -5.585414850720e-48	 -5.585414850720e-48	 
   16	 4.948260989189e+01	 -7.409244604223e-48	 -7.409244604223e-48	 
   17	 5.262405184746e+01	 -3.924520057955e-48	 -3.924520057955e-48	 
   18	 5.576551075935e+01	 -5.910879664549e-48	 -5.910879664549e-48	 
   19	 5.890698391914e+01	 -2.817270400992e-48	 -2.817270400992e-48	 
   20	 6.204846919059e+01	 -4.865248901778e-48	 -4.865248901778e-48	 
   21	 6.518996479988e+01	 -2.050286057745e-48	 -2.050286057745e-48	 
   22	 6.833146933555e+01	 -4.107539127701e-48	 -4.107539127701e-48	 
   23	 7.147298159599e+01	 -1.501553550006e-48	 -1.501553550006e-48	 
   24	 7.461450064659e+01	 -3.540651995385e-48	 -3.540651995385e-48	 
   25	 7.775602562905e+01	 -1.098138024169e-48	 -1.098138024169e-48	 
   26	 8.089755587578e+01	 -3.104862275700e-48	 -3.104862275700e-48	 
   27	 8.403909077645e+01	 -7.946581012524e-49	 -7.946581012524e-49	 
   28	 8.718062983514e+01	 -2.761990158301e-48	 -2.761990158301e-48	 
   29	 9.032217263223e+01	 -5.618556925046e-49	 -5.618556925046e-49	 
   30	 9.346371878625e+01	 -2.486783946661e-48	 -2.486783946661e-48	 
   31	 9.660526795389e+01	 -3.802683583068e-49	 -3.802683583068e-49	 
   32	 9.974681986810e+01	 -2.262033786193e-48	 -2.262033786193e-48	 
   33	 1.028883742619e+02	 -2.365882155555e-49	 -2.365882155555e-49	 
   34	 1.060299309254e+02	 -2.075695747857e-48	 -2.075695747857e-48	 
   35	 1.091714896488e+02	 -1.214917412719e-49	 -1.214917412719e-49	 
   36	 1.123130502796e+02	 -1.919141015587e-48	 -1.919141015587e-48	 
   37	 1.154546126461e+02	 -2.830459153260e-50	 -2.830459153260e-50	 
   38	 1.185961766339e+02	 -1.786057101642e-48	 -1.786057101642e-48	 
   39	 1.217377420903e+02	 4.784363226247e-50	 4.784363226247e-50	 
   40	 1.248793089199e+02	 -1.671739105690e-48	 -1.671739105690e-48	 
   41	 1.280208770085e+02	 1.105683883844e-49	 1.105683883844e-49	 
   42	 1.311624462796e+02	 -1.572621126328e-48	 -1.572621126328e-48	 
   43	 1.343040166378e+02	 1.625951634664e-49	 1.625951634664e-49	 
   44	 1.374455880261e+02	 -1.485959447853e-48	 -1.485959447853e-48	 
   45	 1.405871603489e+02	 2.060072328637e-49	 2.060072328637e-49	 
   46	 1.437287335682e+02	 -1.409613952494e-48	 -1.409613952494e-48	 
   47	 1.468703076267e+02	 2.424170934446e-49	 2.424170934446e-49	 
   48	 1.500118824482e+02	 -1.341894505233e-48	 -1.341894505233e-48	 
   49	 1.531534580135e+02	 2.730871531671e-49	 2.730871531671e-49	 
   50	 1.562950342655e+02	 -1.281451160790e-48	 -1.281451160790e-48	 
   51	 1.594366111660e+02	 2.990160599380e-49	 2.990160599380e-49	 
   52	 1.625781886768e+02	 -1.227194476345e-48	 -1.227194476345e-48	 
   53	 1.657197667408e+02	 3.210013443114e-49	 3.210013443114e-49	 
   54	 1.688613453770e+02	 -1.178236851544e-48	 -1.178236851544e-48	 
   55	 1.720029245090e+02	 3.396854980970e-49	 3.396854980970e-49	 
   56	 1.751445041180e+02	 -1.133848780899e-48	 -1.133848780899e-48	 
   57	 1.782860842037e+02	 3.555902713042e-49	 3.555902713042e-49	 
   58	 1.814276647091e+02	 -1.093425832855e-48	 -1.093425832855e-48	 
   59	 1.845692456341e+02	 3.691425069685e-49	 3.691425069685e-49	 
   60	 1.877108269596e+02	 -1.056463445216e-48	 -1.056463445216e-48	 
   61	 1.908524086475e+02	 3.806937965092e-49	 3.806937965092e-49	 
   62	 1.939939906978e+02	 -1.022537489218e-48	 -1.022537489218e-48	 
   63	 1.971355730915e+02	 3.905355827373e-49	 3.905355827373e-49	 
   64	 2.002771557903e+02	 -9.912891365865e-49	 -9.912891365865e-49	 
   65	 2.034187388134e+02	 3.989108732901e-49	 3.989108732901e-49	 
   66	 2.065603221225e+02	 -9.624129699608e-49	 -9.624129699608e-49	 
   67	 2.097019056987e+02	 4.060233997829e-49	 4.060233997829e-49	 
   68	 2.128434895610e+02	 -9.356475637342e-49	 -9.356475637342e-49	 
   69	 2.159850736713e+02	 4.120448383295e-49	 4.120448383295e-49	 
   70	 2.191266580295e+02	 -9.107679642170e-49	 -9.107679642170e-49	 
   71	 2.222682426166e+02	 4.171205401447e-49	 4.171205401447e-49	 
   72	 2.254098274326e+02	 -8.875796392704e-49	 -8.875796392704e-49	 
   73	 2.285514124584e+02	 4.213741178998e-49	 4.213741178998e-49	 
   74	 2.316929977130e+02	 -8.659135802789e-49	 -8.659135802789e-49	 
   75	 2.348345831394e+02	 4.249111341479e-49	 4.249111341479e-49	 
   76	 2.379761687755e+02	 -8.456223065431e-49	 -8.456223065431e-49	 
   77	 2.411177545833e+02	 4.278220885453e-49	 4.278220885453e-49	 
   78	 2.442593405627e+02	 -8.265765910137e-49	 -8.265765910137e-49	 
   79	 2.474009267139e+02	 4.301848516386e-49	 4.301848516386e-49	 
   80	 2.505425130366e+02	 -8.086627569439e-49	 -8.086627569439e-49	 
   81	 2.536840995120e+02	 4.320666591187e-49	 4.320666591187e-49	 
   82	 2.568256861400e+02	 -7.917804361373e-49	 -7.917804361373e-49	 
   83	 2.599672729205e+02	 4.335257499593e-49	 4.335257499593e-49	 
   84	 2.631088598155e+02	 -7.758406998121e-49	 -7.758406998121e-49	 
   85	 2.662504468631e+02	 4.346127241352e-49	 4.346127241352e-49	 
   86	 2.693920340442e+02	 -7.607644930945e-49	 -7.607644930945e-49	 
   87	 2.725336213588e+02	 4.353716725639e-49	 4.353716725639e-49	 
   88	 2.756752087878e+02	 -7.464813154785e-49	 -7.464813154785e-49	 
   89	 2.788167963313e+02	 4.358411149496e-49	 4.358411149496e-49	 
   90	 2.819583839892e+02	 -7.329281061519e-49	 -7.329281061519e-49	 
   91	 2.850999717616e+02	 4.360547912331e-49	 4.360547912331e-49	 
   92	 2.882415596293e+02	 -7.200482982343e-49	 -7.200482982343e-49	 
   93	 2.913831476115e+02	 4.360423248900e-49	 4.360423248900e-49	 
   94	 2.945247356890e+02	 -7.077910108603e-49	 -7.077910108603e-49	 
   95	 2.976663238620e+02	 4.358297837441e-49	 4.358297837441e-49	 
   96	 3.008079121302e+02	 -6.961103580340e-49	 -6.961103580340e-49	 
   97	 3.039495004939e+02	 4.354401558937e-49	 4.354401558937e-49	 
   98	 3.070910889338e+02	 -6.849648561248e-49	 -6.849648561248e-49	 
   99	 3.102326774691e+02	 4.348937534378e-49	 4.348937534378e-49	 
  100	 3.133742660807e+02	 -6.743169119604e-49	 -6.743169119604e-49	 
