1.e-9	0	0	0	0	0	0	2.9774553122771138e-18	0	0	0	0	0	0	0	1.7626730279746283e-11	1.4631421306153863e-59	0	3.9654844246578787e-94	3.9654844246578787e-94	3.9654844246578787e-94	0	0	0
1.0715193052376092e-9	0	0	0	0	0	0	4.683493725007411e-18	0	0	0	0	0	0	0	2.7726589318464894e-11	2.3015012044935042e-59	0	3.700805394055437e-94	3.700805394055437e-94	3.700805394055437e-94	0	0	0
1.148153621496884e-9	0	0	0	0	0	0	7.367067234136523e-18	0	0	0	0	0	0	0	4.3613520093292636e-11	3.620227784744936e-59	0	3.453792550414945e-94	3.453792550414945e-94	3.453792550414945e-94	0	0	0
1.2302687708123811e-9	0	0	0	0	0	0	1.1588289174489109e-17	0	0	0	0	0	0	0	6.860343019764879e-11	5.6945654374853685e-59	0	3.223266751735361e-94	3.223266751735361e-94	3.223266751735361e-94	0	0	0
1.31825673855641e-9	0	0	0	0	0	0	1.929098813925363e-17	0	0	0	0	0	0	0	1.142039120984649e-10	9.479724975673964e-59	0	3.008127558672965e-94	3.008127558672965e-94	3.008127558672965e-94	0	0	0
1.4125375446227555e-9	0	0	0	0	0	0	3.21136466121372e-17	0	0	0	0	0	0	0	1.9011488931409284e-10	1.5780868022493272e-58	0	2.8073479814775015e-94	2.8073479814775015e-94	2.8073479814775015e-94	0	0	0
1.5135612484362133e-9	0	0	0	0	0	0	5.426979392618018e-17	0	0	0	0	0	0	0	3.212807312102302e-10	2.6668552030253323e-58	0	2.619969577547623e-94	2.619969577547623e-94	2.619969577547623e-94	0	0	0
1.6218100973589331e-9	0	0	0	0	0	0	9.171211754185979e-17	0	0	0	0	0	0	0	5.429417370695616e-10	4.5067968781982946e-58	0	2.4450978762035986e-94	2.4450978762035986e-94	2.4450978762035986e-94	0	0	0
1.7378008287493762e-9	0	0	0	0	0	0	1.5566619443151983e-16	0	0	0	0	0	0	0	9.215540571188e-10	7.649544443075084e-58	0	2.2818981088366006e-94	2.2818981088366006e-94	2.2818981088366006e-94	0	0	0
1.8620871366628732e-9	0	0	0	0	0	0	2.6421769269182277e-16	0	0	0	0	0	0	0	1.564186029933656e-9	1.2983840134808494e-57	0	2.1295912240522723e-94	2.1295912240522723e-94	2.1295912240522723e-94	0	0	0
1.9952623149688828e-9	0	0	0	0	0	0	4.490508033494939e-16	0	0	0	0	0	0	0	2.658410139660954e-9	2.2066667011196883e-57	0	1.9874501687863145e-94	1.9874501687863145e-94	1.9874501687863145e-94	0	0	0
2.1379620895022324e-9	0	0	0	0	0	0	7.631836533521993e-16	0	0	0	0	0	0	0	4.518097167094748e-9	3.7503372494368965e-57	0	1.8547964176395363e-94	1.8547964176395363e-94	1.8547964176395363e-94	0	0	0
2.2908676527677795e-9	0	0	0	0	0	0	1.2975753288838649e-15	0	0	0	0	0	0	0	7.681730854390757e-9	6.376374898084531e-57	0	1.7309967338649447e-94	1.7309967338649447e-94	1.7309967338649447e-94	0	0	0
2.4547089156850337e-9	0	0	0	0	0	0	2.2061553948810098e-15	0	0	0	0	0	0	0	1.3060584298420342e-8	1.0841200173937447e-56	0	1.6154601465450066e-94	1.6154601465450066e-94	1.6154601465450066e-94	0	0	0
2.6302679918953816e-9	0	0	0	0	0	0	3.751377380201683e-15	0	0	0	0	0	0	0	2.220839956378219e-8	1.8434527867399693e-56	0	1.507635129529267e-94	1.507635129529267e-94	1.507635129529267e-94	0	0	0
2.818382931264461e-9	0	0	0	0	0	0	6.37889437949035e-15	0	0	0	0	0	0	0	3.7763472132273e-8	3.1346328104050172e-56	0	1.4070069686658134e-94	1.4070069686658134e-94	1.4070069686658134e-94	0	0	0
3.019951720402019e-9	0	0	0	0	0	0	1.084714547114615e-14	0	0	0	0	0	0	0	6.421581097680204e-8	5.330362296390274e-56	0	1.3130953047587097e-94	1.3130953047587097e-94	1.3130953047587097e-94	0	0	0
3.2359365692962944e-9	0	0	0	0	0	0	1.844529127971144e-14	0	0	0	0	0	0	0	1.0919733135143879e-7	9.064143690599964e-56	0	1.2254518405223982e-94	1.2254518405223982e-94	1.2254518405223982e-94	0	0	0
3.4673685045253237e-9	0	0	0	0	0	0	3.136607729128471e-14	0	0	0	0	0	0	0	1.8568923001712688e-7	1.5413507288517962e-55	0	1.1436582005871184e-94	1.1436582005871184e-94	1.1436582005871184e-94	0	0	0
3.715352290971728e-9	0	0	0	0	0	0	5.3337775463863376e-14	0	0	0	0	0	0	0	3.1576312092628813e-7	2.621055171263102e-55	0	1.0673239343396776e-94	1.0673239343396776e-94	1.0673239343396776e-94	0	0	0
3.9810717055349855e-9	0	0	0	0	0	0	9.07007724980627e-14	0	0	0	0	0	0	0	5.369545082324838e-7	4.457098683364999e-55	0	9.960846520660668e-95	9.960846520660668e-95	9.960846520660668e-95	0	0	0
4.265795188015934e-9	0	0	0	0	0	0	1.5423646862285957e-13	0	0	0	0	0	0	0	9.130899867768171e-7	7.579286728131082e-55	0	9.296002854985326e-95	9.296002854985326e-95	9.296002854985326e-95	0	0	0
4.570881896148752e-9	0	0	0	0	0	0	2.622790373267344e-13	0	0	0	0	0	0	0	1.5527090633155748e-6	1.2888573269518488e-54	0	8.675534644636175e-95	8.675534644636175e-95	8.675534644636175e-95	0	0	0
4.8977881936844766e-9	0	0	0	0	0	0	4.4600537107240255e-13	0	0	0	0	0	0	0	2.6403809813013846e-6	2.1917012363075162e-54	0	8.096480018819984e-95	8.096480018819984e-95	8.096480018819984e-95	0	0	0
5.248074602497734e-9	0	0	0	0	0	0	7.584321304756451e-13	0	0	0	0	0	0	0	4.489967840747627e-6	3.7269879374366793e-54	0	7.556074798880665e-95	7.556074798880665e-95	7.556074798880665e-95	0	0	0
5.623413251903491e-9	0	0	0	0	0	0	1.2897138327163125e-12	0	0	0	0	0	0	0	7.635190282658473e-6	6.337742962266704e-54	0	7.051739303199151e-95	7.051739303199151e-95	7.051739303199151e-95	0	0	0
6.025595860743593e-9	0	0	0	0	0	0	2.193158556478055e-12	0	0	0	0	0	0	0	0.000012983642164620942	1.0777332811247903e-53	0	6.581066032809767e-95	6.581066032809767e-95	6.581066032809767e-95	0	0	0
6.456542290346562e-9	0	0	0	0	0	0	3.729466438087384e-12	0	0	0	0	0	0	0	0.000022078685352713462	1.8326855982630448e-53	0	6.141808178948716e-95	6.141808178948716e-95	6.141808178948716e-95	0	0	0
6.918309709189363e-9	0	0	0	0	0	0	6.3419583777254135e-12	0	0	0	0	0	0	0	0.000037544808584901155	3.116482203712138e-53	0	5.731868897674033e-95	5.731868897674033e-95	5.731868897674033e-95	0	0	0
7.413102413009192e-9	0	0	0	0	0	0	1.0784501411261026e-11	0	0	0	0	0	0	0	0.0000638449540431412	5.299578572156725e-53	0	5.349291300358785e-95	5.349291300358785e-95	5.349291300358785e-95	0	0	0
7.943282347242822e-9	0	0	0	0	0	0	1.8339046819527693e-11	0	0	0	0	0	0	0	0.00010856835719499875	9.011934428147366e-53	0	4.992249112275772e-95	4.992249112275772e-95	4.992249112275772e-95	0	0	0
8.511380382023759e-9	0	0	0	0	0	0	3.1185552806146284e-11	0	0	0	0	0	0	0	0.00018462051325241104	1.532479630812992e-52	0	4.659037954681332e-95	4.659037954681332e-95	4.659037954681332e-95	0	0	0
9.120108393559115e-9	0	0	0	0	0	0	5.303103894824096e-11	0	0	0	0	0	0	0	0.00031394722068236796	2.605981926766206e-52	0	4.348067208782758e-95	4.348067208782758e-95	4.348067208782758e-95	0	0	0
9.772372209558111e-9	0	0	0	0	0	0	9.01792926170478e-11	0	0	0	0	0	0	0	0.0005338673132136183	4.431472801390042e-52	0	4.0578524227508845e-95	4.0578524227508845e-95	4.0578524227508845e-95	0	0	0
1.0471285480509006e-8	0	0	0	0	0	0	1.5334990571708322e-10	0	0	0	0	0	0	0	0.0009078414763619933	7.535720413851512e-52	0	3.7870082255317494e-95	3.7870082255317494e-95	3.7870082255317494e-95	0	0	0
1.1220184543019653e-8	0	0	0	0	0	0	2.607715463382679e-10	0	0	0	0	0	0	0	0.0015437846180205396	1.2814494119861607e-51	0	3.5342417136310846e-95	3.5342417136310846e-95	3.5342417136310846e-95	0	0	0
1.202264434617413e-8	0	0	0	0	0	0	4.4344206849347036e-10	0	0	0	0	0	0	0	0.002625206062303313	2.1791049901731883e-51	0	3.298346279302343e-95	3.298346279302343e-95	3.298346279302343e-95	0	0	0
1.288249551693135e-8	0	0	0	0	0	0	7.540733292070587e-10	0	0	0	0	0	0	0	0.004464163452017565	3.705568486576326e-51	0	3.0781958506766625e-95	3.0781958506766625e-95	3.0781958506766625e-95	0	0	0
1.3803842646028866e-8	0	0	0	0	0	0	1.282301852394242e-9	0	0	0	0	0	0	0	0.007591310874145689	6.301319978399327e-51	0	2.872739516339446e-95	2.872739516339446e-95	2.872739516339446e-95	0	0	0
1.4791083881682102e-8	0	0	0	0	0	0	2.180554565406493e-9	0	0	0	0	0	0	0	0.01290902571272989	1.0715395927511565e-50	0	2.6809965086932547e-95	2.6809965086932547e-95	2.6809965086932547e-95	0	0	0
1.5848931924611173e-8	0	0	0	0	0	0	3.7080334898770046e-9	0	0	0	0	0	0	0	0.021951800896833948	1.8221532992960192e-50	0	2.502051522159696e-95	2.502051522159696e-95	2.502051522159696e-95	0	0	0
1.698243652461746e-8	0	0	0	0	0	0	6.305511717146867e-9	0	0	0	0	0	0	0	0.037329041969373526	3.0985720626622445e-50	0	2.335050343871198e-95	2.335050343871198e-95	2.335050343871198e-95	0	0	0
1.8197008586099862e-8	0	0	0	0	0	0	1.0722523980395265e-8	0	0	0	0	0	0	0	0.06347804359689636	5.269122434033376e-50	0	2.179195775995287e-95	2.179195775995287e-95	2.179195775995287e-95	0	0	0
1.9498445997580494e-8	0	0	0	0	0	0	1.8233654248472743e-8	0	0	0	0	0	0	0	0.10794442627794448	8.96014378990407e-50	0	2.0337438302262367e-95	2.0337438302262367e-95	2.0337438302262367e-95	0	0	0
2.0892961308540408e-8	0	0	0	0	0	0	3.1006332824372017e-8	0	0	0	0	0	0	0	0.1007874527623439	1.5236726369716497e-49	0	1.8980001762779838e-95	1.8980001762779838e-95	1.8980001762779838e-95	0	0	0
2.2387211385683424e-8	0	0	0	0	0	0	5.272627538696683e-8	0	0	0	0	0	0	0	0.0941050037003812	2.5910056346103742e-49	0	1.7713168274248743e-95	1.7713168274248743e-95	1.7713168274248743e-95	0	0	0
2.3988329190194947e-8	0	0	0	0	0	0	8.966104221130528e-8	0	0	0	0	0	0	0	0.04852582537941663	4.40600561806332e-49	0	1.6530890472683447e-95	1.6530890472683447e-95	1.6530890472683447e-95	0	0	0
2.5703957827688646e-8	0	0	0	0	0	0	1.524686208425879e-7	0	0	0	0	0	0	0	0.02502264105159522	7.492413465679007e-49	0	1.5427524629635854e-95	1.5427524629635854e-95	1.5427524629635854e-95	0	0	0
2.754228703338169e-8	0	0	0	0	0	0	2.5927292130800143e-7	0	0	0	0	0	0	0	0.013732301177662252	1.2740850649522066e-48	0	1.439780371125916e-95	1.439780371125916e-95	1.439780371125916e-95	0	0	0
2.95120922666639e-8	0	0	0	0	0	0	4.408936563608529e-7	0	0	0	0	0	0	0	0.007536218708696384	2.1665819167217164e-48	0	1.3436812235563484e-95	1.3436812235563484e-95	1.3436812235563484e-95	0	0	0
3.162277660168386e-8	0	0	0	0	0	0	7.49739753918715e-7	0	0	0	0	0	0	0	0.006006851031530426	3.68427299792723e-48	0	1.2539962807841244e-95	1.2539962807841244e-95	1.2539962807841244e-95	0	0	0
3.3884415613920346e-8	0	0	0	0	0	0	1.2749326067555233e-6	0	0	0	0	0	0	0	0.004787846625703884	6.265106995721038e-48	0	1.1702974222252145e-95	1.1702974222252145e-95	1.1702974222252145e-95	0	0	0
3.6307805477010175e-8	0	0	0	0	0	0	2.168023161733796e-6	0	0	0	0	0	0	0	0.006702994809354193	1.0653815743272664e-47	0	1.0921851025033151e-95	1.0921851025033151e-95	1.0921851025033151e-95	0	0	0
3.890451449942813e-8	0	0	0	0	0	0	3.6867238353688455e-6	0	0	0	0	0	0	0	0.009384206079831649	1.8116815877068471e-47	0	1.0192864441776207e-95	1.0192864441776207e-95	1.0192864441776207e-95	0	0	0
4.1686938347033635e-8	0	0	0	0	0	0	6.26927464529782e-6	0	0	0	0	0	0	0	0.015609976991460526	3.080764914963382e-47	0	9.512534577728362e-96	9.512534577728362e-96	9.512534577728362e-96	0	0	0
4.4668359215096346e-8	0	0	0	0	0	0	0.000010660902832240798	0	0	0	0	0	0	0	0.02596611579083043	5.238841375698093e-47	0	8.877613806145096e-96	8.877613806145096e-96	8.877613806145096e-96	0	0	0
4.78630092322639e-8	0	0	0	0	0	0	0.000018128867473325855	0	0	0	0	0	0	0	0.044065031711973436	8.908650843958922e-47	0	8.285071265399652e-96	8.285071265399652e-96	8.285071265399652e-96	0	0	0
5.128613839913659e-8	0	0	0	0	0	0	0.00003082814289156477	0	0	0	0	0	0	0	0.07477926369190786	1.5149162604487755e-46	0	7.732078390843789e-96	7.732078390843789e-96	7.732078390843789e-96	0	0	0
5.495408738576248e-8	0	0	0	0	0	0	0.00005242326336937876	0	0	0	0	0	0	0	0.038302393863250885	2.576115414522456e-46	0	7.215995412354455e-96	7.215995412354455e-96	7.215995412354455e-96	0	0	0
5.888436553555896e-8	0	0	0	0	0	0	0.00008914577021268587	0	0	0	0	0	0	0	0.01961871919065611	4.380684795722212e-46	0	6.734358753111149e-96	6.734358753111149e-96	6.734358753111149e-96	0	0	0
6.309573444801943e-8	0	0	0	0	0	0	0.00015159240070229842	0	0	0	0	0	0	0	0.010053793583144984	7.449355402047911e-46	0	6.284869269450837e-96	6.284869269450837e-96	6.284869269450837e-96	0	0	0
6.760829753919818e-8	0	0	0	0	0	0	0.0002577829087780498	0	0	0	0	0	0	0	0.00515215924292502	1.2667630403403631e-45	0	5.865381275661845e-96	5.865381275661845e-96	5.865381275661845e-96	0	0	0
7.244359600749906e-8	0	0	0	0	0	0	0.00043835988974522713	0	0	0	0	0	0	0	0.002654588625691097	2.154130812353593e-45	0	5.4738923013255555e-96	5.4738923013255555e-96	5.4738923013255555e-96	0	0	0
7.762471166286928e-8	0	0	0	0	0	0	0.000745431083264301	0	0	0	0	0	0	0	0.0013677451412872047	3.663099892371516e-45	0	5.108533532311611e-96	5.108533532311611e-96	5.108533532311611e-96	0	0	0
8.317637711026726e-8	0	0	0	0	0	0	0.0012676057114157256	0	0	0	0	0	0	0	0.0007448175940808523	6.229102125340439e-45	0	4.7675608897954525e-96	4.7675608897954525e-96	4.7675608897954525e-96	0	0	0
8.912509381337478e-8	0	0	0	0	0	0	0.00215556377469165	0	0	0	0	0	0	0	0.0004055969432509458	1.0592589453736609e-44	0	4.449346704713133e-96	4.449346704713133e-96	4.449346704713133e-96	0	0	0
9.549925860214369e-8	0	0	0	0	0	0	0.0036655366451240155	0	0	0	0	0	0	0	0.0003131175403346127	1.8012700559036036e-44	0	4.152371947910457e-96	4.152371947910457e-96	4.152371947910457e-96	0	0	0
1.0232929922807557e-7	0	0	0	0	0	0	0.006233245823900398	0	0	0	0	0	0	0	0.00024172419367701677	3.063060102976593e-44	0	3.875218978896212e-96	3.875218978896212e-96	3.875218978896212e-96	0	0	0
1.0964781961431874e-7	0	0	0	0	0	0	0.010599635813995938	0	0	0	0	0	0	0	0.00033154021753697965	5.208734339249335e-44	0	3.6165647785850106e-96	3.6165647785850106e-96	3.6165647785850106e-96	0	0	0
1.1748975549395303e-7	0	0	0	0	0	0	0.018024682896115633	0	0	0	0	0	0	0	0.0004547286482681886	8.857453822244556e-44	0	3.3751746337253847e-96	3.3751746337253847e-96	3.3751746337253847e-96	0	0	0
1.2589254117941688e-7	0	0	0	0	0	0	0.01691122635515581	0	0	0	0	0	0	0	0.00075418994538205	1.5062102058463527e-43	0	3.149896242865122e-96	3.149896242865122e-96	3.149896242865122e-96	0	0	0
1.3489628825916562e-7	0	0	0	0	0	0	0.015866552464950317	0	0	0	0	0	0	0	0.0012508613123049003	2.5613107668686384e-43	0	2.9396542157181568e-96	2.9396542157181568e-96	2.9396542157181568e-96	0	0	0
1.445439770745928e-7	0	0	0	0	0	0	0.008720841972424294	0	0	0	0	0	0	0	0.002122141643366318	4.355509489321792e-43	0	2.7434449396749798e-96	2.7434449396749798e-96	2.7434449396749798e-96	0	0	0
1.5488166189124826e-7	0	0	0	0	0	0	0.0047932961414269394	0	0	0	0	0	0	0	0.0036003073324023236	7.406544788302139e-43	0	2.560331788951415e-96	2.560331788951415e-96	2.560331788951415e-96	0	0	0
1.659586907437563e-7	0	0	0	0	0	0	0.0038436763251793963	0	0	0	0	0	0	0	0.006121026659106953	1.2594830945865946e-42	0	2.389440653506161e-96	2.389440653506161e-96	2.389440653506161e-96	0	0	0
1.7782794100389227e-7	0	0	0	0	0	0	0.003082189636700963	0	0	0	0	0	0	0	0.010406602520929465	2.14175126309213e-42	0	2.2299557663838007e-96	2.2299557663838007e-96	2.2299557663838007e-96	0	0	0
1.9054607179632522e-7	0	0	0	0	0	0	0.004330801220785835	0	0	0	0	0	0	0	0.017696089610471453	3.642048466289602e-42	0	2.0811158095647265e-96	2.0811158095647265e-96	2.0811158095647265e-96	0	0	0
2.0417379446695318e-7	0	0	0	0	0	0	0.006085232067042977	0	0	0	0	0	0	0	0.030091625664767	6.193304170929729e-42	0	1.9422102797328958e-96	1.9422102797328958e-96	1.9422102797328958e-96	0	0	0
2.1877616239495564e-7	0	0	0	0	0	0	0.01012749390565293	0	0	0	0	0	0	0	0.02250065117019588	1.053171502485021e-41	0	1.8125760966128509e-96	1.8125760966128509e-96	1.8125760966128509e-96	0	0	0
2.3442288153199275e-7	0	0	0	0	0	0	0.016854925445575823	0	0	0	0	0	0	0	0.016824591290713158	1.7909183580112293e-41	0	1.691594437685765e-96	1.691594437685765e-96	1.691594437685765e-96	0	0	0
2.5118864315095823e-7	0	0	0	0	0	0	0.022626367201166096	0	0	0	0	0	0	0	0.014269726174593277	3.0454570385674805e-41	0	1.5786877841745098e-96	1.5786877841745098e-96	1.5786877841745098e-96	0	0	0
2.6915348039269196e-7	0	0	0	0	0	0	0.03037405857267575	0	0	0	0	0	0	0	0.012102825060022058	5.178800324577321e-41	0	1.4733171641965324e-96	1.4733171641965324e-96	1.4733171641965324e-96	0	0	0
2.8840315031266115e-7	0	0	0	0	0	0	0.030018110881119532	0	0	0	0	0	0	0	0.010787128351620682	8.806551024097904e-41	0	1.37497957992444e-96	1.37497957992444e-96	1.37497957992444e-96	0	0	0
3.090295432513592e-7	0	0	0	0	0	0	0.0296663344714096	0	0	0	0	0	0	0	0.009614460879774757	1.4975541839675916e-40	0	1.2832056064725253e-96	1.2832056064725253e-96	1.2832056064725253e-96	0	0	0
3.3113112148259143e-7	0	0	0	0	0	0	0.02671803925745806	0	0	0	0	0	0	0	0.008426943198936087	2.546591199871854e-40	0	1.197557151047295e-96	1.197557151047295e-96	1.197557151047295e-96	0	0	0
3.5481338923357606e-7	0	0	0	0	0	0	0.02406275107735459	0	0	0	0	0	0	0	0.0073861002261168	4.3304788625964666e-40	0	1.117625361665079e-96	1.117625361665079e-96	1.117625361665079e-96	0	0	0
3.8018939632056126e-7	0	0	0	0	0	0	0.020446948466338356	0	0	0	0	0	0	0	0.010871858735579897	7.36398020237347e-40	0	1.0430286754537292e-96	1.0430286754537292e-96	1.0430286754537292e-96	0	0	0
4.0738027780411303e-7	0	0	0	0	0	0	0.017374476436260316	0	0	0	0	0	0	0	0.016002668356498717	1.2522449858682819e-39	0	9.734109972217813e-97	9.734109972217813e-97	9.734109972217813e-97	0	0	0
4.365158322401665e-7	0	0	0	0	0	0	0.0164811534234864	0	0	0	0	0	0	0	0.019596746673561	2.1294428577181123e-39	0	9.084399996003147e-97	9.084399996003147e-97	9.084399996003147e-97	0	0	0
4.677351412871981e-7	0	0	0	0	0	0	0.01563376134901044	0	0	0	0	0	0	0	0.02399802780589189	3.621118020402863e-39	0	8.478055366430116e-97	8.478055366430116e-97	8.478055366430116e-97	0	0	0
5.011872336272736e-7	0	0	0	0	0	0	0.016735803258737927	0	0	0	0	0	0	0	0.01880327990740428	6.157711943366226e-39	0	7.912181633115896e-97	7.912181633115896e-97	7.912181633115896e-97	0	0	0
5.370317963702533e-7	0	0	0	0	0	0	0.017915529376614673	0	0	0	0	0	0	0	0.014733016318507446	1.0471190434509924e-38	0	7.384077537792381e-97	7.384077537792381e-97	7.384077537792381e-97	0	0	0
5.754399373371578e-7	0	0	0	0	0	0	0.013369633144583436	0	0	0	0	0	0	0	0.013533176107663138	1.780626150170809e-38	0	6.891222119563191e-97	6.891222119563191e-97	6.891222119563191e-97	0	0	0
6.165950018614835e-7	0	0	0	0	0	0	0.009977215111157343	0	0	0	0	0	0	0	0.01243104952859894	3.027955137004069e-38	0	6.431262680829702e-97	6.431262680829702e-97	6.431262680829702e-97	0	0	0
6.606934480075964e-7	0	0	0	0	0	0	0.010461736063031092	0	0	0	0	0	0	0	0.007715971642519907	5.149038337345376e-38	0	6.002003556439514e-97	6.002003556439514e-97	6.002003556439514e-97	0	0	0
7.079457843841387e-7	0	0	0	0	0	0	0.0109697866822709	0	0	0	0	0	0	0	0.0047893155160553535	8.755940758648432e-38	0	5.60139563244601e-97	5.60139563244601e-97	5.60139563244601e-97	0	0	0
7.585775750291852e-7	0	0	0	0	0	0	0.012826183720635313	0	0	0	0	0	0	0	0.005213718661791815	1.488947907280232e-37	0	5.227526564445716e-97	5.227526564445716e-97	5.227526564445716e-97	0	0	0
8.128305161640995e-7	0	0	0	0	0	0	0.014996735451689988	0	0	0	0	0	0	0	0.005675730110741331	2.531956224583102e-37	0	4.878611648799491e-97	4.878611648799491e-97	4.878611648799491e-97	0	0	0
8.709635899560814e-7	0	0	0	0	0	0	0.018675703847862924	0	0	0	0	0	0	0	0.00899907443768792	4.305592084088243e-37	0	4.552985303160422e-97	4.552985303160422e-97	4.552985303160422e-97	0	0	0
9.332543007969924e-7	0	0	0	0	0	0	0.023257189228724582	0	0	0	0	0	0	0	0.01426835652064998	7.321660230367853e-37	0	4.249093115639954e-97	4.249093115639954e-97	4.249093115639954e-97	0	0	0
1.e-6	0	0	0	0	0	0	0.028363918713164203	0	0	0	0	0	0	0	0.0144037847298687	1.245048473752569e-36	0	3.965484424657879e-97	3.965484424657879e-97	3.965484424657879e-97	0	0	0
1.0715193052376091e-6	0	0	0	0	0	0	0.034591965385625305	0	0	0	0	0	0	0	0.014540498356915751	2.1172051873754974e-36	0	3.7008053940554376e-97	3.7008053940554376e-97	3.7008053940554376e-97	0	0	0
1.148153621496884e-6	0	0	0	0	0	0	0.03216530904362191	0	0	0	0	0	0	0	0.018340894094432805	3.6003078594517706e-36	0	3.453792550414945e-97	3.453792550414945e-97	3.453792550414945e-97	0	0	0
1.2302687708123837e-6	0	0	0	0	0	0	0.02990888474644562	0	0	0	0	0	0	0	0.023134585068963865	6.122324260360329e-36	0	3.223266751735354e-97	3.223266751735354e-97	3.223266751735354e-97	0	0	0
1.3182567385564101e-6	0	0	0	0	0	0	0.027273121829863935	0	0	0	0	0	0	0	0.02333388651333121	1.0411013672232492e-35	0	3.008127558672965e-97	3.008127558672965e-97	3.008127558672965e-97	0	0	0
1.4125375446227554e-6	0	0	0	0	0	0	0.024869639261123004	0	0	0	0	0	0	0	0.02353490491374552	1.7703930904997115e-35	0	2.807347981477502e-97	2.807347981477502e-97	2.807347981477502e-97	0	0	0
1.5135612484362104e-6	0	0	0	0	0	0	0.02506170668435985	0	0	0	0	0	0	0	0.02623867208339504	3.0105538169148423e-35	0	2.6199695775476283e-97	2.6199695775476283e-97	2.6199695775476283e-97	0	0	0
1.6218100973589331e-6	0	0	0	0	0	0	0.025255257438121986	0	0	0	0	0	0	0	0.029253056905185735	5.119447388931169e-35	0	2.445097876203599e-97	2.445097876203599e-97	2.445097876203599e-97	0	0	0
1.7378008287493763e-6	0	0	0	0	0	0	0.02705188439918596	0	0	0	0	0	0	0	0.02841852358190302	8.705621344743519e-35	0	2.2818981088366005e-97	2.2818981088366005e-97	2.2818981088366005e-97	0	0	0
1.8620871366628694e-6	0	0	0	0	0	0	0.028976321122044426	0	0	0	0	0	0	0	0.027607797885629334	1.4803910899039515e-34	0	2.1295912240522763e-97	2.1295912240522763e-97	2.1295912240522763e-97	0	0	0
1.995262314968883e-6	0	0	0	0	0	0	0.027874832716746303	0	0	0	0	0	0	0	0.02896097981773228	2.517405354863319e-34	0	1.9874501687863145e-97	1.9874501687863145e-97	1.9874501687863145e-97	0	0	0
2.1379620895022326e-6	0	0	0	0	0	0	0.026815215627751555	0	0	0	0	0	0	0	0.03038048726224874	4.280848327117188e-34	0	1.8547964176395363e-97	1.8547964176395363e-97	1.8547964176395363e-97	0	0	0
2.2908676527677747e-6	0	0	0	0	0	0	0.027283963310263424	0	0	0	0	0	0	0	0.030785198695393513	7.279583466516174e-34	0	1.730996733864948e-97	1.730996733864948e-97	1.730996733864948e-97	0	0	0
2.4547089156850335e-6	0	0	0	0	0	0	0.027760905011906416	0	0	0	0	0	0	0	0.031195301462215868	1.2378933191884839e-33	0	1.6154601465450068e-97	1.6154601465450068e-97	1.6154601465450068e-97	0	0	0
2.6302679918953817e-6	0	0	0	0	0	0	0.02873390225269296	0	0	0	0	0	0	0	0.03196093625994691	2.1050378455579652e-33	0	1.5076351295292671e-97	1.5076351295292671e-97	1.5076351295292671e-97	0	0	0
2.8183829312644606e-6	0	0	0	0	0	0	0.029741002258867454	0	0	0	0	0	0	0	0.03274536224147859	3.579617292172069e-33	0	1.4070069686658135e-97	1.4070069686658135e-97	1.4070069686658135e-97	0	0	0
3.0199517204020193e-6	0	0	0	0	0	0	0.030843626956522537	0	0	0	0	0	0	0	0.03128295735452445	6.087139946417692e-33	0	1.3130953047587093e-97	1.3130953047587093e-97	1.3130953047587093e-97	0	0	0
3.2359365692962877e-6	0	0	0	0	0	0	0.03198713061357829	0	0	0	0	0	0	0	0.029885863336255	1.0351182739088242e-32	0	1.2254518405224007e-97	1.2254518405224007e-97	1.2254518405224007e-97	0	0	0
3.4673685045253236e-6	0	0	0	0	0	0	0.03389051156706233	0	0	0	0	0	0	0	0.031321105188049016	1.760218839079978e-32	0	1.1436582005871182e-97	1.1436582005871182e-97	1.1436582005871182e-97	0	0	0
3.7153522909717276e-6	0	0	0	0	0	0	0.03590715241552854	0	0	0	0	0	0	0	0.03282527324585403	2.993252500269145e-32	0	1.0673239343396777e-97	1.0673239343396777e-97	1.0673239343396777e-97	0	0	0
3.981071705534978e-6	0	0	0	0	0	0	0.0365984559522239	0	0	0	0	0	0	0	0.03615992529758066	5.090026496393393e-32	0	9.960846520660686e-98	9.960846520660686e-98	9.960846520660686e-98	0	0	0
4.265795188015934e-6	0	0	0	0	0	0	0.03730306883114472	0	0	0	0	0	0	0	0.03983333779839133	8.655591110892226e-32	0	9.296002854985328e-98	9.296002854985328e-98	9.296002854985328e-98	0	0	0
4.570881896148752e-6	0	0	0	0	0	0	0.039125397125381545	0	0	0	0	0	0	0	0.038912250779292626	1.4718834476017303e-31	0	8.675534644636175e-98	8.675534644636175e-98	8.675534644636175e-98	0	0	0
4.897788193684467e-6	2.707022777794241e-22	2.6994583488071212e-22	0	0	0	0	0.04103674974163903	0	0	0	0	0	0	0	0.03801246253513088	2.5029381073671574e-31	0	8.096480018820002e-98	8.096480018820002e-98	8.096480018820002e-98	0	0	0
5.248074602497734e-6	4.603292794067194e-22	4.590429481008552e-22	0	0	0	0	0.04438750476207957	0	0	0	0	0	0	0	0.03916513991218941	4.25624676975484e-31	0	7.556074798880663e-98	7.556074798880663e-98	7.556074798880663e-98	0	0	0
5.623413251903491e-6	7.827900349319424e-22	7.806026282800208e-22	0	0	0	0	0.04801185745479452	0	0	0	0	0	0	0	0.0403527706978666	7.237748513128198e-31	0	7.051739303199149e-98	7.051739303199149e-98	7.051739303199149e-98	0	0	0
6.0255958607435935e-6	1.331134616460842e-21	1.3274149309963961e-21	0	0	0	0	0.05001014656586848	0	0	0	0	0	0	0	0.04384490527225985	1.2307792844987573e-30	0	6.581066032809766e-98	6.581066032809766e-98	6.581066032809766e-98	0	0	0
6.4565422903465625e-6	2.2635946908731407e-21	2.2572693649707735e-21	0	0	0	0	0.052091605951602435	0	0	0	0	0	0	0	0.04763924967449822	2.0929404280952847e-30	0	6.141808178948716e-98	6.141808178948716e-98	6.141808178948716e-98	0	0	0
6.9183097091893625e-6	3.849243240456012e-21	3.83848702244952e-21	0	0	0	0	0.05497104598078913	0	0	0	0	0	0	0	0.04920130804274762	3.5590456312721216e-30	0	5.7318688976740326e-98	5.7318688976740326e-98	5.7318688976740326e-98	0	0	0
7.413102413009192e-6	6.545638927294863e-21	6.527347976347988e-21	0	0	0	0	0.058009651286804104	0	0	0	0	0	0	0	0.05081458523502372	6.052157832798706e-30	0	5.349291300358784e-98	5.349291300358784e-98	5.349291300358784e-98	0	0	0
7.943282347242822e-6	1.1130860350992032e-20	1.1099756585120143e-20	0	0	0	0	0.0618138910484224	0	0	0	0	0	0	0	0.053790746485139804	1.0291695647637339e-29	0	4.9922491122757726e-98	4.9922491122757726e-98	4.9922491122757726e-98	0	0	0
8.511380382023777e-6	1.8928030331256164e-20	1.8875138370951683e-20	0	0	0	0	0.06586761067835305	0	0	0	0	0	0	0	0.056941218629376754	1.7501030579471481e-29	0	4.6590379546813224e-98	4.6590379546813224e-98	4.6590379546813224e-98	0	0	0
9.120108393559115e-6	3.218711949692395e-20	3.209717670747609e-20	0	0	0	0	0.0648649041087497	0	0	0	0	0	0	0	0.059454751896321885	2.9760506123585896e-29	0	4.3480672087827586e-98	4.3480672087827586e-98	4.3480672087827586e-98	0	0	0
9.772372209558111e-6	5.473420336813645e-20	5.458125563605975e-20	0	0	0	0	0.06387746180111627	0	0	0	0	0	0	0	0.062079239049328855	5.060774682439911e-29	0	4.057852422750884e-98	4.057852422750884e-98	4.057852422750884e-98	0	0	0
0.000010471285480509006	9.307552415900294e-20	9.281543650894211e-20	0	0	0	0	0.06492783321479297	0	0	0	0	0	0	0	0.0627402776986367	8.605848395208749e-29	0	3.78700822553175e-98	3.78700822553175e-98	3.78700822553175e-98	0	0	0
0.000011220184543019652	1.582749481015752e-19	1.5783266899880144e-19	0	0	0	0	0.06599547644979042	0	0	0	0	0	0	0	0.06340835528886189	1.4634246977699536e-28	0	3.534241713631085e-98	3.534241713631085e-98	3.534241713631085e-98	0	0	0
0.000012022644346174132	2.6914658201399633e-19	2.6839448630816564e-19	0	0	0	0	0.06912816481699903	0	0	0	0	0	0	0	0.06681989007716195	2.488554001526991e-28	0	3.2983462793023423e-98	3.2983462793023423e-98	3.2983462793023423e-98	0	0	0
0.000012882495516931348	4.576838184355377e-19	4.564048795320682e-19	0	0	0	0	0.07240955635196912	0	0	0	0	0	0	0	0.07041497432923113	4.231786594795697e-28	0	3.078195850676662e-98	3.078195850676662e-98	3.078195850676662e-98	0	0	0
0.000013803842646028866	7.782914280027888e-19	7.7611659213266325e-19	0	0	0	0	0.07488453845854061	0	0	0	0	0	0	0	0.0743629450514608	7.19615398054641e-28	0	2.8727395163394465e-98	2.8727395163394465e-98	2.8727395163394465e-98	0	0	0
0.000014791083881682102	1.323484734446451e-18	1.3197864255990517e-18	0	0	0	0	0.07744411625574209	0	0	0	0	0	0	0	0.07853226745310257	1.2237061333720754e-27	0	2.680996508693255e-98	2.680996508693255e-98	2.680996508693255e-98	0	0	0
0.00001584893192461114	2.2505860649238962e-18	2.2442970899632237e-18	0	0	0	0	0.07850148093785904	0	0	0	0	0	0	0	0.08211981369408132	2.080912533140008e-27	0	2.5020515221597013e-98	2.5020515221597013e-98	2.5020515221597013e-98	0	0	0
0.00001698243652461746	3.8271220693363595e-18	3.8164276661137446e-18	0	0	0	0	0.07957328209527027	0	0	0	0	0	0	0	0.08587124783042573	3.538592193410737e-27	0	2.335050343871198e-98	2.335050343871198e-98	2.335050343871198e-98	0	0	0
0.000018197008586099864	6.508021871225893e-18	6.4898360363318026e-18	0	0	0	0	0.08563858528733681	0	0	0	0	0	0	0	0.0862624464518204	6.017376757480811e-27	0	2.179195775995287e-98	2.179195775995287e-98	2.179195775995287e-98	0	0	0
0.000019498445997580493	1.1066892539359326e-17	1.1035967523357047e-17	0	0	0	0	0.09216620323937141	0	0	0	0	0	0	0	0.08665542723389491	1.0232550421858766e-26	0	2.0337438302262368e-98	2.0337438302262368e-98	2.0337438302262368e-98	0	0	0
0.00002089296130854041	1.8819253054331072e-17	1.876666505821687e-17	0	0	0	0	0.09501911763552336	0	0	0	0	0	0	0	0.08782997788162358	1.740045411078965e-26	0	1.8980001762779836e-98	1.8980001762779836e-98	1.8980001762779836e-98	0	0	0
0.000022387211385683423	3.200214371499372e-17	3.191271781671409e-17	0	0	0	0	0.0979603411977878	0	0	0	0	0	0	0	0.08902044870040401	2.958947581777107e-26	0	1.7713168274248744e-98	1.7713168274248744e-98	1.7713168274248744e-98	0	0	0
0.000023988329190194948	5.441965201266982e-17	5.4267583254131695e-17	0	0	0	0	0.10031804969774721	0	0	0	0	0	0	0	0.09274648352872726	5.0316909753954155e-26	0	1.653089047268345e-98	1.653089047268345e-98	1.653089047268345e-98	0	0	0
0.000025703957827688645	9.254062951390756e-17	9.228203655853182e-17	0	0	0	0	0.10273250350200867	0	0	0	0	0	0	0	0.0966284750585115	8.556391545358126e-26	0	1.5427524629635854e-98	1.5427524629635854e-98	1.5427524629635854e-98	0	0	0
0.00002754228703338169	1.5736535964685646e-16	1.5692562227270289e-16	0	0	0	0	0.10567842859474619	0	0	0	0	0	0	0	0.10168735709908426	1.455014559428986e-25	0	1.439780371125916e-98	1.439780371125916e-98	1.439780371125916e-98	0	0	0
0.0000295120922666639	2.6759982665843676e-16	2.668520531626508e-16	0	0	0	0	0.10870883011272578	0	0	0	0	0	0	0	0.1070110915807716	2.474252559537041e-25	0	1.3436812235563483e-98	1.3436812235563483e-98	1.3436812235563483e-98	0	0	0
0.000031622776601683856	4.550535606332029e-16	4.537819716488092e-16	0	0	0	0	0.11281632814115611	0	0	0	0	0	0	0	0.11260558381483693	4.207466989731134e-25	0	1.2539962807841245e-98	1.2539962807841245e-98	1.2539962807841245e-98	0	0	0
0.000033884415613920276	7.738186740653394e-16	7.716563367341242e-16	0	0	0	0	0.11707902552216852	0	0	0	0	0	0	0	0.11849255361262549	7.154798487098895e-25	0	1.1702974222252168e-98	1.1702974222252168e-98	1.1702974222252168e-98	0	0	0
0.000036307805477010174	1.3158788154498787e-15	1.3122017603704838e-15	0	0	0	0	0.12225884508881318	0	0	0	0	0	0	0	0.12223076604691023	1.2166736308551929e-24	0	1.0921851025033153e-98	1.0921851025033153e-98	1.0921851025033153e-98	0	0	0
0.00003890451449942813	2.2376521980955856e-15	2.2313993651718234e-15	0	0	0	0	0.12766783064503812	0	0	0	0	0	0	0	0.12608691190213744	2.068953761154124e-24	0	1.0192864441776207e-98	1.0192864441776207e-98	1.0192864441776207e-98	0	0	0
0.00004168693834703355	3.805128026117096e-15	3.7944950824357616e-15	0	0	0	0	0.13248684580804163	0	0	0	0	0	0	0	0.13037422507187946	3.518256299172925e-24	0	9.51253457772838e-99	9.51253457772838e-99	9.51253457772838e-99	0	0	0
0.00004466835921509635	6.470620996178168e-15	6.452539673246745e-15	0	0	0	0	0.13748776197949683	0	0	0	0	0	0	0	0.13480731906802176	5.9827955651192735e-24	0	8.877613806145097e-99	8.877613806145097e-99	8.877613806145097e-99	0	0	0
0.0000478630092322639	1.1003292343597478e-14	1.0972545050209263e-14	0	0	0	0	0.14215941021882791	0	0	0	0	0	0	0	0.14100032698320697	1.0173745097088548e-23	0	8.285071265399653e-99	8.285071265399653e-99	8.285071265399653e-99	0	0	0
0.00005128613839913659	1.871110090827171e-14	1.8658815129499442e-14	0	0	0	0	0.14698979474826804	0	0	0	0	0	0	0	0.14747783982959836	1.7300455643844248e-23	0	7.732078390843789e-99	7.732078390843789e-99	7.732078390843789e-99	0	0	0
0.00005495408738576248	3.181823096822807e-14	3.172931899060124e-14	0	0	0	0	0.15171745424554664	0	0	0	0	0	0	0	0.15277625550746823	2.941942840402684e-23	0	7.2159954123544545e-99	7.2159954123544545e-99	7.2159954123544545e-99	0	0	0
0.00005888436553555896	5.410690834872182e-14	5.3955713512360153e-14	0	0	0	0	0.15659717031491974	0	0	0	0	0	0	0	0.15826502662265668	5.0027744091679227e-23	0	6.7343587531111475e-99	6.7343587531111475e-99	6.7343587531111475e-99	0	0	0
0.00006309573444801943	9.200880884861802e-14	9.175170199808352e-14	0	0	0	0	0.16316351729729361	0	0	0	0	0	0	0	0.16186611560401945	8.507218918501873e-23	0	6.2848692694508365e-99	6.2848692694508365e-99	6.2848692694508365e-99	0	0	0
0.00006760829753919819	1.564609984954285e-13	1.5602378824286642e-13	0	0	0	0	0.17000520075354075	0	0	0	0	0	0	0	0.16554914209317273	1.4466527532140747e-22	0	5.8653812756618455e-99	5.8653812756618455e-99	5.8653812756618455e-99	0	0	0
0.00007244359600749906	2.6606196033320266e-13	2.653184842082052e-13	0	0	0	0	0.17404974297126222	0	0	0	0	0	0	0	0.17021749819530507	2.4600333063374002e-22	0	5.473892301325557e-99	5.473892301325557e-99	5.473892301325557e-99	0	0	0
0.00007762471166286927	4.524384186287615e-13	4.511741373242851e-13	0	0	0	0	0.17819050766734687	0	0	0	0	0	0	0	0.17501749828194213	4.1832871467213326e-22	0	5.108533532311611e-99	5.108533532311611e-99	5.108533532311611e-99	0	0	0
0.00008317637711026725	7.69371624545392e-13	7.672217139253858e-13	0	0	0	0	0.18246788352062196	0	0	0	0	0	0	0	0.18007809684120163	7.113680659054998e-22	0	4.767560889795453e-99	4.767560889795453e-99	4.767560889795453e-99	0	0	0
0.00008912509381337459	1.3083166068205007e-12	1.3046606833660948e-12	0	0	0	0	0.18684793568606295	0	0	0	0	0	0	0	0.1852850216708593	1.209681543345039e-21	0	4.449346704713142e-99	4.449346704713142e-99	4.449346704713142e-99	0	0	0
0.00009549925860214369	2.2247926607557804e-12	2.2185757621646865e-12	0	0	0	0	0.19267445727748297	0	0	0	0	0	0	0	0.19139181947741693	2.057063714895587e-21	0	4.152371947910458e-99	4.152371947910458e-99	4.152371947910458e-99	0	0	0
0.00010232929922807557	3.7832603802084716e-12	3.772688542867263e-12	0	0	0	0	0.19868266861425998	0	0	0	0	0	0	0	0.19769989086299292	3.498037273048737e-21	0	3.875218978896211e-99	3.875218978896211e-99	3.875218978896211e-99	0	0	0
0.00010964781961431851	6.433435059783438e-12	6.415457648196052e-12	0	0	0	0	0.20508988315197543	0	0	0	0	0	0	0	0.20461829232129755	5.948413107009259e-21	0	3.6165647785850185e-99	3.6165647785850185e-99	3.6165647785850185e-99	0	0	0
0.00011748975549395303	1.0940057651059684e-11	1.090948705893347e-11	0	0	0	0	0.21170372063480514	0	0	0	0	0	0	0	0.21177879952143752	1.011527771995427e-20	0	3.3751746337253846e-99	3.3751746337253846e-99	3.3751746337253846e-99	0	0	0
0.00012589254117941688	1.8603570300519953e-11	1.8551585002280373e-11	0	0	0	0	0.2180769553140934	0	0	0	0	0	0	0	0.21857395284082212	1.7201031856923056e-20	0	3.149896242865122e-99	3.149896242865122e-99	3.149896242865122e-99	0	0	0
0.0001348962882591656	3.163537514748461e-11	3.154697413706582e-11	0	0	0	0	0.22464205303742885	0	0	0	0	0	0	0	0.22558713605148076	2.9250358233784074e-20	0	2.9396542157181572e-99	2.9396542157181572e-99	2.9396542157181572e-99	0	0	0
0.0001445439770745928	5.379596198769038e-11	5.364563605117179e-11	0	0	0	0	0.23206191881864247	0	0	0	0	0	0	0	0.23218762226472928	4.9740240232178516e-20	0	2.74344493967498e-99	2.74344493967498e-99	2.74344493967498e-99	0	0	0
0.00015488166189124827	9.148004449731037e-11	9.122441521113854e-11	0	0	0	0	0.23972686074417787	0	0	0	0	0	0	0	0.23898123304622051	8.458328881241658e-20	0	2.5603317889514152e-99	2.5603317889514152e-99	2.5603317889514152e-99	0	0	0
0.00016595869074375631	1.555618346065601e-10	1.551271369525026e-10	0	0	0	0	0.2470074536312755	0	0	0	0	0	0	0	0.24694525861413819	1.4383390013658018e-19	0	2.3894406535061605e-99	2.3894406535061605e-99	2.3894406535061605e-99	0	0	0
0.00017782794100389227	2.645329319540308e-10	2.6379372850331273e-10	0	0	0	0	0.25450916080078295	0	0	0	0	0	0	0	0.2551746845335316	2.445895769598262e-19	0	2.2299557663838006e-99	2.2299557663838006e-99	2.2299557663838006e-99	0	0	0
0.00019054607179632481	4.498383055534197e-10	4.4858128993243813e-10	0	0	0	0	0.2614429312341924	0	0	0	0	0	0	0	0.2621638497209349	4.1592462625695014e-19	0	2.081115809564731e-99	2.081115809564731e-99	2.081115809564731e-99	0	0	0
0.00020417379446695317	7.649501317225001e-10	7.628125763987811e-10	0	0	0	0	0.26856560320761785	0	0	0	0	0	0	0	0.2693444462413731	7.0727991305778595e-19	0	1.9422102797328956e-99	1.9422102797328956e-99	1.9422102797328956e-99	0	0	0
0.00021877616239495564	1.3007978573598158e-9	1.2971629440893042e-9	0	0	0	0	0.277539062019447	0	0	0	0	0	0	0	0.2779642049580744	1.2027296385811585e-18	0	1.8125760966128508e-99	1.8125760966128508e-99	1.8125760966128508e-99	0	0	0
0.00023442288153199226	2.212007025741285e-9	2.205825854972262e-9	0	0	0	0	0.2868123468778213	0	0	0	0	0	0	0	0.28685981952170775	2.0452419994053776e-18	0	1.6915944376857684e-99	1.6915944376857684e-99	1.6915944376857684e-99	0	0	0
0.0002511886431509582	3.761518405219343e-9	3.751007323046947e-9	0	0	0	0	0.295685486392267	0	0	0	0	0	0	0	0.29608150974384273	3.4779344434101854e-18	0	1.5786877841745096e-99	1.5786877841745096e-99	1.5786877841745096e-99	0	0	0
0.00026915348039269194	6.396462826813252e-9	6.378588729402984e-9	0	0	0	0	0.304833135026351	0	0	0	0	0	0	0	0.30559964988599386	5.914228241047053e-18	0	1.4733171641965324e-99	1.4733171641965324e-99	1.4733171641965324e-99	0	0	0
0.00028840315031266115	1.0877186361239705e-8	1.0846791454893112e-8	0	0	0	0	0.3124956155458244	0	0	0	0	0	0	0	0.31348251950321254	1.0057146348308497e-17	0	1.37497957992444e-99	1.37497957992444e-99	1.37497957992444e-99	0	0	0
0.0003090295432513592	1.8496657659164418e-8	1.8444971114629533e-8	0	0	0	0	0.3203507050731931	0	0	0	0	0	0	0	0.3215687258501199	1.7102179447404096e-17	0	1.283205606472525e-99	1.283205606472525e-99	1.283205606472525e-99	0	0	0
0.0003311311214825914	3.145357017872618e-8	3.136567719904408e-8	0	0	0	0	0.3282924526210484	0	0	0	0	0	0	0	0.3300105269198997	2.90822596909324e-17	0	1.1975571510472947e-99	1.1975571510472947e-99	1.1975571510472947e-99	0	0	0
0.000354813389233576	5.3486802600677727e-8	5.3337340570532044e-8	0	0	0	0	0.3364310823767931	0	0	0	0	0	0	0	0.3386739415968896	4.945438862525772e-17	0	1.117625361665079e-99	1.117625361665079e-99	1.117625361665079e-99	0	0	0
0.00038018939632056124	9.095431889568957e-8	9.07001586824841e-8	0	0	0	0	0.34510917687843273	0	0	0	0	0	0	0	0.34828811325678233	8.409719809566742e-17	0	1.0430286754537293e-99	1.0430286754537293e-99	1.0430286754537293e-99	0	0	0
0.00040738027780411304	1.5466783811216618e-7	1.542356386169915e-7	0	0	0	0	0.35401111908061056	0	0	0	0	0	0	0	0.3581752090639251	1.4300730277211646e-16	0	9.734109972217812e-100	9.734109972217812e-100	9.734109972217812e-100	0	0	0
0.00043651583224016654	2.630126907302353e-7	2.6227773539921354e-7	0	0	0	0	0.3630976916974751	0	0	0	0	0	0	0	0.36658936825506655	2.431839479704287e-16	0	9.084399996003146e-100	9.084399996003146e-100	9.084399996003146e-100	0	0	0
0.00046773514128719906	4.4725313503762555e-7	4.4600334334506704e-7	0	0	0	0	0.37241749371723515	0	0	0	0	0	0	0	0.3752011906934186	4.135343538694793e-16	0	8.4780553664301e-100	8.4780553664301e-100	8.4780553664301e-100	0	0	0
0.0005011872336272725	7.605540487251767e-7	7.584287776932397e-7	0	0	0	0	0.3811975108762903	0	0	0	0	0	0	0	0.38388854443513454	7.032152543680293e-16	0	7.91218163311591e-100	7.91218163311591e-100	7.91218163311591e-100	0	0	0
0.0005370317963702533	1.2933223173127656e-6	1.28970829348297e-6	0	0	0	0	0.39018452341717835	0	0	0	0	0	0	0	0.3927770439005466	1.1958176856377268e-15	0	7.384077537792382e-100	7.384077537792382e-100	7.384077537792382e-100	0	0	0
0.0005754399373371578	2.1992948683436555e-6	2.1931492200728813e-6	0	0	0	0	0.3989445873964022	0	0	0	0	0	0	0	0.40081766276862246	2.033488221994111e-15	0	6.891222119563192e-100	6.891222119563192e-100	6.891222119563192e-100	0	0	0
0.0006165950018614823	3.739901378932855e-6	3.729450702776093e-6	0	0	0	0	0.4079013242734844	0	0	0	0	0	0	0	0.4090228827832916	3.4579471424889227e-15	0	6.431262680829714e-100	6.431262680829714e-100	6.431262680829714e-100	0	0	0
0.0006606934480075965	3.817902145599064e-6	3.807233506274342e-6	0	0	0	0	0.4155727932903415	0	0	0	0	0	0	0	0.4165032322782674	5.880239831692598e-15	0	6.002003556439514e-100	6.002003556439514e-100	6.002003556439514e-100	0	0	0
0.0007079457843841388	3.897529725109785e-6	3.886638576696642e-6	0	0	0	0	0.4233885409191426	0	0	0	0	0	0	0	0.4241203849471536	9.999349051164544e-15	0	5.601395632446009e-100	5.601395632446009e-100	5.601395632446009e-100	0	0	0
0.0007585775750291852	3.657012717447232e-6	3.646793663055453e-6	0	0	0	0	0.4309413165819854	0	0	0	0	0	0	0	0.43096598866528896	1.7003895131645565e-14	0	5.227526564445717e-100	5.227526564445717e-100	5.227526564445717e-100	0	0	0
0.0008128305161640995	3.4313380419937855e-6	3.4217496066240036e-6	0	0	0	0	0.438628825273005	0	0	0	0	0	0	0	0.43792208528102866	2.891512719163704e-14	0	4.878611648799491e-100	4.878611648799491e-100	4.878611648799491e-100	0	0	0
0.0008709635899560814	5.195265620585663e-6	5.1807481151629526e-6	0	0	0	0	0.44611424444461717	0	0	0	0	0	0	0	0.44587494851354664	4.9170179775605353e-14	0	4.5529853031604234e-100	4.5529853031604234e-100	4.5529853031604234e-100	0	0	0
0.0009332543007969925	7.865964978710155e-6	7.843984545451673e-6	0	0	0	0	0.45372740601925016	0	0	0	0	0	0	0	0.45397223934111164	8.361390088799602e-14	0	4.249093115639953e-100	4.249093115639953e-100	4.249093115639953e-100	0	0	0
0.001	7.314135959389167e-6	7.293697541759044e-6	3.96064477781898e-100	3.9495772624620003e-100	0	0	0.4601294476601938	0	0	0	0	0	0	0	0.46065046028543927	1.4218545577041283e-13	0	3.965484424657879e-100	3.965484424657879e-100	3.965484424657879e-100	0	0	0
0.001071519305237607	6.8010199609612386e-6	6.782015380373084e-6	3.696288772828704e-100	3.685959966522666e-100	0	0	0.4666218213741592	0	0	0	0	0	0	0	0.4674269221156988	2.417863969738878e-13	0	3.700805394055445e-100	3.700805394055445e-100	3.700805394055445e-100	0	0	0
0.001148153621496884	7.1528459910013375e-6	7.132858277562626e-6	3.449577394230018e-100	3.4399379913228095e-100	0	0	0.4719049815309935	0	0	0	0	0	0	0	0.47200738174644974	4.1115781811053e-13	0	3.4537925504149456e-100	3.4537925504149456e-100	3.4537925504149456e-100	0	0	0
0.0012302687708123836	7.522872460993629e-6	7.50185075590233e-6	3.21933293909724e-100	3.2103369248769723e-100	0	0	0.4772479583958429	0	0	0	0	0	0	0	0.4766327267045883	6.991739548179322e-13	0	3.223266751735354e-100	3.223266751735354e-100	3.223266751735354e-100	0	0	0
0.0013182567385564075	5.0687289589265605e-6	5.05456504402374e-6	3.004456311109921e-100	2.9960607421488254e-100	0	0	0.48074005527799657	0	0	0	0	0	0	0	0.48035694316295185	1.1889454549161041e-12	0	3.008127558672971e-100	3.008127558672971e-100	3.008127558672971e-100	0	0	0
0.0014125375446227555	3.4151866048872095e-6	3.405643302643028e-6	2.803921773899995e-100	2.7960865730594146e-100	0	0	0.4842577043713649	0	0	0	0	0	0	0	0.4841102591511044	2.0218019922292424e-12	0	2.8073479814775013e-100	2.8073479814775013e-100	2.8073479814775013e-100	0	0	0
0.0015135612484362103	2.643043558702373e-6	2.6356579114615634e-6	2.616772054590497e-100	2.6094598197084173e-100	0	0	0.4875791273321722	0	0	0	0	0	0	0	0.4867413248286614	3.4380747063544576e-12	0	2.6199695775476284e-100	2.6199695775476284e-100	2.6199695775476284e-100	0	0	0
0.0016218100973589332	2.0454751266597e-6	2.0397593079870875e-6	2.4421137741519586e-100	2.43528959949982e-100	0	0	0.4909233312428436	0	0	0	0	0	0	0	0.4893866899482746	5.846446749931773e-12	0	2.445097876203599e-100	2.445097876203599e-100	2.445097876203599e-100	0	0	0
0.0017378008287493763	2.8101927215485377e-6	2.8023399973466567e-6	2.279113182762891e-100	2.2727444924193925e-100	0	0	0.49222238193314793	0	0	0	0	0	0	0	0.49148579178225515	9.941883908634189e-12	0	2.2818981088366008e-100	2.2818981088366008e-100	2.2818981088366008e-100	0	0	0
0.0018620871366628695	3.860806239741802e-6	3.850017710412436e-6	2.1269921798165847e-100	2.1210485721630708e-100	0	0	0.4935248700903399	0	0	0	0	0	0	0	0.4935938971886651	1.6906175644875756e-11	0	2.1295912240522764e-100	2.1295912240522764e-100	2.1295912240522764e-100	0	0	0
0.001995262314968883	5.672714126427762e-6	5.656862452210058e-6	1.985024599575394e-100	1.979477702170502e-100	0	0	0.4940212794745903	0	0	0	0	0	0	0	0.493373331803902	2.874895518415466e-11	0	1.9874501687863148e-100	1.9874501687863148e-100	1.9874501687863148e-100	0	0	0
0.0021379620895022326	8.334965176166112e-6	8.31167418183009e-6	1.8525327447415633e-100	1.8473560788823685e-100	0	0	0.494518188169598	0	0	0	0	0	0	0	0.4931528649800999	4.888760424247866e-11	0	1.854796417639536e-100	1.854796417639536e-100	1.854796417639536e-100	0	0	0
0.0022908676527677745	9.421849415640823e-6	9.395521262284881e-6	1.7288841513973181e-100	1.7240530057204356e-100	0	0	0.4926485765597363	0	0	0	0	0	0	0	0.49162051585802774	8.313338113541291e-11	0	1.7309967338649489e-100	1.7309967338649489e-100	1.7309967338649489e-100	0	0	0
0.0024547089156850338	0.000010650463983323274	0.000010620702623669258	1.613488569871302e-100	1.6089798823905743e-100	0	0	0.49078603334018955	0	0	0	0	0	0	0	0.4900929281273999	1.4136833183166584e-10	0	1.6154601465450065e-100	1.6154601465450065e-100	1.6154601465450065e-100	0	0	0
0.002630267991895387	7.708099597373507e-6	7.68656029873585e-6	1.5057951471191783e-100	1.5015873951368396e-100	0	0	0.48775757752310134	0	0	0	0	0	0	0	0.4870210279668516	2.4039687754688037e-10	0	1.5076351295292642e-100	1.5076351295292642e-100	1.5076351295292642e-100	0	0	0
0.002818382931264455	5.578611363416932e-6	5.5630226473369e-6	1.4052897971682133e-100	1.4013628945340086e-100	0	0	0.4847478091665627	0	0	0	0	0	0	0	0.48396838246201257	4.0879494003723267e-10	0	1.4070069686658166e-100	1.4070069686658166e-100	1.4070069686658166e-100	0	0	0
0.003019951720402019	7.285982245872324e-6	7.265622500194416e-6	1.311492747073365e-100	1.3078279483011827e-100	0	0	0.48084322442718286	0	0	0	0	0	0	0	0.47954060568784096	6.951558801651092e-10	0	1.3130953047587093e-100	1.3130953047587093e-100	1.3130953047587093e-100	0	0	0
0.0032359365692962876	9.515905272643214e-6	9.48931429222244e-6	1.223956246670278e-100	1.220536057454583e-100	0	0	0.47697009064374074	0	0	0	0	0	0	0	0.47515333818632516	1.182112718137154e-9	0	1.2254518405224007e-100	1.2254518405224007e-100	1.2254518405224007e-100	0	0	0
0.0034673685045253167	0.000011097300365364765	0.000011066290378581146	1.1422624311923814e-100	1.1390705248972948e-100	0	0	0.47114047025281397	0	0	0	0	0	0	0	0.46920260472205905	2.0101829219220286e-9	0	1.1436582005871207e-100	1.1436582005871207e-100	1.1436582005871207e-100	0	0	0
0.003715352290971728	0.000012941498666780945	0.000012905335303674218	1.0660213265491164e-100	1.0630424662714857e-100	0	0	0.4653821006060517	0	0	0	0	0	0	0	0.4633263971548395	3.418316474891586e-9	0	1.0673239343396776e-100	1.0673239343396776e-100	1.0673239343396776e-100	0	0	0
0.003981071705534978	0.000012283296936654326	0.000012248972834113698	9.948689877432759e-101	9.920889535777038e-101	0	0	0.4576390434693524	0	0	0	0	0	0	0	0.4559029478627857	5.812847873238687e-9	0	9.960846520660688e-101	9.960846520660688e-101	9.960846520660688e-101	0	0	0
0.004265795188015935	0.0000116585711994321	0.00001162599281307618	9.284657615409606e-101	9.25871282699578e-101	0	0	0.4500248158122229	0	0	0	0	0	0	0	0.4485984376161436	9.884749011861803e-9	0	9.296002854985325e-101	9.296002854985325e-101	9.296002854985325e-101	0	0	0
0.004570881896148752	0.000010365286597294821	0.000010336322129378463	8.664946651008562e-101	8.64073356563809e-101	0	0	0.441203519091574	0	0	0	0	0	0	0	0.4398704778801943	1.680901774108544e-8	0	8.675534644636174e-101	8.675534644636174e-101	8.675534644636174e-101	0	0	0
0.004897788193684466	9.215465978308944e-6	9.189714537076952e-6	8.086598728230221e-101	8.064001762172664e-101	0	0	0.4325551356705913	0	0	0	0	0	0	0	0.4313123298840211	2.85837381486447e-8	0	8.096480018820002e-101	8.096480018820002e-101	8.096480018820002e-101	0	0	0
0.005248074602497733	9.170664873750862e-6	9.145038623476535e-6	7.546853041940327e-101	7.525764326182149e-101	0	0	0.42296512918228935	0	0	0	0	0	0	0	0.4216973388123824	4.860665263939041e-8	0	7.556074798880664e-101	7.556074798880664e-101	7.556074798880664e-101	0	0	0
0.005623413251903491	9.12608157032995e-6	9.10057990239588e-6	7.043133058873675e-101	7.02345192419407e-101	0	0	0.41358773888291156	0	0	0	0	0	0	0	0.4122966890588618	8.265562287619694e-8	0	7.05173930319915e-101	7.05173930319915e-101	7.05173930319915e-101	0	0	0
0.0060255958607435805	0.000010274114916306456	0.00001024540521599392	6.573034218279322e-101	6.554666714695016e-101	0	0	0.40277098471316425	0	0	0	0	0	0	0	0.40161917793784746	1.4055590381296036e-7	0	6.58106603280978e-101	6.58106603280978e-101	6.58106603280978e-101	0	0	0
0.006456542290346563	0.00001156656737067212	0.000011534246077250561	6.13431245349496e-101	6.117170901780001e-101	0	0	0.39223712618989975	0	0	0	0	0	0	0	0.3912181891532106	2.390153435328772e-7	0	6.141808178948715e-101	6.141808178948715e-101	6.141808178948715e-101	0	0	0
0.006918309709189377	0.000011196671565165737	0.000011165383898271546	5.724873479656712e-101	5.708876052796392e-101	0	0	0.3806426386500944	0	0	0	0	0	0	0	0.3800854737642667	4.064456411604072e-7	0	5.731868897674022e-101	5.731868897674022e-101	5.731868897674022e-101	0	0	0
0.007413102413009177	0.000010838604930972388	0.000010808317835499009	5.342762796408269e-101	5.32783312898919e-101	0	0	0.36939088292309963	0	0	0	0	0	0	0	0.369269556917332	6.911608969386812e-7	0	5.349291300358796e-101	5.349291300358796e-101	5.349291300358796e-101	0	0	0
0.00794328234724282	0.000010165221380008069	0.00001013681596875776	4.986156357886174e-101	4.97222318155785e-101	0	0	0.35740063826653323	0	0	0	0	0	0	0	0.3573993811286633	6.624679467161761e-7	0	4.992249112275773e-101	4.992249112275773e-101	4.992249112275773e-101	0	0	0
0.008511380382023776	9.533673970281257e-6	9.507033337507158e-6	4.65335186544353e-101	4.6403486687113586e-101	0	0	0.34579959099834473	0	0	0	0	0	0	0	0.3459107723297841	6.349661596455682e-7	0	4.659037954681323e-101	4.659037954681323e-101	4.659037954681323e-101	0	0	0
0.009120108393559097	9.802936870191869e-6	9.775543816676434e-6	4.3427606415468805e-101	4.330625352272473e-101	0	0	0.3337770614123834	0	0	0	0	0	0	0	0.3336765861851119	4.296340247854066e-7	0	4.348067208782767e-101	4.348067208782767e-101	4.348067208782767e-101	4.329040273747424e-11	4.329040273747424e-11	4.329040273747424e-11
0.009772372209558112	0.00001007980465668601	0.000010051637931546164	4.0529000460555246e-101	4.041574735148768e-101	0	0	0.32217252311793265	0	0	0	0	0	0	0	0.32187509922935	2.9070115383210233e-7	0	4.057852422750884e-101	4.057852422750884e-101	4.057852422750884e-101	4.040095453798165e-11	4.040095453798165e-11	4.040095453798165e-11
0.010471285480509006	9.451429333902824e-6	9.425018523247865e-6	3.7823863986816386e-101	3.771817003570045e-101	0	0	0.3097269159084526	0	0	0	0	0	0	0	0.309571812266928	3.556905837077555e-7	0	3.7870082255317494e-101	3.7870082255317494e-101	3.7870082255317494e-101	3.770436457887506e-11	3.770436457887506e-11	3.770436457887506e-11
0.011220184543019653	8.862226947474195e-6	8.837462587542807e-6	3.52992837384568e-101	3.520064440400963e-101	0	0	0.29776208569793455	0	0	0	0	0	0	0	0.29773880359084165	4.3520911310670355e-7	0	3.534241713631085e-101	3.534241713631085e-101	3.534241713631085e-101	3.5187760402052865e-11	3.5187760402052865e-11	3.5187760402052865e-11
0.012022644346174132	8.300098922884607e-6	8.276905357834795e-6	3.2943208363968144e-101	3.2851152780867564e-101	0	0	0.2851694719729925	0.28488122623332807	0	0	0	0	0	0	0.2851258192628136	7.081124612673966e-7	0	3.2983462793023425e-101	3.2983462793023425e-101	3.2983462793023425e-101	3.283912873062994e-11	3.283912873062994e-11	3.283912873062994e-11
0.01288249551693135	7.773626486659189e-6	7.751904081508793e-6	3.074439088772466e-101	3.065847961888367e-101	0	0	0.2731094106717543	0.27277967082632343	0	0	0	0	0	0	0.27304715351113634	1.1521432862993447e-6	0	3.078195850676663e-101	3.078195850676663e-101	3.078195850676663e-101	3.0647258122286407e-11	3.0647258122286407e-11	3.0647258122286407e-11
0.013803842646028866	7.0682916561248865e-6	7.048540218962463e-6	2.869233502135285e-101	2.861215796022006e-101	0	0	0.2608201489541629	0.260414253747105	0	0	0	0	0	0	0.26051767490142735	1.462755271326961e-6	0	2.8727395163394465e-101	2.8727395163394465e-101	2.8727395163394465e-101	2.860168545025929e-11	2.860168545025929e-11	2.860168545025929e-11
0.014791083881682071	6.426954912457613e-6	6.408995608813269e-6	2.677724505858571e-101	2.6702419471458277e-101	0	0	0.2490838742361484	0.2486093752852988	0	0	0	0	0	0	0.24856314399658394	1.857106671746813e-6	0	2.68099650869326e-101	2.68099650869326e-101	2.68099650869326e-101	2.6692645956497246e-11	2.6692645956497246e-11	2.6692645956497246e-11
0.01584893192461114	6.03034419887492e-6	6.013493173152355e-6	2.4989979114420074e-101	2.492014781342374e-101	0	0	0.2368540625780046	0.23677872297707797	0	0	0	0	0	0	0.23640225281506783	2.7656215582774853e-6	0	2.5020515221597013e-101	2.5020515221597013e-101	2.5020515221597013e-101	2.4911026638552454e-11	2.4911026638552454e-11	2.4911026638552454e-11
0.01698243652461746	5.65820853767258e-6	5.6423973974677224e-6	2.3322005485359502e-101	2.3256835123374422e-101	5.721990732844165e-6	5.706001361451154e-6	0.22522472453001458	0.22551105963046558	0	0	0	0	0	0	0.22483633026788274	4.118590881166111e-6	0	2.3350503438711976e-101	2.3350503438711976e-101	2.3350503438711976e-101	2.3248322747697472e-11	2.3248322747697472e-11	2.3248322747697472e-11
0.018197008586099864	5.564790137365674e-6	5.549240042934428e-6	2.1765361922422762e-101	2.170454140181569e-101	5.8540443462580705e-6	5.8376859679289805e-6	0.2134797087851071	0.21368862200186325	0	0	0	0	0	0	0.2131397007334361	5.249010030872365e-6	0	2.179195775995287e-101	2.179195775995287e-101	2.179195775995287e-101	2.1696597190605177e-11	2.1696597190605177e-11	2.1696597190605177e-11
0.019498445997580455	5.472914097588217e-6	5.457620739001314e-6	2.0312617622504135e-101	2.0255856610070873e-101	5.98914552784009e-6	5.972409626535378e-6	0.20234717195491933	0.20248597673161037	0	0	0	0	0	0	0.20205156335105023	6.68969244558651e-6	0	2.0337438302262406e-101	2.0337438302262406e-101	2.0337438302262406e-101	2.0248442640792222e-11	2.0248442640792222e-11	2.0248442640792222e-11
0.02089296130854041	5.284224754451754e-6	5.269458664105243e-6	1.8956837756646723e-101	1.8903865297675792e-101	5.6277584222907075e-6	5.612032371039422e-6	0.19099135019093616	0.19120281177986775	0	0	0	0	0	0	0.19070900917552902	7.611639518890328e-6	0	1.8980001762779836e-101	1.8980001762779836e-101	1.8980001762779836e-101	1.8896946178960515e-11	1.8896946178960515e-11	1.8896946178960515e-11
0.022387211385683423	5.102040842896787e-6	5.08778384219402e-6	1.769155036590133e-101	1.7642113590742916e-101	5.288177539256753e-6	5.273400403358585e-6	0.1802728226707494	0.1805483807947098	0	0	0	0	0	0	0.18000319115334856	8.660645707824195e-6	0	1.7713168274248744e-101	1.7713168274248744e-101	1.7713168274248744e-101	1.7635656293444157e-11	1.7635656293444157e-11	1.7635656293444157e-11
0.02398832919019495	5.679941683793899e-6	5.664069813091361e-6	1.6510715466743987e-101	1.646457838370986e-101	5.414887952240475e-6	5.3997567402965485e-6	0.16964839571804796	0.1698469250442534	0	0	0	0	0	0	0.1694251277062345	9.81822714643132e-6	0	1.6530890472683447e-101	1.6530890472683447e-101	1.6530890472683447e-101	1.6458552083234272e-11	1.6458552083234272e-11	1.6458552083234272e-11
0.025703957827688646	6.323300523204373e-6	6.305630868495778e-6	1.5408696218574246e-101	1.536563858740642e-101	5.544634482797645e-6	5.529140710765648e-6	0.15965012220545494	0.15977976551221199	0	0	0	0	0	0	0.15946869449564155	0.000011130530857743421	0	1.542752462963585e-101	1.542752462963585e-101	1.542752462963585e-101	1.5360014516569682e-11	1.5360014516569682e-11	1.5360014516569682e-11
0.02754228703338169	5.855319982087038e-6	5.838958039156736e-6	1.438023201565874e-101	1.434004829618924e-101	5.406019709652712e-6	5.390913278878654e-6	0.14969178846747827	0.14979548575841117	0	0	0	0	0	0	0.1495229605971726	0.000012870954305243495	0	1.439780371125916e-101	1.439780371125916e-101	1.439780371125916e-101	1.4334799607892866e-11	1.4334799607892866e-11	1.4334799607892866e-11
0.0295120922666639	5.421974167891304e-6	5.406823154423902e-6	1.3420413375072096e-101	1.3382911746055163e-101	5.270870278613479e-6	5.256141505641982e-6	0.1403546156122305	0.14043510128873835	0	0	0	0	0	0	0.14019752162926669	0.000014883518750807546	0	1.3436812235563481e-101	1.3436812235563481e-101	1.3436812235563481e-101	1.337801338512903e-11	1.337801338512903e-11	1.337801338512903e-11
0.03162277660168379	5.146458643978668e-6	5.132077523410784e-6	1.2524658500759513e-101	1.2489659944192567e-101	5.002188925610259e-6	4.9882109483216034e-6	0.13108170828684154	0.1312232284574623	0	0	0	0	0	0	0.13098116863027898	0.00001636180232609474	0	1.2539962807841269e-101	1.2539962807841269e-101	1.2539962807841269e-101	1.2485088527791397e-11	1.2485088527791397e-11	1.2485088527791397e-11
0.03388441561392028	4.8849433350368694e-6	4.871292985558079e-6	1.1688691411847402e-101	1.1656028858409613e-101	4.747203540376242e-6	4.733938087139915e-6	0.12242144066617582	0.12261561054736224	0	0	0	0	0	0	0.12237068342135486	0.000017986914239865084	0	1.1702974222252167e-101	1.1702974222252167e-101	1.1702974222252167e-101	1.1651762564392487e-11	1.1651762564392487e-11	1.1651762564392487e-11
0.03630780547701017	4.333073897897681e-6	4.320965676989683e-6	1.0908521530795438e-101	1.0878039062324609e-101	4.354700978309198e-6	4.3425323232905916e-6	0.11392691015487154	0.11413199780872366	0	0	0	0	0	0	0.11393391707476555	0.000019825417151020497	0	1.0921851025033153e-101	1.0921851025033153e-101	1.0921851025033153e-101	1.0874057525084662e-11	1.0874057525084662e-11	1.0874057525084662e-11
0.038904514499428125	3.843551115521909e-6	3.832810803430655e-6	1.0180424633951413e-101	1.0151976739152102e-101	3.994650840057338e-6	3.983488299108013e-6	0.1060217947673791	0.10623535507152211	0	0	0	0	0	0	0.10607881803930704	0.000021851839619096672	0	1.0192864441776209e-101	1.0192864441776209e-101	1.0192864441776209e-101	1.0148260952399138e-11	1.0148260952399138e-11	1.0148260952399138e-11
0.04168693834703355	3.850201432211356e-6	3.839442536660527e-6	9.500925073574803e-102	9.474375953404726e-102	3.556568534666218e-6	3.546630158698732e-6	0.09830461009151993	0.09852740422753507	0	0	0	0	0	0	0.09839587708081564	0.000024939544664067757	0	9.512534577728383e-102	9.512534577728383e-102	9.512534577728383e-102	9.470908179436679e-12	9.470908179436679e-12	9.470908179436679e-12
0.04466835921509635	3.856863255632661e-6	3.846085744468173e-6	8.866779186463648e-102	8.842002105882548e-102	3.1665295036389687e-6	3.157681041866748e-6	0.09114914896931277	0.09137870699712423	0	0	0	0	0	0	0.09126938634360941	0.000028463548099056733	0	8.877613806145096e-102	8.877613806145096e-102	8.877613806145096e-102	8.838765790912675e-12	8.838765790912675e-12	8.838765790912675e-12
0.0478630092322639	3.50197025687607e-6	3.492184448814015e-6	8.27495980998444e-102	8.251836492970935e-102	3.087224406304222e-6	3.0785975524852203e-6	0.08414679297342174	0.08442292237980593	0.06798210996112752	0	0	0	0	0	0.08429868336948552	0.00003207774263280905	0	8.285071265399652e-102	8.285071265399652e-102	8.285071265399652e-102	8.248816188106567e-12	8.248816188106567e-12	8.248816188106567e-12
0.05128613839913648	3.179733080278206e-6	3.170847722799491e-6	7.72264183159024e-102	7.701061896538696e-102	3.0099054892517205e-6	3.001494693259131e-6	0.07768237935052771	0.07799661493755931	0.06166502611293324	0	0	0	0	0	0.07786036810935966	0.00003615085402690292	0	7.732078390843804e-102	7.732078390843804e-102	7.732078390843804e-102	7.698243184034306e-12	7.698243184034306e-12	7.698243184034306e-12
0.05495408738576248	2.9739586068626766e-6	2.965648259836144e-6	7.207188702846341e-102	7.187049135648567e-102	2.7438035902385008e-6	2.7361363819744408e-6	0.0714553325972797	0.07180098024916455	0.055803956504290354	0	0	0	0	0	0.07168791576697273	0.00004087030225431724	0	7.215995412354455e-102	7.215995412354455e-102	7.215995412354455e-102	7.1844185600811354e-12	7.1844185600811354e-12	7.1844185600811354e-12
0.05888436553555896	2.781500702115148e-6	2.7737281540925295e-6	6.726139853586831e-102	6.707344515883318e-102	2.5012274201597337e-6	2.4942380599830858e-6	0.06572744809409825	0.06609749370364457	0.050499963396262976	0	0	0	0	0	0.06600479026498199	0.00004620586847315343	0	6.734358753111148e-102	6.734358753111148e-102	6.734358753111148e-102	6.704889519921441e-12	6.704889519921441e-12	6.704889519921441e-12
0.06309573444801943	2.683324527710645e-6	2.6758263204529437e-6	6.27719894612195e-102	6.259658116375214e-102	2.3434174790021983e-6	2.3368690985258787e-6	0.060216780930041694	0.060623065797287594	0.04575364225518024	0	0	0	0	0	0.06051258304550823	0.00004999672964130956	0	6.284869269450837e-102	6.284869269450837e-102	6.284869269450837e-102	6.257366980835354e-12	6.257366980835354e-12	6.257366980835354e-12
0.06760829753919818	2.588613591051144e-6	2.581380041394599e-6	5.858222913426658e-102	5.8418528586259695e-102	2.1955642404329284e-6	2.18942901692479e-6	0.055168134633576796	0.05560204934759312	0.041453411821085286	0	0	0	0	0	0.05547737811360409	0.000054098603866272026	0	5.865381275661846e-102	5.865381275661846e-102	5.865381275661846e-102	5.839714646529686e-12	5.839714646529686e-12	5.839714646529686e-12
0.07244359600749906	2.3832652444958627e-6	2.376605514534476e-6	5.467211728982905e-102	5.45193430493588e-102	2.092519750052336e-6	2.0866724711955656e-6	0.0503294904663837	0.050766955469708115	0.037731662411536325	0	0	0	0	0	0.050634062136973544	0.00005746779082501533	0	5.473892301325557e-102	5.473892301325557e-102	5.473892301325557e-102	5.449938809301007e-12	5.449938809301007e-12	5.449938809301007e-12
0.07762471166286927	2.1942066769863078e-6	2.1880752470156243e-6	5.102298859441047e-102	5.088041137744061e-102	1.9943114502063926e-6	1.9887386018849773e-6	0.04591523036677264	0.046352316108918566	0.034344057239071184	0	0	0	0	0	0.04621357994317694	0.00006104680613332242	0	5.1085335323116115e-102	5.1085335323116115e-102	5.1085335323116115e-102	5.086178832860594e-12	5.086178832860594e-12	5.086178832860594e-12
0.08317637711026708	1.914249151590727e-6	1.9089000271246856e-6	4.761742354524946e-102	4.7484362744316674e-102	1.8934024468066762e-6	1.88811157579134e-6	0.0416884729995842	0.04209165095602032	0.03145754907952537	0	0	0	0	0	0.04200081683877717	0.00006430181295347711	0	4.767560889795463e-102	4.767560889795463e-102	4.767560889795463e-102	4.746698270389777e-12	4.746698270389777e-12	4.746698270389777e-12
0.08912509381337459	1.6700112404172895e-6	1.665344607561657e-6	4.443916531647593e-102	4.431498575173791e-102	1.7975992792913512e-6	1.7925761179766365e-6	0.03785081262044016	0.03822262249075727	0.028813642698130644	0	0	0	0	0	0.038172083125643096	0.00006773037626364901	0	4.4493467047131416e-102	4.4493467047131416e-102	4.4493467047131416e-102	4.429876575426895e-12	4.429876575426895e-12	4.429876575426895e-12
0.09549925860214369	1.5660835086710187e-6	1.5617072885718071e-6	4.147304215542962e-102	4.135715104256677e-102	1.4610532403492332e-6	1.456970513903908e-6	0.03417032256652075	0.034589237468922666	0.02652778393880834	0	0	0	0	0	0.0345318129440482	0.00006970127713485676	0	4.152371947910457e-102	4.152371947910457e-102	4.152371947910457e-102	4.134201366016993e-12	4.134201366016993e-12	4.134201366016993e-12
0.10232929922807536	1.4686233821507049e-6	1.4645195019121639e-6	3.8704894958689654e-102	3.859673907918626e-102	1.1875152575587032e-6	1.1841968980271184e-6	0.030847711408699012	0.03130123656404884	0.024423268105207507	0	0	0	0	0	0.031238696124542435	0.00007172952967688656	0	3.875218978896219e-102	3.875218978896219e-102	3.875218978896219e-102	3.85826120519616e-12	3.85826120519616e-12	3.85826120519616e-12
0.10964781961431873	1.3474229472147067e-6	1.3436577460928689e-6	3.612150968209281e-102	3.6020572742389775e-102	1.0564452052284187e-6	1.053493104197253e-6	0.02767322812422092	0.028162011626248817	0.022368215362540515	0	0	0	0	0	0.02810734626358348	0.00007155651966091451	0	3.616564778585012e-102	3.616564778585012e-102	3.616564778585012e-102	3.6007388633474894e-12	3.6007388633474894e-12	3.6007388633474894e-12
0.11748975549395303	1.23622476718437e-6	1.2327702951569554e-6	3.371055426209332e-102	3.361635442900618e-102	9.398417953336952e-7	9.372155276206077e-7	0.02482542528581941	0.02533762195669597	0.0204860814019527	0	0	0	0	0	0.025289881204750723	0.00007138392694121857	0	3.375174633725385e-102	3.375174633725385e-102	3.375174633725385e-102	3.3604050302659188e-12	3.3604050302659188e-12	3.3604050302659188e-12
0.12589254117941662	1.1062061901252303e-6	1.1031150383850442e-6	3.1460519747348966e-102	3.137260734798603e-102	7.809147197180778e-7	7.787325533947105e-7	0.022146789383478725	0.022639053212518263	0.0183415060377067	0	0	0	0	0	0.02263314642534339	0.00007092067871158535	0	3.149896242865128e-102	3.149896242865128e-102	3.149896242865128e-102	3.1361124469155152e-12	3.1361124469155152e-12	3.1361124469155152e-12
0.1348962882591656	9.898621735741881e-7	9.870961303105521e-7	2.9360665359522013e-102	2.927862073472317e-102	6.488621835080614e-7	6.470490211106755e-7	0.019757175329291585	0.020227893968707073	0.016421434491574502	0	0	0	0	0	0.020255505075872114	0.00007046043674584718	0	2.939654215718157e-102	2.939654215718157e-102	2.939654215718157e-102	2.9267904288668724e-12	2.9267904288668724e-12	2.9267904288668724e-12
0.1445439770745928	8.107855931630225e-7	8.085199565036053e-7	2.74009672210352e-102	2.7324398722084405e-102	5.154929525813846e-7	5.140524734449903e-7	0.017507134472912973	0.017973615411753997	0.014131278428724475	0	0	0	0	0	0.01799439705141362	0.00006849601578855487	0	2.74344493967498e-102	2.74344493967498e-102	2.74344493967498e-102	2.731439755271483e-12	2.731439755271483e-12	2.731439755271483e-12
0.15488166189124797	6.641058680998735e-7	6.622501091752097e-7	2.5572070505028506e-102	2.5500612624077106e-102	4.095368645532592e-7	4.0839246615553374e-7	0.015513338943662016	0.01597056280151588	0.012160510711326214	0	0	0	0	0	0.015985694952115704	0.00006658636244094068	0	2.56033178895142e-102	2.56033178895142e-102	2.56033178895142e-102	2.5491278989749952e-12	2.5491278989749952e-12	2.5491278989749952e-12
0.1659586907437563	5.608381935420397e-7	5.592710029283868e-7	2.386524477910168e-102	2.379855640437795e-102	3.6088494278677256e-7	3.598764959629709e-7	0.013650294186328824	0.014105228224089326	0.010082188779078597	0	0	0	0	0	0.014116290147726161	0.0000634172729917462	0	2.389440653506161e-102	2.389440653506161e-102	2.389440653506161e-102	2.3789845750000063e-12	2.3789845750000063e-12	2.3789845750000063e-12
0.1778279410038923	4.736285198555099e-7	4.723050255228798e-7	2.2272342329669608e-102	2.2210105117145523e-102	3.18012743669077e-7	3.1712409772334963e-7	0.012010988224391835	0.012457761553322524	0.00835906755810039	0	0	0	0	0	0.01246549794248505	0.00006039901214421786	0	2.2299557663838006e-102	2.2299557663838006e-102	2.2299557663838006e-102	2.2201975861484608e-12	2.2201975861484608e-12	2.2201975861484608e-12
0.1905460717963252	4.2208365141829636e-7	4.2090419262911967e-7	2.078575926798698e-102	2.0727676121729265e-102	2.946569353213644e-7	2.938335541953984e-7	0.010495337491836865	0.01094714029618357	0.006751675748059588	0	0	0	0	0	0.010931297699661757	0.000056508853970049706	0	2.0811158095647267e-102	2.0811158095647267e-102	2.0811158095647267e-102	2.0720089458921435e-12	2.0720089458921435e-12	2.0720089458921435e-12
0.20417379446695316	3.7614839758583943e-7	3.7509729898944296e-7	1.9398399232179795e-102	1.934419288613096e-102	2.7301644748968517e-7	2.7225353793964815e-7	0.00917094472242186	0.009619696134926052	0.0054533744451870265	0	0	0	0	0	0.00958592026968879	0.00005286925172523885	0	1.9422102797328957e-102	1.9422102797328957e-102	1.9422102797328957e-102	1.9337112600436857e-12	1.9337112600436857e-12	1.9337112600436857e-12
0.21877616239495518	3.7723084781693125e-7	3.761767244517851e-7	1.8103639512008875e-102	1.8053051206428307e-102	2.676471399885236e-7	2.6689923428168866e-7	0.007957481890893986	0.008387732005805029	0.004298118420727573	0	0	0	0	0	0.00835758649727132	0.00004857801520321067	0	1.812576096612855e-102	1.812576096612855e-102	1.812576096612855e-102	1.8046443499353415e-12	1.8046443499353415e-12	1.8046443499353415e-12
0.23442288153199276	3.7831641303803604e-7	3.772592561996981e-7	1.6895299434660576e-102	1.6848087680907481e-102	2.6238342855421677e-7	2.616502316158778e-7	0.006904579621889075	0.007313541635246907	0.003387594624994403	0	0	0	0	0	0.007286650639087671	0.000044635085310973166	0	1.6915944376857648e-102	1.6915944376857648e-102	1.6915944376857648e-102	1.6841921009861432e-12	1.6841921009861432e-12	1.6841921009861432e-12
0.25118864315095824	2.940481310473865e-7	2.932264511471115e-7	1.576761086064997e-102	1.5723550288411727e-102	2.1713886264479586e-7	2.1653209586016053e-7	0.005946666750539803	0.006324631314477391	0.0025991604874534184	0	0	0	0	0	0.006302855524416913	0.00004013847513557125	0	1.5786877841745094e-102	1.5786877841745094e-102	1.5786877841745094e-102	1.57177952161364e-12	1.57177952161364e-12	1.57177952161364e-12
0.2691534803926914	2.2855023042251108e-7	2.2791157602986975e-7	1.4715190648994957e-102	1.467407093045804e-102	1.7969612612533232e-7	1.7919398827984284e-7	0.005121650756241185	0.00546943782630392	0.001994227759630558	0	0	0	0	0	0.005451885884108581	0.00003609486069051598	0	1.4733171641965355e-102	1.4733171641965355e-102	1.4733171641965355e-102	1.4668699984505693e-12	1.4668699984505693e-12	1.4668699984505693e-12
0.28840315031266117	1.6508859454825543e-7	1.6462727558179347e-7	1.3733014960222172e-102	1.3694639806050031e-102	1.421173850672193e-7	1.4172025620816709e-7	0.004373988812714213	0.004686694308573841	0.0014795273228882585	0	0	0	0	0	0.004675053426863323	0.000032064590480231934	0	1.3749795799244396e-102	1.3749795799244396e-102	1.3749795799244396e-102	1.3689627347640658e-12	1.3689627347640658e-12	1.3689627347640658e-12
0.30902954325135923	1.1924837703963394e-7	1.18915152699099e-7	1.2816395274536778e-102	1.278058149686188e-102	1.1239725404128951e-7	1.1208317428787364e-7	0.0037354710510933416	0.004015970971711727	0.0010976685529532795	0	0	0	0	0	0.004008910862887643	0.00002848433109301717	0	1.2832056064725251e-102	1.2832056064725251e-102	1.2832056064725251e-102	1.2775903598493765e-12	1.2775903598493765e-12	1.2775903598493765e-12
0.3311311214825908	1.0975102312555374e-7	1.0944433792604034e-7	1.1960956010675702e-102	1.1927532648632816e-102	1.0470457021582982e-7	1.0441198668364855e-7	0.003148428412062673	0.0034031522564952977	0.0007814763514947566	0	0	0	0	0	0.0033931343386068764	0.000024759781431487573	0	1.1975571510472974e-102	1.1975571510472974e-102	1.1975571510472974e-102	1.1923166979862082e-12	1.1923166979862082e-12	1.1923166979862082e-12
0.354813389233576	1.0101007138321267e-7	1.0072781165557819e-7	1.116261363860669e-102	1.1131421142233073e-102	9.753838843833467e-8	9.726582988474212e-8	0.0026536416238541146	0.002883846861062481	0.0005563658413119683	0	0	0	0	0	0.002871942288968694	0.00002152224584572807	0	1.1176253616650792e-102	1.1176253616650792e-102	1.1176253616650792e-102	1.112734686307693e-12	1.112734686307693e-12	1.112734686307693e-12
0.38018939632056126	7.386968742949048e-8	7.366326803418889e-8	1.0417557186364858e-102	1.0388446654971583e-102	6.195026922105295e-8	6.177715711571764e-8	0.002188872012056542	0.0023958993495295355	0.00037680584854837243	0	0	0	0	0	0.002383039588570907	0.00001879570977355598	0	1.0430286754537291e-102	1.0430286754537291e-102	1.0430286754537291e-102	1.0384644316426466e-12	1.0384644316426466e-12	1.0384644316426466e-12
0.40738027780411384	5.4021649982097e-8	5.387069338933841e-8	9.72223004797358e-103	9.695062519352321e-103	3.9346927071562295e-8	3.9236977115420414e-8	0.0018055040447420244	0.0019905126622989638	0.0002551965576561025	0	0	0	0	0	0.0019773648316364326	0.00001641458370209385	0	9.734109972217793e-103	9.734109972217793e-103	9.734109972217793e-103	9.691513970552004e-13	9.691513970552004e-13	9.691513970552004e-13
0.43651583224016655	4.2631018046940646e-8	4.2511891118527066e-8	9.073313005609093e-103	9.047958792681278e-103	3.154216822071497e-8	3.1454027665134035e-8	0.0014421170033065104	0.001604977943399702	0.00016183057087025156	0	0	0	0	0	0.0015972126768456429	0.000013919164990793636	0	9.084399996003146e-103	9.084399996003146e-103	9.084399996003146e-103	9.044647094251794e-13	9.044647094251794e-13	9.044647094251794e-13
0.4677351412871981	3.364213607545994e-8	3.354812742824611e-8	8.467708384961971e-103	8.444046456703765e-103	2.5285541975219256e-8	2.5214884761604007e-8	0.0011518675116138572	0.001294115956953729	0.00010262338139953855	0	0	0	0	0	0.0012901454978165	0.000011803111035720114	0	8.478055366430117e-103	8.478055366430117e-103	8.478055366430117e-103	8.440955799901506e-13	8.440955799901506e-13	8.440955799901506e-13
0.5011872336272735	2.7130628474975873e-8	2.705481540308078e-8	7.902525268160483e-103	7.880442671848362e-103	1.2958021161996187e-8	1.29218116288894e-8	0.0008783010231762082	0.0010017100507992375	0.00006042621674854771	0	0	0	0	0	0.0009986343346684277	9.741481561746424e-6	0	7.912181633115896e-103	7.912181633115896e-103	7.912181633115896e-103	7.877558303095366e-13	7.877558303095366e-13	7.877558303095366e-13
0.5370317963702532	2.1879437137884414e-8	2.1818297848675267e-8	7.375065693667677e-103	7.354457015686626e-103	6.6405660831515075e-9	6.622009870406548e-9	0.0006697060899231151	0.000775373350804067	0.000035579880732316104	0	0	0	0	0	0.0007729907487694154	8.039953426741354e-6	0	7.384077537792381e-103	7.384077537792381e-103	7.384077537792381e-103	7.351765166142809e-13	7.351765166142809e-13	7.351765166142809e-13
0.5754399373371566	1.1221015619836097e-8	1.118965992659417e-8	6.882811777275715e-103	6.863578639916159e-103	3.4056587138878215e-9	3.396142036116641e-9	0.000488558692981815	0.0005771907769929291	0.000019922015201310107	0	0	0	0	0	0.0005741914987617152	6.582027905275959e-6	0	6.891222119563207e-103	6.891222119563207e-103	6.891222119563207e-103	6.861066459752293e-13	6.861066459752293e-13	6.861066459752293e-13
0.6165950018614835	5.761041060603055e-9	5.744942568062753e-9	6.423413692718723e-103	6.405464284560099e-103	1.748517278099552e-9	1.7436312701607183e-9	0.0003443006553555134	0.0004147217595005228	0.000010912513116984975	0	0	0	0	0	0.00041273933480572705	5.159860354312507e-6	0	6.431262680829701e-103	6.431262680829701e-103	6.431262680829701e-103	6.403119781617794e-13	6.403119781617794e-13	6.403119781617794e-13
0.6606934480075964	2.9637105688075076e-9	2.9554288586128345e-9	5.994678454528038e-103	5.977927092167242e-103	8.995074123467064e-10	8.969938539090438e-10	0.0002329542821607229	0.0002864948697510183	5.918088423934896e-6	0	0	0	0	0	0.00028600676955552065	3.922394127108211e-6	0	6.002003556439513e-103	6.002003556439513e-103	6.002003556439513e-103	5.975739074713104e-13	5.975739074713104e-13	5.975739074713104e-13
0.7079457843841374	1.5302552337834986e-9	1.5259791312168515e-9	5.594559449583361e-103	5.578926168615938e-103	4.644434379179085e-10	4.6314561012219214e-10	0.00015063432502718447	0.00018919810915125028	3.191663093750169e-6	0	0	0	0	0	0.00018916901924041196	2.917758482289614e-6	0	5.601395632446021e-103	5.601395632446021e-103	5.601395632446021e-103	5.576884191916646e-13	5.576884191916646e-13	5.576884191916646e-13
0.7585775750291851	7.955123761591944e-10	7.932894185516042e-10	5.221146667388104e-103	5.206556840689689e-103	2.4144371130567464e-10	2.407690277294825e-10	0.00009254697737897618	0.00011844330064662747	1.701297401935363e-6	0	4.097758624274031e-6	4.109248290938949e-6	0	0	0.00011861397030605967	1.9837554253716073e-6	0	5.227526564445716e-103	5.227526564445716e-103	5.227526564445716e-103	5.204651157152948e-13	5.204651157152948e-13	5.204651157152948e-13
0.8128305161640995	4.1888380864465016e-10	4.1771329140691787e-10	4.872657582431833e-103	4.859041563917654e-103	1.2713424001436414e-10	1.2677897963816507e-10	0.00005390722359499645	0.00007021655500914057	8.993295457615525e-7	0	2.1577096609479616e-6	2.1637596426665305e-6	0	0	0.00007027265812047447	1.2531345520615154e-6	0	4.878611648799491e-103	4.878611648799491e-103	4.878611648799491e-103	4.857263076561031e-13	4.857263076561031e-13	4.857263076561031e-13
0.8709635899560796	2.2610967603878976e-10	2.2547784146328346e-10	4.547428645115584e-103	4.534721437277495e-103	6.862590825865959e-11	6.843414193369328e-11	0.000030409958534065102	0.0000402091654606707	4.854499220254221e-7	0	1.1647120809021117e-6	1.1679778060941465e-6	5.399704604660021e-7	5.420549916814481e-7	0.00004001848216140678	7.104451714417891e-7	0	4.552985303160431e-103	4.552985303160431e-103	4.552985303160431e-103	4.533061656303014e-13	4.533061656303014e-13	4.533061656303014e-13
0.9332543007969925	1.2842340846801668e-10	1.280645456754291e-10	4.243907340621541e-103	4.2320482842555234e-103	3.8977425478591636e-11	3.8868508047400547e-11	0.00001752630229746641	0.00002325227435876834	2.757207684307248e-7	0	6.615209836825605e-7	6.633758161144507e-7	3.0668677351601697e-7	3.078707237495301e-7	0.00002310458118970565	4.0904634616068014e-7	0	4.249093115639953e-103	4.249093115639953e-103	4.249093115639953e-103	4.230499286522708e-13	4.230499286522708e-13	4.230499286522708e-13