1.e-9	0	0	0	0	0	0	1.025614317158427e-6	0	0	0	0	0	0	0	3.304936090745813e-13	2.8912053500655486e-13	0	2.794837504038229e-13	2.794837504038229e-13	2.794837504038229e-13	0	0	0
1.0715193052376092e-9	0	0	0	0	0	0	1.613362653537999e-6	0	0	0	0	0	0	0	5.198616207180187e-13	4.916495292391024e-13	0	4.752621750358025e-13	4.752621750358025e-13	4.752621750358025e-13	0	0	0
1.148153621496884e-9	0	0	0	0	0	0	2.537931665231361e-6	0	0	0	0	0	0	0	8.17734737601418e-13	8.360501255835592e-13	0	8.081834263830474e-13	8.081834263830474e-13	8.081834263830474e-13	0	0	0
1.2302687708123811e-9	0	0	0	0	0	0	3.992343025456518e-6	0	0	0	0	0	0	0	1.286284800475428e-12	1.421703410496704e-12	0	1.3743160827622914e-12	1.3743160827622914e-12	1.3743160827622914e-12	0	0	0
1.31825673855641e-9	0	0	0	0	0	0	6.646146450169421e-6	0	0	0	0	0	0	0	2.141274217103532e-12	2.4176069432956685e-12	0	2.337024782685746e-12	2.337024782685746e-12	2.337024782685746e-12	0	0	0
1.4125375446227555e-9	0	0	0	0	0	0	0.000011063994840985792	0	0	0	0	0	0	0	3.564572380189337e-12	4.111141106589172e-12	0	3.974111125811232e-12	3.974111125811232e-12	3.974111125811232e-12	0	0	0
1.5135612484362133e-9	0	0	0	0	0	0	0.0000186974574211647	0	0	0	0	0	0	0	6.023875483350353e-12	6.990996302364188e-12	0	6.757976791693631e-12	6.757976791693631e-12	6.757976791693631e-12	0	0	0
1.6218100973589331e-9	0	0	0	0	0	0	0.000031597530461711594	0	0	0	0	0	0	0	1.0179923976457978e-11	1.1888190658631645e-11	0	1.1491940932514138e-11	1.1491940932514138e-11	1.1491940932514138e-11	0	0	0
1.7378008287493762e-9	0	0	0	0	0	0	0.00005363167021149458	0	0	0	0	0	0	0	1.727874208437179e-11	2.0215870675740883e-11	0	1.954204793445317e-11	1.954204793445317e-11	1.954204793445317e-11	0	0	0
1.8620871366628732e-9	0	0	0	0	0	0	0.00009103103969343264	0	0	0	0	0	0	0	2.9327815090630906e-11	3.437709226858231e-11	0	3.3231256557539093e-11	3.3231256557539093e-11	3.3231256557539093e-11	0	0	0
1.9952623149688828e-9	0	0	0	0	0	0	0.00015471173320545135	0	0	0	0	0	0	0	4.984404637237568e-11	5.845825251934005e-11	0	5.650975865550053e-11	5.650975865550053e-11	5.650975865550053e-11	0	0	0
2.1379620895022324e-9	0	0	0	0	0	0	0.00026294020668163884	0	0	0	0	0	0	0	8.471237803068724e-11	9.940827051094851e-11	0	9.609485629211198e-11	9.609485629211198e-11	9.609485629211198e-11	0	0	0
2.2908676527677795e-9	0	0	0	0	0	0	0.000447054590954978	0	0	0	0	0	0	0	1.4402914855538167e-10	1.6904378458377815e-10	0	1.6340932301868597e-10	1.6340932301868597e-10	1.6340932301868597e-10	0	0	0
2.4547089156850337e-9	0	0	0	0	0	0	0.000760088423965877	0	0	0	0	0	0	0	2.4488033644944003e-10	2.874589906808364e-10	0	2.7787758762292264e-10	2.7787758762292264e-10	2.7787758762292264e-10	0	0	0
2.6302679918953816e-9	0	0	0	0	0	0	0.001292464936308805	0	0	0	0	0	0	0	4.163979369468444e-10	4.888240731643981e-10	0	4.725308952808073e-10	4.725308952808073e-10	4.725308952808073e-10	0	0	0
2.818382931264461e-9	0	0	0	0	0	0	0.0021977253684141223	0	0	0	0	0	0	0	7.080488552390829e-10	8.312454376156013e-10	0	8.035388852514321e-10	8.035388852514321e-10	8.035388852514321e-10	0	0	0
3.019951720402019e-9	0	0	0	0	0	0	0.0037362109760594067	0	0	0	0	0	0	0	1.2040188278004427e-9	1.41353303875567e-9	0	1.366418040724387e-9	1.366418040724387e-9	1.366418040724387e-9	0	0	0
3.2359365692962944e-9	0	0	0	0	0	0	0.006351691006643272	0	0	0	0	0	0	0	2.0474029821128003e-9	2.4037132250438327e-9	0	2.3235941611375398e-9	2.3235941611375398e-9	2.3235941611375398e-9	0	0	0
3.4673685045253237e-9	0	0	0	0	0	0	0.010799858676910478	0	0	0	0	0	0	0	3.481593172453377e-9	4.087514836821657e-9	0	3.9512723520621605e-9	3.9512723520621605e-9	3.9512723520621605e-9	0	0	0
3.715352290971728e-9	0	0	0	0	0	0	0.018363133111992256	0	0	0	0	0	0	0	5.920422664406229e-9	6.950819826242745e-9	0	6.719139452703295e-9	6.719139452703295e-9	6.719139452703295e-9	0	0	0
3.9810717055349855e-9	0	0	0	0	0	0	0.0312256808953854	0	0	0	0	0	0	0	1.0067666011689793e-8	1.1819870553536194e-8	0	1.1425898030368166e-8	1.1425898030368166e-8	1.1425898030368166e-8	0	0	0
4.265795188015934e-9	0	0	0	0	0	0	0.0530978641517159	0	0	0	0	0	0	0	1.712004440701534e-8	2.0099692323325958e-8	0	1.942974196611552e-8	1.942974196611552e-8	1.942974196611552e-8	0	0	0
4.570881896148752e-9	0	0	0	0	0	0	0.049553828026345274	0	0	0	0	0	0	0	2.9112626904357216e-8	3.4179530957005374e-8	0	3.304028023587086e-8	3.304028023587086e-8	3.304028023587086e-8	0	0	0
4.8977881936844766e-9	0	0	0	0	0	0	0.04624633987250781	0	0	0	0	0	0	0	4.950600740994566e-8	5.812229946849137e-8	0	5.6185003381345874e-8	5.6185003381345874e-8	5.6185003381345874e-8	0	0	0
5.248074602497734e-9	0	0	0	0	0	0	0.023687494095987135	0	0	0	0	0	0	0	8.41849652639539e-8	9.883698227907982e-8	0	9.554260988181546e-8	9.554260988181546e-8	9.554260988181546e-8	0	0	0
5.623413251903491e-9	0	0	0	0	0	0	0.012132795332435452	0	0	0	0	0	0	0	1.4315653285887549e-7	1.6807230882755397e-7	0	1.6247022788398008e-7	1.6247022788398008e-7	1.6247022788398008e-7	0	0	0
6.025595860743593e-9	0	0	0	0	0	0	0.006216106570449928	0	0	0	0	0	0	0	2.4343770454405323e-7	2.858085028793723e-7	0	2.7628207647169115e-7	2.7628207647169115e-7	2.7628207647169115e-7	0	0	0
6.456542290346562e-9	0	0	0	0	0	0	0.003184755024416737	0	0	0	0	0	0	0	4.139658512971572e-7	4.860199808521402e-7	0	4.6982014350353806e-7	4.6982014350353806e-7	4.6982014350353806e-7	0	0	0
6.918309709189363e-9	0	0	0	0	0	0	0.0016362303399982154	0	0	0	0	0	0	0	7.03949007803007e-7	8.264844460917985e-7	0	7.989361958836319e-7	7.989361958836319e-7	7.989361958836319e-7	0	0	0
7.413102413009192e-9	0	0	0	0	0	0	0.0008406454201358202	0	0	0	0	0	0	0	1.1970654198506722e-6	1.405449501137946e-6	0	1.3586029758816502e-6	1.3586029758816502e-6	1.3586029758816502e-6	0	0	0
7.943282347242822e-9	0	0	0	0	0	0	0.0004440745006334204	0	0	0	0	0	0	0	2.0356099872874884e-6	2.389975735839057e-6	0	2.310312717525404e-6	2.310312717525404e-6	2.310312717525404e-6	0	0	0
8.511380382023759e-9	0	0	0	0	0	0	0.00023458423419585626	0	0	0	0	0	0	0	3.4615551929163682e-6	4.064168803841653e-6	0	3.928700987347738e-6	3.928700987347738e-6	3.928700987347738e-6	0	0	0
9.120108393559115e-9	0	0	0	0	0	0	0.0001513414794098343	0	0	0	0	0	0	0	5.8863753161000345e-6	6.9112200750910985e-6	0	6.6808512675710546e-6	6.6808512675710546e-6	6.6808512675710546e-6	0	0	0
9.772372209558111e-9	0	0	0	0	0	0	0.00009763760752495607	0	0	0	0	0	0	0	0.000010009782433311347	0.000011752701531785	0	0.000011360949536029251	0.000011360949536029251	0.000011360949536029251	0	0	0
1.0471285480509006e-8	0	0	0	0	0	0	0.00010169411153825344	0	0	0	0	0	0	0	0.000017021637094840437	0.000019986088980293004	0	0.00001931987913735042	0.00001931987913735042	0.00001931987913735042	0	0	0
1.1220184543019653e-8	0	0	0	0	0	0	0.0001059191492265048	0	0	0	0	0	0	0	0.00002894529739470119	0.000033987398697048356	0	0.00003285444836262177	0.00003285444836262177	0.00003285444836262177	0	0	0
1.202264434617413e-8	0	0	0	0	0	0	0.00010060214040437038	0	0	0	0	0	0	0	0.000049221484207540845	0.000029140804730507084	0	0.00002817225685955895	0.00002817225685955895	0.00002817225685955895	0	0	0
1.288249551693135e-8	0	0	0	0	0	0	0.00009555203877532695	0	0	0	0	0	0	0	0.00008370114407726672	0.000024985333767696863	0	0.00002415733929850191	0.00002415733929850191	0.00002415733929850191	0	0	0
1.3803842646028866e-8	0	0	0	0	0	0	0.00009440822984090531	0	0	0	0	0	0	0	0.00014233381282780395	0.00002278028942092621	0	0.000022032776371996373	0.000022032776371996373	0.000022032776371996373	0	0	0
1.4791083881682102e-8	0	0	0	0	0	0	0.00009327811291028913	0	0	0	0	0	0	0	0.00024203867817385055	0.000020769848060709206	0	0.000020095062153161527	0.000020095062153161527	0.000020095062153161527	0	0	0
1.5848931924611173e-8	0	0	0	0	0	0	0.00011021465406013358	0	0	0	0	0	0	0	0.0004115868223397976	0.000029660574707959815	0	0.000028702660881837707	0.000028702660881837707	0.000028702660881837707	0	0	0
1.698243652461746e-8	0	0	0	0	0	0	0.00013022636919421185	0	0	0	0	0	0	0	0.0006999034765926313	0.000042357059591142474	0	0.000040997272634368715	0.000040997272634368715	0.000040997272634368715	0	0	0
1.8197008586099862e-8	0	0	0	0	0	0	0.00014212406179555666	0	0	0	0	0	0	0	0.0011901860068420102	0.00003447331475832807	0	0.000033461046636648025	0.000033461046636648025	0.000033461046636648025	0	0	0
1.9498445997580494e-8	0	0	0	0	0	0	0.00015510874691701778	0	0	0	0	0	0	0	0.002023911551030892	0.00002805693884084614	0	0.0000273101494337289	0.0000273101494337289	0.0000273101494337289	0	0	0
2.0892961308540408e-8	0	0	0	0	0	0	0.00017106020024604916	0	0	0	0	0	0	0	0.003441662011530724	0.000020774435538094642	0	0.000020588606204940263	0.000020588606204940263	0.000020588606204940263	0	0	0
2.2387211385683424e-8	0	0	0	0	0	0	0.00018865210821329852	0	0	0	0	0	0	0	0.005852546963122066	0.00001538219028007983	0	0.000015521361627505135	0.000015521361627505135	0.000015521361627505135	0	0	0
2.3988329190194947e-8	0	0	0	0	0	0	0.00024512299578738643	0	0	0	0	0	0	0	0.00995225732242493	0.000018472168889468466	0	0.00001913323463965543	0.00001913323463965543	0.00001913323463965543	0	0	0
2.5703957827688646e-8	0	0	0	0	0	0	0.0003184978086534155	0	0	0	0	0	0	0	0.01692381563716983	0.00002218286325081618	0	0.000023585602639872983	0.000023585602639872983	0.000023585602639872983	0	0	0
2.754228703338169e-8	0	0	0	0	0	0	0.000443897559887205	0	0	0	0	0	0	0	0.00990761104340024	0.000028197973204323842	0	0.00003491248466468237	0.00003491248466468237	0.00003491248466468237	0	0	0
2.95120922666639e-8	0	0	0	0	0	0	0.0006186700137966645	0	0	0	0	0	0	0	0.005800155159556161	0.00003584414166203335	0	0.000051679052007815946	0.000051679052007815946	0.000051679052007815946	0	0	0
3.162277660168386e-8	0	0	0	0	0	0	0.000983274059519842	0	0	0	0	0	0	0	0.005625362413418665	0.00004900422069751132	0	0.00006512440370751278	0.00006512440370751278	0.00006512440370751304	0	0	0
3.3884415613920346e-8	0	0	0	0	0	0	0.0015627521207815097	0	0	0	0	0	0	0	0.005455837199487175	0.00006699598692619995	0	0.00008206783587318352	0.00008206783587318352	0.00008206783587318385	0	0	0
3.6307805477010175e-8	0	0	0	0	0	0	0.002534142508300575	0	0	0	0	0	0	0	0.008359330297842449	0.0000749757436205698	0	0.00009356819222559633	0.00009356819222559633	0.00009356819222559671	0	0	0
3.890451449942813e-8	0	0	0	0	0	0	0.004109339009672794	0	0	0	0	0	0	0	0.012808007364112141	0.00008390595301849374	0	0.0001066801202104922	0.0001066801202104922	0.00010668012021049263	0	0	0
4.1686938347033635e-8	0	0	0	0	0	0	0.006855330137271025	0	0	0	0	0	0	0	0.012508420342763038	0.00006136690703279866	0	0.00009421465547275558	0.00009421465547275558	0.00009421465547275634	0	0	0
4.4668359215096346e-8	0	0	0	0	0	0	0.01143627994194563	0	0	0	0	0	0	0	0.01221584084263166	0.00004488236106372731	0	0.00008320576775069136	0.00008320576775069136	0.00008320576775069273	0	0	0
4.78630092322639e-8	0	0	0	0	0	0	0.01180505124520262	0	0	0	0	0	0	0	0.009807071821766412	0.000039810554835514175	0	0.00009033783392982247	0.00009033783392982247	0.00009033783392982468	0	0	0
5.128613839913659e-8	0	0	0	0	0	0	0.012185713851820112	0	0	0	0	0	0	0	0.007873273641683037	0.000035311873946674884	0	0.00009808123234418874	0.00009808123234418874	0.00009808123234419214	0	0	0
5.495408738576248e-8	0	0	0	0	0	0	0.011860760927484365	0	0	0	0	0	0	0	0.011070430376064627	0.00003956092698353609	0	0.00011720015533792243	0.00011720015533792243	0.0001172001553379289	0	0	0
5.888436553555896e-8	0	0	0	0	0	0	0.01154447342926299	0	0	0	0	0	0	0	0.015565879491659133	0.00004432126559355364	0	0.00014004591992717696	0.00014004591992717696	0.00014004591992718753	0	0	0
6.309573444801943e-8	0	0	0	0	0	0	0.009681011779744734	0	0	0	0	0	0	0	0.01595305109420252	0.000039507635959346064	0	0.00011140687375047125	0.00011140687375047125	0.0001114068737504938	0	0	0
6.760829753919818e-8	0	0	0	0	0	0	0.008118342482558823	0	0	0	0	0	0	0	0.016349852852876424	0.00003521680345073986	0	0.00008862444207805213	0.00008862444207805213	0.0000886244420780815	0	0	0
7.244359600749906e-8	0	0	0	0	0	0	0.008804001681812378	0	0	0	0	0	0	0	0.012478833927139584	0.0000342884757859431	0	0.00009297450239544752	0.00009297450239544752	0.00009297450239550323	0	0	0
7.762471166286928e-8	0	0	0	0	0	0	0.009547570305130086	0	0	0	0	0	0	0	0.009524324015780659	0.000033384619173847865	0	0.00009753808196691363	0.00009753808196691363	0.00009753808196699842	0	0	0
8.317637711026726e-8	0	0	0	0	0	0	0.010566258074817387	0	0	0	0	0	0	0	0.010516724363176192	0.00003683634010545889	0	0.00010875778560946683	0.00010875778560946683	0.0001087577856096243	0	0	0
8.912509381337478e-8	0	0	0	0	0	0	0.011693635777015736	0	0	0	0	0	0	0	0.01161252926168502	0.00004064494326860463	0	0.00012126808003756806	0.00012126808003756806	0.00012126808003781358	0	0	0
9.549925860214369e-8	0	0	0	0	0	0	0.014761911174447757	0	0	0	0	0	0	0	0.014817286359698683	0.00004422828902519329	0	0.00012758051854310418	0.00012758051854310418	0.00012758051854357068	0	0	0
1.0232929922807557e-7	0	0	0	0	0	0	0.018635266710684408	0	0	0	0	0	0	0	0.01890647335457903	0.000048127550262987806	0	0.00013422154211301888	0.00013422154211301888	0.00013422154211372873	0	0	0
1.0964781961431874e-7	0	0	0	0	0	0	0.01887260007373812	0	0	0	0	0	0	0	0.020257662861612152	0.000050922218540996895	0	0.00011968376948576962	0.00011968376948576962	0.00011968376948723699	0	0	0
1.1748975549395303e-7	0	0	0	0	0	0	0.019112956045810026	0	0	0	0	0	0	0	0.021705417870295275	0.00005387916748239801	0	0.00010672060872509932	0.00010672060872509932	0.00010672060872715178	0	0	0
1.2589254117941688e-7	0	0	0	0	0	0	0.01634552946294496	0	0	0	0	0	0	0	0.02561724586735395	0.00006336889256675539	0	0.00011774085680050158	0.00011774085680050158	0.00011774085680432343	0	0	0
1.3489628825916562e-7	0	0	0	0	0	0	0.013978807505423813	0	0	0	0	0	0	0	0.030234077489314493	0.00007453004069613436	0	0.00012989908440107917	0.00012989908440107917	0.00012989908440701396	0	0	0
1.445439770745928e-7	0	0	0	0	0	0	0.01706968563395283	0	0	0	0	0	0	0	0.027609598108857703	0.00007324420456396849	0	0.00013900918035912347	0.00013900918035912347	0.0001390091803703176	0	0	0
1.5488166189124826e-7	0	0	0	0	0	0	0.02084399313238461	0	0	0	0	0	0	0	0.025212937553727312	0.00007198055243362769	0	0.00014875818650462313	0.00014875818650462313	0.00014875818652178486	0	0	0
1.659586907437563e-7	0	0	0	0	0	0	0.02117689896041055	0	0	0	0	0	0	0	0.02467656631815688	0.00008348994136017875	0	0.00015942602981000362	0.00015942602981000362	0.00015942602984235266	0	0	0
1.7782794100389227e-7	0	0	0	0	0	0	0.021515121729851337	0	0	0	0	0	0	0	0.024151605657087707	0.00009683963338227504	0	0.00017085889239575007	0.00017085889239575007	0.000170858892445376	0	0	0
1.9054607179632522e-7	0	0	0	0	0	0	0.024142990081968612	0	0	0	0	0	0	0	0.02513984675284092	0.00010817238756982288	0	0.00018801633748507046	0.00018801633748507046	0.00018801633757757903	0	0	0
2.0417379446695318e-7	0	0	0	0	0	0	0.027091827665065387	0	0	0	0	0	0	0	0.02616852493079912	0.00012083136856131188	0	0.0002068967126359492	0.0002068967126359492	0.00020689671277945233	0	0	0
2.1877616239495564e-7	0	0	0	0	0	0	0.02759427672106528	0	0	0	0	0	0	0	0.026312951888130286	0.00012674105291853719	0	0.00022584184036808622	0.00022584184036808622	0.0002258418406364857	0	0	0
2.3442288153199275e-7	0	0	0	0	0	0	0.028106044271815563	0	0	0	0	0	0	0	0.026458175953668967	0.00013293977123786876	0	0.0002465217364308265	0.0002465217364308265	0.00024652173684579264	0	0	0
2.5118864315095823e-7	0	0	0	0	0	0	0.027471704554433738	0	0	0	0	0	0	0	0.023297117193482576	0.000135554362973777	0	0.00024661050305495666	0.00024661050305495666	0.0002466105038622779	0	0	0
2.6915348039269196e-7	0	0	0	0	0	0	0.02685168157522954	0	0	0	0	0	0	0	0.02051372212798348	0.00013822037716875642	0	0.00024669930164184065	0.00024669930164184065	0.00024669930284179896	0	0	0
2.8840315031266115e-7	0	0	0	0	0	0	0.02927078899144558	0	0	0	0	0	0	0	0.022790914031461655	0.00014086274945231798	0	0.00024956078567554493	0.00024956078567554493	0.00024956078799755107	0	0	0
3.090295432513592e-7	0	0	0	0	0	0	0.03190783734647342	0	0	0	0	0	0	0	0.025320892968560913	0.00014355563622171603	0	0.0002524554602810111	0.0002524554602810111	0.0002524554637509331	0	0	0
3.3113112148259143e-7	0	0	0	0	0	0	0.03304024011360261	0	0	0	0	0	0	0	0.02786556914715285	0.00014348285438161426	0	0.00025402428390765904	0.00025402428390765904	0.0002540242906394055	0	0	0
3.5481338923357606e-7	0	0	0	0	0	0	0.034212831628501604	0	0	0	0	0	0	0	0.030665977888649464	0.00014341010944146496	0	0.00025560285661071244	0.00025560285661071244	0.0002556028666446885	0	0	0
3.8018939632056126e-7	0	0	0	0	0	0	0.03661016467067699	0	0	0	0	0	0	0	0.031042248825744675	0.00014781802091817	0	0.000257107784941471	0.000257107784941471	0.00025710780441070977	0	0	0
4.0738027780411303e-7	0	0	0	0	0	0	0.03917548163705676	0	0	0	0	0	0	0	0.03142313659973367	0.00015236141575558155	0	0.0002586215739293857	0.0002586215739293857	0.0002586216029446443	0	0	0
4.365158322401665e-7	0	0	0	0	0	0	0.03944322760600993	0	0	0	0	0	0	0	0.032256316387604324	0.00015220413827176564	0	0.0002575720202720068	0.0002575720202720068	0.00025757207684342867	0	0	0
4.677351412871981e-7	0	0	0	0	0	0	0.03971280349257717	0	0	0	0	0	0	0	0.033111587813485506	0.00015204702314012295	0	0.00025652672597653256	0.00025652672597653256	0.00025652680987998266	0	0	0
5.011872336272736e-7	0	0	0	0	0	0	0.04040885112675065	0	0	0	0	0	0	0	0.03564753860168193	0.0001533490898184747	0	0.0002650868829469134	0.0002650868829469134	0.00026508704369298847	0	0	0
5.370317963702533e-7	0.0001791024705668267	0.0000283259090101691	0	0	0	0	0.04111709841107287	0	0	0	0	0	0	0	0.038377712827194994	0.00015466230684755292	0	0.00027393268768782753	0.00027393268768782753	0.00027393293031151376	0	0	0
5.754399373371578e-7	0.0001955056468762364	0.000031201961230084374	0	0	0	0	0.04304799437304329	0	0	0	0	0	0	0	0.041820470679467946	0.00016937301657821998	0	0.0002999671888330767	0.0002999671888330767	0.000299967642025754	0	0	0
6.165950018614835e-7	0.00021341111509812663	0.00003437003148792798	0	0	0	0	0.045069566947908174	0	0	0	0	0	0	0	0.045572068761036665	0.00018548293588483997	0	0.00032847600312292934	0.00032847600312292934	0.0003284767047180733	0	0	0
6.606934480075964e-7	0.00022048906091250514	0.00003501656611165948	0	0	0	0	0.045906387725525924	0	0	0	0	0	0	0	0.04576392953927798	0.00019195885312372173	0	0.000337725925822942	0.000337725925822942	0.0003377272731168193	0	0	0
7.079457843841387e-7	0.0002278017523113779	0.00003567526269747211	0	0	0	0	0.04675874601684248	0	0	0	0	0	0	0	0.045956598061368197	0.00019866086935054966	0	0.00034723632742900194	0.00034723632742900194	0.0003472383562323497	0	0	0
7.585775750291852e-7	0.0002336310190571181	0.00003673831890424164	0	0	0	0	0.04914966437217269	0	0	0	0	0	0	0	0.04741039383844694	0.00020316409361673	0	0.0003566251972279313	0.00035662519722792985	0.00035662909517333673	0	0	0
8.128305161640995e-7	0.00023960945213036893	0.00003783305220077303	0	0	0	0	0.05166283772937542	0	0	0	0	0	0	0	0.04891017914152619	0.00020776939650995818	0	0.00036626793123730535	0.0003662679312373032	0.00036627379792988213	0	0	0
8.709635899560814e-7	0.0002519577292370267	0.00004002953441590619	0	0	0	0	0.05116675073575088	0	0	0	0	0	0	0	0.05278046128107441	0.00021840646947953214	0	0.00038597132121862015	0.0003859713212186162	0.0003859824616780496	0	0	0
9.332543007969924e-7	0.0002649423750100563	0.00004235353830430492	0	0	0	0	0.05067542736557507	0	0	0	0	0	0	0	0.05695700040235105	0.00022958812371689754	0	0.00040673465542012194	0.00040673465542011614	0.0004067516201406432	0	0	0
1.e-6	0.00028068678451101587	0.00004364289697304171	0	0	0	0	0.05229682838378888	0	0	0	0	0	0	0	0.0600525526176577	0.00024332837475403167	0	0.0004268325812337552	0.00042683258123374476	0.00042686485598414527	0	0	0
1.0715193052376091e-6	0.00029736681795859536	0.00004497150728032398	0	0	0	0	0.0539701074304382	0	0	0	0	0	0	0	0.06331634479381151	0.00025789094401698154	0	0.0004479236032014213	0.0004479236032014066	0.00044797266009994106	0	0	0
1.148153621496884e-6	0.00030781201098396913	0.00004739359663049112	0	0	0	0	0.05650583681418886	0	0	0	0	0	0	0	0.06164824778089246	0.00026562895674768814	0	0.00046649436946268166	0.00046649436946265304	0.00046658801822835306	0	0	0
1.2302687708123837e-6	0.00031862409786147385	0.000049946135618105585	0	0	0	0	0.059160704806582975	0	0	0	0	0	0	0	0.06002409751906201	0.0002735991483990177	0	0.00048583507362644175	0.000485835073626398	0.00048597693150669486	0	0	0
1.3182567385564101e-6	0.0003319357708803371	0.000051443708867925305	0	0	0	0	0.06092011643179392	0	0	0	0	0	0	0	0.06163009272797627	0.0002877351325226552	0	0.0005041677120956823	0.0005041677120955978	0.0005043724652208029	0	0	0
1.4125375446227554e-6	0.0003458035871405624	0.000052986185003840444	0	0	0	0	0.06273185213389054	0	0	0	0	0	0	0	0.06327905768933406	0.00030260147727903845	0	0.0005231921195447421	0.0005231921195446147	0.0005234643193540235	0	0	0
1.5135612484362104e-6	0.000362521115251482	0.00005491591511095956	0	0	0	0	0.0629549813260441	0	0	0	0	0	0	0	0.06439373203844768	0.00031928556212817836	0	0.0005463780305200768	0.0005463780305198343	0.0005465607370970656	0	0	0
1.6218100973589331e-6	0.00038004683551694414	0.00005691592501433223	0	0	0	0	0.06317890416025823	0	0	0	0	0	0	0	0.06552804161839347	0.00033688953239809105	0	0.000570591454043238	0.0005705914540428704	0.0005706762205010108	0	0	0
1.7378008287493763e-6	0.0003978603271763951	0.0000591501992773339	0	0	0	0	0.06539065463992752	0	0	0	0	0	0	0	0.06713881934298739	0.00035264029978725143	0	0.000595888431963642	0.0005958884319629413	0.0005959454218567695	0	0	0
1.8620871366628694e-6	0.0004165087698351645	0.00006147218153209869	0	0	0	0	0.06767983349936023	0	0	0	0	0	0	0	0.06878919240438668	0.00036912747080279493	0	0.0006223069427906006	0.0006223069427895391	0.0006223335283188253	0	0	0
1.995262314968883e-6	0.0004294780368512716	0.00006475314669560135	0	0	0	0	0.07203752733630576	0	0	0	0	0	0	0	0.07131945172125677	0.0003778553775673831	0	0.0006462930971780407	0.0006462930971760106	0.0006463111783062912	0	0	0
2.1379620895022326e-6	0.0004428511414312371	0.00006820922736884922	0	0	0	0	0.07667579951682493	0	0	0	0	0	0	0	0.07394278106827042	0.00038678965303253485	0	0.0006712037721882461	0.0006712037721851753	0.000671212653980085	0	0	0
2.2908676527677747e-6	0.0004552469772591751	0.00007080083350917402	0	0	0	0	0.08191916090379428	0	0	0	0	0	0	0	0.07728538549760121	0.00039619316102863957	0	0.0006922831643229842	0.0006922831643170972	0.0006922899392712334	0	0	0
2.4547089156850335e-6	0.00046798978463465427	0.00007349090759358284	0	0	0	0	0.08752108182072744	0	0	0	0	0	0	0	0.08077909330997433	0.00040582528414394195	0	0.0007140245622317979	0.0007140245622229195	0.0007140290892525202	0	0	0
2.6302679918953817e-6	0.00048244385418473205	0.00007551288422376481	0	0	0	0	0.08741665283493934	0	0	0	0	0	0	0	0.0841643605210698	0.000418820369411942	0	0.0007352487482867446	0.0007352487482697065	0.000735254239191293	0	0	0
2.8183829312644606e-6	0.0004973443440059749	0.000077590492082719	0	0	0	0	0.08731234845242257	0	0	0	0	0	0	0	0.08769149654525714	0.00043223157523161943	0	0.0007571038175038715	0.0007571038174781968	0.0007571103255956883	0	0	0
3.0199517204020193e-6	0.0005072313450582526	0.00007969732559677653	0	0	0	0	0.09168768879064536	0	0	0	0	0	0	0	0.08959235720878518	0.0004412338670147734	0	0.0007740485458223123	0.0007740485457728781	0.0007740600747929326	0	0	0
3.2359365692962877e-6	0.0005173148956259423	0.00008186136647396333	0	0	0	0	0.09628228337428221	0	0	0	0	0	0	0	0.09153442222398336	0.0004504236537936496	0	0.0007913725138317276	0.0007913725137574817	0.0007913892851969995	0	0	0
3.4673685045253236e-6	0.0005294219197385586	0.00008375406617602222	0	0	0	0	0.10006024025761633	0	0	0	0	0	0	0	0.09780082167017322	0.000461320388361428	0	0.0008098159743916035	0.00080981597424871	0.0008098479407570994	0	0	0
3.7153522909717276e-6	0.0005418122916420498	0.0000856905265959439	0	0	0	0	0.10398643789420277	0	0	0	0	0	0	0	0.10449621559805689	0.0004724807388011499	0	0.0008286892720149011	0.0008286892718002024	0.000828737132807212	0	0	0
3.981071705534978e-6	0.0005577947293310872	0.0000881623900305592	0	0	0	0	0.1072951332688894	0	0	0	0	0	0	0	0.10980566523396593	0.000485940931879033	0	0.0008529471173198558	0.00085294711690777	0.0008530366562055869	0	0	0
4.265795188015934e-6	0.0005742486186989128	0.0000907055578331375	0	0	0	0	0.11070910645964602	0	0	0	0	0	0	0	0.11538488784944977	0.0004997845835464706	0	0.0008779150515311209	0.0008779150509102756	0.0008780486695045695	0	0	0
4.570881896148752e-6	0.0005946055223715297	0.00009407984096511234	0	0	0	0	0.11349341963816825	0	0	0	0	0	0	0	0.11901555419347344	0.0005166128793411323	0	0.0009095687622010848	0.0009095687610130588	0.000909662480107544	0	0	0
4.897788193684467e-6	0.0006156840708398714	0.00009757964878296868	0	0	0	0	0.11634775776878323	0	0	0	0	0	0	0	0.12276046199794556	0.0005340078023361423	0	0.0009423637648416448	0.0009423637630463453	0.000942414534017012	0	0	0
5.248074602497734e-6	0.0006436330194763449	0.00010213118141384438	0	0	0	0	0.12059015372156445	0	0	0	0	0	0	0	0.12553442420571945	0.0005583579889840792	0	0.0009855506126487514	0.0009855506092279723	0.0009855881147314812	0	0	0
5.623413251903491e-6	0.0006728507092852535	0.00010689501701514858	0	0	0	0	0.12498724043732556	0	0	0	0	0	0	0	0.12837106837318138	0.0005838185181910539	0	0.0010307166365374364	0.0010307166313459622	0.0010307395491445475	0	0	0
6.0255958607435935e-6	0.0006965524786604336	0.00011055625367321915	0	0	0	0	0.1300757613321607	0	0	0	0	0	0	0	0.13239593772025354	0.0006047525541999491	0	0.0010666756974928126	0.0010666756875534656	0.0010666917267909727	0	0	0
6.4565422903465625e-6	0.0007210891641080244	0.0001143428905065339	0	0	0	0	0.13537144773290374	0	0	0	0	0	0	0	0.13654700040252474	0.000626437223924577	0	0.0011038892778951058	0.0011038892628829201	0.001103897915771881	0	0	0
6.9183097091893625e-6	0.000740251857583093	0.00011816811723122383	0	0	0	0	0.14017839646570873	0	0	0	0	0	0	0	0.14058167255009865	0.0006415378994127563	0	0.0011358639175370825	0.0011358638887192037	0.0011358701171963307	0	0	0
7.413102413009192e-6	0.0007599237929654046	0.00012212131307957812	0	0	0	0	0.14515603670331015	0	0	0	0	0	0	0	0.14473556064009946	0.0006570025864754298	0	0.001168764716714003	0.0011687646733032483	0.0011687683296670271	0	0	0
7.943282347242822e-6	0.0007886033864240725	0.00012598917984725153	0	0	0	0	0.15017303627299247	0	0	0	0	0	0	0	0.14937384390498157	0.0006824642229569635	0	0.0012103979862042535	0.0012103979031191378	0.0012104010544015478	0	0	0
8.511380382023777e-6	0.0008183653503632652	0.00012997955097518156	0	0	0	0	0.15536343741283246	0	0	0	0	0	0	0	0.15416076839908313	0.0007089126058313778	0	0.0012535142993761429	0.0012535141738452276	0.001253516779423488	0	0	0
9.120108393559115e-6	0.0008501211575135234	0.00013388430055253354	0	0	0	0	0.16154726223409968	0	0	0	0	0	0	0	0.15961631050811145	0.0007382945821531279	0	0.0012983530752579168	0.0012983528350164518	0.0012983561178062653	0	0	0
9.772372209558111e-6	0.0008831092153783474	0.00013790635372993126	0	0	0	0	0.16797721761257386	0	0	0	0	0	0	0	0.16526491690977624	0.0007688943398000645	0	0.0013447957545204253	0.0013447953915225461	0.0013447993966385079	0	0	0
0.000010471285480509006	0.0009123485939283764	0.00014234502729780417	0	0	0	0	0.17236050291860236	0	0	0	0	0	0	0	0.1703996245780215	0.0007950569188252955	0	0.0013888952117336486	0.0013888945161082084	0.0013889009743611482	0	0	0
0.000011220184543019652	0.0009425560761320656	0.00014692656464612797	0	0	0	0	0.17685816796223422	0	0	0	0	0	0	0	0.1756938653361153	0.0008221097118966161	0	0.0014344408083475622	0.0014344397586694895	0.0014344488266452428	0	0	0
0.000012022644346174132	0.0009776812241601139	0.00015318494895352408	0	0	0	0	0.18218141917179084	0	0	0	0	0	0	0	0.18192474553991614	0.0008516960779536136	0	0.0014905224199216573	0.0014905206118064696	0.001490536049605077	0	0	0
0.000012882495516931348	0.0010141153404874801	0.00015970991115466762	0	0	0	0	0.18766489483558882	0	0	0	0	0	0	0	0.1883766002668724	0.0008823472082918117	0	0.0015487966260862274	0.0015487940018342806	0.0015488162936897526	0	0	0
0.000013803842646028866	0.0010474179561784105	0.0001654020904839513	0	0	0	0	0.1939194944841804	0	0	0	0	0	0	0	0.19471712957480208	0.0009110448280521125	0	0.0016011565827914716	0.0016011534658277196	0.0016011913755122494	0	0	0
0.000014791083881682102	0.0010818141991596208	0.00017129714329354838	0	0	0	0	0.2003825508971457	0	0	0	0	0	0	0	0.20127107345676867	0.000940675814373967	0	0.0016552866654254421	0.001655283025435173	0.0016553375835858535	0	0	0
0.00001584893192461114	0.0011168198885093982	0.0001761447362868161	0	0	0	0	0.2067492003048357	0	0	0	0	0	0	0	0.20757662150682454	0.0009723344689255587	0	0.0017065231075614536	0.0017065178633526822	0.0017065639701987706	0	0	0
0.00001698243652461746	0.0011529583031347468	0.00018112951287448982	0	0	0	0	0.21331813391591128	0	0	0	0	0	0	0	0.2140797137718978	0.0010050586025643167	0	0.00175934548224776	0.0017593385379978772	0.0017593756181574355	0	0	0
0.000018197008586099864	0.0011943655075668535	0.0001875803570185475	0	0	0	0	0.22157875071052335	0	0	0	0	0	0	0	0.22103007755770857	0.0010411878394436295	0	0.00182234577276931	0.0018223340766438628	0.0018223681601700092	0	0	0
0.000019498445997580493	0.0012372598053086072	0.00019426094500451594	0	0	0	0	0.23015925493605857	0	0	0	0	0	0	0	0.22820609353589327	0.0010786158282108003	0	0.001887602036688851	0.0018875852572846099	0.0018876160820504567	0	0	0
0.00002089296130854041	0.001280254160877486	0.00020043624856947684	0	0	0	0	0.23814078512502224	0	0	0	0	0	0	0	0.2360854704837509	0.0011173569238812227	0	0.001951257269514898	0.0019512421191743442	0.0019512809076061887	0	0	0
0.000022387211385683423	0.0013247425556149094	0.00020680785702793393	0	0	0	0	0.24639910116027056	0	0	0	0	0	0	0	0.24423690231027054	0.0011574894996824788	0	0.0020170591352579527	0.002017045742938823	0.0020170929971376904	0	0	0
0.000023988329190194948	0.0013740979088791765	0.00021353426011697755	0	0	0	0	0.2541739795499829	0	0	0	0	0	0	0	0.2528777003285186	0.0012021414323099245	0	0.0020888968643305614	0.0020888845348897536	0.00208895231405215	0	0	0
0.000025703957827688645	0.0014252920729263595	0.00022047943873595844	0	0	0	0	0.2621941864887462	0	0	0	0	0	0	0	0.26182419904017634	0.0012485158817186618	0	0.0021632931001063812	0.002163281926241346	0.002163371632629777	0	0	0
0.00002754228703338169	0.001471957983323778	0.00022812156557828564	0	0	0	0	0.27024672507313585	0	0	0	0	0	0	0	0.26874473153686096	0.001288927428326366	0	0.00223542732986721	0.002235411215582609	0.0022354891975844495	0	0	0
0.0000295120922666639	0.001520151796131235	0.0002360285792645261	0	0	0	0	0.278546574166282	0	0	0	0	0	0	0	0.2758481874234143	0.0013306470024274692	0	0.002309966849555216	0.0023099454778115	0.0023100108539566948	0	0	0
0.000031622776601683856	0.0015671933917442607	0.00024421220095487497	0	0	0	0	0.2865099204566138	0	0	0	0	0	0	0	0.2838387719551292	0.0013706387117684514	0	0.00238407121088331	0.0023840332174848828	0.0023840974803150047	0	0	0
0.000033884415613920276	0.0016156907049530173	0.00025267956652140673	0	0	0	0	0.2947009302331297	0	0	0	0	0	0	0	0.2920608223585416	0.001411832345296001	0	0.0024605528601663726	0.0024604972007634114	0.0024605602116148685	0	0	0
0.000036307805477010174	0.00166642105508194	0.00026005113644589795	0	0	0	0	0.302924064694189	0	0	0	0	0	0	0	0.3005735397505832	0.001457324466103837	0	0.0025349736158488726	0.002534899713654091	0.0025349746913715487	0	0	0
0.00003890451449942813	0.001718744264794876	0.0002676377615246278	0	0	0	0	0.3113766519103197	0	0	0	0	0	0	0	0.3093343779169587	0.0015042824359287157	0	0.002611645267647437	0.0026115520701628387	0.00261163968089884	0	0	0
0.00004168693834703355	0.0017740191910726756	0.00027662835904626186	0	0	0	0	0.32083016126508523	0	0	0	0	0	0	0	0.31838985957400523	0.0015522501633251013	0	0.0026941434725298746	0.0026940516772463057	0.0026941423807039368	0	0	0
0.00004466835921509635	0.0018310717625403868	0.00028592097240951435	0	0	0	0	0.33057068263109796	0	0	0	0	0	0	0	0.3277104321937597	0.0016017474591167615	0	0.002779247679802109	0.002779157468310043	0.002779251372458447	0	0	0
0.0000478630092322639	0.001896086591722301	0.00029734683700546454	0	0	0	0	0.33915650262373975	0	0	0	0	0	0	0	0.33657976933958356	0.0016583822727064042	0	0.0028742363673479854	0.002874132090386591	0.0028742566934042337	0	0	0
0.00005128613839913659	0.0019634098656631837	0.00030922929763445186	0	0	0	0	0.34796531972053685	0	0	0	0	0	0	0	0.3456891511519107	0.001717019588058771	0	0.002972471563230351	0.00297235236476654	0.0029725096554584917	0	0	0
0.00005495408738576248	0.002025918541427443	0.0003190680110756983	0	0	0	0	0.35640230018302105	0	0	0	0	0	0	0	0.35409075597783835	0.0017725605072187029	0	0.003062868852678345	0.0030627208679210485	0.003062885673931804	0	0	0
0.00005888436553555896	0.002090417293035849	0.00032921976174504585	0	0	0	0	0.36504384884610036	0	0	0	0	0	0	0	0.36269655281678204	0.0018298980242291154	0	0.0031560152583973455	0.003155836846933136	0.0031560094798513665	0	0	0
0.00006309573444801943	0.0021535753783252106	0.00033743906945778255	0	0	0	0	0.3732722099248582	0	0	0	0	0	0	0	0.3719038832649357	0.0018872592761238743	0	0.0032511896143600297	0.003251005173718254	0.0032511583169611774	0	0	0
0.00006760829753919819	0.0022186416681394473	0.00034586358058515945	0	0	0	0	0.3816860444097756	0	0	0	0	0	0	0	0.38134494886530873	0.0019464186135815396	0	0.003349234095240164	0.003349043424033144	0.0033491757453287824	0	0	0
0.00007244359600749906	0.002285981160907786	0.000355892707288548	0	0	0	0	0.39077655378478776	0	0	0	0	0	0	0	0.39007688709683563	0.0020071085132415513	0	0.003449439697788316	0.0034492785288447753	0.0034493989488552997	0	0	0
0.00007762471166286927	0.002355364520133448	0.0003662126520718945	0	0	0	0	0.40008356926975147	0	0	0	0	0	0	0	0.39900876699667864	0.0020696907416611946	0	0.0035526433477994306	0.003552513617521821	0.003552621305394081	0	0	0
0.00008317637711026725	0.002425046023832268	0.000374170453313098	0	0	0	0	0.40905620093140527	0	0	0	0	0	0	0	0.4080832981582749	0.0021355258306814994	0	0.0036587842895012333	0.0036586572514036536	0.0036587809783057714	0	0	0
0.00008912509381337459	0.002496788996962355	0.00038230117758204714	0	0	0	0	0.4182300608491532	0	0	0	0	0	0	0	0.41736420853409995	0.0022034550774709233	0	0.0037680963627809783	0.0037679722935407803	0.0037681129218266733	0	0	0
0.00009549925860214369	0.0025710340164992913	0.0003920655941748875	0	0	0	0	0.42790249512080786	0	0	0	0	0	0	0	0.4262676866638119	0.0022725949449207993	0	0.003876628339922153	0.0038765058390446755	0.0038766867418956745	0	0	0
0.00010232929922807557	0.0026474868008624654	0.0004020794053210001	0	0	0	0	0.4377986244194284	0	0	0	0	0	0	0	0.435361099438578	0.002343904278551248	0	0.003988286349130476	0.003988165609897901	0.0039883889911410085	0	0	0
0.00010964781961431851	0.0027238468193878764	0.0004132972282611641	0.0027220814581693773	0.00041148248603062375	0	0	0.44631028942710965	0	0	0	0	0	0	0	0.4431723806992113	0.0024139678685235733	0	0.004099797184390868	0.004099655107581531	0.004099877068147768	0	0	0
0.00011748975549395303	0.002802409248300104	0.00042482802309158515	0.002800068342682019	0.0004224212739639126	0	0	0.45498743791774765	0	0	0	0	0	0	0	0.4511238125498055	0.002486125787468593	0	0.004214425816442139	0.004214261303343813	0.004214481589248175	0	0	0
0.00012589254117941688	0.0028839000854320074	0.00043589499503123946	0.0028814454389979004	0.00043337154709267704	0	0	0.4619328831563784	0	0	0	0	0	0	0	0.45882557018978176	0.002562219939410514	0	0.004326523057504686	0.004326332142338585	0.004326573879175779	0	0	0
0.0001348962882591656	0.0029677605823630465	0.00044725026685050383	0.002965187560375432	0.0004446056801711753	0	0	0.46898435156299606	0	0	0	0	0	0	0	0.4666588151711355	0.0026406431448496174	0	0.004441601912671047	0.00444138330743296	0.004441647480373839	0	0	0
0.0001445439770745928	0.0030445371418921646	0.0004582348915875059	0.0030417809936101005	0.0004554013729333229	0	0	0.4759971315499523	0	0	0	0	0	0	0	0.47405869241505155	0.002716315398721366	0	0.004559335672615973	0.004559107377936372	0.0045593806031499285	0	0	0
0.00015488166189124827	0.003123299926364128	0.0004694893025930809	0.0031203529033813075	0.00046645920130779277	0	0	0.4831147744880517	0	0	0	0	0	0	0	0.48157591059723803	0.0027941561735525494	0	0.00468019020711549	0.0046799518629179965	0.004680234434685494	0	0	0
0.00016595869074375631	0.0032063191088619047	0.0004823237681873946	0.003201262731263832	0.00047711388728353103	0	0	0.4896542899525872	0	0	0	0	0	0	0	0.4878618635384174	0.0028725569353327957	0	0.004795993345132256	0.004795753532381686	0.004796025455649524	0	0	0
0.00017782794100389227	0.003291544990948278	0.0004955090905662634	0.0032842705270527575	0.00048801194359674507	0	0	0.4962823252984609	0	0	0	0	0	0	0	0.4942298662738425	0.0029531575310041713	0	0.0049146618296800355	0.0049144206216281665	0.004914681196473833	0	0	0
0.00019054607179632481	0.003375368797058078	0.0005075096113862496	0.0033669786182254913	0.0004988603118654118	0	0	0.5017962262830248	0	0	0	0	0	0	0	0.4994135541713084	0.0030286081070035414	0	0.005031429486345867	0.005031173344448403	0.005031437827580775	0	0	0
0.00020417379446695317	0.0034613272938648293	0.0005198007676409708	0.0034517695549766045	0.0005099498363099418	0	0	0.5073713889779468	0	0	0	0	0	0	0	0.5046516107381986	0.003105986378819642	0	0.005150971430666848	0.005150699781473329	0.005150968211523876	0	0	0
0.00021877616239495564	0.0035456631440747093	0.0005310143144946848	0.003535252972110259	0.0005202840033522709	0	0	0.5116945417797261	0	0	0	0	0	0	0	0.5086998077576537	0.003187445896958993	0	0.005269954023200952	0.005269670528247639	0.00526994086596156	0	0	0
0.00023442288153199226	0.0036320538521546495	0.0005424697687115064	0.0036207554930181808	0.0005308275929708131	0	0	0.5160545308134141	0	0	0	0	0	0	0	0.5127804784654121	0.0032710418227596206	0	0.005391685001649593	0.005391389258633623	0.005391661448928948	0	0	0
0.0002511886431509582	0.003713155374564544	0.0005501372760804237	0.003703998065783153	0.0005407190755156038	0	0	0.5193600385090645	0	0	0	0	0	0	0	0.5158612104808296	0.00335408774408403	0	0.005508003452206124	0.005507705091794773	0.005508001169485198	0	0	0
0.00026915348039269194	0.0037960678439496057	0.0005579131593859242	0.0037891544175740503	0.0005507948767134372	0	0	0.5226867191243845	0	0	0	0	0	0	0	0.518960451215181	0.0034392420533234554	0	0.005626831319009287	0.005626530365917232	0.005626851235082088	0	0	0
0.00028840315031266115	0.0038759374869733712	0.0005670220192784384	0.0038695555581839333	0.0005604542798542168	0	0	0.5246422662929148	0	0	0	0	0	0	0	0.5211412015770955	0.003521494208171972	0	0.005738421485613723	0.005738121739046797	0.005738448088952829	0	0	0
0.0003090295432513592	0.003957487595188747	0.0005762795964527482	0.003951662710927131	0.0005702830819363832	0	0	0.5266051298224483	0	0	0	0	0	0	0	0.5233311157820931	0.0036057134874253223	0	0.005852224685553772	0.005851926311741121	0.005852258233574214	0	0	0
0.0003311311214825914	0.00403549930673092	0.0005869583680739124	0.004028276413573008	0.0005795175273310683	0	0	0.527109095802593	0	0	0	0	0	0	0	0.5234297097994571	0.003686248017274936	0	0.005960154084668433	0.005959836483710854	0.005960172666825021	0	0	0
0.000354813389233576	0.00411504881895885	0.0005978350230906349	0.004106375480700246	0.0005889015036945807	0	0	0.5276135440828428	0	0	0	0	0	0	0	0.5235283223916398	0.003768581306377259	0	0.00607007396702992	0.0060697365312521925	0.006070077019939083	0	0	0
0.00038018939632056124	0.004189468348256939	0.0006063963277613595	0.004180542749922723	0.0005972024293058623	0	0	0.5267369720685566	0	0	0	0	0	0	0	0.52283692970517	0.003848337201443857	0	0.006171660226140707	0.006171317727340222	0.006171650773560322	0	0	0
0.00040738027780411304	0.004265233734332105	0.0006150802347133737	0.00425604959070894	0.0006056203615227864	0	0	0.5258618563824965	0	0	0	0	0	0	0	0.5221464500998594	0.00392978100033441	0	0.006274946591065077	0.006274598954285547	0.006274924213592611	0	0	0
0.00043651583224016654	0.004333753727278647	0.000621790184217731	0.0043250629979089085	0.0006128425647567168	0	0	0.5232682104556282	0	0	0	0	0	0	0	0.5196707355739606	0.004007358383355677	0	0.006368465249523443	0.006368122070653125	0.006368441461639057	0	0	0
0.00046773514128719906	0.004403374478056025	0.0006285733329891273	0.0043951954828526495	0.0006201508949158081	0	0	0.5206873568602679	0	0	0	0	0	0	0	0.5172067594452356	0.004086467213130833	0	0.0064633776631880056	0.0064630391523336885	0.00646335242782209	0	0	0
0.0005011872336272725	0.004465165523086872	0.000634765525765069	0.0044568882958681165	0.0006262406042353748	0	0	0.5167140820942491	0	0	0	0	0	0	0	0.5134609218734193	0.004159878123504936	0	0.006545757909386366	0.006545425079491232	0.006545741626377066	0	0	0
0.0005370317963702533	0.0045278236606770775	0.0006410187189833806	0.004519447055163465	0.0006323901128068664	0	0	0.5127711266977293	0	0	0	0	0	0	0	0.5097422132956814	0.004234607816455987	0	0.006629188149151145	0.006628861200038226	0.006629181050819347	0	0	0
0.0005754399373371578	0.0045826314341772	0.000646547213275616	0.0045734742148521084	0.0006371106691605874	0	0	0.5077572287213746	0	0	0	0	0	0	0	0.5047162732203836	0.004303258525858407	0	0.006699960154741788	0.006699627537335699	0.006699947904868035	0	0	0
0.0006165950018614823	0.004638102637232254	0.0006521233883113829	0.00462814723540567	0.0006418664627070433	0	0	0.5027923568535672	0	0	0	0	0	0	0	0.49973988774931855	0.004373022188361969	0	0.006771487709377449	0.006771149339914965	0.006771470198780791	0	0	0
0.0006606934480075965	0.004682685893038559	0.0006548596080969539	0.004673491331681658	0.0006453930676936128	0	0	0.49644895431329555	0	0	0	0	0	0	0	0.49308999275685717	0.004435146905216175	0	0.006829474950497779	0.006829135726244091	0.006829464449478675	0	0	0
0.0007079457843841388	0.004727697700529406	0.0006576073086833182	0.00471927968501397	0.0006489390488954122	0	0	0.4901855823368126	0	0	0	0	0	0	0	0.4865285860049675	0.004498154188011721	0	0.006887958761984475	0.006887618693113779	0.0068879553918868115	0	0	0
0.0007585775750291852	0.004762387583510448	0.0006598298831342468	0.004753860997057915	0.0006510496248313203	0	0	0.48239209854284165	0	0	0	0	0	0	0	0.4784589040828891	0.0045550637318920095	0	0.006929872946647932	0.006929538651100051	0.006929874699689659	0	0	0
0.0008128305161640995	0.004797332006451	0.0006620599694195555	0.0047886957094558326	0.0006531670650956869	0	0	0.47472252371689383	0	0	0	0	0	0	0	0.4705230678755271	0.00461269328136777	0	0.006972042184940013	0.006971713745579194	0.006972049123599784	0	0	0
0.0008709635899560814	0.00481933319881146	0.0006624590499688754	0.004810595565947518	0.0006534611543648826	0	0	0.4654308249138965	0	0	0	0	0	0	0	0.4615507981867515	0.004659265699210725	0	0.006995518665256716	0.0069951956484544005	0.00699552268528724	0	0	0
0.0009332543007969925	0.00484143529151916	0.0006628583710784047	0.0048325955757467925	0.0006537553760481312	0	0	0.45632099164778084	0	0	0	0	0	0	0	0.45274961814025766	0.004706308339106489	0	0.007019074196318301	0.007018756642322547	0.007019075277986741	0	0	0
0.001	0.004850369472874904	0.0006618278425897109	0.0048410951790383554	0.0006522735311103615	0	0	0.4463228141814646	0	0	0	0	0	0	0	0.44287832501186286	0.004745248822447248	0	0.007022784452976873	0.007022474047382715	0.007022792075844928	4.3429448190325176e-11	4.3429448190325176e-11	4.3429448190325176e-11
0.001071519305237607	0.004859320140993701	0.0006607989162365748	0.0048496097314923246	0.0006507950450198004	0	0	0.43654370082676586	0	0	0	0	0	0	0	0.4332222555393748	0.004784511503386114	0	0.007026496670863392	0.0070261934213244216	0.007026510841852161	4.053071930486105e-11	4.053071930486105e-11	4.053071930486105e-11
0.001148153621496884	0.004852853145644482	0.00065706223398826	0.004843595814607868	0.0006475278167770401	0	0	0.4254686537803768	0	0	0	0	0	0	0	0.42247059308089857	0.00481289021171631	0	0.007009431900066064	0.007009128573350974	0.007009444357715655	3.782546810565719e-11	3.782546810565719e-11	3.782546810565719e-11
0.0012302687708123836	0.004846394756854951	0.0006533466819111391	0.004837589355477397	0.0006442769912104713	0	0	0.4146745789868167	0	0	0	0	0	0	0	0.4119857642029755	0.004841437244667716	0	0.006992408573307783	0.006992105171580173	0.006992419325857147	3.5300780789263967e-11	3.5300780789263967e-11	3.5300780789263967e-11
0.0013182567385564075	0.004824806436428678	0.000648154990561861	0.0048160348177646375	0.0006391204635423435	0	0	0.4031716114154839	0.4037719601364656	0	0	0	0	0	0	0.4004974382283493	0.004858482983818623	0	0.006953310246893533	0.00695300498844025	0.006953313365005604	3.294460549307244e-11	3.294460549307244e-11	3.294460549307244e-11
0.0014125375446227555	0.0048033142814206675	0.0006430045539702981	0.004794576319227981	0.0006340052065977637	0	0	0.39198773324497815	0.39251853997543223	0	0	0	0	0	0	0.3893294670940284	0.004875588737632235	0	0.0069144305403028294	0.006914123455375536	0.006914426109026139	3.0745694764470014e-11	3.0745694764470014e-11	3.0745694764470014e-11
0.0015135612484362103	0.004764599020570482	0.0006349021087392921	0.0047565583563044765	0.0006266246316064442	0	0	0.37999398180462823	0.3803807577346854	0	0	0	0	0	0	0.37724439658939896	0.004879993148094916	0	0.006851880458904188	0.006851578618327722	0.006851873245788678	2.8693551869933156e-11	2.8693551869933156e-11	2.8693551869933156e-11
0.0016218100973589332	0.004726195809137612	0.0006269017617256572	0.004718841851822474	0.0006193299752899811	0	0	0.36836720632146464	0.3686183100137627	0	0	0	0	0	0	0.36553445548402097	0.004884401537324584	0	0.006789896224925694	0.0067895995589474034	0.006789886280665901	2.677838068775665e-11	2.677838068775665e-11	2.677838068775665e-11
0.0017378008287493763	0.0046726459443454296	0.0006174444053313355	0.004665347672110805	0.0006099293468230877	0	0	0.35595482919545685	0.3560766367973812	0	0	0	0	0	0	0.3530463490759384	0.004876956514215633	0	0.006705440393426553	0.006705149049442117	0.006705436042555173	2.4991038945228014e-11	2.4991038945228014e-11	2.4991038945228014e-11
0.0018620871366628695	0.004619702822933134	0.0006081297213546548	0.004612459918160556	0.0006006714077448859	0.00462047536160296	0.0006089254547903559	0.34396069534212403	0.34396167479635	0	0	0	0	0	0	0.3409848859003054	0.004869522839143622	0	0.006622035062146842	0.00662174895366061	0.006622036167060564	2.332299457701913e-11	2.332299457701913e-11	2.332299457701913e-11
0.001995262314968883	0.0045503794494788485	0.0005970026193595246	0.004543048319694325	0.0005894522245478176	0.004550936506305443	0.0005975752945223069	0.3312560874234909	0.3311490324931096	0	0	0	0	0	0	0.32840888869428175	0.004848951329281005	0	0.0065153270901218835	0.0065150449301114135	0.006515330533501746	2.1766284996467988e-11	2.1766284996467988e-11	2.1766284996467988e-11
0.0021379620895022326	0.004482096344260702	0.0005860791127396287	0.004474681276646926	0.0005784425903154356	0.004482444221331899	0.0005864366973234273	0.31902073969810674	0.3188136637200905	0	0	0	0	0	0	0.3162967117696424	0.004828466724651611	0	0.006410338618399602	0.006410060353904797	0.006410344324595099	2.03134790853268e-11	2.03134790853268e-11	2.03134790853268e-11
0.0022908676527677745	0.004397803843130226	0.0005731518658271679	0.004390405849416233	0.0005655314402820227	0.004397803799842794	0.0005731486797059265	0.30634112200967484	0.3059270698098175	0	0	0	0	0	0	0.30364765903454766	0.004794057939932061	0	0.006283189849245814	0.006282923817827317	0.00628319640897729	1.8957641720530956e-11	1.8957641720530956e-11	1.8957641720530956e-11
0.0024547089156850338	0.00431509658809914	0.0005605097574038685	0.004307717652022888	0.0005529084740683632	0.004314761613735126	0.0005601617541125251	0.2941654612266057	0.2935613579115339	0	0	0	0	0	0	0.2915044558044953	0.004759894360271052	0	0.0061585630700304195	0.0061583088958865806	0.0061585704471933695	1.7692300668653967e-11	1.7692300668653967e-11	1.7692300668653967e-11
0.002630267991895387	0.004217241043629136	0.0005462461211030897	0.004209702455730395	0.000538478241930112	0.004216905574097036	0.00054589754228399	0.2814075746679998	0.28089857068213864	0	0	0	0	0	0	0.2787577414566834	0.004711961298800675	0	0.00601227213141748	0.0060120280295435855	0.006012278368478264	1.6511415690014786e-11	1.6511415690014786e-11	1.6511415690014786e-11
0.002818382931264455	0.004121604616944341	0.0005323454603220662	0.00411391743780156	0.000524424621128692	0.004121268846984393	0.0005319965607859726	0.2692029946354685	0.2687819935587254	0	0	0	0	0	0	0.26656840701655243	0.004664510932576886	0	0.005869456198008993	0.005869221833312123	0.00586946134496929	1.5409349704953243e-11	1.5409349704953243e-11	1.5409349704953243e-11
0.003019951720402019	0.004010973057888607	0.0005160456137181423	0.004003887226757292	0.0005087463416570639	0.004011257303415265	0.000516339517059505	0.256656618032015	0.2564331504170573	0	0	0	0	0	0	0.254250417769516	0.004593392248387811	0	0.005706657942348801	0.005706431422580409	0.005706659908719676	1.4380841884632447e-11	1.4380841884632447e-11	1.4380841884632447e-11
0.0032359365692962876	0.003903311056322398	0.0005002448509218476	0.0038967998670282216	0.0004935367824500594	0.00390418236509268	0.0005011432714590445	0.24469497328152198	0.24465165899757296	0	0	0	0	0	0	0.24250163648222367	0.004523357893791676	0	0.005548375142831719	0.0055481562131102675	0.0055483741010920375	1.3420982537914734e-11	1.3420982537914734e-11	1.3420982537914734e-11
0.0034673685045253167	0.003781738507416186	0.00048309040650071426	0.0037753942786416953	0.00047655405755824134	0.0037821024524779326	0.00048346388107362747	0.23268346631069467	0.23252845033655306	0	0	0	0	0	0	0.23050382003245615	0.004445948368206672	0	0.005370112467281241	0.0053699003371891285	0.005370107203545485	1.2525189674430257e-11	1.2525189674430257e-11	1.2525189674430257e-11
0.003715352290971728	0.0036639524578266506	0.00046652422393346157	0.0036577711059281345	0.000460155712503969	0.0036638398577214038	0.0004664081862702932	0.22126157627304466	0.22100598229115276	0	0	0	0	0	0	0.21909959792559852	0.004369863574113622	0	0.005197577158874536	0.005197371617476261	0.005197567945516714	1.1689187131960094e-11	1.1689187131960094e-11	1.1689187131960094e-11
0.003981071705534978	0.003533291804238001	0.0004480221769440774	0.0035275583251484807	0.00044211649703705875	0.0035335299538895863	0.0004482693247728056	0.20966216409120508	0.2095209801807135	0	0	0	0	0	0	0.2076870878989369	0.004286260254714917	0	0.00500726414045183	0.005007068770698437	0.005007259488845384	1.0908984163722596e-11	1.0908984163722596e-11	1.0908984163722596e-11
0.004265795188015935	0.003407290656085824	0.0004302539090924856	0.0034019809815756244	0.0004247844623913773	0.0034078547152440438	0.0004308358932101055	0.19867083924757636	0.1986328183553622	0	0	0	0	0	0	0.19686903530780592	0.004204256416603428	0	0.0048239195698027825	0.00482373390238303	0.0048239191582399935	1.0180856388120374e-11	1.0180856388120374e-11	1.0180856388120374e-11
0.004570881896148752	0.003269881307298789	0.00041141447415686647	0.0032647250663266703	0.00040610261967867365	0.0032702492378783965	0.0004117932162177051	0.18772656365722343	0.18766379797554042	0	0	0	0	0	0	0.18600297186302583	0.004098672199880904	0	0.004624136032666264	0.004623958906776612	0.004624137126625054	9.501328010009871e-12	9.501328010009871e-12	9.501328010009871e-12
0.004897788193684466	0.0031380134080210126	0.00039339995748739846	0.0031330068617153838	0.00038824239658260374	0.003138200120446851	0.0003935922136371899	0.17738518061341219	0.1773005154042496	0	0	0	0	0	0	0.17573665400343308	0.003995739588035967	0	0.004432626568331583	0.004432457594934095	0.004432629043815411	8.867155228624627e-12	8.867155228624627e-12	8.867155228624627e-12
0.005248074602497733	0.0029962101362327534	0.00037439057263777227	0.0029911665618989744	0.00036919361971477963	0.002996329557567542	0.00037451319220529984	0.16711877919544074	0.16701120612615994	0.16712035038627962	0	0	0	0	0	0.16557924943745478	0.003875590991037853	0	0.004227069814788373	0.004226907654093506	0.004227073530779946	8.275310752948455e-12	8.275310752948455e-12	8.275310752948455e-12
0.005623413251903491	0.002860814793689943	0.0003562997357073406	0.0028557477834963434	0.00035107945458270147	0.002860872625380734	0.0003563590088321583	0.15744655930780066	0.15731901798547268	0.15740308997203112	0	0	0	0	0	0.1560089327963154	0.0037590551633512968	0	0.0040310454633719585	0.0040308898468999245	0.004031050299494574	7.722969350620741e-12	7.722969350620741e-12	7.722969350620741e-12
0.0060255958607435805	0.0027164616487366008	0.0003369173335146669	0.0027117102029200445	0.00033202241722403994	0.0027167475951782143	0.0003372130944303865	0.14784644478862977	0.14775977044031335	0.14776406852708146	0	0	0	0	0	0.14648226232006403	0.003625332202940337	0	0.0038232041742399902	0.0038230572973139264	0.0038232093189947214	7.207494361390151e-12	7.207494361390151e-12	7.207494361390151e-12
0.006456542290346563	0.0025793923833632563	0.00031858931749495105	0.0025749375582523604	0.00031399981998469817	0.002579883295197163	0.00031909582257502056	0.138831685701717	0.13878137583207012	0.13871531970278173	0	0	0	0	0	0.13753733706016874	0.0034963662437874085	0	0.0036260792121404397	0.0036259405872343434	0.0036260846208445476	6.726425110737415e-12	6.726425110737415e-12	6.726425110737415e-12
0.006918309709189377	0.002435259240918284	0.00029944174919266386	0.0024312005138225753	0.0002952612559002891	0.0024358207192796415	0.00030002152247706533	0.12997063000584985	0.12998217615486388	0.1298379967213128	0	0	0	0	0	0.12882130184353074	0.003350326545804478	0	0.003419453040091758	0.003419321698088472	0.0034194583848507886	6.277465163584565e-12	6.277465163584565e-12	6.277465163584565e-12
0.007413102413009177	0.002299180073853353	0.0002814449708000122	0.0022954870961697602	0.0002776409529154016	0.00229980270329188	0.00028208740942791235	0.12167513906307512	0.12174087493121578	0.12152879313347828	0	0	0	0	0	0.12065762042057183	0.0032103867789786025	0	0.0032246011213005795	0.0032244766823210534	0.0032246063918395396	5.858471362018591e-12	5.858471362018591e-12	5.858471362018591e-12
0.00794328234724282	0.0021575370538369225	0.00026312686200108306	0.0021540087874230354	0.00025949213637456805	0.002157785949062105	0.0002633820695808495	0.11367514338448459	0.11368539136968807	0.11340092992333707	0	0	0	0	0	0.11266776262021816	0.0030545583768303475	0	0.0030224911998971626	0.003022372963273739	0.003022496921495828	5.467443594699854e-12	5.467443594699854e-12	5.467443594699854e-12
0.008511380382023776	0.0020246200772250644	0.00024600100442275847	0.0020212502453346506	0.00024252967054451448	0.002024538972541128	0.00024591708902349643	0.10620113790693496	0.1061629318680474	0.10581665937678962	0	0	0	0	0	0.1052069872553323	0.0029062937022289004	0	0.002833049022128722	0.0028329366992205034	0.002833055117539551	5.1025152491185955e-12	5.1025152491185955e-12	5.1025152491185955e-12
0.009120108393559097	0.0018886867374548835	0.00022860806963188025	0.0018855368798401085	0.0002253634798030209	0.0018887679303936317	0.00022869243639718853	0.0989094714983858	0.09886401398517199	0.09843929146303312	0	0	0	0	0	0.09796008834030838	0.0027455116049355075	0	0.0026397425715267014	0.0026396362089501006	0.0026397463716491287	4.761944301122167e-12	4.761944301122167e-12	4.761944301122167e-12
0.009772372209558112	0.001761879985467231	0.00021244486226162565	0.0017589357544634619	0.00020941230784216405	0.0017621020604042538	0.00021267424184695378	0.09211844378412389	0.09206691157897494	0.09157626181751759	0	0	0	0	0	0.09121237246677863	0.0025936243013067115	0	0.0024596259328737375	0.0024595252401924945	0.0024596277225578684	4.444104999177981e-12	4.444104999177981e-12	4.444104999177981e-12
0.010471285480509006	0.0016337744991394116	0.0001962682480491038	0.0016310214842461836	0.00019343268272505886	0.0016339835737927333	0.00019648445586737022	0.08552084663330252	0.08546364677394021	0.08493771646411244	0	0	0	0	0	0.08471753813744294	0.0024323692076673544	0	0.0022782984536000497	0.0022782033942932507	0.002278298156257572	4.147480103676257e-12	4.147480103676257e-12	4.147480103676257e-12
0.011220184543019653	0.0015149835040156757	0.00018132340213916637	0.001512409464258169	0.00017867241487264562	0.0015151802948416928	0.00018152711424864812	0.0793957747051883	0.07933398432329758	0.07878041246664991	0	0	0	0	0	0.07868517257001652	0.0022811399320354616	0	0.002110338720332086	0.0021102490110502282	0.0021103366339556	3.870653644225815e-12	3.870653644225815e-12	3.870653644225815e-12
0.012022644346174132	0.0013966840956336865	0.0001665842875857341	0.0013942691454363464	0.0001640969667339649	0.0013968161949357777	0.00016672098334672987	0.07353646939830204	0.07347273047960756	0.07284786999103154	0	0	0	0	0	0.07290553236016216	0.0021245168292154575	0	0.001943547889981579	0.0019434633911369602	0.0019435454249428932	3.6123041603692933e-12	3.6123041603692933e-12	3.6123041603692933e-12
0.01288249551693135	0.0012876222465956965	0.00015304326161467033	0.0012853572368176844	0.00015071053083645614	0.0012876985590937289	0.00015312250405758617	0.06810957323165999	0.0680445104349029	0.06736207638512626	0	0	0	0	0	0.06755042246350793	0.0019786474710441074	0	0.0017899393894727127	0.0017898598378253965	0.001789936618659825	3.371198393451505e-12	3.371198393451505e-12	3.371198393451505e-12
0.013803842646028866	0.0011803577417373052	0.00013999556020699862	0.0011781389649246413	0.00013770946637915323	0.0011804474354169038	0.00014008845684802067	0.06290185050377418	0.06283576438280154	0.06208348170939899	0	0	0	0	0	0.062398581499948744	0.0018306397007734308	0	0.0016392183400425874	0.0016391450000403079	0.0016392161081706747	3.146185399528522e-12	3.146185399528522e-12	3.146185399528522e-12
0.014791083881682071	0.0010820288342817531	0.00012806024042415418	0.001079864321696416	0.00012582994051696297	0.0010821291504457767	0.0001281638898399893	0.05809231520716626	0.05802574315452335	0.05721852573434539	0	0	0	0	0	0.057639653923839546	0.001693703281201191	0	0.0015011886894804516	0.0015011210790792922	0.001501186925433187	2.936191055214697e-12	2.936191055214697e-12	2.936191055214697e-12
0.01584893192461114	0.0009867009738617862	0.00011653049117819975	0.000984639598114719	0.00011440616763325572	0.000986760995854859	0.00011659248020473666	0.05350771501642568	0.05344335824702376	0.0525761746792348	0	0	0	0	0	0.05309927940964758	0.0015578276768512538	0	0.0013677159741333756	0.0013676526794314128	0.0013677141373425114	2.74021293024077e-12	2.74021293024077e-12	2.74021293024077e-12
0.01698243652461746	0.0008997715966285265	0.00010603880899532658	0.0008978119923922036	0.00010401952936442914	0.0008997976466481506	0.00010606580728209459	0.04928492789569241	0.049222851538732404	0.048310474770624286	0	0	0	0	0	0.04891655799233858	0.0014328525531595146	0	0.001246110498305861	0.0012460512863513792	0.0012461086156520928	2.557315502246722e-12	2.557315502246722e-12	2.557315502246722e-12
0.018197008586099864	0.0008165122273062005	0.00009605364979628718	0.0008146429975547306	0.0000941272161365904	0.000816554834006273	0.00009609776634413272	0.045263168649201324	0.045233890914321055	0.044225073749947594	0	0	0	0	0	0.04495730970348397	0.00131058934063703	0	0.0011298207714445785	0.0011297653882324306	0.0011298189779062192	2.386625690966569e-12	2.386625690966569e-12	2.386625690966569e-12
0.019498445997580455	0.0007409571716184995	0.00008700874450216085	0.0007391783793137957	0.00008517566722094967	0.0007410130482367653	0.00008706651967274006	0.041569593862490185	0.041568190856205604	0.040485156841753696	0	0	0	0	0	0.04131851828355418	0.0011987586692042492	0	0.0010243834534120967	0.0010243317000100188	0.0010243817487523483	2.2273286904871447e-12	2.2273286904871447e-12	2.2273286904871447e-12
0.02089296130854041	0.0006690720581527561	0.00007842622425205105	0.0006674029569605883	0.00007670601816231004	0.0006691457782554915	0.00007850243835017071	0.038078802140557144	0.03810603645027851	0.03690944385388502	0	0	0	0	0	0.03788225394657927	0.0010910884587715802	0	0.0009242501882904435	0.000924201987750998	0.0009242488154771265	2.078664079685656e-12	2.078664079685656e-12	2.078664079685656e-12
0.022387211385683423	0.0006041609908747238	0.00007069028159899781	0.0006025970448070221	0.0000690785692004472	0.0006042485670428876	0.00007078074155353927	0.034881148400347624	0.03493223986997692	0.033649543483998526	0	0	0	0	0	0.03473176734520789	0.000993088980665971	0	0.0008339049285788014	0.0008338600808259105	0.0008339038390241657	1.939922192278857e-12	1.939922192278857e-12	1.939922192278857e-12
0.02398832919019495	0.0005429406510858867	0.00006340055647168714	0.0005415140997123642	0.00006193043708299728	0.0005430653920870112	0.0000635294432177133	0.031892251758054074	0.031941151447910925	0.030549055230881424	0	0	0	0	0	0.03176315135011311	0.0008995977696780941	0	0.0007488886627443767	0.0007488468476560179	0.0007488878160463684	1.8104407291557699e-12	1.8104407291557699e-12	1.8104407291557699e-12
0.025703957827688646	0.0004879238399267868	0.000056862562575738624	0.0004866228978623701	0.000055521981443504855	0.00048807731812409544	0.000057021021071103116	0.0291594677596386	0.029206176289177616	0.027734247745240154	0	0	0	0	0	0.029048270813935344	0.0008149079920986524	0	0.0006725397703823087	0.0006725008357384515	0.0006725391283472067	1.6896015968226649e-12	1.6896015968226649e-12	1.6896015968226649e-12
0.02754228703338169	0.00043640458076888203	0.00005082545925534846	0.0004351737911633705	0.00004955701769415372	0.00043655372128828843	0.000050979434965133885	0.026592342465818087	0.0266343078300231	0.025097151499380244	0	0	0	0	0	0.026489855142234845	0.0007349138856461501	0	0.0006011180757979482	0.0006010822871420801	0.0006011176417975347	1.576827956868215e-12	1.576827956868215e-12	1.576827956868215e-12
0.0295120922666639	0.0003903251748154808	0.000045429315730826014	0.00038916423651124906	0.00004423289549270869	0.00039046918283999673	0.00004557797704330086	0.024251220346283717	0.02428891569237338	0.022710802152221474	0	0	0	0	0	0.024156770981354	0.0006627722694492093	0	0.0005372811497015563	0.0005372482779433608	0.0005372808867912912	1.4715814723641931e-12	1.4715814723641931e-12	1.4715814723641931e-12
0.03162277660168379	0.00034749796646971415	0.000040410758750357344	0.0003464126865311028	0.000039292204513446565	0.0003476178330128758	0.00004053449787281132	0.022060786651253408	0.02209766444246123	0.020443773579298587	0	0	0	0	0	0.021984424550014037	0.0005950707445973046	0	0.0004779866401322921	0.00047795635846281106	0.00047798629476979366	1.3733597380570538e-12	1.3733597380570538e-12	1.3733597380570538e-12
0.03388441561392028	0.000309369839538715	0.0000359465996022363	0.00030835759849229374	0.000034903374927851983	0.000309469128779065	0.000036049110214786035	0.02006819866063764	0.020104099334699425	0.01840304342225727	0	0	0	0	0	0.02000743076002654	0.0005342848628381335	0	0.00042523589050512097	0.0004252080275985807	0.00042523548409140714	1.2816938820831736e-12	1.2816938820831736e-12	1.2816938820831736e-12
0.03630780547701017	0.0002740839228591168	0.00003185057217957166	0.000273119693233074	0.000030856716405787155	0.00027414921569617794	0.000031917992815259345	0.018203891488362316	0.018248927569878705	0.016475563099124544	0	0	0	0	0	0.018175056824825273	0.0004776409441245297	0	0.00037644840569318015	0.0003764227457019881	0.0003764478949463518	1.1961463277593128e-12	1.1961463277593128e-12	1.1961463277593128e-12
0.038904514499428125	0.00024282262576679316	0.000028221277099684052	0.00024190863853025053	0.000027279222978159443	0.0002428603872811035	0.00002826028879173527	0.016512775806333414	0.016564947869904565	0.01474996136263746	0	0	0	0	0	0.016510500251017204	0.00042700231163631013	0	0.00033325832864342965	0.0003332347328484362	0.000333257742853551	1.1163087047639054e-12	1.1163087047639054e-12	1.1163087047639054e-12
0.04168693834703355	0.0002140442254448982	0.00002490062839185382	0.00021317013852178735	0.000023999615273168845	0.00021404387574117852	0.00002490031614075437	0.0149419635143555	0.014995192650025259	0.013148390367507775	0	0	0	0	0	0.014948087687983804	0.00038007894338823873	0	0.0002935382442850384	0.00029351675299548905	0.0002935376124662639	1.0417998997380346e-12	1.0417998997380346e-12	1.0417998997380346e-12
0.04466835921509635	0.0001886765300458736	0.00002197070288913808	0.00018784574306020672	0.00002111429397095606	0.0001886465769704784	0.00002193982334995946	0.013520578022908715	0.013574193192596284	0.011720720143327737	0	0	0	0	0	0.013533528489779467	0.00033831199333215817	0	0.00025855228047469046	0.0002585327272238421	0.00025855162192063114	9.722642370003944e-13	9.722642370003944e-13	9.722642370003944e-13
0.0478630092322639	0.00016539589874680976	0.000019258140557541196	0.00016463078433209203	0.000018469372703605885	0.00016538098053441662	0.000019242769970926335	0.012208072123811834	0.01225822522813453	0.010411925608078729	0	0	0	0	0	0.012228516139834203	0.00029972347674961353	0	0.00022648080008306495	0.0002264631149828697	0.00022648027871296722	9.073697806917224e-13	9.073697806917224e-13	9.073697806917224e-13
0.05128613839913648	0.00014498784409281825	0.00001688047849927318	0.00014428485153966455	0.00001615577241341487	0.00014498470717974065	0.00001687726424445757	0.011022977325944925	0.011069835504155946	0.009249277650390759	0	0	0	0	0	0.01104934364272527	0.0002655364405797946	0	0.00019838754743177193	0.00019837156788022735	0.00019838713934523016	8.468067502437737e-13	8.468067502437737e-13	8.468067502437737e-13
0.05495408738576248	0.00012638795598257538	0.000014722071118134198	0.0001257352465751394	0.000014049145445691737	0.0001263650461305193	0.000014698431929440477	0.009922509271401227	0.009966704476310161	0.008189943384271718	0	0	0	0	0	0.009954414849306203	0.00023451707991526546	0	0.0001727838607872596	0.00017276941802224515	0.00017278366235963532	7.902860416089248e-13	7.902860416089248e-13	7.902860416089248e-13
0.05888436553555896	0.00011017417023752177	0.000012839646578545328	0.00010957042310824325	0.000012217211452564693	0.00011013661505535375	0.000012800883961708625	0.00893190535821077	0.008973502639746332	0.007251936331994788	0	0	0	0	0	0.008967987438541433	0.00020712133013418114	0	0.00015048455880941009	0.00015047152231900332	0.0001504845227212874	7.375378471913585e-13	7.375378471913585e-13	7.375378471913585e-13
0.06309573444801943	0.00009542062075943418	0.000011089116513989622	0.00009490441802067711	0.000010556994653196772	0.0000954569527367417	0.000011126619226148877	0.00801387874301764	0.008059972689632116	0.006416130584266012	0	0	0	0	0	0.008056578754227488	0.00018217062051966264	0	0.00013025935657038265	0.00013024747182867238	0.00013025930225296452	6.883103678918888e-13	6.883103678918888e-13	6.883103678918888e-13
0.06760829753919818	0.00008264273601050367	9.577249989599762e-6	0.00008220145824339574	9.122387423705396e-6	0.00008273388301615177	9.671336430674261e-6	0.007190207456548234	0.0072394428759484	0.005676653763868631	0	0	0	0	0	0.007237795733757936	0.0001602255786935118	0	0.00011275243193303068	0.0001127416248358007	0.00011275236493825188	6.423686111182653e-13	6.423686111182653e-13	6.423686111182653e-13
0.07244359600749906	0.00007115521593374668	8.25516339748639e-6	0.00007074268383095759	7.82987742870777e-6	0.00007122061796940448	8.322677038425758e-6	0.0064256666936903396	0.006481162901778447	0.0050364954524201085	0	0	0	0	0	0.006484264134669712	0.0001403285542703162	0	0.00009696542830474623	0.00009695581944803996	0.00009696542833586479	5.994932690231107e-13	5.994932690231107e-13	5.994932690231107e-13
0.07762471166286927	0.00006126448613626017	7.115583574951343e-6	0.00006088124739574065	6.720497354593309e-6	0.00006130954137561265	7.162087016872621e-6	0.005742420188557786	0.005802307343144312	0.004468528026793258	0	0	0	0	0	0.005809183198146624	0.000122902368674013	0	0.00008338883805102641	0.00008338030375677039	0.00008338888765221749	5.594796716146653e-13	5.594796716146653e-13	5.594796716146653e-13
0.08317637711026708	0.00005235931670201214	6.064703125667662e-6	0.00005202780016068213	5.722944531791206e-6	0.00005241733233503158	6.124611452620425e-6	0.005117393308612001	0.0051766128417399405	0.003982231908596862	0	0.003649476767253444	0.003641771619168965	0	0	0.00518427062546185	0.00010741176190652507	0	0.00007119505454286602	0.0000711873104865964	0.00007119507386597272	5.221368097428755e-13	5.221368097428755e-13	5.221368097428755e-13
0.08912509381337459	0.00004474856835335479	5.1690242430656035e-6	0.000044461835217739656	4.8734628385164674e-6	0.000044814830897007	5.237421069752446e-6	0.004560396734326029	0.004618390396870136	0.0035488578965515005	0	0.0032152892348904787	0.003210275812851302	0	0	0.004626581913719179	0.00009387359023539696	0	0.000060784343682304776	0.00006077734124233826	0.00006078434052173732	4.872864232969584e-13	4.872864232969584e-13	4.872864232969584e-13
0.09549925860214369	0.000037956945104694653	4.38163875954197e-6	0.000037696525128678165	4.1131375825423635e-6	0.00003801991431483854	4.446628513261518e-6	0.004044510705992864	0.004103427448181599	0.0031736813617665813	0	0.002815530052735203	0.0028135085241686735	0.002737618252433001	0.0028126111705291286	0.004115173385316072	0.00008171374208153424	0	0.00005147277616000024	0.00005146669907274942	0.000051472899535473864	4.547621502618692e-13	4.547621502618692e-13	4.547621502618692e-13
0.10232929922807536	0.00003219610670679252	3.714193881925837e-6	0.00003196062420316154	3.471433215662421e-6	0.00003225525692219475	3.775236871662301e-6	0.0035869832832227206	0.0036458842530725276	0.0028381675681666578	0	0.0024654732121246145	0.002465778854228457	0.00239145330565474	0.002464472680359019	0.003660294426215078	0.00007112901113320554	0	0.00004358764979786717	0.00004358237888168353	0.000043587861015642865	4.244087325715776e-13	4.244087325715776e-13	4.244087325715776e-13
0.10964781961431873	0.0000270793323950813	3.1208981492712475e-6	0.000026867584891584376	2.902549271171455e-6	0.00002712361880931398	3.166588265940314e-6	0.0031668046662855216	0.0032254070664868876	0.0025270316503049374	0	0.0021430504060213043	0.0021461033259691314	0.0020722438484802688	0.002142118539641119	0.0032414501968051333	0.00006167013506852132	0	0.00003658946446519944	0.00003658491887646352	0.00003658968524535539	3.9608127496822377e-13	3.9608127496822377e-13	3.9608127496822377e-13
0.11748975549395303	0.000022775742720737188	2.6223739437841455e-6	0.00002258613953588223	2.4268916462419706e-6	0.00002280839675491014	2.6560667812019487e-6	0.0027958457016832266	0.0028534232088625435	0.002250004204567798	0	0.0018627925138924553	0.0018678720834342426	0.0017956422387217274	0.0018619284662574444	0.002870533939323799	0.000053469118982229565	0	0.00003071486799721	0.00003071095069938794	0.00003071508982452066	3.6964455332925104e-13	3.6964455332925104e-13	3.6964455332925104e-13
0.12589254117941662	0.000018997780915023735	2.1958225401062626e-6	0.000018817144119741494	2.0095427838965258e-6	0.000019007952326972482	2.2063240576010748e-6	0.002455930041108074	0.0025125669500902005	0.0019704072725087885	0	0.0016059805760528154	0.0016132616740174703	0.0015416026861888121	0.0016032642240362616	0.002528526411530932	0.000046518647383577326	0.001495891413308567	0.000025548259341394344	0.000025544837168721737	0.000025548305665002353	3.4497236916070673e-13	3.4497236916070673e-13	3.4497236916070673e-13
0.1348962882591656	0.00001584649440945011	1.8386533465478739e-6	0.000015677088696835022	1.6639647701469416e-6	0.00001584075617181091	1.8327347345334303e-6	0.0021573409302186332	0.002212427746111333	0.001725554473042098	0	0.0013845737469008398	0.0013933573138844185	0.001323503530278024	0.0013805343323641756	0.0022272671039435697	0.00004047167029471326	0.001247758839975791	0.000021250736139723155	0.000021247753362109555	0.00002125065972723621	3.2194694717535594e-13	3.2194694717535594e-13	3.2194694717535594e-13
0.1445439770745928	0.000013067861498638918	1.5075765787413308e-6	0.000012927634184129704	1.3629728422241311e-6	0.000013074468223977443	1.5144286043262973e-6	0.0018836658307807119	0.0019393049845609792	0.0014638929783726802	0	0.0011846234320362927	0.001194392472851498	0.0011241171930391164	0.0011756865307620574	0.0019521407488083604	0.000035031442910158945	0.0010176324958591219	0.000017493221235344474	0.000017490705960198533	0.0000174931226452766	3.004583730798631e-13	3.004583730798631e-13	3.004583730798631e-13
0.15488166189124797	0.000010776453121756103	1.2361150866402498e-6	0.000010660380178394879	1.1164268630978731e-6	0.000010791260056384895	1.2514053203589012e-6	0.0016447084984806731	0.0016998990496993167	0.001241909592312565	0	0.0010135485226919789	0.0010238388710411233	0.0009547684874106017	0.0010012346569086958	0.0017109997702613288	0.000030322494313461317	0.000829948755681472	0.000014400102997688104	0.000014397983154852975	0.000014399992461904011	2.8040406888724945e-13	2.8040406888724945e-13	2.8040406888724945e-13
0.1659586907437563	8.784033484013103e-6	1.0035939935114914e-6	8.687514852307314e-6	9.040584591062067e-7	8.806909004027902e-6	1.0271997860390918e-6	0.001428035223193275	0.0014803541715308895	0.00101662667654219	0	0.0008607655583193919	0.0008711358988745243	0.0008039812297387013	0.000845351852818186	0.0014923058634547881	0.00002595785316188365	0.0006612322883495709	0.000011715966158525794	0.000011714190563020235	0.000011715897992475315	2.6168830325000065e-13	2.6168830325000065e-13	2.6168830325000065e-13
0.1778279410038923	7.159985143209211e-6	8.148115937569526e-7	7.079758230576051e-6	7.320870936530367e-7	7.187450381138528e-6	8.43163588385699e-7	0.0012399064032103599	0.0012891638909713803	0.0008322101752452758	0.0004869926140562585	0.0007310131974945108	0.0007412081879019134	0.0006770079095563822	0.0007137385328525577	0.0013015646342029725	0.000022221461526494152	0.0005268134160849567	9.532144530477348e-6	9.530658500631861e-6	9.532106779446145e-6	2.4422173447633067e-13	2.4422173447633067e-13	2.4422173447633067e-13
0.1905460717963252	5.76467742486279e-6	6.607577079870445e-7	5.690977810757396e-6	5.847618177110354e-7	5.78677250861184e-6	6.835659798428111e-7	0.0010685308474618687	0.001116629394752478	0.0006618464792182844	0.00038239523961787876	0.000614576075627443	0.0006242201962259298	0.0005641682378545962	0.0005961889669241562	0.0011287008175373536	0.0000188754380595745	0.00041098395710670885	7.649914256327904e-6	7.648687927551274e-6	7.64989924594996e-6	2.279209840481358e-13	2.279209840481358e-13	2.279209840481358e-13
0.20417379446695316	4.641281392076781e-6	5.358303097421681e-7	4.574623509410181e-6	4.6708429422849496e-7	4.659056312138561e-6	5.5417768892639e-7	0.0009208422256884505	0.0009671859520404271	0.0005263583348095235	0.00030026352569183847	0.0005166852719324106	0.0005256969090955403	0.00047013601482518043	0.0004979992923480318	0.0009787954451371738	0.000016033246126320246	0.0003206216999072259	6.1393517421036215e-6	6.138340494436012e-6	6.139351963552677e-6	2.1270823860480546e-13	2.1270823860480546e-13	2.1270823860480546e-13
0.21877616239495518	3.6755764169038324e-6	4.2560741050109637e-7	3.6188138208047932e-6	3.6705718844996817e-7	3.6841153600964858e-6	4.344064715860417e-7	0.0007886472630744526	0.0008329901071971496	0.00040871487913584725	0.00023176487887207023	0.00043045813589105133	0.00043829296848122584	0.0003874692072849299	0.00041108921603476615	0.0008432506613065185	0.00001359191369606712	0.0002450163256063366	4.8484921706820475e-6	4.847677516135155e-6	4.84846397246925e-6	1.9851087849288757e-13	1.9851087849288757e-13	1.9851087849288757e-13
0.23442288153199276	2.9108043351050337e-6	3.380578973977941e-7	2.8627084704804677e-6	2.884511024189649e-7	2.9131877953775245e-6	3.4052071443261787e-7	0.0006754300445875174	0.0007174137684945504	0.000317365265028962	0.0001788927208352052	0.00035862103454544695	0.00036542106848334204	0.000319338195457833	0.000339346553572958	0.0007264762840148083	0.000011522315348110642	0.00018723935351537438	3.829048622177481e-6	3.828392595970048e-6	3.829003945675199e-6	1.8526113110847574e-13	1.8526113110847574e-13	1.8526113110847574e-13
0.25118864315095824	2.26336690888288e-6	2.6490855563205515e-7	2.2221054246679287e-6	2.2235156675899871e-7	2.25752228162397e-6	2.5883260899964836e-7	0.0005755116254548883	0.0006128810381609937	0.0002398435883314231	0.00013506785217439946	0.0002951061820003211	0.00030074052825385095	0.0002601769913794224	0.00027673195867779503	0.000621534036101463	9.621428334578626e-6	0.00013895993329118332	2.9670367914749634e-6	2.9665132778216953e-6	2.966997640915846e-6	1.7289574737750045e-13	1.7289574737750045e-13	1.7289574737750045e-13
0.2691534803926914	1.7599361463233499e-6	2.0758734934828254e-7	1.7248534278832465e-6	1.7139896095238833e-7	1.7494261304112909e-6	1.9674080501443864e-7	0.0004903744417173491	0.0005235795344791336	0.00018125785396975826	0.000101979133672024	0.00024284035309080678	0.000247508622613883	0.00021197610497610052	0.00022567070785701814	0.0005317510929574965	8.03413900771357e-6	0.00010312929786261303	2.299084757236601e-6	2.298667340636891e-6	2.2990509088252946e-6	1.6135569982956262e-13	1.6135569982956262e-13	1.6135569982956262e-13
0.28840315031266117	1.3361710976747141e-6	1.59531110098239e-7	1.3066261537751366e-6	1.2906515978123177e-7	1.3250284898409033e-6	1.480411937549808e-7	0.0004132585898865173	0.0004434915183261088	0.00013273022132348077	0.00007491963571547674	0.00019630344442296107	0.00020000526195171185	0.00016987180686148308	0.00018089726219246952	0.00045044014688253416	6.632631143837122e-6	0.00007416476683866127	1.7390602254382138e-6	1.7387196739944938e-6	1.739029504692662e-6	1.5058590082404723e-13	1.5058590082404723e-13	1.5058590082404723e-13
0.30902954325135923	1.0144420330197936e-6	1.2259983649811672e-7	9.89806947147047e-7	9.718737719759252e-8	1.0035865295308734e-6	1.1139628633110334e-7	0.0003482699088412795	0.00037565396253095505	0.00009719474917495081	0.00005504019904495074	0.00015868467411554708	0.00016161903527206505	0.0001361305830656661	0.00014500694298998193	0.0003815625931205724	5.475608008270979e-6	0.0000533351118860583	1.3154497493760842e-6	1.3151733838520296e-6	1.3154226409613901e-6	1.4053493958343146e-13	1.4053493958343146e-13	1.4053493958343146e-13
0.3311311214825908	7.45304028316632e-7	8.940875092174742e-8	7.275987643033074e-7	7.114770662741583e-8	7.384626016015217e-7	8.235033305366814e-8	0.0002889712133351398	0.00031376732065552856	0.0000682973327888061	0.000039296271476088264	0.00012551758409563426	0.00012770930456957897	0.00010701785115436279	0.00011392279970482813	0.0003186256392832095	4.464971155217338e-6	0.00003703220081437844	9.660030780967958e-7	9.657904374760682e-7	9.659759431561952e-7	1.3115483677848287e-13	1.3115483677848287e-13	1.3115483677848287e-13
0.354813389233576	5.475700695991874e-7	6.520338827295042e-8	5.348517338068779e-7	5.2084913743985104e-8	5.43378172103397e-7	6.08779482458962e-8	0.0002397690986689242	0.0002620761161363649	0.000047991539724730154	0.000028055802462873916	0.00009928283247903677	0.00010091426697474102	0.00008413113503063912	0.0000895019509064669	0.00026606983975641503	3.640868262813753e-6	0.00002571259061171859	7.093862364070279e-7	7.092229667758705e-7	7.093610020840994e-7	1.224008154938462e-13	1.224008154938462e-13	1.224008154938462e-13
0.38018939632056126	3.885868292201859e-7	4.670272418202714e-8	3.7896315411126043e-7	3.6778364585744774e-8	3.869419187738914e-7	4.497425462024389e-8	0.00019465032305156864	0.00021450373215120647	0.00003201829345493104	0.000019482242951104144	0.00007648982925110231	0.00007757928966931365	0.00006420374073563309	0.00006820649218237787	0.0002178843082859139	2.9872181551999945e-6	0.00001709299816327895	5.022158425926434e-7	5.020912644089868e-7	5.021920750514577e-7	1.1423108748069114e-13	1.1423108748069114e-13	1.1423108748069114e-13
0.40738027780411384	2.757632898999098e-7	3.3451397293832094e-8	2.685100619414036e-7	2.5970055518391735e-8	2.7554299416342235e-7	3.3225225831799096e-8	0.00015802181546503921	0.00017556674673419988	0.00002136149666475026	0.000013528673468103615	0.00005892956347813749	0.00005964019128337543	0.00004899637123577514	0.00005197792370678432	0.00017842522790517058	2.4509187541600496e-6	0.0000113629385160705	3.555478519410063e-7	3.554532912855842e-7	3.555268467022154e-7	1.0660665367607204e-13	1.0660665367607204e-13	1.0660665367607204e-13
0.43651583224016655	1.8769960461957674e-7	2.3527791227032627e-8	1.8182803890019963e-7	1.7485177831929074e-8	1.8670921091206544e-7	2.2520999487407927e-8	0.00012419083028569948	0.00013944163628056084	0.000013320151699673334	9.026432832019185e-6	0.00004369452142726721	0.00004409581485098031	0.00003609693332806057	0.00003821548975051711	0.0001418287486275198	1.9770775179902973e-6	7.164156230287526e-6	2.404346669056939e-7	2.403661088852671e-7	2.4041565146208276e-7	9.949111803676972e-14	9.949111803676972e-14	9.949111803676972e-14
0.4677351412871981	1.2775863526698155e-7	1.6548096785329225e-8	1.2312922462290264e-7	1.1772460155030014e-8	1.2651502733809607e-7	1.526537157277659e-8	0.00009760274099916092	0.00011074973074506829	8.305899351850734e-6	6.022503970034467e-6	0.000032398190145532305	0.000032602861351216776	0.000026593573418332302	0.000028096998739510256	0.0001127385077402796	1.5948449965989452e-6	4.5168892201061326e-6	1.6259085446434902e-7	1.6254137383756815e-7	1.625747422566656e-7	9.285051379891658e-14	9.285051379891658e-14	9.285051379891658e-14
0.5011872336272735	8.25594630071246e-8	1.1376209837999383e-8	7.87851242139243e-8	7.507391333066513e-9	8.149464186287136e-8	1.0290960680998923e-8	0.00007329044535947257	0.00008412703576179373	4.8414147193306915e-6	3.8121239148101625e-6	0.000022932858801158856	0.000023000264413811538	0.000018634620521863044	0.000019633280416256553	0.00008557173344926181	1.2573208615262565e-6	2.6768867213017366e-6	1.0395278759679603e-7	1.0391867262266514e-7	1.0393793010062995e-7	8.665314133404903e-14	8.665314133404903e-14	8.665314133404903e-14
0.5370317963702532	5.3351109439930805e-8	7.82072717830201e-9	5.0411231098169886e-8	4.787523073817511e-9	5.249476518397735e-8	6.937523350347494e-9	0.00005503420627332682	0.00006390406638872464	2.822005840864152e-6	2.412997785335579e-6	0.00001623288246755419	0.000016225942790923518	0.000013057631501093025	0.000013719105854581011	0.00006495137918962715	9.912284593175951e-7	1.5864286612974276e-6	6.646242240835442e-8	6.643902573660243e-8	6.645001039920611e-8	8.08694168275709e-14	8.08694168275709e-14	8.08694168275709e-14
0.5754399373371566	3.2753173649176044e-8	5.06371206704732e-9	3.0656512947398316e-8	2.900230203004202e-9	3.2384676420050293e-8	4.683659589760999e-9	0.00003953925589100854	0.00004661437907914051	1.5824846121060131e-6	1.437766697029683e-6	0.0000109263265156429	0.000010880276594548828	8.73173342723146e-6	9.143753803621005e-6	0.000047332223516165036	7.918340435698156e-7	9.063964158894818e-7	4.037813186538053e-8	4.036597927919503e-8	4.037274236711504e-8	7.54717310572752e-14	7.54717310572752e-14	7.54717310572752e-14
0.6165950018614835	2.0034113911435723e-8	3.83861359671045e-9	1.795384109088431e-8	1.6916995022631824e-9	1.9120616617569356e-8	2.895777402386626e-9	0.00002732594534708071	0.000032817417545797154	8.789569403602755e-7	8.342524721851541e-7	7.0743274393797396e-6	7.013934099189029e-6	5.641005035515795e-6	5.881579084970901e-6	0.00003340600179761447	6.21952684410506e-7	5.056235889616212e-7	2.3623515722335018e-8	2.3617356815852384e-8	2.3622105533362057e-8	7.043431759779572e-14	7.043431759779572e-14	7.043431759779572e-14
0.6606934480075964	1.1303213643646521e-8	2.192460955597349e-9	1.0102174911649017e-8	9.52916920885105e-10	1.1179415492300147e-8	2.0647058324018304e-9	0.000018067800528477768	0.000022162624777593606	4.780557342532765e-7	4.680308070749598e-7	4.431813603972543e-6	4.37200807136181e-6	3.5074313145912705e-6	3.6401970026629734e-6	0.000022637357380848392	4.632869507027863e-7	2.7719726808119553e-7	1.329541092604865e-8	1.3292375038090428e-8	1.3294891320030036e-8	6.573312982184415e-14	6.573312982184415e-14	6.573312982184415e-14
0.7079457843841374	6.298828259627695e-9	1.3878456896427167e-9	5.454305919301852e-9	5.162182142173207e-10	6.828238816606338e-9	1.934317756619009e-9	0.000011421376239898028	0.000014301456274868261	2.528422386418084e-7	2.5731693423902685e-7	2.6296673518941613e-6	2.586782745290674e-6	2.0892349714788813e-6	2.1612555988630025e-6	0.000014629188529902768	3.363968680213707e-7	1.485623332218095e-7	7.184136948589126e-9	7.182514723420722e-9	7.183948662254698e-9	6.13457261110831e-14	6.13457261110831e-14	6.13457261110831e-14
0.7585775750291851	3.6415913839318248e-9	1.1198678634806327e-9	2.815297114339296e-9	2.6700744291109736e-10	3.529553707472912e-9	1.0042217741616256e-9	6.901927106786291e-6	8.759105783770497e-6	1.3185311345470398e-7	1.3610274275966192e-7	1.5075773693294623e-6	1.476541230451357e-6	1.1980144859593954e-6	1.2337832799803997e-6	8.957484265758193e-6	2.2821191405998522e-7	7.763607631625502e-8	3.7099854791082162e-9	3.7091915971286255e-9	3.7099862738817262e-9	5.725116272868242e-14	5.725116272868242e-14	5.725116272868242e-14
0.8128305161640995	1.8022312779272039e-9	5.784319522312597e-10	1.3671635347606385e-9	1.2936884560956698e-10	1.7432568819982167e-9	5.175520300404037e-10	3.967357487872749e-6	5.129569365959902e-6	6.927177092046804e-8	7.145951180725363e-8	8.325338207708549e-7	8.096633277868481e-7	6.592682055211027e-7	6.742386517976263e-7	5.237575568893106e-6	1.471086829100099e-7	4.002781012294196e-8	1.8005563907509591e-9	1.8002679309317967e-9	1.8006624104266375e-9	5.342989384217135e-14	5.342989384217135e-14	5.342989384217135e-14
0.8709635899560796	8.098667765614076e-10	2.964519299408788e-10	5.750370738156076e-10	5.406329106255937e-11	7.780394847602866e-10	2.635942549527553e-10	2.2281100875934196e-6	2.9012090723852536e-6	3.7144383480290675e-8	3.8231318648394816e-8	4.58474815846454e-7	4.390642484115553e-7	3.623020320847001e-7	3.647739999879884e-7	2.9657150166221284e-6	8.286553433635566e-8	2.0547444726122486e-8	7.561032318796997e-10	7.560315699815672e-10	7.561950605738418e-10	4.986367821933316e-14	4.986367821933316e-14	4.986367821933316e-14
0.9332543007969925	2.5976048833003143e-10	1.4956879208619484e-10	1.2639207721970844e-10	1.1905021128024675e-11	2.4167368032371373e-10	1.30899467213599e-10	1.2833221170119772e-6	1.6769047452496328e-6	2.0780159758663326e-8	2.1264894948116865e-8	2.6020261679948997e-7	2.4065082822174816e-7	2.0660884851889019e-7	2.0070290527487314e-7	1.7099354644643645e-6	4.655805120716973e-8	1.0734626274523234e-8	1.6624801751787744e-10	1.6624801751787744e-10	1.6624801751787744e-10	4.653549215174979e-14	4.653549215174979e-14	4.653549215174979e-14