1.e-9	0	0	0	0	0	0	3.4306993992361754e-7	0	0	0	0	0	0	0	3.2875510325865153e-15	2.5039557612712554e-14	0	1.9452544884794354e-14	1.9452544884794354e-14	1.9452544884794354e-14	0	0	0
1.0715193052376092e-9	0	0	0	0	0	0	5.396829513885217e-7	0	0	0	0	0	0	0	5.171269764577933e-15	4.257977069165497e-14	0	3.307905467335201e-14	3.307905467335201e-14	3.307905467335201e-14	0	0	0
1.148153621496884e-9	0	0	0	0	0	0	8.489746670438519e-7	0	0	0	0	0	0	0	8.134331821154022e-15	7.240690511374412e-14	0	5.625093603757089e-14	5.625093603757089e-14	5.625093603757089e-14	0	0	0
1.2302687708123811e-9	0	0	0	0	0	0	1.33552113037454e-6	0	0	0	0	0	0	0	1.2795185165135977e-14	1.2312795073785008e-13	0	9.565472279508956e-14	9.565472279508956e-14	9.565472279508956e-14	0	0	0
1.31825673855641e-9	0	0	0	0	0	0	2.223286099829472e-6	0	0	0	0	0	0	0	2.130010405708332e-14	2.0937910244353795e-13	0	1.626608730664064e-13	1.626608730664064e-13	1.626608730664064e-13	0	0	0
1.4125375446227555e-9	0	0	0	0	0	0	3.7011777419862926e-6	0	0	0	0	0	0	0	3.5458215491774627e-14	3.5604920147982013e-13	0	2.7660484347858845e-13	2.7660484347858845e-13	2.7660484347858845e-13	0	0	0
1.5135612484362133e-9	0	0	0	0	0	0	6.254769837386668e-6	0	0	0	0	0	0	0	5.992187903697657e-14	6.054617379742365e-13	0	4.703665911203538e-13	4.703665911203538e-13	4.703665911203538e-13	0	0	0
1.6218100973589331e-9	0	0	0	0	0	0	0.000010570188314621913	0	0	0	0	0	0	0	1.0126374205591366e-13	1.0295878059189006e-12	0	7.998584813620921e-13	7.998584813620921e-13	7.998584813620921e-13	0	0	0
1.7378008287493762e-9	0	0	0	0	0	0	0.000017936405083135135	0	0	0	0	0	0	0	1.7187850179715024e-13	1.7508142746321598e-12	0	1.3601595109896884e-12	1.3601595109896884e-12	1.3601595109896884e-12	0	0	0
1.8620871366628732e-9	0	0	0	0	0	0	0.000030436035549270353	0	0	0	0	0	0	0	2.9173541072302915e-13	2.9772600322513708e-12	0	2.3129515263565724e-12	2.3129515263565724e-12	2.3129515263565724e-12	0	0	0
1.9952623149688828e-9	0	0	0	0	0	0	0.000051717240715193715	0	0	0	0	0	0	0	4.958185018422359e-13	5.062831299052938e-12	0	3.9331745475333685e-12	3.9331745475333685e-12	3.9331745475333685e-12	0	0	0
2.1379620895022324e-9	0	0	0	0	0	0	0.00008787849465031588	0	0	0	0	0	0	0	8.426676287249946e-13	8.609345668503158e-12	0	6.688364129158125e-12	6.688364129158125e-12	6.688364129158125e-12	0	0	0
2.2908676527677795e-9	0	0	0	0	0	0	0.00014940606491911374	0	0	0	0	0	0	0	1.4327150754341692e-12	1.4640194089775608e-11	0	1.1373564584671264e-11	1.1373564584671264e-11	1.1373564584671264e-11	0	0	0
2.4547089156850337e-9	0	0	0	0	0	0	0.0002540117729990342	0	0	0	0	0	0	0	2.435921847955651e-12	2.489565307737848e-11	0	1.9340748928088327e-11	1.9340748928088327e-11	1.9340748928088327e-11	0	0	0
2.6302679918953816e-9	0	0	0	0	0	0	0.0004319214708149973	0	0	0	0	0	0	0	4.142075459218854e-12	4.233506321052499e-11	0	3.2888947554855e-11	3.2888947554855e-11	3.2888947554855e-11	0	0	0
2.818382931264461e-9	0	0	0	0	0	0	0.0007344390173273551	0	0	0	0	0	0	0	7.043242838132102e-12	7.199078375122763e-11	0	5.592766212352219e-11	5.592766212352219e-11	5.592766212352219e-11	0	0	0
3.019951720402019e-9	0	0	0	0	0	0	0.0012488924098626208	0	0	0	0	0	0	0	1.1976852900945911e-11	1.2242034267159991e-10	0	9.510500101836752e-11	9.510500101836752e-11	9.510500101836752e-11	0	0	0
3.2359365692962944e-9	0	0	0	0	0	0	0.0021237055965360853	0	0	0	0	0	0	0	2.0366329644960627e-11	2.0817581805500622e-10	0	1.617260739189769e-10	1.617260739189769e-10	1.617260739189769e-10	0	0	0
3.4673685045253237e-9	0	0	0	0	0	0	0.003611343864741871	0	0	0	0	0	0	0	3.463278839550042e-11	3.540030216994161e-10	0	2.7501522217988717e-10	2.7501522217988717e-10	2.7501522217988717e-10	0	0	0
3.715352290971728e-9	0	0	0	0	0	0	0.0061410604797013215	0	0	0	0	0	0	0	5.889279280836212e-11	6.019822116860874e-10	0	4.676634422507619e-10	4.676634422507619e-10	4.676634422507619e-10	0	0	0
3.9810717055349855e-9	0	0	0	0	0	0	0.010442859350614266	0	0	0	0	0	0	0	1.0014706754888476e-10	1.023670875597966e-9	0	7.952617803656634e-10	7.952617803656634e-10	7.952617803656634e-10	0	0	0
4.265795188015934e-9	0	0	0	0	0	0	0.017758058527053613	0	0	0	0	0	0	0	1.7029987304689173e-10	1.7407525358805106e-9	0	1.3523428221512584e-9	1.3523428221512584e-9	1.3523428221512584e-9	0	0	0
4.570881896148752e-9	0	0	0	0	0	0	0.030197316663386674	0	0	0	0	0	0	0	2.895948484714159e-10	2.960150047647544e-9	0	2.299659249039576e-9	2.299659249039576e-9	2.299659249039576e-9	0	0	0
4.8977881936844766e-9	0	0	0	0	0	0	0.05135009169384363	0	0	0	0	0	0	0	4.924558941866634e-10	5.033735768855542e-9	0	3.910571029083141e-9	3.910571029083141e-9	3.910571029083141e-9	0	0	0
5.248074602497734e-9	0	0	0	0	0	0	0.08732067001001918	0	0	0	0	0	0	0	8.37421244715547e-10	8.559868717059314e-9	0	6.649926844550586e-9	6.649926844550586e-9	6.649926844550586e-9	0	0	0
5.623413251903491e-9	0	0	0	0	0	0	0.14848852571596896	0	0	0	0	0	0	0	1.4240348209441262e-9	1.4556058525486562e-8	0	1.1308201975875022e-8	1.1308201975875022e-8	1.1308201975875022e-8	0	0	0
6.025595860743593e-9	0	0	0	0	0	0	0.07605490846070945	0	0	0	0	0	0	0	2.4215714161168114e-9	2.475258053609429e-8	0	1.9229599801084168e-8	1.9229599801084168e-8	1.9229599801084168e-8	0	0	0
6.456542290346562e-9	0	0	0	0	0	0	0.038954855757890115	0	0	0	0	0	0	0	4.117882538480181e-9	4.209176832609041e-8	0	3.2699938442797294e-8	3.2699938442797294e-8	3.2699938442797294e-8	0	0	0
6.918309709189363e-9	0	0	0	0	0	0	0.01995502927675858	0	0	0	0	0	0	0	7.002460029321675e-9	7.157706075266792e-8	0	5.5606252091761444e-8	5.5606252091761444e-8	5.5606252091761444e-8	0	0	0
7.413102413009192e-9	0	0	0	0	0	0	0.010222170912688023	0	0	0	0	0	0	0	1.1907684593730163e-8	1.217168066283361e-7	0	9.455844319406709e-8	9.455844319406709e-8	9.455844319406709e-8	0	0	0
7.943282347242822e-9	0	0	0	0	0	0	0.00523696415760193	0	0	0	0	0	0	0	2.02490200472839e-8	2.0697945487020308e-7	0	1.607966522277018e-7	1.607966522277018e-7	1.607966522277018e-7	0	0	0
8.511380382023759e-9	0	0	0	0	0	0	0.0026829715353286444	0	0	0	0	0	0	0	3.44334626642035e-8	3.5196860585721774e-7	0	2.734347404025334e-7	2.734347404025334e-7	2.734347404025334e-7	0	0	0
9.120108393559115e-9	0	0	0	0	0	0	0.0013769390747513746	0	0	0	0	0	0	0	5.8554110328558506e-8	5.985226871273836e-7	0	4.649758326630222e-7	4.649758326630222e-7	4.649758326630222e-7	0	0	0
9.772372209558111e-9	0	0	0	0	0	0	0.0007066646778065568	0	0	0	0	0	0	0	9.95712766329864e-8	1.017787953370779e-6	0	7.906914997062657e-7	7.906914997062657e-7	7.906914997062657e-7	0	0	0
1.0471285480509006e-8	0	0	0	0	0	0	0.00036941379900804774	0	0	0	0	0	0	0	1.6932097647560755e-7	1.7307486254171005e-6	0	1.3445710589453856e-6	1.3445710589453856e-6	1.3445710589453856e-6	0	0	0
1.1220184543019653e-8	0	0	0	0	0	0	0.00019311359288699738	0	0	0	0	0	0	0	2.879303554611243e-7	2.943138395834367e-6	0	2.286443364099834e-6	2.286443364099834e-6	2.286443364099834e-6	0	0	0
1.202264434617413e-8	0	0	0	0	0	0	0.00011160193765393525	0	0	0	0	0	0	0	4.896256290251738e-7	5.004807485804049e-6	0	3.888097436000609e-6	3.888097436000609e-6	3.888097436000609e-6	0	0	0
1.288249551693135e-8	0	0	0	0	0	0	0.00006449567998768942	0	0	0	0	0	0	0	8.326084834451147e-7	8.510676224200786e-6	0	6.611710532259776e-6	6.611710532259776e-6	6.611710532259776e-6	0	0	0
1.3803842646028866e-8	0	0	0	0	0	0	0.00004084324614610406	0	0	0	0	0	0	0	1.415850898431221e-6	7.170913285696688e-6	0	5.570849960591893e-6	5.570849960591893e-6	5.570849960591893e-6	0	0	0
1.4791083881682102e-8	0	0	0	0	0	0	0.00002586484484030012	0	0	0	0	0	0	0	2.4076547458342875e-6	6.0420577632549e-6	0	4.6938487600151345e-6	4.6938487600151345e-6	4.6938487600151345e-6	0	0	0
1.5848931924611173e-8	0	0	0	0	0	0	0.000025562118098574963	0	0	0	0	0	0	0	4.094217393707156e-6	5.662683955830586e-6	0	4.399042124786861e-6	4.399042124786861e-6	4.399042124786861e-6	0	0	0
1.698243652461746e-8	0	0	0	0	0	0	0.00002526293452444726	0	0	0	0	0	0	0	6.962217525555057e-6	5.307130590282045e-6	0	4.122751414680617e-6	4.122751414680617e-6	4.122751414680617e-6	0	0	0
1.8197008586099862e-8	0	0	0	0	0	0	0.000033776831201325864	0	0	0	0	0	0	0	0.00001183925234354676	7.679838813509522e-6	0	5.965883326268491e-6	5.965883326268491e-6	5.965883326268491e-6	0	0	0
1.9498445997580494e-8	0	0	0	0	0	0	0.000045160008030690473	0	0	0	0	0	0	0	0.000020132651061200472	0.000011113335765561202	0	8.633012346053516e-6	8.633012346053516e-6	8.633012346053516e-6	0	0	0
2.0892961308540408e-8	0	0	0	0	0	0	0.00005583659883081898	0	0	0	0	0	0	0	0.000034235577297557604	9.037920245727043e-6	0	7.019855515691562e-6	7.019855515691562e-6	7.019855515691562e-6	0	0	0
2.2387211385683424e-8	0	0	0	0	0	0	0.00006903731653180806	0	0	0	0	0	0	0	0.0000582176062821568	7.350088586475613e-6	0	5.708131702569869e-6	5.708131702569869e-6	5.708131702569869e-6	0	0	0
2.3988329190194947e-8	0	0	0	0	0	0	0.0000791107276524451	0	0	0	0	0	0	0	0.00009899905153542975	5.98482051874465e-6	0	4.647340598852282e-6	4.647340598852282e-6	4.647340598852282e-6	0	0	0
2.5703957827688646e-8	0	0	0	0	0	0	0.0000906539759090401	0	0	0	0	0	0	0	0.00016834790763148232	4.873148972312252e-6	0	3.7836854100646313e-6	3.7836854100646313e-6	3.7836854100646313e-6	0	0	0
2.754228703338169e-8	0	0	0	0	0	0	0.00011581510286227851	0	0	0	0	0	0	0	0.0002862756517799637	5.903795757774595e-6	0	4.589025190136552e-6	4.589025190136552e-6	4.589025190136552e-6	0	0	0
2.95120922666639e-8	0	0	0	0	0	0	0.0001479597327805959	0	0	0	0	0	0	0	0.0004868118051187285	7.1524192154912506e-6	0	5.565777783663114e-6	5.565777783663114e-6	5.565777783663114e-6	0	0	0
3.162277660168386e-8	0	0	0	0	0	0	0.00017599646981311285	0	0	0	0	0	0	0	0.0008278235753877996	0.00001137709498793209	0	8.857726109888621e-6	8.857726109888621e-6	8.857726109888621e-6	0	0	0
3.3884415613920346e-8	0	0	0	0	0	0	0.00020934585920488093	0	0	0	0	0	0	0	0.0014077141613291998	0.000018097134195390195	0	0.000014096738117734589	0.000014096738117734589	0.000014096738117734589	0	0	0
3.6307805477010175e-8	0	0	0	0	0	0	0.00025743562018441536	0	0	0	0	0	0	0	0.002393818222775758	0.00001811883452038259	0	0.000014182820183564424	0.000014182820183564424	0.000014182820183564424	0	0	0
3.890451449942813e-8	0	0	0	0	0	0	0.00031657229233694804	0	0	0	0	0	0	0	0.004070688383416508	0.000018140560866296615	0	0.00001426942791157217	0.00001426942791157217	0.00001426942791157217	0	0	0
4.1686938347033635e-8	0	0	0	0	0	0	0.0004494223394968636	0	0	0	0	0	0	0	0.006922206438744078	0.000020190899012408352	0	0.00001612409779498691	0.00001612409779498691	0.00001612409779498691	0	0	0
4.4668359215096346e-8	0	0	0	0	0	0	0.0006380231123444356	0	0	0	0	0	0	0	0.011771213482170976	0.000022472976769240206	0	0.00001821982852525273	0.00001821982852525273	0.00001821982852525273	0	0	0
4.78630092322639e-8	0	0	0	0	0	0	0.00104003205379436	0	0	0	0	0	0	0	0.020016950963397083	0.00003433245913307671	0	0.00002794731024088174	0.00002794731024088174	0.00002794731024088174	0	0	0
5.128613839913659e-8	0	0	0	0	0	0	0.001695340892816687	0	0	0	0	0	0	0	0.03403882925731505	0.000052450450255335926	0	0.00004286824920539366	0.00004286824920539366	0.00004286824920539366	0	0	0
5.495408738576248e-8	0	0	0	0	0	0	0.0028429888498234654	0	0	0	0	0	0	0	0.020167553032452448	0.000056570293788545055	0	0.00005143912908811798	0.00005143912908811798	0.00005143912908811798	0	0	0
5.888436553555896e-8	0	0	0	0	0	0	0.004767528250198726	0	0	0	0	0	0	0	0.011949006596029554	0.00006101374008694455	0	0.00006172363113469925	0.00006172363113469925	0.00006172363113469925	0	0	0
6.309573444801943e-8	0	0	0	0	0	0	0.008051583032921746	0	0	0	0	0	0	0	0.011907648957918704	0.00005355462032648677	0	0.00006231269076320224	0.00006231269076320224	0.00006231269076320224	0	0	0
6.760829753919818e-8	0	0	0	0	0	0	0.013597819652842074	0	0	0	0	0	0	0	0.011866434465952848	0.00004700740118909536	0	0.00006290737208374702	0.00006290737208374702	0.00006290737208374702	0	0	0
7.244359600749906e-8	0	0	0	0	0	0	0.018601635817199275	0	0	0	0	0	0	0	0.013129984453147826	0.00005229698016117364	0	0.00006724142631973479	0.00006724142631973479	0.00006724142631973479	0	0	0
7.762471166286928e-8	0	0	0	0	0	0	0.025446789552278377	0	0	0	0	0	0	0	0.014528078525570814	0.00005818177701371458	0	0.0000718740787247174	0.0000718740787247174	0.0000718740787247174	0	0	0
8.317637711026726e-8	0	0	0	0	0	0	0.02117401602448813	0	0	0	0	0	0	0	0.01359467086271834	0.000048539951922258545	0	0.00006527571122384094	0.00006527571122384094	0.00006527571122384094	0	0	0
8.912509381337478e-8	0	0	0	0	0	0	0.01761868441927455	0	0	0	0	0	0	0	0.012721233268415334	0.00004049596030832513	0	0.00005928310388642243	0.00005928310388642243	0.00005928310388642243	0	0	0
9.549925860214369e-8	0	0	0	0	0	0	0.016432255649323095	0	0	0	0	0	0	0	0.0101590985781602	0.00004380668826075577	0	0.00007102231691040993	0.00007102231691040993	0.00007102231691040993	0	0	0
1.0232929922807557e-7	0	0	0	0	0	0	0.015325720087778768	0	0	0	0	0	0	0	0.008112993586637687	0.0000473880832004998	0	0.00008508612350977216	0.00008508612350977216	0.00008508612350977216	0	0	0
1.0964781961431874e-7	0	0	0	0	0	0	0.015970301193694088	0	0	0	0	0	0	0	0.007426472851050236	0.000046174688450262776	0	0.00008451759062427267	0.00008451759062427267	0.00008451759062427267	0	0	0
1.1748975549395303e-7	0	0	0	0	0	0	0.01664199259522506	0	0	0	0	0	0	0	0.0067980454339597735	0.00004499236325845643	0	0.00008395285659137776	0.00008395285659137776	0.00008395285659137776	0	0	0
1.2589254117941688e-7	0	0	0	0	0	0	0.015292503974994556	0	0	0	0	0	0	0	0.010194168740811627	0.00004558221370666408	0	0.00008353272057226048	0.00008353272057226048	0.00008353272057226048	0	0	0
1.3489628825916562e-7	0	0	0	0	0	0	0.0140524445307304	0	0	0	0	0	0	0	0.015286905232642251	0.00004617979710166655	0	0.00008311468709356563	0.00008311468709356563	0.00008311468709356563	0	0	0
1.445439770745928e-7	0	0	0	0	0	0	0.015735514852681296	0	0	0	0	0	0	0	0.013961660664427984	0.000044182963294444576	0	0.0000815148337873313	0.0000815148337873313	0.0000815148337873313	0	0	0
1.5488166189124826e-7	0	0	0	0	0	0	0.017620167589879613	0	0	0	0	0	0	0	0.01275130352037541	0.00004227247341906991	0	0.00007994577564728241	0.00007994577564728241	0.00007994577564728241	0	0	0
1.659586907437563e-7	0	0	0	0	0	0	0.0180452120483063	0	0	0	0	0	0	0	0.014524152739476688	0.000042368517410572806	0	0.00008159498148754158	0.00008159498148754158	0.00008159498148754158	0	0	0
1.7782794100389227e-7	0	0	0	0	0	0	0.018480509689100248	0	0	0	0	0	0	0	0.016543486119875446	0.00004246477961614213	0	0.00008327820888655814	0.00008327820888655814	0.00008327820888655814	0	0	0
1.9054607179632522e-7	0	0	0	0	0	0	0.019187482573527617	0	0	0	0	0	0	0	0.017968117447721248	0.00005065015377027524	0	0.00009169571227024317	0.00009169571227024317	0.00009169571227024317	0	0	0
2.0417379446695318e-7	0	0	0	0	0	0	0.019921500743378805	0	0	0	0	0	0	0	0.01951542995688357	0.00006041331428404089	0	0.0001009640308210852	0.0001009640308210852	0.00010096403082108541	0	0	0
2.1877616239495564e-7	0	0	0	0	0	0	0.02569994775740566	0	0	0	0	0	0	0	0.01966549024731186	0.00006512236338969224	0	0.00010302429795282857	0.00010302429795282857	0.0001030242979528292	0	0	0
2.3442288153199275e-7	0	0	0	0	0	0	0.03315449590076188	0	0	0	0	0	0	0	0.01981670439859862	0.00007019846972010001	0	0.00010512660679605712	0.00010512660679605712	0.0001051266067960582	0	0	0
2.5118864315095823e-7	0	0	0	0	0	0	0.03760426289163191	0	0	0	0	0	0	0	0.021011599659192828	0.00007781853047047578	0	0.00011401066257364095	0.00011401066257364095	0.00011401066257364305	0	0	0
2.6915348039269196e-7	0	0	0	0	0	0	0.04265124681296894	0	0	0	0	0	0	0	0.02227854396765449	0.00008626575064570696	0	0.00012364549353045522	0.00012364549353045522	0.0001236454935304585	0	0	0
2.8840315031266115e-7	0	0	0	0	0	0	0.04053827334177531	0	0	0	0	0	0	0	0.02115669259261511	0.00009044878615401454	0	0.00013329647523993462	0.00013329647523993433	0.00013329647523994088	0	0	0
3.090295432513592e-7	0	0	0	0	0	0	0.0385299780974468	0	0	0	0	0	0	0	0.020091332813683	0.00009483465750311301	0	0.00014370075126930403	0.00014370075126930344	0.0001437007512693137	0	0	0
3.3113112148259143e-7	0	0	0	0	0	0	0.03798335310850855	0	0	0	0	0	0	0	0.020050373491676585	0.0000967092543574615	0	0.00014701730854361995	0.00014701730854361965	0.0001470173085436389	0	0	0
3.5481338923357606e-7	0	0	0	0	0	0	0.037444483090979044	0	0	0	0	0	0	0	0.020009497671649557	0.00009862090637137712	0	0.0001504104106658683	0.0001504104106658683	0.0001504104106658972	0	0	0
3.8018939632056126e-7	0	0	0	0	0	0	0.034237601886954426	0	0	0	0	0	0	0	0.02228745898407883	0.00010722336837290962	0	0.00016048775852309512	0.00016048775852309512	0.00016048775852314993	0	0	0
4.0738027780411303e-7	0	0	0	0	0	0	0.03130536960869375	0	0	0	0	0	0	0	0.024824752530933684	0.0001165762022297673	0	0.00017124027865985977	0.00017124027865985977	0.0001712402786599438	0	0	0
4.365158322401665e-7	0	0	0	0	0	0	0.02948632786876381	0	0	0	0	0	0	0	0.025466210429551425	0.00011988718532735151	0	0.00018149285420581185	0.00018149285420581185	0.00018149285420597148	0	0	0
4.677351412871981e-7	0	0	0	0	0	0	0.02777298406158379	0	0	0	0	0	0	0	0.026124243246093626	0.0001232922065636191	0	0.00019235927659987725	0.00019235927659987725	0.00019235927660012114	0	0	0
5.011872336272736e-7	0	0	0	0	0	0	0.0272348491858388	0	0	0	0	0	0	0	0.02320021659620383	0.00013546183203426077	0	0.00020410983742155244	0.00020410983742155203	0.00020410983742201412	0	0	0
5.370317963702533e-7	0	0	0	0	0	0	0.026707141318724113	0	0	0	0	0	0	0	0.02060346954514225	0.00014883266712084912	0	0.00021657819923553832	0.00021657819923553786	0.00021657819923624343	0	0	0
5.754399373371578e-7	0	0	0	0	0	0	0.02968852614191305	0	0	0	0	0	0	0	0.021448517711639036	0.00014345588813702553	0	0.00020891431630410236	0.00020891431630410063	0.00020891431630549903	0	0	0
6.165950018614835e-7	0	0	0	0	0	0	0.033002730391856604	0	0	0	0	0	0	0	0.022328225400025513	0.0001382733524789464	0	0.00020152162918920827	0.00020152162918920535	0.00020152162919124665	0	0	0
6.606934480075964e-7	0	0	0	0	0	0	0.03476805011241874	0	0	0	0	0	0	0	0.024441904184887685	0.00014369375966448607	0	0.00020480536147847821	0.0002048053614784724	0.00020480536148241414	0	0	0
7.079457843841387e-7	0	0	0	0	0	0	0.036627796981244326	0	0	0	0	0	0	0	0.02675567222563728	0.00014932665040908	0	0.00020814260116440325	0.00020814260116439433	0.00020814260117029798	0	0	0
7.585775750291852e-7	0	0	0	0	0	0	0.0385022359510794	0	0	0	0	0	0	0	0.03177873001237665	0.00016521032190909172	0	0.00021694365113687688	0.00021694365113685959	0.00021694365114812575	0	0	0
8.128305161640995e-7	0	0	0	0	0	0	0.04047259992162991	0	0	0	0	0	0	0	0.03774480688367239	0.00018278351781502103	0	0.00022611684251713803	0.0002261168425171112	0.00022611684253418332	0	0	0
8.709635899560814e-7	0	0	0	0	0	0	0.04345035352563068	0	0	0	0	0	0	0	0.039335632950230286	0.00019408497672398242	0	0.0002382764607564236	0.00023827646075637242	0.0002382764607887916	0	0	0
9.332543007969924e-7	0	0	0	0	0	0	0.04664719403146851	0	0	0	0	0	0	0	0.04099350738139713	0.00020608520199326684	0	0.00025108997241682227	0.00025108997241674367	0.00025108997246611113	0	0	0
1.e-6	0	0	0	0	0	0	0.04853161081766761	0	0	0	0	0	0	0	0.03744734368280397	0.00020766239661423828	0	0.00025905454787099113	0.0002590545478708412	0.00025905454796549106	0	0	0
1.0715193052376091e-6	0.00017867248169177902	0.000026464719407140623	0	0	0	0	0.05049215279634235	0	0	0	0	0	0	0	0.034207942634701324	0.00020925166169368078	0	0.0002672717597070679	0.00026727175970684216	0.00026727175984959803	0	0	0
1.148153621496884e-6	0.00017929273388004588	0.000027915391534845113	0	0	0	0	0.04988178133542653	0	0	0	0	0	0	0	0.0356819903381062	0.0002056215266508366	0	0.00027282510112732616	0.00027282510112689096	0.0002728251014019534	0	0	0
1.2302687708123837e-6	0.00017991513924138825	0.000029445582722990727	0	0	0	0	0.049278788314518845	0	0	0	0	0	0	0	0.03721955594012049	0.0002020543678363408	0	0.0002784938292272819	0.0002784938292266286	0.00027849382963943467	0	0	0
1.3182567385564101e-6	0.00019162124844542656	0.000030511281860592388	0	0	0	0	0.051017149003587274	0	0	0	0	0	0	0	0.04157452708258107	0.0002170325215735753	0	0.0002937928769904621	0.00029379287698922193	0.00029379287777273896	0	0	0
1.4125375446227554e-6	0.000204089011133849	0.000031615550948144225	0	0	0	0	0.052816832180254146	0	0	0	0	0	0	0	0.046439062973265915	0.00023312099572495536	0	0.0003099323773522122	0.00030993237735032266	0.0003099323785440348	0	0	0
1.5135612484362104e-6	0.00021434999404727938	0.0000323412237766631	0	0	0	0	0.053874383450682545	0	0	0	0	0	0	0	0.049411781449661386	0.00024671805277634573	0	0.0003226477802925708	0.0003226477802889634	0.00032264778256821787	0	0	0
1.6218100973589331e-6	0.0002251268683835976	0.00003308355299857882	0	0	0	0	0.054953110066988636	0	0	0	0	0	0	0	0.05257479349733295	0.0002611081742185418	0	0.00033588485016336413	0.0003358848501579011	0.00033588485360975986	0	0	0
1.7378008287493763e-6	0.00023265236040791328	0.00003392984575009355	0	0	0	0	0.055641610524075236	0	0	0	0	0	0	0	0.05243713099639013	0.00027018632792702777	0	0.00034624580047578664	0.0003462458004653087	0.00034624580708600373	0	0	0
1.8620871366628694e-6	0.00024042941294393012	0.000034797787065814906	0	0	0	0	0.05633873711494838	0	0	0	0	0	0	0	0.052299828952672454	0.00027958010896124566	0	0.000356926352256763	0.0003569263522409661	0.0003569263622227101	0	0	0
1.995262314968883e-6	0.00024887351988648975	0.00003672161290705526	0	0	0	0	0.05718381645966509	0	0	0	0	0	0	0	0.054175960961345554	0.0002867246963470677	0	0.0003718264091475488	0.0003718264091173949	0.0003718264281703903	0	0	0
2.1379620895022326e-6	0.00025761419180079956	0.00003875179912863919	0	0	0	0	0.058041571968872725	0	0	0	0	0	0	0	0.0561193947448901	0.00029405186156041696	0	0.0003873484758561753	0.0003873484758104933	0.00038734850467471253	0	0	0
2.2908676527677747e-6	0.00026807011684622267	0.00004053609208195457	0	0	0	0	0.060295510172799736	0	0	0	0	0	0	0	0.06003574486582876	0.00030683346556678413	0	0.000403779135651399	0.0004037791355642281	0.00040377919064364594	0	0	0
2.4547089156850335e-6	0.000278950422116164	0.000042402541255493046	0	0	0	0	0.06263697594110493	0	0	0	0	0	0	0	0.0642254015386198	0.00032017064980348434	0	0.00042090675593087304	0.0004209067557987757	0.00042090683926546493	0	0	0
2.6302679918953817e-6	0.0002837844542566631	0.00004481989279079445	0	0	0	0	0.06579160986634315	0	0	0	0	0	0	0	0.06362486046466416	0.00032273448490983747	0	0.00043390551299717523	0.00043390551274381496	0.00043390566567331584	0	0	0
2.8183829312644606e-6	0.0002887022570778383	0.00004737505654848176	0	0	0	0	0.06910512303268061	0	0	0	0	0	0	0	0.06302993476364332	0.00032531885047535936	0	0.000447305707395827	0.0004473057070138409	0.00044730593361696304	0	0	0
3.0199517204020193e-6	0.0002974655881554122	0.00004862668175451243	0	0	0	0	0.07201863312773543	0	0	0	0	0	0	0	0.06756981857631274	0.00033584459042867656	0	0.0004602600322307769	0.00046026003149750224	0.0004602602324785371	0	0	0
3.2359365692962877e-6	0.00030649492328973463	0.00004991137427001985	0	0	0	0	0.0750549784150517	0	0	0	0	0	0	0	0.07243669852359372	0.0003467108922689018	0	0.0004735895244940756	0.00047358952338948465	0.0004735896970743058	0	0	0
3.4673685045253236e-6	0.0003191836001686471	0.000051327244947773346	0	0	0	0	0.07573400163920112	0	0	0	0	0	0	0	0.07512914051617728	0.00036058030369410057	0	0.0004910271467748513	0.0004910271446618631	0.0004910273148525139	0	0	0
3.7153522909717276e-6	0.00033239757945455705	0.00005278328061407755	0	0	0	0	0.07641916799400815	0	0	0	0	0	0	0	0.07792165945913462	0.00037500453060842787	0	0.0005091068243695189	0.0005091068211753734	0.0005091069873790743	0	0	0
3.981071705534978e-6	0.00034501332442587454	0.00005484545640161986	0	0	0	0	0.0794856457117402	0	0	0	0	0	0	0	0.07856432866247415	0.0003885588596978401	0	0.0005286264453228471	0.0005286264392168149	0.0005286266548368498	0	0	0
4.265795188015934e-6	0.00035810788462034066	0.00005698819878012114	0	0	0	0	0.08267517221212906	0	0	0	0	0	0	0	0.0792122983651583	0.0004026031024338016	0	0.0005488944663838181	0.0005488944571473047	0.0005488947257286892	0	0	0
4.570881896148752e-6	0.00037260133337784943	0.00005913092778224015	0	0	0	0	0.0857510889736774	0	0	0	0	0	0	0	0.0823467100076108	0.00042013486838118257	0	0.000570561896261541	0.0005705618786135118	0.0005705622402721131	0	0	0
4.897788193684467e-6	0.00038768136530179485	0.00006135422236942395	0	0	0	0	0.0889414447339094	0	0	0	0	0	0	0	0.08560514956677694	0.0004384300730983488	0	0.0005930846408605031	0.0005930846141512684	0.0005930850758169637	0	0	0
5.248074602497734e-6	0.00040153174428063495	0.00006308724011908736	0	0	0	0	0.09071159809994658	0	0	0	0	0	0	0	0.08952446297335917	0.0004555831120509156	0	0.0006127405061698473	0.0006127404549938716	0.0006127410930904042	0	0	0
5.623413251903491e-6	0.0004158769445612654	0.00006486920886844848	0	0	0	0	0.09251698186896101	0	0	0	0	0	0	0	0.09362321672502331	0.000473407242617317	0	0.0006330478013332847	0.0006330477240981645	0.0006330485498129362	0	0	0
6.0255958607435935e-6	0.00042880951733031996	0.00006682913476076317	0	0	0	0	0.09765934997660836	0	0	0	0	0	0	0	0.0962991043709733	0.000488408388550058	0	0.0006525419440280368	0.0006525417958869045	0.0006525425834206471	0	0	0
6.4565422903465625e-6	0.00044214425578952617	0.0000688482768755412	0	0	0	0	0.10308754614760554	0	0	0	0	0	0	0	0.09905147277612235	0.0005038848850035309	0	0.000672636391468503	0.0006726361681276328	0.0006726369143458586	0	0	0
6.9183097091893625e-6	0.00045497235852022663	0.00007105120536828823	0	0	0	0	0.10565615590267528	0	0	0	0	0	0	0	0.10149047810225666	0.0005174705115425034	0	0.0006928402422583757	0.0006928398137327521	0.0006928404478935896	0	0	0
7.413102413009192e-6	0.00046817264796943873	0.00007332462064973108	0	0	0	0	0.10828876714308917	0	0	0	0	0	0	0	0.10398954055641017	0.0005314224305700018	0	0.0007136509522546782	0.0007136503064196696	0.0007136508211182883	0	0	0
7.943282347242822e-6	0.0004824762907926108	0.00007528113655243559	0	0	0	0	0.11202309807814498	0	0	0	0	0	0	0	0.10947672261313461	0.0005481419586917255	0	0.0007345059156191549	0.0007345050576330898	0.0007345055831635867	0	0	0
8.511380382023777e-6	0.0004972169394915025	0.0000772898580368893	0	0	0	0	0.11588620716720911	0	0	0	0	0	0	0	0.11525344500980632	0.000565387513952188	0	0.0007559703218710273	0.0007559692398861432	0.0007559697764420555	0	0	0
9.120108393559115e-6	0.0005156604584552267	0.00008025586279913335	0	0	0	0	0.1199888738179749	0	0	0	0	0	0	0	0.11777583241573497	0.0005865939835039892	0	0.0007843435409220479	0.0007843427518951044	0.0007843435206163757	0	0	0
9.772372209558111e-6	0.0005347881121793474	0.00008333568824203418	0	0	0	0	0.1242367853089911	0	0	0	0	0	0	0	0.12035342370927841	0.0006085958621155102	0	0.0008137816689199196	0.0008137811963659241	0.0008137822139243204	0	0	0
0.000010471285480509006	0.0005547952124695905	0.00008691106609466668	0	0	0	0	0.12930289076662435	0	0	0	0	0	0	0	0.12541482210902385	0.0006307730404476287	0	0.00084576114351482	0.0008457607549340755	0.0008457625828676836	0	0	0
0.000011220184543019652	0.000575550803709623	0.00009063983953397653	0	0	0	0	0.1345755809684131	0	0	0	0	0	0	0	0.13068907489189607	0.0006537583531582203	0	0.0008789973271686961	0.000878997029890829	0.000878999730320394	0	0	0
0.000012022644346174132	0.0005943089457030043	0.0000940182590197925	0	0	0	0	0.1381105420002041	0	0	0	0	0	0	0	0.13637894012609053	0.0006733195020136439	0	0.0009090679575594578	0.0009090675963230837	0.0009090727048489546	0	0	0
0.000012882495516931348	0.0006136784462224696	0.00009752260236294088	0	0	0	0	0.14173835754100989	0	0	0	0	0	0	0	0.14231652741670006	0.0006934659413555197	0	0.0009401673087257483	0.0009401668795027249	0.0009401745577329848	0	0	0
0.000013803842646028866	0.0006313015897628568	0.00010070853465867172	0	0	0	0	0.14599009032334095	0	0	0	0	0	0	0	0.14596473573124347	0.000712386521863089	0	0.0009684581231808502	0.0009684573837419337	0.0009684720804186161	0	0	0
0.000014791083881682102	0.0006494308211252192	0.00010399854707887609	0	0	0	0	0.1503693625520566	0	0	0	0	0	0	0	0.14970646392115045	0.0007318233330106825	0	0.0009976002437546577	0.000997599175819025	0.000997621306422053	0	0	0
0.00001584893192461114	0.0006714878195951118	0.00010706527235510663	0	0	0	0	0.1547763106204857	0	0	0	0	0	0	0	0.15536631777323578	0.0007584819166121278	0	0.001029926634491209	0.0010299246213783442	0.0010299470158898695	0	0	0
0.00001698243652461746	0.0006942939527929507	0.00011022242970163123	0	0	0	0	0.15931241526009599	0	0	0	0	0	0	0	0.16124014999865277	0.00078611160901481	0	0.001063300534532811	0.0010632975161095739	0.001063320168396315	0	0	0
0.000018197008586099864	0.0007201070277514423	0.00011377409766254564	0	0	0	0	0.16317636579168274	0	0	0	0	0	0	0	0.16603212245299748	0.0008158167600339749	0	0.0011010077941873827	0.0011010020318487225	0.0011010205350457864	0	0	0
0.000019498445997580493	0.0007468798040527665	0.00011744021007309531	0	0	0	0	0.16713403226930112	0	0	0	0	0	0	0	0.17096650980836753	0.000846644392882638	0	0.0011400522462767224	0.0011400435492130935	0.0011400575806069845	0	0	0
0.00002089296130854041	0.0007737157073276427	0.00012139542866604077	0	0	0	0	0.1731256026955685	0	0	0	0	0	0	0	0.1760901494814949	0.0008776895816973958	0	0.001180131863369649	0.0011801183050534	0.001180131564656921	0	0	0
0.000022387211385683423	0.0008015158430006577	0.0001254838533738967	0	0	0	0	0.1793319643028163	0	0	0	0	0	0	0	0.18136733784395154	0.0009098731513443556	0	0.0012216205173830946	0.0012216017667776033	0.0012216141829942482	0	0	0
0.000023988329190194948	0.0008285950443188923	0.0001303189319967851	0	0	0	0	0.1855482193116498	0	0	0	0	0	0	0	0.1887178657816312	0.0009396206218097473	0	0.0012648880447429383	0.0012648740231506746	0.0012648869716906923	0	0	0
0.000025703957827688645	0.0008565891160672513	0.0001353403133563288	0	0	0	0	0.1919799508334698	0	0	0	0	0	0	0	0.1963662988526444	0.0009703406586134108	0	0.0013096880274743204	0.001309679093426403	0.0013096925964229682	0	0	0
0.00002754228703338169	0.0008876762433320791	0.00014006602483485097	0	0	0	0	0.19903406673759327	0	0	0	0	0	0	0	0.20288751022536355	0.0010060168209658712	0	0.0013565956219113151	0.0013565884412964093	0.0013566057833601776	0	0	0
0.0000295120922666639	0.000919891577182138	0.00014495674515977352	0	0	0	0	0.20634737924517985	0	0	0	0	0	0	0	0.20962528726141894	0.0010430046758140622	0	0.001405183251875641	0.001405177961758808	0.0014051994005866227	0	0	0
0.000031622776601683856	0.0009481962381331296	0.00014944059225662957	0	0	0	0	0.2135895245045995	0	0	0	0	0	0	0	0.21446239495156943	0.0010746972040547322	0	0.0014484990459149166	0.0014484933868378546	0.0014485131464633595	0	0	0
0.000033884415613920276	0.000977371821105173	0.0001540631351055579	0	0	0	0	0.22108584632855893	0	0	0	0	0	0	0	0.2194111189982751	0.0011073527350216332	0	0.0014931500807569408	0.0014931440349995491	0.00149316199153035	0	0	0
0.000036307805477010174	0.001009518665016992	0.00015947886032974563	0	0	0	0	0.2278195262290612	0	0	0	0	0	0	0	0.22582363855819945	0.0011430473910038924	0	0.0015434285515582304	0.001543421675610779	0.0015434394011613803	0	0	0
0.00003890451449942813	0.0010427228543025684	0.00016508496256841998	0	0	0	0	0.2347582958978824	0	0	0	0	0	0	0	0.23242357071277167	0.001179892636518638	0	0.0015954000367849883	0.001595392281593181	0.0015954097402491832	0	0	0
0.00004168693834703355	0.0010807185641369841	0.00017088474198465422	0	0	0	0	0.24179373230056916	0	0	0	0	0	0	0	0.24047030547771903	0.0012239004618423248	0	0.0016528129270283443	0.001652801178384174	0.0016528162463152114	0	0	0
0.00004466835921509635	0.0011200987971549663	0.0001768882797611502	0	0	0	0	0.2490400126488838	0	0	0	0	0	0	0	0.24879562618891357	0.0012695496981128802	0	0.00171229190721158	0.0017122758877460113	0.0017122883702946562	0	0	0
0.0000478630092322639	0.0011587700393635	0.00018225703799586133	0	0	0	0	0.25686552534512896	0	0	0	0	0	0	0	0.25646748646767104	0.0013152440904741537	0	0.0017689397092064125	0.001768915081050431	0.0017689262581190902	0	0	0
0.00005128613839913659	0.0011987764003827505	0.00018778874408116817	0	0	0	0	0.2649369368762937	0	0	0	0	0	0	0	0.26437591617909084	0.001362583142746225	0	0.0018274615920500234	0.0018274278031717374	0.0018274375747379073	0	0	0
0.00005495408738576248	0.00123674758019338	0.0001935331015100328	0	0	0	0	0.27239684673566583	0	0	0	0	0	0	0	0.27277175394426056	0.0014052490181251612	0	0.0018846562447808217	0.001884616872484938	0.0018846315179336381	0	0	0
0.00005888436553555896	0.0012759214951393969	0.00019945317576597436	0	0	0	0	0.28006680754439356	0	0	0	0	0	0	0	0.28143421997420603	0.0014492508684363792	0	0.00194364093693857	0.001943595664841229	0.00194361547966872	0	0	0
0.00006309573444801943	0.0013190804715520772	0.00020613271322777533	0	0	0	0	0.2885366082630514	0	0	0	0	0	0	0	0.28940213559809475	0.0014987423977472463	0	0.0020091373764834866	0.0020090810636447963	0.0020090983172199287	0	0	0
0.00006760829753919819	0.0013636993318620766	0.00021303594339605923	0	0	0	0	0.29726255330971163	0	0	0	0	0	0	0	0.29759563743319717	0.0015499240495392425	0	0.002076840902487409	0.0020767728562647637	0.0020767873535067613	0	0	0
0.00007244359600749906	0.0014081903265631226	0.00021969646413194337	0	0	0	0	0.30625757037872653	0	0	0	0	0	0	0	0.30657762180773446	0.0016010236500927453	0	0.002143547876696159	0.002143481458954359	0.0021434991789413198	0	0	0
0.00007762471166286927	0.001454132849884336	0.00022656522454685187	0	0	0	0	0.3155247721920745	0	0	0	0	0	0	0	0.3158306990114573	0.0016538079584727506	0	0.0022123974417999487	0.0022123328273582683	0.0022123539621733248	0	0	0
0.00008317637711026725	0.001502107282873487	0.00023347613837755435	0	0	0	0	0.3243812023235605	0	0	0	0	0	0	0	0.32444252384746197	0.0017099772298768453	0	0.002283273082086736	0.002283206489830411	0.0022832354020655247	0	0	0
0.00008912509381337459	0.0015516644778646228	0.00024059785565380391	0	0	0	0	0.3334862226184405	0	0	0	0	0	0	0	0.3332891691972367	0.0017680542119277005	0	0.0023564192711868436	0.002356350640707419	0.0023563878070054093	0	0	0
0.00009549925860214369	0.0016037681923131754	0.00024823489209945356	0	0	0	0	0.34245897651282403	0	0	0	0	0	0	0	0.3410637205084658	0.0018291006340784705	0	0.002433405792614942	0.002433334760860481	0.0024333722100805012	0	0	0
0.00010232929922807557	0.0016576215099124488	0.00025611434269926853	0	0	0	0	0.3516731506128669	0	0	0	0	0	0	0	0.3490196267921247	0.0018922548341651576	0	0.0025129075389667506	0.0025128340222889357	0.002512871733247121	0	0	0
0.00010964781961431851	0.0017099019681943806	0.0002644479665373983	0	0	0	0	0.360581952332127	0	0	0	0	0	0	0	0.3579292477176263	0.0019524322106320136	0	0.0025911029752784015	0.002591022616612605	0.0025910723972885977	0	0	0
0.00011748975549395303	0.001763831322983637	0.00027305275553380655	0	0	0	0	0.36971643732557097	0	0	0	0	0	0	0	0.3670663095631858	0.0020145233444707833	0	0.0026717316591987027	0.0026716441039280406	0.0026717066689733136	0	0	0
0.00012589254117941688	0.0018193222250584644	0.00028232535163151925	0	0	0	0	0.37862092730813623	0	0	0	0	0	0	0	0.3767215539639184	0.002077948198525919	0	0.0027525229036893576	0.0027524264622148407	0.0027524979426619117	0	0	0
0.0001348962882591656	0.00187655889509474	0.00029191283573767873	0	0	0	0	0.3877398787910415	0	0	0	0	0	0	0	0.38663076812980957	0.0021433699081265323	0	0.002835757217327264	0.0028356514323004014	0.0028357323101152565	0	0	0
0.0001445439770745928	0.0019337398447417285	0.00030047360885234625	0	0	0	0	0.39696505011571	0	0	0	0	0	0	0	0.395647113009862	0.002210728438950463	0	0.002919514408082182	0.0029194123302523204	0.0029194917770341976	0	0	0
0.00015488166189124827	0.0019926631649644865	0.0003092854392257172	0	0	0	0	0.4064097082422889	0	0	0	0	0	0	0	0.4048737217429149	0.002280203810016265	0	0.003005745459067537	0.0030056473997281973	0.0030057252603733365	0	0	0
0.00016595869074375631	0.002053450607848677	0.0003185161073968743	0	0	0	0	0.41472513495425517	0	0	0	0	0	0	0	0.41277627959654867	0.002351324929364832	0	0.00309336757585818	0.0030932655636551256	0.0030933409039721263	0	0	0
0.00017782794100389227	0.0021160924099027194	0.0003280222661798725	0	0	0	0	0.4232107011092499	0	0	0	0	0	0	0	0.42083308411346493	0.0024246643651617593	0	0.0031835440125190123	0.0031834379003205368	0.0031835105072106715	0	0	0
0.00019054607179632481	0.0021765650157144793	0.0003360842688557684	0	0	0	0	0.4314672972940828	0	0	0	0	0	0	0	0.4289959736491648	0.002496578762201005	0	0.003273280909359771	0.0032731767641955385	0.0032732594958165893	0	0	0
0.00020417379446695317	0.0022387657767034717	0.0003443444162731886	0	0	0	0	0.4398849748985992	0	0	0	0	0	0	0	0.43731719856316076	0.002570626106206376	0	0.0033655472861207035	0.0033654453032021963	0.0033655386726966076	0	0	0
0.00021877616239495564	0.0023005567734174577	0.00035130516244333846	0.002296175221926225	0.0003468736855580729	0	0	0.4478888766658589	0	0	0	0	0	0	0	0.44523764477900885	0.002646644751428043	0	0.0034575575274259657	0.0034574514678346346	0.0034575521878582763	0	0	0
0.00023442288153199226	0.002364053230932506	0.0003584066165354278	0.0023613279862168468	0.0003556471943783741	0	0	0.45603841296749936	0	0	0	0	0	0	0	0.45330154171772974	0.002724911422687959	0	0.003552083224253126	0.003551972941309664	0.0035520813439903253	0	0	0
0.0002511886431509582	0.002430204510478628	0.0003679502194306897	0.002426832485082577	0.0003645329987888832	0	0	0.46346388497085245	0	0	0	0	0	0	0	0.46063150106281237	0.0028044133707409	0	0.003647333151394869	0.0036472284947868553	0.003647343102393496	0	0	0
0.00026915348039269194	0.0024982068446999747	0.0003777479480926655	0.002494154113714566	0.0003736408140046792	0	0	0.4710102626543077	0	0	0	0	0	0	0	0.4680799870376456	0.0028862348656574885	0	0.003745137227200295	0.0037450385779910986	0.0037451596453680893	0	0	0
0.00028840315031266115	0.0025684245975897847	0.000389729599998751	0.0025611401445756925	0.0003823431634084511	0	0	0.4773412857633228	0	0	0	0	0	0	0	0.4740188837599143	0.0029687141996008093	0	0.0038412624451714845	0.003841163727035106	0.0038412905635761105	0	0	0
0.0003090295432513592	0.0026406159792170853	0.0004020912936313991	0.0026299252336048217	0.00039124819646536537	0	0	0.4837574064950122	0	0	0	0	0	0	0	0.48003313190769753	0.0030535505283295094	0	0.003939854877818525	0.003939756152206264	0.003939888974310637	0	0	0
0.0003311311214825914	0.0027072171809566603	0.0004104410339503055	0.0026965924368114996	0.00039966632432594746	0	0	0.4894074005900225	0	0	0	0	0	0	0	0.485504398181879	0.003136449257886958	0	0.004034712927340453	0.0040346120567143024	0.004034747818377212	0	0	0
0.000354813389233576	0.0027754981877523596	0.0004189641631599873	0.0027649496180930763	0.0004082655773068946	0	0	0.4951233832008578	0	0	0	0	0	0	0	0.4910380242238631	0.003221598547668805	0	0.0041318548299072696	0.00413175176820746	0.0041318905339834	0	0	0
0.00038018939632056124	0.002840243897216096	0.000424622364522762	0.0028323710862858554	0.0004166593829462014	0	0	0.4993192344082669	0	0	0	0	0	0	0	0.49529234330461275	0.0033064982938849964	0	0.0042273949590770285	0.004227280776562997	0.004227422977973916	0	0	0
0.00040738027780411304	0.0029064999686438516	0.00043035698111499357	0.0029014365823999957	0.0004252257624615026	0	0	0.5035506427473985	0	0	0	0	0	0	0	0.49958352150817686	0.0033936354284042187	0	0.00432514424531004	0.00432501848281459	0.0043251642045495	0	0	0
0.00043651583224016654	0.0029736775247872368	0.00043894574499573496	0.0029683141215995786	0.0004335096139322	0	0	0.506887114920007	0	0	0	0	0	0	0	0.5028665525532933	0.0034787187855127247	0	0.004419763785089345	0.004419634867317509	0.004419769762825702	0	0	0
0.00046773514128719906	0.003042407747057612	0.0004477059174238828	0.0030367331748465567	0.00044195484366650817	0	0	0.5102456941968746	0	0	0	0	0	0	0	0.5061711581547742	0.0035659353056582137	0	0.004516453280643595	0.0045163211297300845	0.004516444655636618	0	0	0
0.0005011872336272725	0.003107984992225219	0.00045670113296810967	0.003101111874474394	0.00044973110709253236	0	0	0.5120028085025915	0	0	0	0	0	0	0	0.5079294251609426	0.0036494952764922124	0	0.004606872113894533	0.004606739744065866	0.004606865959066543	0	0	0
0.0005370317963702533	0.003174975714954447	0.00046587707853965586	0.0031668554016083474	0.00045764419506915804	0	0	0.5137659737181316	0	0	0	0	0	0	0	0.5096937997906194	0.003735013294269654	0	0.0046991011209474385	0.004698968576405091	0.004699097538662199	0	0	0
0.0005754399373371578	0.0032359292665843403	0.00047199791845151546	0.0032287022388508167	0.00046467674628081527	0	0	0.5140513142149806	0	0	0	0	0	0	0	0.5106215740190654	0.0038177016262188326	0	0.004784500022792107	0.004784367957957394	0.004784506528161468	0	0	0
0.0006165950018614823	0.0032980530115605277	0.0004781991758875509	0.0032917569087196007	0.0004718173656753041	0	0	0.5143368131870952	0	0	0	0	0	0	0	0.5115510370359944	0.003902220570190468	0	0.004871450917719829	0.004871319393806489	0.004871467878603928	0	0	0
0.0006606934480075965	0.0033590421295406035	0.0004858855169283747	0.0033515950187222782	0.0004783327677197125	0	0	0.513297600625215	0	0	0	0	0	0	0	0.5106528457824487	0.003984808298951873	0	0.004953122423897958	0.0049529799559597165	0.004953122232410721	0	0	0
0.0007079457843841388	0.0034211590864301616	0.0004936954044777969	0.0034125208759395757	0.00048493814200102495	0	0	0.5122604877822753	0	0	0	0	0	0	0	0.5097562315905632	0.004069143938375745	0	0.005036163180230516	0.005036009438290838	0.005036145256536543	0	0	0
0.0007585775750291852	0.0034779057621412307	0.0005007992051891452	0.0034678351094556865	0.000490584047359054	0	0	0.5099523908912719	0	0	0	0	0	0	0	0.5074694537277141	0.004148355071091507	0	0.0051103920413767025	0.005110236485615058	0.005110374062259664	0	0	0
0.0008128305161640995	0.003535593693468573	0.0005080052227412602	0.0035240459424478792	0.0004962956853220299	0	0	0.5076546936141086	0	0	0	0	0	0	0	0.5051929344015346	0.004229108150624868	0	0.005185714974265579	0.005185557584612934	0.005185696941985508	0	0	0
0.0008709635899560814	0.003585060751288265	0.0005127318726768186	0.00357349067905206	0.0005010003130017259	0	0	0.5040786855602475	0	0	0	0	0	0	0	0.5012550700787207	0.004303243651812188	0	0.00524992057780083	0.0052497624828405165	0.005249903652130604	0	0	0
0.0009332543007969925	0.003635219910639267	0.0005175025009390024	0.003623629158591998	0.0005057495381306019	0	0	0.5005278675297667	0	0	0	0	0	0	0	0.4973479005150156	0.00437867873493039	0	0.00531492112659354	0.005314762332987765	0.005314905337700177	0	0	0
0.001	0.0036767109219342274	0.0005203333794977275	0.0036658295509596085	0.000509304663956895	0	0	0.49539621843797155	0	0	0	0	0	0	0	0.49213656480884616	0.0044466338054536874	0	0.0053683814709666895	0.005368219822177134	0.005368369119351639	0	0	0
0.001071519305237607	0.003718675495781271	0.000523179743727342	0.003708521404522071	0.0005128847802551269	0	0	0.4903171814465399	0	0	0	0	0	0	0	0.48697983478174817	0.00451564350726861	0	0.005422379548328237	0.005422215002983055	0.005422370704739355	0	0	0
0.001148153621496884	0.00375114292541938	0.0005244320855555916	0.0037421249870888914	0.0005152965855027261	0	0	0.4839573254550034	0	0	0	0	0	0	0	0.48062823003085353	0.004575743639267035	0	0.0054647825808504975	0.00546461612035714	0.00546477631499014	0	0	0
0.0012302687708123836	0.0037838938253383675	0.0005256874251299757	0.003776033057789431	0.0005177197320978871	0	0	0.4776799625307374	0	0	0	0	0	0	0	0.4743594683055425	0.004636643662988619	0	0.005507517205278314	0.005507348809746273	0.0055075135580042725	0	0	0
0.0013182567385564075	0.003808827420011153	0.0005273542904056299	0.0038003933034727057	0.0005188028147936625	0	0	0.4701120786671898	0	0	0	0	0	0	0	0.4669628589118201	0.004687906443141156	0	0.005535652619425373	0.005535485289574687	0.005535648394277734	0	0	0
0.0014125375446227555	0.003833925312143651	0.0005290264410271286	0.003824910703916197	0.0005198881633256683	0	0	0.4626640927911333	0	0	0	0	0	0	0	0.4596815836353208	0.004739735985119704	0	0.00556393176467663	0.005563765515790795	0.005563926955846446	0	0	0
0.0015135612484362103	0.003847709803189944	0.0005286743034110161	0.003838578716585278	0.0005194170554666262	0	0	0.4538367889541323	0	0	0	0	0	0	0	0.45066846926234355	0.004780703341488677	0	0.0055761378300685695	0.005575973106429365	0.00557613311067374	0	0	0
0.0016218100973589332	0.003861543854980888	0.0005283224001894272	0.003852295570805121	0.0005189463745121196	0	0	0.44517790383439265	0	0	0	0	0	0	0	0.4418320777201091	0.0048220247944345705	0	0.005588370672933463	0.0055882074820337605	0.005588366043389537	0	0	0
0.0017378008287493763	0.003862833848763293	0.0005262384067353737	0.0038535473720317246	0.0005168231934266871	0	0	0.4351780490662538	0	0	0	0	0	0	0	0.4318809795638711	0.004849593775913492	0	0.005581871033736141	0.005581713041221892	0.005581872034387428	0	0	0
0.0018620871366628695	0.0038641242734831693	0.0005241626336950582	0.0038547995800304155	0.0005147086989766045	0	0	0.42540281707144284	0	0	0	0	0	0	0	0.42215400355608784	0.004877320377639538	0	0.005575378954042678	0.005575226148047	0.0055753855718045356	0	0	0
0.001995262314968883	0.0038520320349997414	0.0005202135129456849	0.0038426707319925636	0.0005107219230254527	0	0	0.4146340146361238	0	0	0	0	0	0	0	0.41125252047913635	0.004890292518350265	0	0.00554965880548407	0.005549508639900135	0.00554966874777268	0	0	0
0.0021379620895022326	0.003839977637491709	0.0005162941454707545	0.00383058004649771	0.0005067660274198561	0	0	0.4041378176026434	0	0	0	0	0	0	0	0.4006325515706544	0.004903299160881985	0	0.00552405730823999	0.005523909761959062	0.005524070544243351	4.06269581706536e-11	4.06269581706536e-11	4.06269581706536e-11
0.0022908676527677745	0.003812449503128924	0.0005103661550838767	0.0038032307880722237	0.0005010193632271422	0	0	0.39278711945906974	0	0	0	0	0	0	0	0.389078196337959	0.004899306862007319	0	0.005478790573059216	0.00547864449893516	0.005478799299481154	3.791528344106191e-11	3.791528344106191e-11	3.791528344106191e-11
0.0024547089156850338	0.0037851187131918216	0.0005045062287460208	0.003776076795618823	0.0004953378654969717	0	0	0.3817552193659008	0	0	0	0	0	0	0	0.3778570719531313	0.004895317813689021	0	0.00543389477489079	0.005433750158704163	0.005433899064753302	3.5384601337307935e-11	3.5384601337307935e-11	3.5384601337307935e-11
0.002630267991895387	0.0037436711648175945	0.0004965473525758711	0.0037349114975379454	0.0004876663283416611	0	0	0.36951665536481065	0.36885217297789796	0	0	0	0	0	0	0.3659799110770771	0.00487263356045398	0	0.005367304871509019	0.005367160252095228	0.005367306877848023	3.302283138002957e-11	3.302283138002957e-11	3.302283138002957e-11
0.002818382931264455	0.0037026774725563254	0.0004887140322587177	0.0036941949672808783	0.00048011360399357754	0	0	0.35767044342915605	0.35716621153917716	0	0	0	0	0	0	0.35447608435551353	0.004850054423038679	0	0.005301530997037657	0.0053013863961939465	0.005301530775176922	3.0818699409906485e-11	3.0818699409906485e-11	3.0818699409906485e-11
0.003019951720402019	0.0036459715924649144	0.0004791678442333226	0.003637447638152141	0.00047052425666010083	0	0	0.34517282646306624	0.34481587884024023	0	0	0	0	0	0	0.3422346217555062	0.00480663945696157	0	0.00521262402176299	0.005212483590614638	0.0052126254019496015	2.8761683769264895e-11	2.8761683769264895e-11	2.8761683769264895e-11
0.0032359365692962876	0.003590134153349195	0.0004698081245714301	0.003581572017038753	0.00046112643812630256	0	0	0.33311189760666104	0.33289260422475747	0	0	0	0	0	0	0.33041590532428444	0.004763613117302861	0	0.005125208021502314	0.005125071660864635	0.005125210950066303	2.6841965075829467e-11	2.6841965075829467e-11	2.6841965075829467e-11
0.0034673685045253167	0.003518916834323101	0.00045881331151263505	0.0035100797415114726	0.00044985030320918065	0	0	0.3204379513688453	0.32038660187675166	0	0	0	0	0	0	0.31780296575639433	0.0046991453107864956	0	0.005015920479786329	0.005015788689454929	0.005015924251322196	2.5050379348860514e-11	2.5050379348860514e-11	2.5050379348860514e-11
0.003715352290971728	0.0034491122498391193	0.0004480758075719143	0.003440014533605825	0.00043884990875748474	0.0034472267109011277	0.00044616132532546143	0.3082462122043673	0.30835042100493165	0	0	0	0	0	0	0.3056714989081271	0.004635549971864511	0	0.004908963334558488	0.004908835981625988	0.004908967911784516	2.3378374263920187e-11	2.3378374263920187e-11	2.3378374263920187e-11
0.003981071705534978	0.00336248045948978	0.0004345399124144737	0.0033539409628543615	0.0004258818939905676	0.003361427730659083	0.0004334741096270133	0.2956047680977372	0.29559535980123486	0	0	0	0	0	0	0.2930794510012335	0.004548916726215933	0	0.004779513616336194	0.004779390094331842	0.004779517695262074	2.1817968327445192e-11	2.1817968327445192e-11	2.1817968327445192e-11
0.004265795188015935	0.0032780246108191947	0.0004214129223008159	0.0032700210631149054	0.00041329708405892353	0.003277764224996443	0.00042114767249237664	0.28348176056152985	0.28336791774519426	0	0	0	0	0	0	0.2810061288213242	0.0044639025590579645	0	0.0046534774965471684	0.004653357691986079	0.004653481100270438	2.0361712776240747e-11	2.0361712776240747e-11	2.0361712776240747e-11
0.004570881896148752	0.0031791191601998796	0.000406747727334984	0.0031714493563480034	0.00039897097277121895	0.0031789442555308	0.0004065699870193753	0.27103046678841036	0.27079417603231	0	0	0	0	0	0	0.26854213396682086	0.004355727599927439	0	0.0045069747996835385	0.004506860294829095	0.00450697901811389	1.9002656020019742e-11	1.9002656020019742e-11	1.9002656020019742e-11
0.004897788193684466	0.003083197911752174	0.0003925928820333521	0.003075849000892728	0.0003851414472871495	0.0030831035688002315	0.0003924968963183028	0.2591260678713032	0.2587783626195672	0	0	0	0	0	0	0.25663097818520403	0.004250174073865411	0	0.004365084361115821	0.004364974941016793	0.004365089151976644	1.7734310457249254e-11	1.7734310457249254e-11	1.7734310457249254e-11
0.005248074602497733	0.002972786287490774	0.0003764296932781036	0.002966091553248305	0.0003696439548513216	0.0029727349170103083	0.00037637775424637565	0.24669447571541203	0.24646969291330967	0	0	0	0	0	0	0.24448739784973864	0.0041215755093177596	0	0.004203425925166144	0.004203320432075004	0.004203429037356416	1.655062150589691e-11	1.655062150589691e-11	1.655062150589691e-11
0.005623413251903491	0.002866328586111063	0.0003609319487596047	0.002860250649397135	0.0003547700573920679	0.002866317231844151	0.000360920596367374	0.23485929010711398	0.23474647922587916	0	0	0	0	0	0	0.23291844238772705	0.003996867983234963	0	0.004047754418162565	0.004047652711285351	0.004047755969449133	1.5445938701241482e-11	1.5445938701241482e-11	1.5445938701241482e-11
0.0060255958607435805	0.0027471097137966526	0.00034407273040020105	0.002741594981501863	0.0003384837496816841	0.002747473509925809	0.0003444441725599175	0.22290253857060327	0.22280918231809324	0	0	0	0	0	0	0.2211992575472455	0.003850639840397613	0	0.0038746564981114204	0.0038745564932711474	0.0038746559477104195	1.4414988722780301e-11	1.4414988722780301e-11	1.4414988722780301e-11
0.006456542290346563	0.002632849498205963	0.0003280010101956904	0.0026278616680606086	0.00032294509193022596	0.0026335573061769444	0.0003287199156950384	0.2115545085679123	0.21147891925351778	0	0	0	0	0	0	0.21006971812907327	0.0037097615539596587	0	0.003708960926827182	0.0037088626644508774	0.0037089584516555867	1.345285022147483e-11	1.345285022147483e-11	1.345285022147483e-11
0.006918309709189377	0.002508100377880569	0.000311670378202169	0.0025027324599137383	0.000306226442201436	0.002508550240876166	0.0003121268017625306	0.20012786363860077	0.2000988386767303	0	0	0	0	0	0	0.19875940177160306	0.0035490415467320444	0	0.0035279174969748534	0.003527822316445778	0.0035279138780839325	1.255493032716913e-11	1.255493032716913e-11	1.255493032716913e-11
0.007413102413009177	0.0023892620940965613	0.00029615282157432696	0.002383561449232803	0.00029037330569993663	0.002389476885974802	0.0002963712745317446	0.1893184034491678	0.1893311417568641	0	0	0	0	0	0	0.18805804160851164	0.00339528449934633	0	0.0033557112385404347	0.0033556190731196854	0.003355706593483557	1.1716942724037182e-11	1.1716942724037182e-11	1.1716942724037182e-11
0.00794328234724282	0.002261433246351151	0.00027929974854165243	0.0022558587813659835	0.0002736470780640462	0.0022613236379405736	0.0002791874909267646	0.1786033859579929	0.17858648071117214	0	0	0	0	0	0	0.17736509847818452	0.003225388687408575	0	0.0031718390981884353	0.0031717525913660845	0.003171835906693383	1.0934887189399708e-11	1.0934887189399708e-11	1.0934887189399708e-11
0.008511380382023776	0.0021404434198903	0.0002634057278966431	0.002134997964119607	0.00025788432291490255	0.0021400435490811056	0.00026300003336400773	0.16849481558312807	0.1684515859190163	0	0	0	0	0	0	0.16728015398386584	0.0030639942505159847	0	0.002998042009470593	0.0029979608178483663	0.002998040126191599	1.0205030498237191e-11	1.0205030498237191e-11	1.0205030498237191e-11
0.009120108393559097	0.0020128150116137467	0.00024679035842249615	0.002007588441285392	0.0002414904273428521	0.0020125658650101278	0.0002465380428927039	0.1584034436803734	0.1583617412682938	0	0	0	0	0	0	0.15722813025462049	0.002890631948326526	0	0.002815858794644571	0.002815781738092102	0.002815857403057171	9.523888602244334e-12	9.523888602244334e-12	9.523888602244334e-12
0.009772372209558112	0.0018927967136759343	0.00023122306981191563	0.0018877822917478483	0.0002261387037376329	0.0018926817460061184	0.00023110645963014045	0.14891645706109002	0.14887625403290963	0	0	0	0	0	0	0.147780142202333	0.0027270785704897656	0	0.0026447463799139045	0.0026446732556909556	0.0026447454272148494	8.888209998355963e-12	8.888209998355963e-12	8.888209998355963e-12
0.010471285480509006	0.0017688504407440252	0.00021537577761807244	0.0017640722772006194	0.00021053063395627463	0.0017686342669287574	0.00021515608394287388	0.13953958822314516	0.1394827206681306	0.13880479863573733	0	0	0	0	0	0.13856210624166831	0.002555686214953112	0	0.00246875284074875	0.0024686828472045797	0.0024687520336882413	8.294960207352515e-12	8.294960207352515e-12	8.294960207352515e-12
0.011220184543019653	0.0016530205590033673	0.00020061460831880622	0.0016484692185063908	0.00019599983152576502	0.0016527169328680732	0.00020030656231642476	0.13075315559983539	0.13068188403426012	0.1299695151160926	0	0	0	0	0	0.12991906084269741	0.0023950655840943896	0	0.002304470717870281	0.0023044037621539255	0.0023044700412841335	7.74130728845163e-12	7.74130728845163e-12	7.74130728845163e-12
0.012022644346174132	0.0015356117947938673	0.00018599787723305752	0.0015311144494852267	0.00018143692223554083	0.00153529006993797	0.00018567135476236666	0.12218311116130799	0.12212601479863675	0.12118486308394286	0	0	0	0	0	0.1213913394658288	0.002230246831191056	0	0.002138385790528748	0.0021383225326198933	0.0021383852335791578	7.2246083207385865e-12	7.2246083207385865e-12	7.2246083207385865e-12
0.01288249551693135	0.0014265421996516345	0.00017244611758395292	0.001422114183937586	0.00016795604615597984	0.0014262064797506914	0.00017210545466221004	0.11417477906801136	0.11413030659006032	0.11299396652789072	0	0	0	0	0	0.11342336683875699	0.0020767702400594106	0	0.001984270728057326	0.001984210982729912	0.0019842702770140217	6.74239678690301e-12	6.74239678690301e-12	6.74239678690301e-12
0.013803842646028866	0.0013177126006116138	0.00015912474211099404	0.0013132828070327076	0.00015463195462205764	0.0013173609179055615	0.000158767819151231	0.10631572132137879	0.10633741918835163	0.10501316760365513	0	0	0	0	0	0.10564427749030231	0.0019225742274690445	0	0.0018309335856555435	0.0018308773728309441	0.0018309334990855854	6.292370799057044e-12	6.292370799057044e-12	6.292370799057044e-12
0.014791083881682071	0.0012171855120967686	0.0001468324361640871	0.0012127800641663577	0.00014236487424830238	0.001216822257271157	0.0001464638087590661	0.09899763058312672	0.09907663492270008	0.0975960549843284	0	0	0	0	0	0.09839871340015961	0.0017798269586251675	0	0.001689445773542965	0.0016893929040411087	0.0016894459978095539	5.872382110429394e-12	5.872382110429394e-12	5.872382110429394e-12
0.01584893192461114	0.0011177888352982743	0.00013445229505329199	0.0011137844279554474	0.00013039156446639509	0.0011176022985214778	0.00013426331037904397	0.0919220936042186	0.09199446878286677	0.09037918353493256	0	0	0	0	0	0.09138717770796706	0.001638438342510363	0	0.0015503625438181986	0.001550313851822564	0.0015503635268396137	5.48042586048154e-12	5.48042586048154e-12	5.48042586048154e-12
0.01698243652461746	0.0010265089979300853	0.00012311598252647468	0.0010228695116362672	0.00011942524568483424	0.0010264727573783636	0.00012307911877120056	0.08535225785517837	0.08541854790733143	0.08369597334392943	0	0	0	0	0	0.08487525863741631	0.0015082815715308298	0	0.0014227293085789631	0.0014226844645811466	0.0014227309239069964	5.114631004493444e-12	5.114631004493444e-12	5.114631004493444e-12
0.018197008586099864	0.0009376829109489022	0.00011206451635643637	0.0009344839156530528	0.0001088209457737046	0.0009381353959911655	0.000112524351753584	0.07903146562055745	0.07906760134413524	0.07721459972530835	0	0	0	0	0	0.07861247475153979	0.0013812858735133189	0	0.0012988395495380405	0.0012987984122631124	0.0012988417018164275	4.773251381933138e-12	4.773251381933138e-12	4.773251381933138e-12
0.019498445997580455	0.0008565431411303554	0.00010200508145643454	0.0008537356707575772	0.00009915824892112742	0.0008574002718389673	0.00010287471883107972	0.07317876193423302	0.0731888534220626	0.07123514038411072	0	0	0	0	0	0.07281180977558925	0.0012649830776828913	0	0.0011857379792992123	0.001185700243232656	0.0011857405627655254	4.454657380974289e-12	4.454657380974289e-12	4.454657380974289e-12
0.02089296130854041	0.0007785639756178089	0.000092450595821132	0.0007760609997978927	0.00008991277880645658	0.0007794994412318953	0.0000934000945061607	0.06754712376758838	0.06756852337714299	0.0654172140259803	0	0	0	0	0	0.06723412669058829	0.001152885456789356	0	0.0010771099797459026	0.0010770740166947013	0.0010771120019902904	4.157328159371312e-12	4.157328159371312e-12	4.157328159371312e-12
0.022387211385683423	0.0007076839858058687	0.00008379104791296801	0.0007054533341366301	0.00008152935212812429	0.0007086764476731559	0.00008479807043831514	0.06234888113267622	0.06237979060881503	0.060074450163861204	0	0	0	0	0	0.06208371699286602	0.0010507214680776913	0	0.0009784336242260655	0.000978399426043829	0.000978435166395628	3.879844384557714e-12	3.879844384557714e-12	3.879844384557714e-12
0.02398832919019495	0.0006403014779212654	0.00007585256589530329	0.0006380415113646118	0.00007356080799492537	0.000640986591722816	0.00007654760083178193	0.05736578573300039	0.057427859275768704	0.05492196790507542	0	0	0	0	0	0.05716686585651403	0.0009528079742565299	0	0.0008843434727683872	0.0008843108208327373	0.0008843440591920026	3.6208814583115397e-12	3.6208814583115397e-12	3.6208814583115397e-12
0.025703957827688646	0.0005793348314379193	0.00006866618685659005	0.0005770714383576697	0.00006637109619566888	0.0005797621920658563	0.00006909986468812709	0.05278095312988444	0.052869029998498594	0.05021140518703778	0	0	0	0	0	0.05263941513411973	0.0008640187370186173	0	0.0007993014124454892	0.0007992703256214307	0.0007993012126793947	3.3792031936453298e-12	3.3792031936453298e-12	3.3792031936453298e-12
0.02754228703338169	0.0005215008147272676	0.00006177322239941292	0.0005193533428661964	0.0000595954744925182	0.0005217410001724589	0.00006201671796119436	0.04845783462739985	0.04851242625485703	0.04568711864175728	0	0	0	0	0	0.048334160451472354	0.0007800696411556299	0	0.0007188978206249548	0.0007188690084312112	0.000718897656564587	3.15365591373643e-12	3.15365591373643e-12	3.15365591373643e-12
0.0295120922666639	0.0004694402701218333	0.00005557219907342364	0.00046740815229728095	0.000053511555233588933	0.0004695264282256548	0.00005565963586234287	0.0444888088890329	0.04451482278376918	0.04157049184365091	0	0	0	0	0	0.0443810224827974	0.0007042771400448934	0	0.000646582213483271	0.0006465555328619046	0.0006465820799665825	2.9431629447283863e-12	2.9431629447283863e-12	2.9431629447283863e-12
0.03162277660168379	0.0004204880955993105	0.00004975608596812495	0.0004185644582269424	0.000047805240644934854	0.00042048252718802876	0.000049750343602712346	0.040710831823032416	0.04076342871318912	0.03759927077102841	0	0	0	0	0	0.04062889304802943	0.0006330758508534652	0	0.0005786326556000111	0.0005786084207174153	0.00057863253667837	2.7467194761141076e-12	2.7467194761141076e-12	2.7467194761141076e-12
0.03388441561392028	0.0003766405436304964	0.00004454867959420691	0.00037482488234262735	0.00004270743063146158	0.00037656145648410207	0.00004446843121125213	0.03725367950077416	0.037328175572589585	0.03400741968197384	0	0	0	0	0	0.03719398197614854	0.0005690728977917557	0	0.0005178239412479334	0.0005178019327175202	0.0005178238353282984	2.5633877641663472e-12	2.5633877641663472e-12	2.5633877641663472e-12
0.03630780547701017	0.000335592898539097	0.00003970025395505485	0.0003338620998517078	0.00003794487198862351	0.0003355103158459301	0.00003961644500558298	0.03400264947607297	0.03408074494746977	0.030613846270395217	0	0	0	0	0	0.03396608170141135	0.000509045858008654	0	0.0004609151452682843	0.00046089522148630733	0.00046091529193673856	2.3922926555186255e-12	2.3922926555186255e-12	2.3922926555186255e-12
0.038904514499428125	0.0002990187738799598	0.00003537950346570548	0.00029737593998763016	0.00003371341447950152	0.0002989343972961507	0.00003529386290747422	0.031035328238346465	0.031115830290601814	0.027558914855400563	0	0	0	0	0	0.031018316535368077	0.00045535060018020895	0	0.0004102606199043354	0.0004102425884624831	0.00041026096492147906	2.2326174095278108e-12	2.2326174095278108e-12	2.2326174095278108e-12
0.04168693834703355	0.00026488589814825534	0.00003129299499224051	0.0002634004973067252	0.00002978652150320693	0.00026490852993929455	0.00003131597084176649	0.028251425543533902	0.028323429368121603	0.02467310595379331	0	0	0	0	0	0.02823905107985765	0.0004055432066072927	0	0.0003631374660372183	0.00036312082041574395	0.0003631375268651091	2.083599799476069e-12	2.083599799476069e-12	2.083599799476069e-12
0.04466835921509635	0.0002346492767908111	0.000027678498555911258	0.00023330677654794776	0.000026317027716088057	0.00023475561818693896	0.000027786418061783886	0.025717241948022086	0.02578162445542299	0.022089482136769006	0	0	0	0	0	0.02570880998591706	0.00036118387097817847	0	0.00032142694873000616	0.00032141160846702494	0.00032142678610173436	1.9445284740007888e-12	1.9445284740007888e-12	1.9445284740007888e-12
0.0478630092322639	0.00020668271639594444	0.000024373568235339193	0.00020544170814726598	0.00002311493988339952	0.00020686876024976882	0.000024562247021096184	0.023328865806742257	0.0233994132671036	0.019698907375747646	0	0	0	0	0	0.023339070768995163	0.00032047529787300054	0	0.00028284086422197894	0.00028282668894643405	0.0002828404169888143	1.8147395613834449e-12	1.8147395613834449e-12	1.8147395613834449e-12
0.05128613839913648	0.0001820493369552947	0.000021463260636146892	0.00018090471297473276	0.000020302461644882084	0.00018229461044548274	0.000021712189652652887	0.02116229963263409	0.021237317384379784	0.01756704613515423	0	0	0	0	0	0.02118776499801243	0.00028435493608460106	0	0.00024888689262030154	0.0002488738236989032	0.0002488862314576558	1.6936135004875473e-12	1.6936135004875473e-12	1.6936135004875473e-12
0.05495408738576248	0.00015937309886070235	0.000018792808200298246	0.00015831527085345335	0.000017719940121835114	0.00015961415297989243	0.000019037419840479355	0.01913900160452064	0.01922160432400523	0.015625601831376755	0	0	0	0	0	0.019184521924389606	0.00025138672392716586	0	0.00021765039869204095	0.00021763870241921232	0.00021765001093363836	1.5805720832178495e-12	1.5805720832178495e-12	1.5805720832178495e-12
0.05888436553555896	0.00013952143449278548	0.0000164546126536997	0.00013854655621328655	0.000015465921493346356	0.00013975551865866924	0.00001669216048591371	0.017309148286180367	0.017397210113757812	0.013898718698308983	0	0	0	0	0	0.017370679800437234	0.0002222408579819108	0	0.00019033423396496024	0.0001903237716475331	0.000190334061398139	1.475075694382717e-12	1.475075694382717e-12	1.475075694382717e-12
0.06309573444801943	0.00012135515729381578	0.000014334305180497113	0.00012043616816208781	0.00001340221126787814	0.00012151655952578979	0.000014498102766594253	0.015602794329392001	0.015697097530931303	0.012362360392129972	0	0	0	0	0	0.015676084924935576	0.00019601338914775407	0	0.0001653139282894934	0.00016530460107825543	0.00016531385925645228	1.3766207357837776e-12	1.3766207357837776e-12	1.3766207357837776e-12
0.06760829753919818	0.00010555420574154412	0.000012487216158286661	0.00010469311542639226	0.000011613874216684426	0.00010565789731029633	0.000012592437270664248	0.014064654531827906	0.014163125540497831	0.010995830463386426	0	0	0	0	0	0.014146806077653205	0.0001728811212937106	0	0.0001435826562421503	0.00014357434649964	0.0001435826665049529	1.2847372222365306e-12	1.2847372222365306e-12	1.2847372222365306e-12
0.07244359600749906	0.0000911007469038308	0.000010740829525397237	0.00009036019264852487	9.989754498061234e-6	0.00009126940309094808	0.000010911984227757984	0.012637093243947878	0.012739702117252123	0.009805993319393119	0	0	0	0	0	0.012730406474357673	0.00015234034797769383	0	0.00012381164423274464	0.00012380429535121572	0.00012381161929935272	1.1989865380462215e-12	1.1989865380462215e-12	1.1989865380462215e-12
0.07762471166286927	0.00007862638942835945	9.238681979336686e-6	0.00007798950659004082	8.592756652054094e-6	0.00007884033425456218	9.455786614417495e-6	0.011354429310357054	0.01145933569339902	0.008744906107834663	0	0	0	0	0	0.011455818939821933	0.0001342401151050905	0	0.0001067630565474636	0.00010675656146865677	0.00010676300591617058	1.1189593432293305e-12	1.1189593432293305e-12	1.1189593432293305e-12
0.08317637711026708	0.00006738063861234147	7.909339945704185e-6	0.000066808352607457	7.328852849195029e-6	0.0000675301220104123	8.060938746276149e-6	0.010161519302543049	0.01026634615361473	0.007841123198435239	0	0	0	0	0	0.010273812268657088	0.00011815245757245699	0	0.00009135004094936776	0.0000913442474932341	0.00009134989568081833	1.044273619485751e-12	1.044273619485751e-12	1.044273619485751e-12
0.08912509381337459	0.0000577433415525675	6.771275222659313e-6	0.000057230211771749414	6.25085595462709e-6	0.000057842440951818556	6.871848543212784e-6	0.009093937855755393	0.00919755439283906	0.007030745928530385	0	0	0	0	0	0.009213764558088344	0.00010399278352437753	0	0.00007816214944859005	0.0000781569904024574	0.00007816193792303511	9.745728465939168e-13	9.745728465939168e-13	9.745728465939168e-13
0.09549925860214369	0.0000490936081518988	5.7634395771381075e-6	0.000048618750724698926	5.281746826801025e-6	0.000049142250892892336	5.812761852027868e-6	0.008102959617804318	0.008207556027665285	0.006324771965474247	0	0	0	0	0	0.008223262670525169	0.0000914782163369555	0	0.00006630594176527741	0.00006630130880918291	0.0000663055657597159	9.095243005237384e-13	9.095243005237384e-13	9.095243005237384e-13
0.10232929922807536	0.00004173957198472923	4.9056100464155284e-6	0.00004130306089828696	4.462884722495109e-6	0.00004175067274272875	4.916901200007189e-6	0.007219969567552515	0.007324118246010322	0.005689686531399199	0	0	0	0	0	0.007339242122167167	0.00008046966126480503	0	0.00005624817055820731	0.000056244022795335795	0.0000562476848392005	8.488174651431552e-13	8.488174651431552e-13	8.488174651431552e-13
0.10964781961431873	0.000035170603158676816	4.134099710298881e-6	0.0000347764595441541	3.7342542934023403e-6	0.00003518216938992911	4.145864547488901e-6	0.0063980507632765285	0.006504012725993562	0.005104850704860691	0	0	0	0	0	0.006523089315877908	0.00007080072597783239	0	0.00004728185134870743	0.0000472782731649254	0.000047281325664059444	7.921625499364475e-13	7.921625499364475e-13	7.921625499364475e-13
0.11748975549395303	0.000029635457857538568	3.483925598036782e-6	0.000029281174618134876	3.1245833121133768e-6	0.000029647068218733084	3.4957368771413225e-6	0.00566969890751772	0.005775737108412994	0.004580129428063298	0	0	0	0	0	0.005797695935715532	0.00006229357400290887	0	0.00003974482093862686	0.00003974173614129705	0.000039744280372458564	7.392891066585021e-13	7.392891066585021e-13	7.392891066585021e-13
0.12589254117941662	0.00002473042262650432	2.908540752507467e-6	0.00002441312859289401	2.5866383170447677e-6	0.000024735906074847424	2.914133717549796e-6	0.004995704467296437	0.005107923110251268	0.00403753029997878	0	0	0	0	0	0.005127094483716617	0.00005487827037066233	0	0.00003307558323603396	0.000033072905766422726	0.00003307504356825753	6.899447383214135e-13	6.899447383214135e-13	6.899447383214135e-13
0.1348962882591656	0.00002063723146190349	2.4281831144051065e-6	0.000020354403655789423	2.141308813007366e-6	0.000020638298695486135	2.4292947730966174e-6	0.004401832183976058	0.004517324457554444	0.0035592118474564016	0	0	0	0	0	0.004534059415399975	0.000048345669791475794	0	0.000027525453142514416	0.000027523133160205404	0.00002752492929272406	6.438938943507119e-13	6.438938943507119e-13	6.438938943507119e-13
0.1445439770745928	0.000017036424400975267	2.007410947102772e-6	0.000016785527442789005	1.752865042786157e-6	0.000017039334210265823	2.0103824238151935e-6	0.0038594655630156383	0.003973688383605931	0.0030342226266016287	0	0	0	0	0	0.003988272425867738	0.000042408147072553	0	0.000022655838314944835	0.000022653933343005474	0.000022655425026136426	6.009167461597262e-13	6.009167461597262e-13	6.009167461597262e-13
0.15488166189124797	0.000014063890154351877	1.659553057033468e-6	0.000013842406601407988	1.434886850302774e-6	0.000014067967258979322	1.663708140627652e-6	0.0033839260129741983	0.0034954760319680675	0.0025866701231512055	0	0	0	0	0	0.003508184495534172	0.00003719983497765878	0	0.000018647722422419435	0.000018646158230682497	0.000018647396970809485	5.608081377744989e-13	5.608081377744989e-13	5.608081377744989e-13
0.1659586907437563	0.000011468621663643043	1.3600178618579796e-6	0.000011271455368742101	1.1599975964689033e-6	0.000011459085789888748	1.3503659874175932e-6	0.0029472524549404226	0.0030568120363398156	0.002126894297235978	0	0.0017360289571141227	0.0017633765490840821	0	0	0.0030664423936575687	0.000032547924125293716	0	0.000015156282050851743	0.000015155000546255586	0.000015155998098550493	5.233766065000013e-13	5.233766065000013e-13	5.233766065000013e-13
0.1778279410038923	9.352268925613294e-6	1.1145462187747739e-6	9.17800710438776e-6	9.377704057499133e-7	9.33401711297121e-6	1.0960385751832543e-6	0.0025669287684921514	0.0026731980823370156	0.0017488427732346497	0	0.0014780700881596004	0.001503585328088475	0	0	0.0026803233882340825	0.000028477743664780037	0	0.000012318549171924512	0.000012317499332333124	0.000012318302587907914	4.884434689526613e-13	4.884434689526613e-13	4.884434689526613e-13
0.1905460717963252	7.522586636072638e-6	9.0966613929924e-7	7.3620565827368065e-6	7.469039360163024e-7	7.484807082045058e-6	8.714139988339671e-7	0.002220737797907706	0.0023232364191420637	0.0013979614139238248	0	0.0012453184896473854	0.0012681229082277586	0.0011389377134912657	0.0011879823969333965	0.0023311805746227734	0.000024620211164113923	0	9.863480547076327e-6	9.862608081268347e-6	9.863278638627129e-6	4.558419680962716e-13	4.558419680962716e-13	4.558419680962716e-13
0.20417379446695316	6.0508642498759585e-6	7.424478869052741e-7	5.905408059828974e-6	5.948849379508196e-7	6.0019535401943914e-6	6.928244813252608e-7	0.0019212361587863387	0.002019089978737916	0.0011174795954957519	0	0.0010492182698782853	0.0010695340532595415	0.0009512086129529604	0.0009932386466789808	0.00202751761050708	0.000021285211528721958	0	7.897703466921756e-6	7.896979373838242e-6	7.89753822078515e-6	4.254164772096109e-13	4.254164772096109e-13	4.254164772096109e-13
0.21877616239495518	4.779137642405341e-6	5.888468033629562e-7	4.6579306464214195e-6	4.658734377559834e-7	4.741133861144968e-6	5.502809968808329e-7	0.0016528227039763472	0.0017413072836873743	0.0008714700338313287	0	0.0008751431937376033	0.0008926892594154897	0.0007853050122760576	0.0008206805161024888	0.001751258393327552	0.000018348516084064716	0	6.218165383786369e-6	6.2176238173302224e-6	6.2181244718201856e-6	3.9702175698577515e-13	3.9702175698577515e-13	3.9702175698577515e-13
0.23442288153199276	3.7746932771667394e-6	4.670234287770376e-7	3.673974378580015e-6	3.648404021695327e-7	3.745172324104172e-6	4.3706477425412897e-7	0.0014219089508003921	0.0015017414222014995	0.0006796186909605659	0	0.000729948792860888	0.0007450853121012183	0.0006483372352899299	0.000678101392613172	0.0015126408492368859	0.000015816993034477638	0	4.895800519994573e-6	4.895396594538879e-6	4.8958385342520745e-6	3.7052226221695147e-13	3.7052226221695147e-13	3.7052226221695147e-13
0.25118864315095824	2.919884650911814e-6	3.655296818317724e-7	2.8356734855091986e-6	2.801164577910509e-7	2.894126414321489e-6	3.3941340871447893e-7	0.0012128815558766018	0.0012875238097814375	0.000516485648704014	0	0.0006008667820106581	0.0006134522657212793	0.0005286524508371713	0.0005530923663270772	0.001298061008587156	0.000013586629377605342	0.00026607544018142197	3.7737590481393414e-6	3.7734644193842647e-6	3.773796369406357e-6	3.457914947550009e-13	3.457914947550009e-13	3.457914947550009e-13
0.2691534803926914	2.258654080903169e-6	2.8609260278422774e-7	2.188650025242622e-6	2.1506727176817667e-7	2.236470575242986e-6	2.6357983713461913e-7	0.0010345821845748817	0.0011038635122176718	0.00039251043101856784	0	0.0004946112566455746	0.0005050746219346339	0.0004310617971080596	0.0004511289447591439	0.0011139209832025593	0.000011670770635229346	0.00019677836564168587	2.9088720619338805e-6	2.9086578481186953e-6	2.9089070111500853e-6	3.2271139965912525e-13	3.2271139965912525e-13	3.2271139965912525e-13
0.28840315031266117	1.70602230902968e-6	2.2135616294866506e-7	1.646460176378665e-6	1.6099554211605683e-7	1.6890239317484628e-6	2.0410699434347003e-7	0.0008741856262838604	0.0009375783112424137	0.0002886618165250678	0	0.00040050589454140157	0.00040889760831473205	0.0003459685325662273	0.00036204498708565324	0.0009461333859421901	9.950071402610461e-6	0.00014066796973120923	2.185616447331493e-6	2.1854501605805082e-6	2.1856313549489123e-6	3.0117180164809446e-13	3.0117180164809446e-13	3.0117180164809446e-13
0.30902954325135923	1.2886046356169682e-6	1.7126815023704687e-7	1.238585923348069e-6	1.2051840509318634e-7	1.2755821040521112e-6	1.580533078433044e-7	0.0007386561653536778	0.000796342192655829	0.0002122889934499899	0	0.00032430513743311816	0.0003310347557061551	0.0002776730072788729	0.0002905523447267032	0.0008036192849342007	8.483066286830669e-6	0.0001005571808860932	1.6421895336538857e-6	1.6420605838774298e-6	1.6421922053284325e-6	2.810698791668629e-13	2.810698791668629e-13	2.810698791668629e-13
0.3311311214825908	9.427143196544546e-7	1.2915910342676633e-7	9.01436307949393e-7	8.73453278905719e-8	9.350957273866622e-7	1.213486672793212e-7	0.0006156502409086325	0.0006673840748040282	0.00014949252660667947	0	0.0002567168925713696	0.00026184752725424217	0.00021812373610907463	0.00022809086801161294	0.0006737232580368902	7.1318540886937816e-6	0.00006906144231589827	1.1939528496672581e-6	1.1938552195761736e-6	1.1939428320942763e-6	2.6230967355696574e-13	2.6230967355696574e-13	2.6230967355696574e-13
0.354813389233576	6.896687035865276e-7	9.740324733417603e-8	6.560605945632592e-7	6.330324649096027e-8	6.854941101784642e-7	9.31679270203329e-8	0.000513128078947762	0.0005593091856863629	0.0001052716636320242	0.000057908078232831036	0.00020321467446716174	0.0002071206311340358	0.00017134529827163576	0.00017905704433129272	0.0005648234642066891	5.995867652405283e-6	0.00004743055416554193	8.680626553846918e-7	8.679888545547341e-7	8.680466766825147e-7	2.448016309876924e-13	2.448016309876924e-13	2.448016309876924e-13
0.38018939632056126	4.825925369998811e-7	6.866024547227276e-8	4.583149153759725e-7	4.4029074390779915e-8	4.843238804250622e-7	7.024685641904132e-8	0.00041858955823247855	0.0004598106199356251	0.00007034331608579138	0.000040245993306158996	0.00015636774154446594	0.00015912215149048713	0.00013107046758553724	0.00013676119236286284	0.0004640317272086009	5.030646042722148e-6	0.00003115818890655956	6.057726757180243e-7	6.057176738302274e-7	6.05758180506356e-7	2.284621749613823e-13	2.284621749613823e-13	2.284621749613823e-13
0.40738027780411384	3.376919317301694e-7	4.839909794936146e-8	3.20172501437786e-7	3.0623380303024724e-8	3.4219057124927875e-7	5.2964802315290314e-8	0.0003414687783614678	0.00037801239746514706	0.00004700393199106018	0.000027970881207400244	0.00012032039841526107	0.00012224691937412862	0.00010026226366512982	0.00010445622961309503	0.00038122609541128984	4.220806908071685e-6	0.00002046850923454168	4.2273507836130023e-7	4.2269425288704287e-7	4.2272262898665534e-7	2.1321330735214407e-13	2.1321330735214407e-13	2.1321330735214407e-13
0.43651583224016655	2.2694006297044383e-7	3.440644279564671e-8	2.1297181096529837e-7	2.0297493772770652e-8	2.3003803336317527e-7	3.7551294732707796e-8	0.0002694975720865986	0.00030152925706820416	0.00002946409519239446	0.000018540690705276247	0.00008923178588752475	0.00009048548640914575	0.00007368677815679476	0.00007664726057043861	0.0003036444874376617	3.519680015542059e-6	0.000012708036792822059	2.809544771624195e-7	2.8092461770986535e-7	2.809435872217418e-7	1.9898223607353943e-13	1.9898223607353943e-13	1.9898223607353943e-13
0.4677351412871981	1.5251117169770376e-7	2.445920184480893e-8	1.416642343179256e-7	1.3453389187573507e-8	1.546433515114248e-7	2.6623336148950556e-8	0.0002126957015194191	0.00024052092861977136	0.000018469367747183297	0.000012289824166775611	0.00006617590797195329	0.00006697611107599387	0.00005415538285933493	0.00005624176341337359	0.0002418511635511452	2.935018749167512e-6	7.88988573995362e-6	1.8672549849327793e-7	1.867038415980631e-7	1.867165223452286e-7	1.8570102759783315e-13	1.8570102759783315e-13	1.8570102759783315e-13
0.5011872336272735	9.836991318862361e-8	1.8305234556191806e-8	8.832131942186949e-8	8.357709313659177e-9	9.700993664989136e-8	1.716636793937586e-8	0.0001604571051702826	0.00018395703085102532	0.000010859530137749785	7.708737132952405e-6	0.00004676138987836948	0.00004720000520305354	0.000037884908321899675	0.00003925440692879994	0.00018462693161602154	2.3475849641879145e-6	4.679614301987824e-6	1.1631624018877759e-7	1.1630161198022325e-7	1.1630859483018121e-7	1.7330628266809806e-13	1.7330628266809806e-13	1.7330628266809806e-13
0.5370317963702532	6.3448727808071e-8	1.3699613514916083e-8	5.5064395766356447e-8	5.192097247595173e-9	6.085568966811304e-8	1.106864243389174e-8	0.00012104843875877222	0.00014069540390400695	6.385134370974023e-6	4.835270820685109e-6	0.0000330426532913406	0.00003326321064895097	0.000026502744561639978	0.00002739794006824182	0.00014094248453238903	1.8777240062416673e-6	2.7755522370211585e-6	7.24564552823555e-8	7.244663437787072e-8	7.245041339383786e-8	1.617388336551418e-13	1.617388336551418e-13	1.617388336551418e-13
0.5754399373371566	3.70524005226464e-8	7.588603004855846e-9	3.258518010503818e-8	3.055810462780111e-9	3.7120100380297474e-8	7.657559741189467e-9	0.00008727856299756837	0.00010324382088379311	3.5654423288190898e-6	2.892029072793353e-6	0.00002226051750230824	0.00002233630158899518	0.000017667501969541216	0.000018211100661882877	0.00010337914579791862	1.5033128609632668e-6	1.5557064487553612e-6	4.28218516076203e-8	4.2815502089128107e-8	4.281714082851661e-8	1.509434621145504e-13	1.509434621145504e-13	1.509434621145504e-13
0.6165950018614835	2.1170750948823095e-8	4.348195004178977e-9	1.859247830295753e-8	1.732068437464548e-9	2.1865987157713625e-8	5.053834320270037e-9	0.0000607795910846645	0.00007336805616030502	1.935620960550133e-6	1.681034740329086e-6	0.000014396417070813479	0.000014409200431241717	0.000011344752772387499	0.000011667137846702587	0.00007355229691449732	1.179782442298921e-6	8.605354531042041e-7	2.439464739812189e-8	2.439114220229537e-8	2.4392017198711037e-8	1.4086863519559144e-13	1.4086863519559144e-13	1.4086863519559144e-13
0.6606934480075964	1.2008277695113057e-8	2.7847354334459763e-9	1.019564217213311e-8	9.454574677887569e-10	1.187965863800335e-8	2.6543014168823674e-9	0.00004062103849557153	0.000050114657943477276	1.036110087652728e-6	9.424239327924992e-7	8.940888262992165e-6	8.923753285221308e-6	7.0091282810930906e-6	7.188782298594686e-6	0.000050085126020775526	8.892953528716801e-7	4.6330168496462176e-7	1.3362794330294781e-8	1.3360869346904173e-8	1.3361278426814377e-8	1.314662596436883e-13	1.314662596436883e-13	1.314662596436883e-13
0.7079457843841374	7.132779309747143e-9	2.2911442968756724e-9	5.363314478749202e-9	4.956186441473747e-10	6.232811287969035e-9	1.3779381786372816e-9	0.00002588525474134099	0.00003272246278087862	5.48043425123763e-7	5.100780724177081e-7	5.292515493464029e-6	5.2664585031598675e-6	4.1702198742107445e-6	4.262427110810677e-6	0.00003262221865970634	6.602647032773632e-7	2.4545276377867186e-7	7.0234721173780044e-9	7.022559504807808e-9	7.022702783534275e-9	1.226914522221662e-13	1.226914522221662e-13	1.226914522221662e-13
0.7585775750291851	3.598683718607176e-9	1.1800543852742303e-9	2.6788248609483864e-9	2.4664544035856e-10	3.1308359077950215e-9	7.0532303213937e-10	0.000015759071742690252	0.0000201138078099961	2.883685832791122e-7	2.725411118570318e-7	3.0101220369422925e-6	2.9846608797490897e-6	2.3654359135330217e-6	2.4089413153393104e-6	0.000020212964487579716	4.548402574426859e-7	1.3125052301513405e-7	3.5049827364841857e-9	3.5045509004096477e-9	3.5046143319226134e-9	1.1450232545736484e-13	1.1450232545736484e-13	1.1450232545736484e-13
0.8128305161640995	1.6987363544811523e-9	6.029066142724302e-10	1.2144057685288168e-9	1.1143318038104752e-10	1.4524125910024727e-9	3.5295127235065713e-10	9.126542001147147e-6	0.000011746834202396355	1.5233523971953666e-7	1.4545410021837705e-7	1.6664178668163016e-6	1.6426129475087394e-6	1.29763434515712e-6	1.3137101852782563e-6	0.000011880645771470504	2.8625505459847243e-7	6.959875654837138e-8	1.5875393297739011e-9	1.5874646767610215e-9	1.5874799137819775e-9	1.068597876843427e-13	1.068597876843427e-13	1.068597876843427e-13
0.8709635899560796	6.63327321977594e-10	3.01958105734564e-10	4.0189770013436357e-10	3.667074608615418e-11	5.303700642026657e-10	1.670388888052943e-10	5.167076413940199e-6	6.643800856455784e-6	8.187722669320108e-8	7.94774080608064e-8	9.179161727454503e-7	8.939477549713895e-7	7.09475543317165e-7	7.092600699764932e-7	6.738129296170452e-6	1.6249888636252816e-7	3.704988690109016e-8	5.246649805097487e-10	5.246649805097487e-10	5.246649805097487e-10	9.972735643866632e-14	9.972735643866632e-14	9.972735643866632e-14
0.9332543007969925	1.4848406180482316e-10	1.5067513936769647e-10	9.154369271527714e-104	9.289454026546497e-104	7.296838939685524e-11	7.404513392325841e-11	2.9802907859393943e-6	3.8358916135141684e-6	4.617166597283572e-8	4.4658111149547784e-8	5.221709915474656e-7	4.980395583662243e-7	4.0270129816504625e-7	3.9373512645927167e-7	3.8829079797733436e-6	9.220934111333415e-8	2.078400806428383e-8	9.095298876184886e-104	9.095298876184886e-104	9.095298876184886e-104	9.307098430349958e-14	9.307098430349958e-14	9.307098430349958e-14