1.e-9	0	0	0	0	0	0	2.025036434661896e-18	0	0	0	0	0	0	0	2.7543869341150052e-21	1.6702826217478004e-43	0	5.4286810237906464e-93	5.4286810237906464e-93	5.4286810237906464e-93	0	0	0
1.0715193052376092e-9	0	0	0	0	0	0	3.1853527391472287e-18	0	0	0	0	0	0	0	4.3326104237326685e-21	2.6273301720729753e-43	0	5.066339913107621e-93	5.066339913107621e-93	5.066339913107621e-93	0	0	0
1.148153621496884e-9	0	0	0	0	0	0	5.010513341448202e-18	0	0	0	0	0	0	0	6.815132925348114e-21	4.13275199251092e-43	0	4.728183513207148e-93	4.728183513207148e-93	4.728183513207148e-93	0	0	0
1.2302687708123811e-9	0	0	0	0	0	0	7.881464315174385e-18	0	0	0	0	0	0	0	1.0720104566925818e-20	6.500758531664936e-43	0	4.412597598658004e-93	4.412597598658004e-93	4.412597598658004e-93	0	0	0
1.31825673855641e-9	0	0	0	0	0	0	1.3120248583258434e-17	0	0	0	0	0	0	0	1.7845723983776938e-20	1.0821792055946852e-42	0	4.118075686634046e-93	4.118075686634046e-93	4.118075686634046e-93	0	0	0
1.4125375446227555e-9	0	0	0	0	0	0	2.1841236095563573e-17	0	0	0	0	0	0	0	2.970771996830029e-20	1.8015002823394123e-42	0	3.843211845558751e-93	3.843211845558751e-93	3.843211845558751e-93	0	0	0
1.5135612484362133e-9	0	0	0	0	0	0	3.6910145905115204e-17	0	0	0	0	0	0	0	5.020394787825193e-20	3.04440820008169e-42	0	3.5866939837416365e-93	3.5866939837416365e-93	3.5866939837416365e-93	0	0	0
1.6218100973589331e-9	0	0	0	0	0	0	6.23755388557707e-17	0	0	0	0	0	0	0	8.484112497531501e-20	5.144834768878656e-42	0	3.3472975859695806e-93	3.3472975859695806e-93	3.3472975859695806e-93	0	0	0
1.7378008287493762e-9	0	0	0	0	0	0	1.0587219027912462e-16	0	0	0	0	0	0	0	1.4400381770891169e-19	8.732508537759661e-42	0	3.1238798681535015e-93	3.1238798681535015e-93	3.1238798681535015e-93	0	0	0
1.8620871366628732e-9	0	0	0	0	0	0	1.7970058263411753e-16	0	0	0	0	0	0	0	2.4442273155589094e-19	1.4821993083883699e-41	0	2.9153743221273846e-93	2.9153743221273846e-93	2.9153743221273846e-93	0	0	0
1.9952623149688828e-9	0	0	0	0	0	0	3.05409869309331e-16	0	0	0	0	0	0	0	4.154083053403614e-19	2.5190697238136395e-41	0	2.7207856245584985e-93	2.7207856245584985e-93	2.7207856245584985e-93	0	0	0
2.1379620895022324e-9	0	0	0	0	0	0	5.19058908459191e-16	0	0	0	0	0	0	0	7.060065937700938e-19	4.281281361772173e-41	0	2.5391848856658497e-93	2.5391848856658497e-93	2.5391848856658497e-93	0	0	0
2.2908676527677795e-9	0	0	0	0	0	0	8.825110848426608e-16	0	0	0	0	0	0	0	1.2003621069208717e-18	7.279093369787097e-41	0	2.3697052150663642e-93	2.3697052150663642e-93	2.3697052150663642e-93	0	0	0
2.4547089156850337e-9	0	0	0	0	0	0	1.5004574667296256e-15	0	0	0	0	0	0	0	2.0408721397871576e-18	1.2376014517331976e-40	0	2.211537583581746e-93	2.211537583581746e-93	2.211537583581746e-93	0	0	0
2.6302679918953816e-9	0	0	0	0	0	0	2.5513987880023212e-15	0	0	0	0	0	0	0	3.470327429720436e-18	2.1044347567307653e-40	0	2.0639269612518525e-93	2.0639269612518525e-93	2.0639269612518525e-93	0	0	0
2.818382931264461e-9	0	0	0	0	0	0	4.338434057453188e-15	0	0	0	0	0	0	0	5.900993126755152e-18	3.5784101894307667e-40	0	1.926168713119151e-93	1.926168713119151e-93	1.926168713119151e-93	0	0	0
3.019951720402019e-9	0	0	0	0	0	0	7.377395288041977e-15	0	0	0	0	0	0	0	1.0034486709162407e-17	6.08499429070153e-40	0	1.797605235579056e-93	1.797605235579056e-93	1.797605235579056e-93	0	0	0
3.2359365692962944e-9	0	0	0	0	0	0	1.2545070528968061e-14	0	0	0	0	0	0	0	1.706338600189682e-17	1.0347375945674514e-39	0	1.677622817239338e-93	1.677622817239338e-93	1.677622817239338e-93	0	0	0
3.4673685045253237e-9	0	0	0	0	0	0	2.1332796856888815e-14	0	0	0	0	0	0	0	2.901615789473692e-17	1.7595633961660288e-39	0	1.5656487093037788e-93	1.5656487093037788e-93	1.5656487093037788e-93	0	0	0
3.715352290971728e-9	0	0	0	0	0	0	3.6276258526121285e-14	0	0	0	0	0	0	0	4.9341755433457167e-17	2.99212414952553e-39	0	1.4611483914950118e-93	1.4611483914950118e-93	1.4611483914950118e-93	0	0	0
3.9810717055349855e-9	0	0	0	0	0	0	6.168769962833976e-14	0	0	0	0	0	0	0	8.390554902795131e-17	5.088100683087899e-39	0	1.3636230204653218e-93	1.3636230204653218e-93	1.3636230204653218e-93	0	0	0
4.265795188015934e-9	0	0	0	0	0	0	1.0489980058710207e-13	0	0	0	0	0	0	0	1.42681205721923e-16	8.652304271981798e-39	0	1.272607048515047e-93	1.272607048515047e-93	1.272607048515047e-93	0	0	0
4.570881896148752e-9	0	0	0	0	0	0	1.7838205814363285e-13	0	0	0	0	0	0	0	2.4262931857490225e-16	1.471323906320996e-38	0	1.1876660012512341e-93	1.1876660012512341e-93	1.1876660012512341e-93	0	0	0
4.8977881936844766e-9	0	0	0	0	0	0	3.0333860016383507e-13	0	0	0	0	0	0	0	4.125910342168741e-16	2.5019855627612104e-38	0	1.108394403578076e-93	1.108394403578076e-93	1.108394403578076e-93	0	0	0
5.248074602497734e-9	0	0	0	0	0	0	5.158272875158046e-13	0	0	0	0	0	0	0	7.016110508800468e-16	4.254626432461157e-38	0	1.0344138441185567e-93	1.0344138441185567e-93	1.0344138441185567e-93	0	0	0
5.623413251903491e-9	0	0	0	0	0	0	8.771642989128752e-13	0	0	0	0	0	0	0	1.1930895872503846e-15	7.234992219467766e-38	0	9.653711688275928e-94	9.653711688275928e-94	9.653711688275928e-94	0	0	0
6.025595860743593e-9	0	0	0	0	0	0	1.4916180154059032e-12	0	0	0	0	0	0	0	2.0288490132823224e-15	1.2303105301087258e-37	0	9.009367951737669e-94	9.009367951737669e-94	9.009367951737669e-94	0	0	0
6.456542290346562e-9	0	0	0	0	0	0	2.5364966479378816e-12	0	0	0	0	0	0	0	3.450058036448628e-15	2.092143231921329e-37	0	8.408031388421769e-94	8.408031388421769e-94	8.408031388421769e-94	0	0	0
6.918309709189363e-9	0	0	0	0	0	0	4.313313025739893e-12	0	0	0	0	0	0	0	5.866824338313411e-15	3.5576899584299497e-37	0	7.846831454480722e-94	7.846831454480722e-94	7.846831454480722e-94	0	0	0
7.413102413009192e-9	0	0	0	0	0	0	7.334789609575785e-12	0	0	0	0	0	0	0	9.97653588809172e-15	6.049852441838087e-37	0	7.323089202523224e-94	7.323089202523224e-94	7.323089202523224e-94	0	0	0
7.943282347242822e-9	0	0	0	0	0	0	1.247281120673218e-11	0	0	0	0	0	0	0	1.6965101284828e-14	1.0287775294484418e-36	0	6.834304493374815e-94	6.834304493374815e-94	6.834304493374815e-94	0	0	0
8.511380382023759e-9	0	0	0	0	0	0	2.1210017966389446e-11	0	0	0	0	0	0	0	2.884915814797235e-14	1.7494363958016017e-36	0	6.378144061398259e-94	6.378144061398259e-94	6.378144061398259e-94	0	0	0
9.120108393559115e-9	0	0	0	0	0	0	3.606763990557826e-11	0	0	0	0	0	0	0	4.905799935242964e-14	2.974916950163574e-36	0	5.952430376402696e-94	5.952430376402696e-94	5.952430376402696e-94	0	0	0
9.772372209558111e-9	0	0	0	0	0	0	6.133302906295998e-11	0	0	0	0	0	0	0	8.34231379688329e-14	5.058846884407736e-36	0	5.555131248972477e-94	5.555131248972477e-94	5.555131248972477e-94	0	0	0
1.0471285480509006e-8	0	0	0	0	0	0	1.0429682858667721e-10	0	0	0	0	0	0	0	1.4186106334266518e-13	8.602570171574239e-36	0	5.184350129595322e-94	5.184350129595322e-94	5.184350129595322e-94	0	0	0
1.1220184543019653e-8	0	0	0	0	0	0	1.7735677854867602e-10	0	0	0	0	0	0	0	2.41234767508153e-13	1.4628672353170624e-35	0	4.838317055282268e-94	4.838317055282268e-94	4.838317055282268e-94	0	0	0
1.202264434617413e-8	0	0	0	0	0	0	3.015952386114393e-10	0	0	0	0	0	0	0	4.10219772051329e-13	2.487606036276867e-35	0	4.5153802004616176e-94	4.5153802004616176e-94	4.5153802004616176e-94	0	0	0
1.288249551693135e-8	0	0	0	0	0	0	5.128627656491144e-10	0	0	0	0	0	0	0	6.975788072345717e-13	4.230174579294518e-35	0	4.213997991814381e-94	4.213997991814381e-94	4.213997991814381e-94	0	0	0
1.3803842646028866e-8	0	0	0	0	0	0	8.721232391383461e-10	0	0	0	0	0	0	0	1.1862329060868315e-12	7.193412747649378e-35	0	3.932731749410653e-94	3.932731749410653e-94	3.932731749410653e-94	0	0	0
1.4791083881682102e-8	0	0	0	0	0	0	1.483045748666319e-9	0	0	0	0	0	0	0	2.0171893023264626e-12	1.2232399866266108e-34	0	3.6702388190183637e-94	3.6702388190183637e-94	3.6702388190183637e-94	0	0	0
1.5848931924611173e-8	0	0	0	0	0	0	2.5219196026168977e-9	0	0	0	0	0	0	0	3.4302308261906858e-12	2.080119850485191e-34	0	3.425266162800956e-94	3.425266162800956e-94	3.425266162800956e-94	0	0	0
1.698243652461746e-8	0	0	0	0	0	0	4.288524806320081e-9	0	0	0	0	0	0	0	5.8331082300395286e-12	3.5372442363617953e-34	0	3.196644377808403e-94	3.196644377808403e-94	3.196644377808403e-94	0	0	0
1.8197008586099862e-8	0	0	0	0	0	0	7.292637320971292e-9	0	0	0	0	0	0	0	9.919201752770726e-12	6.015084556224767e-34	0	2.9832821137082116e-94	2.9832821137082116e-94	2.9832821137082116e-94	0	0	0
1.9498445997580494e-8	0	0	0	0	0	0	1.2401131274056369e-8	0	0	0	0	0	0	0	1.686760463409072e-11	1.022865253312196e-33	0	2.784160863108926e-94	2.784160863108926e-94	2.784160863108926e-94	0	0	0
2.0892961308540408e-8	0	0	0	0	0	0	2.108812629889191e-8	0	0	0	0	0	0	0	2.8683365172307323e-11	1.7393825750173075e-33	0	2.5983300996070707e-94	2.5983300996070707e-94	2.5983300996070707e-94	0	0	0
2.2387211385683424e-8	0	0	0	0	0	0	3.586036313705964e-8	0	0	0	0	0	0	0	4.877606841371574e-11	2.957820428914614e-33	0	2.4249027403485715e-94	2.4249027403485715e-94	2.4249027403485715e-94	0	0	0
2.3988329190194947e-8	0	0	0	0	0	0	6.098055493863736e-8	0	0	0	0	0	0	0	8.294371443549221e-11	5.029774251718366e-33	0	2.2630509114447125e-94	2.2630509114447125e-94	2.2630509114447125e-94	0	0	0
2.5703957827688646e-8	0	0	0	0	0	0	1.0369744629777869e-7	0	0	0	0	0	0	0	1.4104580356914902e-10	8.553132156346527e-33	0	2.1120019960283312e-94	2.1120019960283312e-94	2.1120019960283312e-94	0	0	0
2.754228703338169e-8	0	0	0	0	0	0	1.7633752889758444e-7	0	0	0	0	0	0	0	2.398484181696826e-10	1.4544603002599787e-32	0	1.971034946085269e-94	1.971034946085269e-94	1.971034946085269e-94	0	0	0
2.95120922666639e-8	0	0	0	0	0	0	2.9986200439703955e-7	0	0	0	0	0	0	0	4.0786228475273754e-10	2.4733100417051945e-32	0	1.8394768404552415e-94	1.8394768404552415e-94	1.8394768404552415e-94	0	0	0
3.162277660168386e-8	0	0	0	0	0	0	5.099154005568288e-7	0	0	0	0	0	0	0	6.935698996607147e-10	4.205864237962779e-32	0	1.7166996725713137e-94	1.7166996725713137e-94	1.7166996725713137e-94	0	0	0
3.3884415613920346e-8	0	0	0	0	0	0	8.671112442133988e-7	0	0	0	0	0	0	0	1.1794157579610841e-9	7.152073007385214e-32	0	1.6021173526039636e-94	1.6021173526039636e-94	1.6021173526039636e-94	0	0	0
3.6307805477010175e-8	0	0	0	0	0	0	1.4745228503007023e-6	0	0	0	0	0	0	0	2.005596740584244e-9	1.2162101629733893e-31	0	1.4951829096991407e-94	1.4951829096991407e-94	1.4951829096991407e-94	0	0	0
3.890451449942813e-8	0	0	0	0	0	0	2.507426412203199e-6	0	0	0	0	0	0	0	3.410517672577288e-9	2.0681656339252513e-31	0	1.3953858809548816e-94	1.3953858809548816e-94	1.3953858809548816e-94	0	0	0
4.1686938347033635e-8	0	0	0	0	0	0	4.263879133057679e-6	0	0	0	0	0	0	0	5.7995860082885145e-9	3.516916088657026e-31	0	1.3022498746725404e-94	1.3022498746725404e-94	1.3022498746725404e-94	0	0	0
4.4668359215096346e-8	0	0	0	0	0	0	7.250727348504578e-6	0	0	0	0	0	0	0	9.862197207768039e-9	5.980516536859395e-31	0	1.2153302962504927e-94	1.2153302962504927e-94	1.2153302962504927e-94	0	0	0
4.78630092322639e-8	0	0	0	0	0	0	0.000012329863357232206	0	0	0	0	0	0	0	1.6770668393555878e-8	1.0169869609061048e-30	0	1.1342122258646531e-94	1.1342122258646531e-94	1.1342122258646531e-94	0	0	0
5.128613839913659e-8	0	0	0	0	0	0	0.000020966935191594092	0	0	0	0	0	0	0	2.8518525075231355e-8	1.7293865375651156e-30	0	1.0585084378047151e-94	1.0585084378047151e-94	1.0585084378047151e-94	0	0	0
5.495408738576248e-8	0	0	0	0	0	0	0.00003565427763403761	0	0	0	0	0	0	0	4.8495757794549434e-8	2.940822165160036e-30	0	9.87857552011156e-95	9.87857552011156e-95	9.87857552011156e-95	0	0	0
5.888436553555896e-8	0	0	0	0	0	0	0.00006063010649809724	0	0	0	0	0	0	0	8.246704616958726e-8	5.000868700685668e-30	0	9.219223089891982e-95	9.219223089891982e-95	9.219223089891982e-95	0	0	0
6.309573444801943e-8	0	0	0	0	0	0	0.00010310150865211427	0	0	0	0	0	0	0	1.4023522908433025e-7	8.503978260833263e-30	0	8.603879598648611e-95	8.603879598648611e-95	8.603879598648611e-95	0	0	0
6.760829753919818e-8	0	0	0	0	0	0	0.0001753241368077649	0	0	0	0	0	0	0	2.384700360904484e-7	1.4461016793104015e-29	0	8.029607638978318e-95	8.029607638978318e-95	8.029607638978318e-95	0	0	0
7.244359600749906e-8	0	0	0	0	0	0	0.00029813873093852226	0	0	0	0	0	0	0	4.0551834574166335e-7	2.4590962050501762e-29	0	7.493665862788883e-95	7.493665862788883e-95	7.493665862788883e-95	0	0	0
7.762471166286928e-8	0	0	0	0	0	0	0.0005069849736838635	0	0	0	0	0	0	0	6.895840308871374e-7	4.181693605788267e-29	0	6.993495895183316e-95	6.993495895183316e-95	6.993495895183316e-95	0	0	0
8.317637711026726e-8	0	0	0	0	0	0	0.0008621280527092778	0	0	0	0	0	0	0	1.1726377872864845e-6	7.110970842368936e-29	0	6.526710121785928e-95	6.526710121785928e-95	6.526710121785928e-95	0	0	0
8.912509381337478e-8	0	0	0	0	0	0	0.0014660489321163261	0	0	0	0	0	0	0	1.994070800048906e-6	1.2092207389614806e-28	0	6.091080291211968e-95	6.091080291211968e-95	6.091080291211968e-95	0	0	0
9.549925860214369e-8	0	0	0	0	0	0	0.0024930165125761745	0	0	0	0	0	0	0	3.390917808310558e-6	2.0562801169458674e-28	0	5.684526878273366e-95	5.684526878273366e-95	5.684526878273366e-95	0	0	0
1.0232929922807557e-7	0	0	0	0	0	0	0.004239375095758818	0	0	0	0	0	0	0	5.766256435045441e-6	3.496704764573012e-28	0	5.305109157144709e-95	5.305109157144709e-95	5.305109157144709e-95	0	0	0
1.0964781961431874e-7	0	0	0	0	0	0	0.0072090582280051356	0	0	0	0	0	0	0	9.805520261568439e-6	5.94614717607041e-28	0	4.951015937102797e-95	4.951015937102797e-95	4.951015937102797e-95	0	0	0
1.1748975549395303e-7	0	0	0	0	0	0	0.012259005009195877	0	0	0	0	0	0	0	0.000016674289234809124	1.0111424503923505e-27	0	4.620556916615638e-95	4.620556916615638e-95	4.620556916615638e-95	0	0	0
1.2589254117941688e-7	0	0	0	0	0	0	0.020846440556088728	0	0	0	0	0	0	0	0.000028354632295829474	1.7194479462265018e-27	0	4.312154614508825e-95	4.312154614508825e-95	4.312154614508825e-95	0	0	0
1.3489628825916562e-7	0	0	0	0	0	0	0.03544937648141539	0	0	0	0	0	0	0	0.00004821705808924691	2.923921588531155e-27	0	4.024336839691949e-95	4.024336839691949e-95	4.024336839691949e-95	0	0	0
1.445439770745928e-7	0	0	0	0	0	0	0.060281672045640895	0	0	0	0	0	0	0	0.00008199311726301897	4.972129266629301e-27	0	3.7557296634982886e-95	3.7557296634982886e-95	3.7557296634982886e-95	0	0	0
1.5488166189124826e-7	0	0	0	0	0	0	0.10250899579357864	0	0	0	0	0	0	0	0.0001394293128805969	8.455106847270905e-27	0	3.505050861090612e-95	3.505050861090612e-95	3.505050861090612e-95	0	0	0
1.659586907437563e-7	0	0	0	0	0	0	0.1743165685691586	0	0	0	0	0	0	0	0.00023709957541915246	1.437791094422347e-26	0	3.271103790625008e-95	3.271103790625008e-95	3.271103790625008e-95	0	0	0
1.7782794100389227e-7	0	0	0	0	0	0	0.29642536094016825	0	0	0	0	0	0	0	0.00040318787708640074	2.4449640537274848e-26	0	3.052771680954134e-95	3.052771680954134e-95	3.052771680954134e-95	0	0	0
1.9054607179632522e-7	0	0	0	0	0	0	0.15191724973289356	0	0	0	0	0	0	0	0.000685621068456405	4.157661879538414e-26	0	2.849012300601698e-95	2.849012300601698e-95	2.849012300601698e-95	0	0	0
2.0417379446695318e-7	0	0	0	0	0	0	0.0778572072686614	0	0	0	0	0	0	0	0.001165898768852541	7.070104886905441e-26	0	2.658852982560068e-95	2.658852982560068e-95	2.658852982560068e-95	0	0	0
2.1877616239495564e-7	0	0	0	0	0	0	0.040147564659493554	0	0	0	0	0	0	0	0.0019826110978068555	1.2022714823888953e-25	0	2.481385981161089e-95	2.481385981161089e-95	2.481385981161089e-95	0	0	0
2.3442288153199275e-7	0	0	0	0	0	0	0.020702347343725048	0	0	0	0	0	0	0	0.0033714305822755883	2.0444629047055785e-25	0	2.3157641388559465e-95	2.3157641388559465e-95	2.3157641388559465e-95	0	0	0
2.5118864315095823e-7	0	0	0	0	0	0	0.011361387495090997	0	0	0	0	0	0	0	0.005733118403138407	3.4766095927118062e-25	0	2.1611968422187554e-95	2.1611968422187554e-95	2.1611968422187554e-95	0	0	0
2.6915348039269196e-7	0	0	0	0	0	0	0.006235096130426705	0	0	0	0	0	0	0	0.009749169031449904	5.911975332160082e-25	0	2.0169462478695285e-95	2.0169462478695285e-95	2.0169462478695285e-95	0	0	0
2.8840315031266115e-7	0	0	0	0	0	0	0.004969845581037832	0	0	0	0	0	0	0	0.016578463956326943	1.0053315276279868e-24	0	1.8823237603005904e-95	1.8823237603005904e-95	1.8823237603005904e-95	0	0	0
3.090295432513592e-7	0	0	0	0	0	0	0.003961344714290924	0	0	0	0	0	0	0	0.028191681389930914	1.709566470862614e-24	0	1.756686744792893e-95	1.756686744792893e-95	1.756686744792893e-95	0	0	0
3.3113112148259143e-7	0	0	0	0	0	0	0.005545940065990919	0	0	0	0	0	0	0	0.04793996004003178	2.9071181376292225e-24	0	1.6394354597310325e-95	1.6394354597310325e-95	1.6394354597310325e-95	0	0	0
3.5481338923357606e-7	0	0	0	0	0	0	0.007764396545597814	0	0	0	0	0	0	0	0.08152191197296288	4.9435549948918175e-24	0	1.5300101936730776e-95	1.5300101936730776e-95	1.5300101936730776e-95	0	0	0
3.8018939632056126e-7	0	0	0	0	0	0	0.012915552146751332	0	0	0	0	0	0	0	0.07608167145632648	8.406516292265396e-24	0	1.4278885935086391e-95	1.4278885935086391e-95	1.4278885935086391e-95	0	0	0
4.0738027780411303e-7	0	0	0	0	0	0	0.021484153504502567	0	0	0	0	0	0	0	0.07100447709700482	1.4295282695377378e-23	0	1.3325831709509031e-95	1.3325831709509031e-95	1.3325831709509031e-95	0	0	0
4.365158322401665e-7	0	0	0	0	0	0	0.036459054014637365	0	0	0	0	0	0	0	0.036373962700417754	2.4309131183005895e-23	0	1.2436389754596215e-95	1.2436389754596215e-95	1.2436389754596215e-95	0	0	0
4.677351412871981e-7	0	0	0	0	0	0	0.06187177071526799	0	0	0	0	0	0	0	0.018633545610424896	4.1337682609359634e-23	0	1.160631422486457e-95	1.160631422486457e-95	1.160631422486457e-95	0	0	0
5.011872336272736e-7	0	0	0	0	0	0	0.05773839321207404	0	0	0	0	0	0	0	0.009563480530922477	7.029473783525481e-23	0	1.0831642666756126e-95	1.0831642666756126e-95	1.0831642666756126e-95	0	0	0
5.370317963702533e-7	0	0	0	0	0	0	0.053881148255053475	0	0	0	0	0	0	0	0.004908360533068267	1.1953621624179405e-22	0	1.010867710344636e-95	1.010867710344636e-95	1.010867710344636e-95	0	0	0
5.754399373371578e-7	0	0	0	0	0	0	0.027628134893614383	0	0	0	0	0	0	0	0.002570462574731926	2.0327136046645173e-22	0	9.43396638215938e-96	9.43396638215938e-96	9.43396638215938e-96	0	0	0
6.165950018614835e-7	0	0	0	0	0	0	0.014166621581382786	0	0	0	0	0	0	0	0.0013461272462736184	3.456629905559688e-22	0	8.804289699724467e-96	8.804289699724467e-96	8.804289699724467e-96	0	0	0
6.606934480075964e-7	0	0	0	0	0	0	0.007345715687196728	0	0	0	0	0	0	0	0.0008385430980576595	5.87799987002162e-22	0	8.21664122773052e-96	8.21664122773052e-96	8.21664122773052e-96	0	0	0
7.079457843841387e-7	0	0	0	0	0	0	0.003808920754122403	0	0	0	0	0	0	0	0.0005223536847995822	9.995539995879315e-22	0	7.668215763885372e-96	7.668215763885372e-96	7.668215763885372e-96	0	0	0
7.585775750291852e-7	0	0	0	0	0	0	0.00219676721224362	0	0	0	0	0	0	0	0.0005720056858632699	1.6997417832344587e-21	0	7.1563953410853025e-96	7.1563953410853025e-96	7.1563953410853025e-96	0	0	0
8.128305161640995e-7	0	0	0	0	0	0	0.0012669694373572346	0	0	0	0	0	0	0	0.0006263773266679332	2.890411254283404e-21	0	6.678736730271418e-96	6.678736730271418e-96	6.678736730271418e-96	0	0	0
8.709635899560814e-7	0	0	0	0	0	0	0.0011841251852844452	0	0	0	0	0	0	0	0.0009946254530376543	4.9151449363036314e-21	0	6.232959777416631e-96	6.232959777416631e-96	6.232959777416631e-96	0	0	0
9.332543007969924e-7	0	0	0	0	0	0	0.0011066979305749173	0	0	0	0	0	0	0	0.001579367179672489	8.3582049817543e-21	0	5.816936518968724e-96	5.816936518968724e-96	5.816936518968724e-96	0	0	0
1.e-6	0	0	0	0	0	0	0.0016731265971336937	0	0	0	0	0	0	0	0.002667764888780682	1.421312930185163e-20	0	5.428681023790647e-96	5.428681023790647e-96	5.428681023790647e-96	0	0	0
1.0715193052376091e-6	0	0	0	0	0	0	0.0025294640323235635	0	0	0	0	0	0	0	0.004506215903059873	2.4169429320307503e-20	0	5.066339913107622e-96	5.066339913107622e-96	5.066339913107622e-96	0	0	0
1.148153621496884e-6	0	0	0	0	0	0	0.0042493002524669025	0	0	0	0	0	0	0	0.007658126740159887	4.1100119562919564e-20	0	4.728183513207148e-96	4.728183513207148e-96	4.728183513207148e-96	0	0	0
1.2302687708123837e-6	0	0	0	0	0	0	0.007138489579165216	0	0	0	0	0	0	0	0.013014668278217092	6.98907618255981e-20	0	4.412597598657995e-96	4.412597598657995e-96	4.412597598657995e-96	0	0	0
1.3182567385564101e-6	0	0	0	0	0	0	0.012125422790510905	0	0	0	0	0	0	0	0.022130214983119643	1.188492549537423e-19	0	4.1180756866340466e-96	4.1180756866340466e-96	4.1180756866340466e-96	0	0	0
1.4125375446227554e-6	0	0	0	0	0	0	0.020596216639126502	0	0	0	0	0	0	0	0.037630341759747915	2.021031826539003e-19	0	3.843211845558752e-96	3.843211845558752e-96	3.843211845558752e-96	0	0	0
1.5135612484362104e-6	0	0	0	0	0	0	0.019342748510476494	0	0	0	0	0	0	0	0.020073523063301252	3.436765039438745e-19	0	3.5866939837416436e-96	3.5866939837416436e-96	3.5866939837416436e-96	0	0	0
1.6218100973589331e-6	0	0	0	0	0	0	0.01816556538004066	0	0	0	0	0	0	0	0.010708016704857853	5.844219661070468e-19	0	3.3472975859695807e-96	3.3472975859695807e-96	3.3472975859695807e-96	0	0	0
1.7378008287493763e-6	0	0	0	0	0	0	0.010113031000028609	0	0	0	0	0	0	0	0.007481989248992972	9.938096743564224e-19	0	3.1238798681535016e-96	3.1238798681535016e-96	3.1238798681535016e-96	0	0	0
1.8620871366628694e-6	0	0	0	0	0	0	0.005630069522631438	0	0	0	0	0	0	0	0.0052278740933089495	1.6899735569890585e-18	0	2.915374322127391e-96	2.915374322127391e-96	2.915374322127391e-96	0	0	0
1.995262314968883e-6	0	0	0	0	0	0	0.004732139312770024	0	0	0	0	0	0	0	0.006613354136241566	2.87380038353085e-18	0	2.720785624558498e-96	2.720785624558498e-96	2.720785624558498e-96	0	0	0
2.1379620895022326e-6	0	0	0	0	0	0	0.003977418464452203	0	0	0	0	0	0	0	0.008366011145394956	4.886898147149895e-18	0	2.5391848856658493e-96	2.5391848856658493e-96	2.5391848856658493e-96	0	0	0
2.2908676527677747e-6	0	0	0	0	0	0	0.005736669085178889	0	0	0	0	0	0	0	0.01369574849826761	8.310171310950781e-18	0	2.369705215066369e-96	2.369705215066369e-96	2.369705215066369e-96	0	0	0
2.4547089156850335e-6	0	0	0	0	0	0	0.008274053255138148	0	0	0	0	0	0	0	0.022420903303606396	1.4131448034705815e-17	0	2.211537583581746e-96	2.211537583581746e-96	2.211537583581746e-96	0	0	0
2.6302679918953817e-6	0	0	0	0	0	0	0.013818844281578263	0	0	0	0	0	0	0	0.013321879912384173	2.4030530308615278e-17	0	2.0639269612518524e-96	2.0639269612518524e-96	2.0639269612518524e-96	0	0	0
2.8183829312644606e-6	0	0	0	0	0	0	0.02307943294417661	0	0	0	0	0	0	0	0.007915492163575703	4.0863921764781534e-17	0	1.926168713119151e-96	1.926168713119151e-96	1.926168713119151e-96	0	0	0
3.0199517204020193e-6	0	0	0	0	0	0	0.020007922674649275	0	0	0	0	0	0	0	0.0079365712387242	6.948910742096564e-17	0	1.7976052355790558e-96	1.7976052355790558e-96	1.7976052355790558e-96	0	0	0
3.2359365692962877e-6	0	0	0	0	0	0	0.017345182211495908	0	0	0	0	0	0	0	0.00795770644776808	1.1816624155550647e-16	0	1.6776228172393414e-96	1.6776228172393414e-96	1.6776228172393414e-96	0	0	0
3.4673685045253236e-6	0	0	0	0	0	0	0.018218827537273528	0	0	0	0	0	0	0	0.012326681724934636	2.0094171822880552e-16	0	1.565648709303779e-96	1.565648709303779e-96	1.565648709303779e-96	0	0	0
3.7153522909717276e-6	0	0	0	0	0	0	0.019136476791400996	0	0	0	0	0	0	0	0.01909433118011636	3.417014334485353e-16	0	1.461148391495012e-96	1.461148391495012e-96	1.461148391495012e-96	0	0	0
3.981071705534978e-6	0	0	0	0	0	0	0.024539086066621762	0	0	0	0	0	0	0	0.017957565915984516	5.81063358320838e-16	0	1.3636230204653247e-96	1.3636230204653247e-96	1.3636230204653247e-96	0	0	0
4.265795188015934e-6	0	0	0	0	0	0	0.03146695975173673	0	0	0	0	0	0	0	0.016888477034625506	9.880983611206563e-16	0	1.272607048515047e-96	1.272607048515047e-96	1.272607048515047e-96	0	0	0
4.570881896148752e-6	0	0	0	0	0	0	0.024933463617525586	0	0	0	0	0	0	0	0.020580802497082624	1.6802614676491873e-15	0	1.1876660012512342e-96	1.1876660012512342e-96	1.1876660012512342e-96	0	0	0
4.897788193684467e-6	0	0	0	0	0	0	0.01975651962792974	0	0	0	0	0	0	0	0.025080380578752302	2.857284973597848e-15	0	1.1083944035780782e-96	1.1083944035780782e-96	1.1083944035780782e-96	0	0	0
5.248074602497734e-6	0	0	0	0	0	0	0.014158906143205799	0	0	0	0	0	0	0	0.02556794810366808	4.858813689139632e-15	0	1.0344138441185568e-96	1.0344138441185568e-96	1.0344138441185568e-96	0	0	0
5.623413251903491e-6	0	0	0	0	0	0	0.010147264141033365	0	0	0	0	0	0	0	0.026064994037039452	8.262413684290021e-15	0	9.653711688275928e-97	9.653711688275928e-97	9.653711688275928e-97	0	0	0
6.0255958607435935e-6	0	0	0	0	0	0	0.013140980652685362	0	0	0	0	0	0	0	0.01903274349463268	1.4050236180682132e-14	0	9.009367951737666e-97	9.009367951737666e-97	9.009367951737666e-97	0	0	0
6.4565422903465625e-6	0	0	0	0	0	0	0.017017924251715204	0	0	0	0	0	0	0	0.0138977712566411	2.3892429534035316e-14	0	8.408031388421769e-97	8.408031388421769e-97	8.408031388421769e-97	0	0	0
6.9183097091893625e-6	0	0	0	0	0	0	0.02042467351086645	0	0	0	0	0	0	0	0.0144426756099914	4.062908136901549e-14	0	7.846831454480724e-97	7.846831454480724e-97	7.846831454480724e-97	0	0	0
7.413102413009192e-6	0	0	0	0	0	0	0.024513406092018356	0	0	0	0	0	0	0	0.01500894459431867	6.908976127934962e-14	0	7.323089202523224e-97	7.323089202523224e-97	7.323089202523224e-97	0	0	0
7.943282347242822e-6	0	0	0	0	0	0	0.0316064725515603	0	0	0	0	0	0	0	0.014044656194226091	1.1748715335901397e-13	0	6.834304493374817e-97	6.834304493374817e-97	6.834304493374817e-97	0	0	0
8.511380382023777e-6	0	0	0	0	0	0	0.040751950316598076	0	0	0	0	0	0	0	0.013142320992288715	1.9978692861007682e-13	0	6.378144061398245e-97	6.378144061398245e-97	6.378144061398245e-97	0	0	0
9.120108393559115e-6	0	0	0	0	0	0	0.028467513047674694	0	0	0	0	0	0	0	0.011152662473241395	3.397377134628244e-13	0	5.952430376402696e-97	5.952430376402696e-97	5.952430376402696e-97	0	0	0
9.772372209558111e-6	0	0	0	0	0	0	0.01988614760333259	0	0	0	0	0	0	0	0.009464224798270372	5.777240520785653e-13	0	5.555131248972477e-97	5.555131248972477e-97	5.555131248972477e-97	0	0	0
0.000010471285480509006	0	0	0	0	0	0	0.01660432408000437	0	0	0	0	0	0	0	0.011469604124097449	9.82419870164384e-13	0	5.184350129595322e-97	5.184350129595322e-97	5.184350129595322e-97	0	0	0
0.000011220184543019652	0	0	0	0	0	0	0.01386410196953441	0	0	0	0	0	0	0	0.013899904278219669	1.6706051926024324e-12	0	4.83831705528227e-97	4.83831705528227e-97	4.83831705528227e-97	0	0	0
0.000012022644346174132	0	0	0	0	0	0	0.018024405908870618	0	0	0	0	0	0	0	0.0170986257470627	2.8408644758816613e-12	0	4.5153802004616167e-97	4.5153802004616167e-97	4.5153802004616167e-97	0	0	0
0.000012882495516931348	0	0	0	0	0	0	0.02343312311764806	0	0	0	0	0	0	0	0.021033454373943248	4.830890629373742e-12	0	4.2139979918143807e-97	4.2139979918143807e-97	4.2139979918143807e-97	0	0	0
0.000013803842646028866	0	0	0	0	0	0	0.027724632116418325	0	0	0	0	0	0	0	0.02451520573253437	8.214930515377439e-12	0	3.932731749410653e-97	3.932731749410653e-97	3.932731749410653e-97	0	0	0
0.000014791083881682102	0	0	0	0	0	0	0.032802081998699814	0	0	0	0	0	0	0	0.02857330524143492	1.3969491042115649e-11	0	3.6702388190183636e-97	3.6702388190183636e-97	3.6702388190183636e-97	0	0	0
0.00001584893192461114	0	0	0	0	0	0	0.03521973632411278	0	0	0	0	0	0	0	0.027413046495245168	2.375512240918625e-11	0	3.4252661628009617e-97	3.4252661628009617e-97	3.4252661628009617e-97	0	0	0
0.00001698243652461746	0	0	0	0	0	0	0.03781558215692541	0	0	0	0	0	0	0	0.026299901666984524	4.0395590574785536e-11	0	3.1966443778084026e-97	3.1966443778084026e-97	3.1966443778084026e-97	0	0	0
0.000018197008586099864	0	0	0	0	0	0	0.04002913469017307	0	0	0	0	0	0	0	0.025282678825409407	6.869271013541988e-11	0	2.983282113708211e-97	2.983282113708211e-97	2.983282113708211e-97	0	0	0
0.000019498445997580493	0	0	0	0	0	0	0.042372258541326806	0	0	0	0	0	0	0	0.02430479994498397	1.1681196780656413e-10	0	2.784160863108925e-97	2.784160863108925e-97	2.784160863108925e-97	0	0	0
0.00002089296130854041	0	0	0	0	0	0	0.04295827054597166	0	0	0	0	0	0	0	0.027719758617897872	1.9863877543834609e-10	0	2.5983300996070705e-97	2.5983300996070705e-97	2.5983300996070705e-97	0	0	0
0.000022387211385683423	0	0	0	0	0	0	0.043552387147383784	0	0	0	0	0	0	0	0.03161453785152888	3.3778527875660397e-10	0	2.4249027403485716e-97	2.4249027403485716e-97	2.4249027403485716e-97	0	0	0
0.000023988329190194948	0	0	0	0	0	0	0.041909757584961724	0	0	0	0	0	0	0	0.03183133309839195	5.744039364564381e-10	0	2.2630509114447123e-97	2.2630509114447123e-97	2.2630509114447123e-97	0	0	0
0.000025703957827688645	0	0	0	0	0	0	0.040329081730615696	0	0	0	0	0	0	0	0.03204961500874147	9.767740128615672e-10	0	2.1120019960283317e-97	2.1120019960283317e-97	2.1120019960283317e-97	0	0	0
0.00002754228703338169	0	0	0	0	0	0	0.04124862322155429	0	0	0	0	0	0	0	0.036011787257893696	1.661004411090179e-9	0	1.9710349460852688e-97	1.9710349460852688e-97	1.9710349460852688e-97	0	0	0
0.0000295120922666639	0	0	0	0	0	0	0.042189131134669544	0	0	0	0	0	0	0	0.04046378782253967	2.824538344932443e-9	0	1.8394768404552413e-97	1.8394768404552413e-97	1.8394768404552413e-97	0	0	0
0.000031622776601683856	0	0	0	0	0	0	0.045258045977292126	0	0	0	0	0	0	0	0.039859914345515134	4.803128040314837e-9	0	1.716699672571314e-97	1.716699672571314e-97	1.716699672571314e-97	0	0	0
0.000033884415613920276	0	0	0	0	0	0	0.04855019931897693	0	0	0	0	0	0	0	0.03926505295549159	8.16772022693476e-9	0	1.6021173526039669e-97	1.6021173526039669e-97	1.6021173526039669e-97	0	0	0
0.000036307805477010174	0	0	0	0	0	0	0.05167005558286676	0	0	0	0	0	0	0	0.04317071798200628	1.3889209936845508e-8	0	1.495182909699141e-97	1.495182909699141e-97	1.495182909699141e-97	0	0	0
0.00003890451449942813	0	0	0	0	0	0	0.05499039512476252	0	0	0	0	0	0	0	0.0474648765454229	2.3618604373053838e-8	0	1.3953858809548814e-97	1.3953858809548814e-97	1.3953858809548814e-97	0	0	0
0.00004168693834703355	0	0	0	0	0	0	0.05782833971300098	0	0	0	0	0	0	0	0.04729615690598774	4.016344162607863e-8	0	1.3022498746725432e-97	1.3022498746725432e-97	1.3022498746725432e-97	0	0	0
0.00004466835921509635	0	0	0	0	0	0	0.060812744959825686	0	0	0	0	0	0	0	0.047128037000899195	6.82979408000823e-8	0	1.2153302962504928e-97	1.2153302962504928e-97	1.2153302962504928e-97	0	0	0
0.0000478630092322639	0	0	0	0	0	0	0.06418127270804316	0	0	0	0	0	0	0	0.04943517800384485	1.161406624700949e-7	0	1.134212225864653e-97	1.134212225864653e-97	1.134212225864653e-97	0	0	0
0.00005128613839913659	0	0	0	0	0	0	0.06773638929052526	0	0	0	0	0	0	0	0.051855264504761404	1.974972205747052e-7	0	1.058508437804715e-97	1.058508437804715e-97	1.058508437804715e-97	0	0	0
0.00005495408738576248	0	0	0	0	0	0	0.06695787329605565	0	0	0	0	0	0	0	0.05501018120198431	3.358440644746362e-7	0	9.87857552011156e-98	9.87857552011156e-98	9.87857552011156e-98	0	0	0
0.00005888436553555896	0	0	0	0	0	0	0.06618830503499791	0	0	0	0	0	0	0	0.058357045611006374	5.71102901168086e-7	0	9.219223089891981e-98	9.219223089891981e-98	9.219223089891981e-98	0	0	0
0.00006309573444801943	0	0	0	0	0	0	0.06739090486959887	0	0	0	0	0	0	0	0.059628989574363425	9.711606016703214e-7	0	8.60387959864861e-98	8.60387959864861e-98	8.60387959864861e-98	0	0	0
0.00006760829753919819	8.042736170920593e-16	8.042736170920593e-16	0	0	0	0	0.06861535518611557	0	0	0	0	0	0	0	0.06092865669315092	1.6514588041973314e-6	0	8.029607638978317e-98	8.029607638978317e-98	8.029607638978317e-98	0	0	0
0.00007244359600749906	1.3676674523717824e-15	1.3676674523717824e-15	0	0	0	0	0.06984231618494785	0	0	0	0	0	0	0	0.062242023345943046	2.8083060384349306e-6	0	7.493665862788883e-98	7.493665862788883e-98	7.493665862788883e-98	0	0	0
0.00007762471166286927	2.32571878590303e-15	2.32571878590303e-15	0	0	0	0	0.07109121736449618	0	0	0	0	0	0	0	0.06358370068303888	4.775524999755281e-6	0	6.993495895183316e-98	6.993495895183316e-98	6.993495895183316e-98	0	0	0
0.00008317637711026725	3.954885276915789e-15	3.954885276915789e-15	0	0	0	0	0.07262275574209032	0	0	0	0	0	0	0	0.06781378603013326	8.120781250748734e-6	0	6.526710121785929e-98	6.526710121785929e-98	6.526710121785929e-98	0	0	0
0.00008912509381337459	6.725283232165223e-15	6.725283232165223e-15	0	0	0	0	0.07418728848789205	0	0	0	0	0	0	0	0.07232528975727623	0.000013809390198123054	0	6.09108029121198e-98	6.09108029121198e-98	6.09108029121198e-98	0	0	0
0.00009549925860214369	1.1436345528615547e-14	1.1436345528615547e-14	0	0	0	0	0.07602569556628569	0	0	0	0	0	0	0	0.07467511056596997	0.000023482870890831808	0	5.684526878273365e-98	5.684526878273365e-98	5.684526878273365e-98	0	0	0
0.00010232929922807557	1.944750793904879e-14	1.944750793904879e-14	0	0	0	0	0.07790965951371674	0	0	0	0	0	0	0	0.07710127614772305	0.00003993262681145952	0	5.305109157144709e-98	5.305109157144709e-98	5.305109157144709e-98	0	0	0
0.00010964781961431851	3.307049127652125e-14	3.307049127652125e-14	0	0	0	0	0.08010889103356206	0	0	0	0	0	0	0	0.08086439787113316	0.0000679054401600386	0	4.951015937102807e-98	4.951015937102807e-98	4.951015937102807e-98	0	0	0
0.00011748975549395303	5.6236377262224904e-14	5.6236377262224904e-14	0	0	0	0	0.08237020239444443	0	0	0	0	0	0	0	0.08481118821603349	0.00011547321505043834	0	4.620556916615637e-98	4.620556916615637e-98	4.620556916615637e-98	0	0	0
0.00012589254117941688	9.56299711768921e-14	9.56299711768921e-14	0	0	0	0	0.08721241866781285	0	0	0	0	0	0	0	0.08598898087851925	0.0001963622260994041	0	4.3121546145088244e-98	4.3121546145088244e-98	4.3121546145088244e-98	0	0	0
0.0001348962882591656	1.6261878578433908e-13	1.6261878578433908e-13	0	0	0	0	0.09233928955846331	0	0	0	0	0	0	0	0.08718312982117239	0.0003339140061344144	0	4.0243368396919494e-98	4.0243368396919494e-98	4.0243368396919494e-98	0	0	0
0.0001445439770745928	2.7653327889282905e-13	2.7653327889282905e-13	0	0	0	0	0.09402759930187125	0	0	0	0	0	0	0	0.09152339858443466	0.00042163009028278335	0	3.7557296634982886e-98	3.7557296634982886e-98	3.7557296634982886e-98	0	0	0
0.00015488166189124827	4.702448980072422e-13	4.702448980072422e-13	0	0	0	0	0.09574677770154989	0	0	0	0	0	0	0	0.09607974049138844	0.0005323883687595481	0	3.5050508610906123e-98	3.5050508610906123e-98	3.5050508610906123e-98	0	0	0
0.00016595869074375631	7.996515464149549e-13	7.996515464149549e-13	0	0	0	0	0.09772258495550747	0	0	0	0	0	0	0	0.10110709121471596	0.000597814948234986	0	3.271103790625009e-98	3.271103790625009e-98	3.271103790625009e-98	0	0	0
0.00017782794100389227	1.3598076202284683e-12	1.3598076202284683e-12	0	0	0	0	0.09973916448816178	0	0	0	0	0	0	0	0.10639749692930418	0.0006712819687738266	0	3.052771680954134e-98	3.052771680954134e-98	3.052771680954134e-98	0	0	0
0.00019054607179632481	2.312353139716066e-12	2.312353139716066e-12	0	0	0	0	0.10337431453438588	0	0	0	0	0	0	0	0.10990506262389141	0.00043125900659315324	0	2.8490123006017034e-98	2.8490123006017034e-98	2.8490123006017034e-98	0	0	0
0.00020417379446695317	3.93215699280788e-12	3.93215699280788e-12	0	0	0	0	0.10714195331686936	0	0	0	0	0	0	0	0.11352826089872665	0.00027705843359301317	0	2.6588529825600678e-98	2.6588529825600678e-98	2.6588529825600678e-98	0	0	0
0.00021877616239495564	6.6866337803343855e-12	6.6866337803343855e-12	0	0	0	0	0.11196708063249773	0	0	0	0	0	0	0	0.11475131185170744	0.00014740496272154765	0	2.4813859811610893e-98	2.4813859811610893e-98	2.4813859811610893e-98	0	0	0
0.00023442288153199226	1.1370622127775642e-11	1.1370622127775642e-11	0	0	0	0	0.11700950708157738	0	0	0	0	0	0	0	0.11598753885109087	0.00007842469457854065	0	2.315764138855951e-98	2.315764138855951e-98	2.315764138855951e-98	0	0	0
0.0002511886431509582	1.9335745282314052e-11	1.9335745282314052e-11	0	0	0	0	0.12075055859254534	0	0	0	0	0	0	0	0.12053844231798826	0.00005400099508874331	0	2.1611968422187555e-98	2.1611968422187555e-98	2.1611968422187555e-98	0	0	0
0.00026915348039269194	3.2880438855606094e-11	3.2880438855606094e-11	0	0	0	0	0.12461121975538525	0	0	0	0	0	0	0	0.1252679056764926	0.000037183536209428374	0	2.0169462478695286e-98	2.0169462478695286e-98	2.0169462478695286e-98	0	0	0
0.00028840315031266115	5.5913193081113285e-11	5.5913193081113285e-11	0	0	0	0	0.12853703568050584	0	0	0	0	0	0	0	0.1295552031792966	0.000046354253400852016	0	1.8823237603005905e-98	1.8823237603005905e-98	1.8823237603005905e-98	0	0	0
0.0003090295432513592	9.508039640999933e-11	9.508039640999933e-11	0	0	0	0	0.1325865325286456	0	0	0	0	0	0	0	0.1339892335565609	0.000057786779510377584	0	1.756686744792893e-98	1.756686744792893e-98	1.756686744792893e-98	0	0	0
0.0003311311214825914	1.6168423377946213e-10	1.6168423377946213e-10	0	0	0	0	0.13672559824512345	0	0	0	0	0	0	0	0.14172818090016212	0.00009435211693764326	0	1.639435459731033e-98	1.639435459731033e-98	1.639435459731033e-98	0	0	0
0.000354813389233576	2.749440730150584e-10	2.749440730150584e-10	0	0	0	0	0.14099387667030233	0	0	0	0	0	0	0	0.14991411420224118	0.00015405464789771997	0	1.5300101936730777e-98	1.5300101936730777e-98	1.5300101936730777e-98	0	0	0
0.00038018939632056124	4.675424530830809e-10	4.675424530830809e-10	0	0	0	0	0.1450172072478178	0	0	0	0	0	0	0	0.1543838449225711	0.00008913910930231866	0	1.427888593508639e-98	1.427888593508639e-98	1.427888593508639e-98	0	0	0
0.00040738027780411304	7.950560382619252e-10	7.950560382619252e-10	0	0	0	0	0.14915534556960053	0	0	0	0	0	0	0	0.1589868418988413	0.00005157767659490471	0	1.332583170950903e-98	1.332583170950903e-98	1.332583170950903e-98	0	0	0
0.00043651583224016654	1.3519929576628748e-9	1.3519929576628748e-9	0	0	0	0	0.15656158116511015	0	0	0	0	0	0	0	0.1637027242906218	0.00004861109713071452	0	1.2436389754596214e-98	1.2436389754596214e-98	1.2436389754596214e-98	0	0	0
0.00046773514128719906	2.299064304405444e-9	2.299064304405444e-9	0	0	0	0	0.16433556975992866	0	0	0	0	0	0	0	0.1685584896215657	0.00004581514562610645	0	1.1606314224864547e-98	1.1606314224864547e-98	1.1606314224864547e-98	0	0	0
0.0005011872336272725	3.9095593256109735e-9	3.9095593256109735e-9	0	0	0	0	0.16886501823654124	0	0	0	0	0	0	0	0.1731883991558797	0.000069482717376268	0	1.083164266675615e-98	1.083164266675615e-98	1.083164266675615e-98	0	0	0
0.0005370317963702533	6.648206442587762e-9	6.648206442587762e-9	0	0	0	0	0.17351930824035472	0	0	0	0	0	0	0	0.1779454815329503	0.0001053766816194369	0	1.0108677103446361e-98	1.0108677103446361e-98	1.0108677103446361e-98	0	0	0
0.0005754399373371578	1.1305276431982108e-8	1.1305276431982108e-8	0	0	0	0	0.17973722753353993	0	0	0	0	0	0	0	0.1840653788314565	0.00014104788974582315	0	9.43396638215938e-99	9.43396638215938e-99	9.43396638215938e-99	0	0	0
0.0006165950018614823	1.9224624913088515e-8	1.9224624913088515e-8	0	0	0	0	0.18617796076442816	0	0	0	0	0	0	0	0.1903957515105207	0.0001887942085099802	0	8.804289699724484e-99	8.804289699724484e-99	8.804289699724484e-99	0	0	0
0.0006606934480075965	3.26914786447331e-8	3.26914786447331e-8	0	0	0	0	0.1924504775076076	0	0	0	0	0	0	0	0.19663287057542567	0.00020892861634853652	0	8.21664122773052e-99	8.21664122773052e-99	8.21664122773052e-99	0	0	0
0.0007079457843841388	5.559186620340311e-8	5.559186620340311e-8	0	0	0	0	0.19893432144618572	0	0	0	0	0	0	0	0.20307430961029366	0.00023121030604604628	0	7.668215763885372e-99	7.668215763885372e-99	7.668215763885372e-99	0	0	0
0.0007585775750291852	9.453397998793257e-8	9.453397998793257e-8	0	0	0	0	0.20493717077750748	0	0	0	0	0	0	0	0.20926222838029557	0.0002001801265050946	0	7.1563953410853035e-99	7.1563953410853035e-99	7.1563953410853035e-99	0	0	0
0.0008128305161640995	1.6075505254061273e-7	1.6075505254061273e-7	0	0	0	0	0.21112115627393455	0	0	0	0	0	0	0	0.21563870048714062	0.00017331443279009924	0	6.678736730271419e-99	6.678736730271419e-99	6.678736730271419e-99	0	0	0
0.0008709635899560814	2.7336400012602893e-7	2.7336400012602893e-7	0	0	0	0	0.21963520056127836	0	0	0	0	0	0	0	0.22214279628340808	0.00012042854554312221	0	6.232959777416631e-99	6.232959777416631e-99	6.232959777416631e-99	0	0	0
0.0009332543007969925	4.6485553880817823e-7	4.6485553880817823e-7	0	0	0	0	0.22849259722223653	0	0	0	0	0	0	0	0.22884306865666035	0.00008368047800841017	0	5.8169365189687235e-99	5.8169365189687235e-99	5.8169365189687235e-99	0	0	0
0.001	7.904869399811769e-7	7.904869399811769e-7	0	0	0	0	0.23631121073133585	0	0	0	0	0	0	0	0.23696877358413704	0.00007644938114220897	0	5.428681023790648e-99	5.428681023790648e-99	5.428681023790648e-99	0	0	0
0.001071519305237607	1.3442232050905251e-6	1.3442232050905251e-6	0	0	0	0	0.24439736339902443	0	0	0	0	0	0	0	0.24538300409797323	0.00006984314640792748	0	5.066339913107631e-99	5.066339913107631e-99	5.066339913107631e-99	0	0	0
0.001148153621496884	2.2858518385476157e-6	2.2858518385476157e-6	0	0	0	0	0.2501385126428319	0	0	0	0	0	0	0	0.2526726464905275	0.00008451697485140757	0	4.728183513207149e-99	4.728183513207149e-99	4.728183513207149e-99	0	0	0
0.0012302687708123836	3.887091524684416e-6	3.887091524684416e-6	0	0	0	0	0.2560145274767638	0	0	0	0	0	0	0	0.26017884375984124	0.00010227372914033962	0	4.412597598657995e-99	4.412597598657995e-99	4.412597598657995e-99	0	0	0
0.0013182567385564075	6.609999942460548e-6	6.609999942460548e-6	0	0	0	0	0.26432382803162474	0	0	0	0	0	0	0	0.2670264352314471	0.00011401198059711867	0	4.118075686634055e-99	4.118075686634055e-99	4.118075686634055e-99	0	0	0
0.0014125375446227555	0.000011240306270605964	0.000011240306270605964	0	0	0	0	0.2729028182653943	0	0	0	0	0	0	0	0.2740542470018468	0.0001270974650962523	0	3.8432118455587516e-99	3.8432118455587516e-99	3.8432118455587516e-99	0	0	0
0.0015135612484362103	0.000019114143140217968	0.000019114143140217968	0	0	0	0	0.281775932781334	0	0	0	0	0	0	0	0.28345440432372404	0.00017485137399722263	0	3.586693983741644e-99	3.586693983741644e-99	3.586693983741644e-99	0	0	0
0.0016218100973589332	0.00003250360436709343	0.00003250360436709343	0	0	0	0	0.29093754619117823	0	0	0	0	0	0	0	0.293176990356861	0.00024054770066077514	0	3.34729758596958e-99	3.34729758596958e-99	3.34729758596958e-99	0	0	0
0.0017378008287493763	0.000016647807463911115	0.000016647807463911115	0	0	0	0	0.30076635051509126	0	0	0	0	0	0	0	0.30189744285108816	0.00028903714916183736	0	3.1238798681535012e-99	3.1238798681535012e-99	3.1238798681535012e-99	0	0	0
0.0018620871366628695	8.526731073432497e-6	8.526731073432497e-6	0	0	0	0	0.31092720340304286	0	0	0	0	0	0	0	0.3108772823170265	0.0003473010690441618	0	2.915374322127391e-99	2.915374322127391e-99	2.915374322127391e-99	0	0	0
0.001995262314968883	4.367473134342192e-6	4.367473134342192e-6	0	0	0	0	0.3198357797877465	0	0	0	0	0	0	0	0.3200367728524887	0.00034000869589946396	0	2.7207856245584984e-99	2.7207856245584984e-99	2.7207856245584984e-99	0	0	0
0.0021379620895022326	2.2370614734917975e-6	2.2370614734917975e-6	0	0	0	0	0.32899960155572117	0	0	0	0	0	0	0	0.3294661327918645	0.00033286944265798976	0	2.5391848856658495e-99	2.5391848856658495e-99	2.5391848856658495e-99	0	0	0
0.0022908676527677745	1.1464883153916553e-6	1.1464883153916553e-6	0	0	0	0	0.3387585761311778	0	0	0	0	0	0	0	0.33848458750876503	0.0003204798272798433	0	2.3697052150663692e-99	2.3697052150663692e-99	2.3697052150663692e-99	0	0	0
0.0024547089156850338	5.87572345644082e-7	5.87572345644082e-7	0	0	0	0	0.348807026998746	0	0	0	0	0	0	0	0.3477499037916534	0.0003085513613781795	0	2.211537583581746e-99	2.211537583581746e-99	2.211537583581746e-99	0	0	0
0.002630267991895387	3.029852872660576e-7	3.029852872660576e-7	0	0	0	0	0.3563709265245962	0	0	0	0	0	0	0	0.358551782812482	0.0003109127522453516	0	2.0639269612518484e-99	2.0639269612518484e-99	2.0639269612518484e-99	0	0	0
0.002818382931264455	1.5623622347145635e-7	1.5623622347145635e-7	0	0	0	0	0.3640988496268336	0	0	0	0	0	0	0	0.3696891920206913	0.00031329221519881326	0	1.9261687131191555e-99	1.9261687131191555e-99	1.9261687131191555e-99	0	0	0
0.003019951720402019	8.574162208697361e-8	8.574162208697361e-8	0	0	0	0	0.37231277329493445	0	0	0	0	0	0	0	0.3788213652348222	0.00034085142531615944	0	1.7976052355790562e-99	1.7976052355790562e-99	1.7976052355790562e-99	0	0	0
0.0032359365692962876	4.7054553641643816e-8	4.7054553641643816e-8	0	0	0	0	0.3807119997787255	0	0	0	0	0	0	0	0.3881791241285264	0.00037083492185189	0	1.6776228172393413e-99	1.6776228172393413e-99	1.6776228172393413e-99	0	0	0
0.0034673685045253167	3.7505433467283586e-8	3.7505433467283586e-8	0	0	0	0	0.3899751278397175	0	0	0	0	0	0	0	0.39718605693437725	0.0003893840270560629	0	1.565648709303782e-99	1.565648709303782e-99	1.565648709303782e-99	0	0	0
0.003715352290971728	2.989418516816894e-8	2.989418516816894e-8	0	0	0	0	0.3994636376631029	0	0	0	0	0	0	0	0.40640197789421856	0.00040886095562206345	0	1.4611483914950118e-99	1.4611483914950118e-99	1.4611483914950118e-99	0	0	0
0.003981071705534978	4.185186962499592e-8	4.185186962499592e-8	0	0	0	0	0.4094426558630607	0	0	0	0	0	0	0	0.4162879388511919	0.0004011523025376367	0	1.3636230204653247e-99	1.3636230204653247e-99	1.3636230204653247e-99	0	0	0
0.004265795188015935	5.8592632020381296e-8	5.8592632020381296e-8	0	0	0	0	0.41967096034303547	0	0	0	0	0	0	0	0.42641438147252403	0.0003935889881840398	0	1.2726070485150467e-99	1.2726070485150467e-99	1.2726070485150467e-99	0	0	0
0.004570881896148752	9.746477003308213e-8	9.746477003308213e-8	0	0	0	0	0.42876939669975617	0	0	0	0	0	0	0	0.434406859006226	0.00041303873917474215	0	1.187666001251234e-99	1.187666001251234e-99	1.187666001251234e-99	0	0	0
0.004897788193684466	1.6212586924406233e-7	1.6212586924406233e-7	0	0	0	0	0.43806508650491655	0	0	0	0	0	0	0	0.44254914315973876	0.0004334496268459854	0	1.1083944035780782e-99	1.1083944035780782e-99	1.1083944035780782e-99	0	0	0
0.005248074602497733	2.751309250656339e-7	2.751309250656339e-7	0	0	0	0	0.4477704113544581	0	0	0	0	0	0	0	0.45190380223319426	0.0004254195935498455	0	1.0344138441185568e-99	1.0344138441185568e-99	1.0344138441185568e-99	0	0	0
0.005623413251903491	4.669028223590737e-7	4.669028223590737e-7	0	0	0	0	0.4576907575178111	0	0	0	0	0	0	0	0.4614562012587733	0.00041753832364106096	0	9.653711688275928e-100	9.653711688275928e-100	9.653711688275928e-100	0	0	0
0.0060255958607435805	7.938204909433034e-7	7.938204909433034e-7	0	0	0	0	0.46612292248016496	0	0	0	0	0	0	0	0.469307287364236	0.0004250434312002393	0	9.009367951737687e-100	9.009367951737687e-100	9.009367951737687e-100	0	0	0
0.006456542290346563	1.3496405283171467e-6	1.3496405283171467e-6	0	0	0	0	0.47471043557831655	0	0	0	0	0	0	0	0.477291949641971	0.0004326834404828897	0	8.408031388421769e-100	8.408031388421769e-100	8.408031388421769e-100	0	0	0
0.006918309709189377	2.295025214380384e-6	2.295025214380384e-6	0	0	0	0	0.4813926905447049	0	0	0	0	0	0	0	0.48431377402521114	0.00045111415203967194	0	7.846831454480708e-100	7.846831454480708e-100	7.846831454480708e-100	0	0	0
0.007413102413009177	3.902624902061248e-6	3.902624902061248e-6	0	0	0	0	0.48816900818191095	0	0	0	0	0	0	0	0.49143890209439367	0.0004703299436265781	0	7.323089202523239e-100	7.323089202523239e-100	7.323089202523239e-100	0	0	0
0.00794328234724282	3.642146464634279e-6	3.642146464634279e-6	0	0	0	0	0.4947087108173321	0	0	0	0	0	0	0	0.4970018884300882	0.00047894696911091847	0	6.834304493374817e-100	6.834304493374817e-100	6.834304493374817e-100	0	0	0
0.008511380382023776	3.3990535095600557e-6	3.3990535095600557e-6	0	0	0	0	0.5013360218626338	0	0	0	0	0	0	0	0.5026278466160761	0.0004877218691452516	0	6.378144061398245e-100	6.378144061398245e-100	6.378144061398245e-100	0	0	0
0.009120108393559097	1.7409936458385892e-6	1.7409936458385892e-6	0	0	0	0	0.5065554157408738	0	0	0	0	0	0	0	0.5084346416164682	0.0004984173576835576	0	5.952430376402707e-100	5.952430376402707e-100	5.952430376402707e-100	0	0	0
0.009772372209558112	8.917361454667427e-7	8.917361454667427e-7	0	0	0	0	0.5118291485679792	0	0	0	0	0	0	0	0.5143085217742062	0.0005093473927581387	0	5.555131248972476e-100	5.555131248972476e-100	5.555131248972476e-100	0	0	0
0.010471285480509006	4.569141240611362e-7	4.569141240611362e-7	0	0	0	0	0.515571103628598	0	0	0	0	0	0	0	0.5185812311082647	0.0005315621271572491	0	5.184350129595321e-100	5.184350129595321e-100	5.184350129595321e-100	0	0	0
0.011220184543019653	2.3411691656536346e-7	2.3411691656536346e-7	0	0	0	0	0.5193404159190944	0	0	0	0	0	0	0	0.5228894367335186	0.0005547457374776637	0	4.838317055282269e-100	4.838317055282269e-100	4.838317055282269e-100	0	0	0
0.012022644346174132	1.2044112408100635e-7	1.2044112408100635e-7	0	0	0	0	0.5209046043997719	0	0	0	0	0	0	0	0.5244205207897954	0.000568296970325561	0	4.5153802004616165e-100	4.5153802004616165e-100	4.5153802004616165e-100	0	0	0
0.01288249551693135	6.196076978421246e-8	6.196076978421246e-8	0	0	0	0	0.5224735040208265	0	0	0	0	0	0	0	0.5259560880469605	0.0005821792303437301	0	4.2139979918143807e-100	4.2139979918143807e-100	4.2139979918143807e-100	0	0	0
0.013803842646028866	3.323821108229514e-8	3.323821108229514e-8	3.932731749410653e-100	3.932731749410653e-100	0	0	0.5218380009767275	0	0	0	0	0	0	0	0.5262943309885418	0.0005804810689384604	0	3.932731749410653e-100	3.932731749410653e-100	3.932731749410653e-100	0	0	0
0.014791083881682071	1.783029293856054e-8	1.783029293856054e-8	3.6702388190183713e-100	3.6702388190183713e-100	0	0	0.5212032709175097	0	0	0	0	0	0	0	0.5266327914545333	0.0005787878609083869	0	3.6702388190183713e-100	3.6702388190183713e-100	3.6702388190183713e-100	0	0	0
0.01584893192461114	1.2832259086314014e-8	1.2832259086314014e-8	3.425266162800963e-100	3.425266162800963e-100	0	0	0.5187113123738516	0	0	0	0	0	0	0	0.5240666239697013	0.0005909172329379258	0	3.425266162800963e-100	3.425266162800963e-100	3.425266162800963e-100	0	0	0
0.01698243652461746	9.235230953619146e-9	9.235230953619146e-9	3.196644377808402e-100	3.196644377808402e-100	0	0	0.5162312682937621	0	0	0	0	0	0	0	0.5215129608629995	0.0006033007942408885	0	3.196644377808402e-100	3.196644377808402e-100	3.196644377808402e-100	0	0	0
0.018197008586099864	1.2003875525291427e-8	1.2003875525291427e-8	2.983282113708212e-100	2.983282113708212e-100	0	0	0.5121311487137697	0	0	0	0	0	0	0	0.516758172410856	0.0006117147719058556	0	2.983282113708212e-100	2.983282113708212e-100	2.983282113708212e-100	0	0	0
0.019498445997580455	1.560253645527097e-8	1.560253645527097e-8	2.7841608631089305e-100	2.7841608631089305e-100	0	0	0.5080635939581161	0	0	0	0	0	0	0	0.512046734776278	0.0006202460957119547	0	2.7841608631089305e-100	2.7841608631089305e-100	2.7841608631089305e-100	0	0	0
0.02089296130854041	2.566142355658034e-8	2.566142355658034e-8	2.5983300996070706e-100	2.5983300996070706e-100	0	0	0.5009169933261888	0	0	0	0	0	0	0	0.5050723335122871	0.0006359448302913761	0	2.5983300996070706e-100	2.5983300996070706e-100	2.5983300996070706e-100	0	0	0
0.022387211385683423	4.2205231235191156e-8	4.2205231235191156e-8	2.4249027403485713e-100	2.4249027403485713e-100	0	0	0.4938709192842385	0	0	0	0	0	0	0	0.49819292801662596	0.0006520409075854041	0	2.4249027403485713e-100	2.4249027403485713e-100	2.4249027403485713e-100	0	0	0
0.02398832919019495	7.154499133943336e-8	7.154499133943336e-8	2.2630509114447124e-100	2.2630509114447124e-100	0	0	0.4850472610234138	0	0	0	0	0	0	0	0.4894759292709077	0.0006716669298302659	0	2.2630509114447124e-100	2.2630509114447124e-100	2.2630509114447124e-100	0	0	0
0.025703957827688646	1.212808373738153e-7	1.212808373738153e-7	2.1120019960283316e-100	2.1120019960283316e-100	0	0	0.4763812491071373	0	0	0	0	0	0	0	0.4809114539008934	0.0006918836830318414	0	2.1120019960283316e-100	2.1120019960283316e-100	2.1120019960283316e-100	0	0	0
0.02754228703338169	2.0617914566267623e-7	2.0617914566267623e-7	1.9710349460852688e-100	1.9710349460852688e-100	0	0	0.465650226922239	0	0	0	0	0	0	0	0.47035236992089297	0.0007026179147753568	0	1.9710349460852688e-100	1.9710349460852688e-100	1.9710349460852688e-100	0	0	0
0.0295120922666639	3.505074752672277e-7	3.505074752672277e-7	1.8394768404552414e-100	1.8394768404552414e-100	0	0	0.45516093305336636	0	0	0	0	0	0	0	0.4600251254065412	0.0007135186827936102	0	1.8394768404552414e-100	1.8394768404552414e-100	1.8394768404552414e-100	0	0	0
0.03162277660168379	5.960225736912321e-7	5.960225736912321e-7	1.716699672571317e-100	1.716699672571317e-100	0	0	0.4423709294549306	0	0	0	0	0	0	0	0.4473346548286198	0.0007298424146015007	0	1.716699672571317e-100	1.716699672571317e-100	1.716699672571317e-100	0	0	0
0.03388441561392028	1.0135102199423424e-6	1.0135102199423424e-6	1.6021173526039668e-100	1.6021173526039668e-100	0	0	0.42994032443437874	0	0	0	0	0	0	0	0.4349942695712477	0.000746539597345661	0	1.6021173526039668e-100	1.6021173526039668e-100	1.6021173526039668e-100	0	0	0
0.03630780547701017	1.1053244203542873e-6	1.1053244203542873e-6	1.495182909699141e-100	1.495182909699141e-100	0	0	0.41605134215000106	0	0	0	0	0	0	0	0.4208945317319858	0.000747210118381712	0	1.495182909699141e-100	1.495182909699141e-100	1.495182909699141e-100	0	0	0
0.038904514499428125	1.2054560972271645e-6	1.2054560972271645e-6	1.3953858809548815e-100	1.3953858809548815e-100	0	0	0.4026110356885983	0	0	0	0	0	0	0	0.4072518174009458	0.0007478812416610489	0	1.3953858809548815e-100	1.3953858809548815e-100	1.3953858809548815e-100	0	0	0
0.04168693834703355	1.3583102046392108e-6	1.3583102046392108e-6	1.3022498746725434e-100	1.3022498746725434e-100	0	0	0.38721340542808136	0	0	0	0	0	0	0	0.39200821765796046	0.0007507917631401246	0	1.3022498746725434e-100	1.3022498746725434e-100	1.3022498746725434e-100	0	0	0
0.04466835921509635	1.5305465012545578e-6	1.5305465012545578e-6	1.215330296250493e-100	1.215330296250493e-100	0	0	0.3724046487865746	0	0	0	0	0	0	0	0.3773351920000881	0.0007537136114647041	0	1.215330296250493e-100	1.215330296250493e-100	1.215330296250493e-100	0	0	0
0.0478630092322639	1.1134019552562995e-6	1.1134019552562995e-6	1.134212225864653e-100	1.134212225864653e-100	0	0	0.35655481575786896	0	0	0	0	0	0	0	0.3617939540862991	0.0007481376705573885	0	1.134212225864653e-100	1.134212225864653e-100	1.134212225864653e-100	0	0	0
0.05128613839913648	8.099485464521567e-7	8.099485464521567e-7	1.0585084378047171e-100	1.0585084378047171e-100	0	0	0.3413795640155586	0	0	0	0	0	0	0	0.3468928103938121	0.0007426029802212833	0	1.0585084378047171e-100	1.0585084378047171e-100	1.0585084378047171e-100	0	0	0
0.05495408738576248	1.062410014151002e-6	1.062410014151002e-6	9.878575520111561e-101	9.878575520111561e-101	0	0	0.3257060248829818	0	0	0	0	0	0	0	0.33112462436130513	0.0007341978935246021	0	9.878575520111561e-101	9.878575520111561e-101	9.878575520111561e-101	0	0	0
0.05888436553555896	1.3935638789803252e-6	1.3935638789803252e-6	9.219223089891981e-101	9.219223089891981e-101	0	0	0.31075209481560717	0	0	0	0	0	0	0	0.31607318910398263	0.0007258879390644722	0	9.219223089891981e-101	9.219223089891981e-101	9.219223089891981e-101	0	0	0
0.06309573444801943	1.971150535856624e-6	1.971150535856624e-6	8.60387959864861e-101	8.60387959864861e-101	0	0	0.29457226479617243	0	0	0	0	0	0	0	0.30021949420221883	0.0007197210803019467	0	8.60387959864861e-101	8.60387959864861e-101	8.60387959864861e-101	0	0	0
0.06760829753919818	2.7881279743349783e-6	2.7881279743349783e-6	8.029607638978319e-101	8.029607638978319e-101	0	0	0.2792348648160695	0	0	0	0	0	0	0	0.28516099373865095	0.0007136066127487939	0	8.029607638978319e-101	8.029607638978319e-101	8.029607638978319e-101	0	0	0
0.07244359600749906	2.3058752917416134e-6	2.3058752917416134e-6	7.493665862788883e-101	7.493665862788883e-101	0	0	0.26357109762014935	0	0	0	0	0	0	0	0.2697214426032893	0.0007086133726463364	0	7.493665862788883e-101	7.493665862788883e-101	7.493665862788883e-101	0	0	0
0.07762471166286927	1.9070361583143028e-6	1.9070361583143028e-6	6.993495895183317e-101	6.993495895183317e-101	0	0	0.24878599435084742	0	0	0	0	0	0	0	0.25511783938680715	0.000703655071186928	0	6.993495895183317e-101	6.993495895183317e-101	6.993495895183317e-101	0	0	0
0.08317637711026708	1.6111207060633497e-6	1.6111207060633497e-6	6.526710121785943e-101	6.526710121785943e-101	0	0	0.23359708546111696	0	0	0	0	0	0	0	0.2402304430951131	0.0006900327654099411	0	6.526710121785943e-101	6.526710121785943e-101	6.526710121785943e-101	0	0	0
0.08912509381337459	1.3611225556417847e-6	1.3611225556417847e-6	6.091080291211981e-101	6.091080291211981e-101	0	0	0.21933549144641548	0	0	0	0	0	0	0	0.22621180050907347	0.0006766741786371653	0	6.091080291211981e-101	6.091080291211981e-101	6.091080291211981e-101	0	0	0
0.09549925860214369	1.3256993658915075e-6	1.3256993658915075e-6	5.684526878273366e-101	5.684526878273366e-101	0	0	0.20522200056824094	0	0	0	0	0	0	0	0.21191469049632528	0.00064947257449098	0	5.684526878273366e-101	5.684526878273366e-101	5.684526878273366e-101	0	0	0
0.10232929922807536	1.2911980640100943e-6	1.2911980640100943e-6	5.3051091571447194e-101	5.3051091571447194e-101	0	0	0.19201666469705966	0	0	0	0	0	0	0	0.19852119096833826	0.000623364446779224	0	5.3051091571447194e-101	5.3051091571447194e-101	5.3051091571447194e-101	0	0	0
0.10964781961431873	1.475210849119207e-6	1.475210849119207e-6	4.951015937102798e-101	4.951015937102798e-101	0	0	0.17847698191081862	0	0	0	0	0	0	0	0.1849157774043416	0.0005973123479604338	0	4.951015937102798e-101	4.951015937102798e-101	4.951015937102798e-101	0	0	0
0.11748975549395303	1.6854478875225329e-6	1.6854478875225329e-6	4.620556916615637e-101	4.620556916615637e-101	0	0	0.1658920236024836	0	0	0	0	0	0	0	0.17224279466722342	0.000572349037339898	0	4.620556916615637e-101	4.620556916615637e-101	4.620556916615637e-101	0	0	0
0.12589254117941662	1.9087264740065503e-6	1.9087264740065503e-6	4.3121546145088334e-101	4.3121546145088334e-101	0	0	0.15319085421709164	0	0	0	0	0	0	0	0.15938472017746264	0.000554894146506398	0	4.3121546145088334e-101	4.3121546145088334e-101	4.3121546145088334e-101	4.3121546145088335e-11	4.3121546145088335e-11	4.3121546145088335e-11
0.1348962882591656	2.1615837425437743e-6	2.1615837425437743e-6	4.0243368396919496e-101	4.0243368396919496e-101	0	0	0.14146212280824078	0	0	0	0	0	0	0	0.14748651213612743	0.0005379715763271347	0	4.0243368396919496e-101	4.0243368396919496e-101	4.0243368396919496e-101	4.0243368396919496e-11	4.0243368396919496e-11	4.0243368396919496e-11
0.1445439770745928	1.5811104177630026e-6	1.5811104177630026e-6	3.755729663498289e-101	3.755729663498289e-101	0	0	0.12981784370500937	0	0	0	0	0	0	0	0.13578353492525325	0.0005069371828338327	0	3.755729663498289e-101	3.755729663498289e-101	3.755729663498289e-101	3.7557296634982884e-11	3.7557296634982884e-11	3.7557296634982884e-11
0.15488166189124797	1.1565178364159865e-6	1.1565178364159865e-6	3.505050861090619e-101	3.505050861090619e-101	0	0	0.11913204898715471	0	0	0	0	0	0	0	0.12500918280432513	0.0004776930950404574	0	3.505050861090619e-101	3.505050861090619e-101	3.505050861090619e-101	3.505050861090619e-11	3.505050861090619e-11	3.505050861090619e-11
0.1659586907437563	9.223472457679199e-7	9.223472457679199e-7	3.2711037906250084e-101	3.2711037906250084e-101	0	0	0.10881929924613247	0.11437126286362512	0	0	0	0	0	0	0.11430634242771746	0.00044244120186868064	0	3.2711037906250084e-101	3.2711037906250084e-101	3.2711037906250084e-101	3.2711037906250084e-11	3.2711037906250084e-11	3.2711037906250084e-11
0.1778279410038923	7.355912853121649e-7	7.355912853121649e-7	3.052771680954133e-101	3.052771680954133e-101	0	0	0.09939927995107509	0.10471621663116466	0	0	0	0	0	0	0.10451984107163209	0.0004097907613557289	0	3.052771680954133e-101	3.052771680954133e-101	3.052771680954133e-101	3.052771680954133e-11	3.052771680954133e-11	3.052771680954133e-11
0.1905460717963252	4.960981199549533e-7	4.960981199549533e-7	2.8490123006016978e-101	2.8490123006016978e-101	0	0	0.09009895940005629	0.09512127203529429	0	0	0	0	0	0	0.09495406993759758	0.0003725194903864983	0	2.8490123006016978e-101	2.8490123006016978e-101	2.8490123006016978e-101	2.8490123006016976e-11	2.8490123006016976e-11	2.8490123006016976e-11
0.20417379446695316	3.3457892927374856e-7	3.3457892927374856e-7	2.6588529825600682e-101	2.6588529825600682e-101	0	0	0.08166882586039534	0.08640549367326655	0	0	0	0	0	0	0.08626376872822614	0.0003386381143848041	0	2.6588529825600682e-101	2.6588529825600682e-101	2.6588529825600682e-101	2.6588529825600684e-11	2.6588529825600684e-11	2.6588529825600684e-11
0.21877616239495518	2.656619753819791e-7	2.656619753819791e-7	2.481385981161094e-101	2.481385981161094e-101	0	0	0.07341457666783424	0.07789277834309899	0	0	0	0	0	0	0.07778342701887041	0.00030879264509983825	0	2.481385981161094e-101	2.481385981161094e-101	2.481385981161094e-101	2.4813859811610942e-11	2.4813859811610942e-11	2.4813859811610942e-11
0.23442288153199276	2.1094061516979375e-7	2.1094061516979375e-7	2.3157641388559464e-101	2.3157641388559464e-101	2.678325602086172e-7	2.678325602086172e-7	0.06599458251708465	0.07021874026841307	0	0	0	0	0	0	0.0701367631857268	0.0002815775709151333	0	2.3157641388559464e-101	2.3157641388559464e-101	2.3157641388559464e-101	2.3157641388559465e-11	2.3157641388559465e-11	2.3157641388559465e-11
0.25118864315095824	2.946254481391408e-7	2.946254481391408e-7	2.1611968422187555e-101	2.1611968422187555e-101	1.3819622861339641e-7	1.3819622861339641e-7	0.058745891678222764	0.06267725751941831	0	0	0	0	0	0	0.06255185224763928	0.00025439368228784786	0	2.1611968422187555e-101	2.1611968422187555e-101	2.1611968422187555e-101	2.1611968422187555e-11	2.1611968422187555e-11	2.1611968422187555e-11
0.2691534803926914	4.1150991534426597e-7	4.1150991534426597e-7	2.016946247869533e-101	2.016946247869533e-101	7.130648188588618e-8	7.130648188588618e-8	0.0522933801145885	0.055945728948410586	0	0	0	0	0	0	0.05578720833251627	0.00022983416391313298	0	2.016946247869533e-101	2.016946247869533e-101	2.016946247869533e-101	2.016946247869533e-11	2.016946247869533e-11	2.016946247869533e-11
0.28840315031266117	2.1076845572518809e-7	2.1076845572518809e-7	1.8823237603005902e-101	1.8823237603005902e-101	3.936415430920533e-8	3.936415430920533e-8	0.045923195378708336	0.04932142095296108	0	0	0	0	0	0	0.04922636347775405	0.00020552485006942046	0	1.8823237603005902e-101	1.8823237603005902e-101	1.8823237603005902e-101	1.8823237603005904e-11	1.8823237603005904e-11	1.8823237603005904e-11
0.30902954325135923	1.0795205722228303e-7	1.0795205722228303e-7	1.756686744792893e-101	1.756686744792893e-101	2.173065622503665e-8	2.173065622503665e-8	0.04032900281392778	0.04348147053481761	0	0	0	0	0	0	0.04343710563182212	0.00018378670636634803	0	1.756686744792893e-101	1.756686744792893e-101	1.756686744792893e-101	1.756686744792893e-11	1.756686744792893e-11	1.756686744792893e-11
0.3311311214825908	5.529181799054553e-8	5.529181799054553e-8	1.639435459731036e-101	1.639435459731036e-101	1.7718792826752455e-8	1.7718792826752455e-8	0.03474181652611898	0.037670164608346234	0	0	0	0	0	0	0.03762745279622078	0.00016034043801496856	0	1.639435459731036e-101	1.639435459731036e-101	1.639435459731036e-101	1.639435459731036e-11	1.639435459731036e-11	1.639435459731036e-11
0.354813389233576	2.8319841375551275e-8	2.8319841375551275e-8	1.5300101936730777e-101	1.5300101936730777e-101	1.4447590352824088e-8	1.4447590352824088e-8	0.02992867989083188	0.03263554070655445	0	0	0	0	0	0	0.03259483299675872	0.00013988528643407456	0	1.5300101936730777e-101	1.5300101936730777e-101	1.5300101936730777e-101	1.5300101936730776e-11	1.5300101936730776e-11	1.5300101936730776e-11
0.38018939632056126	1.4505615472582597e-8	1.4505615472582597e-8	1.4278885935086392e-101	1.4278885935086392e-101	2.0499400515881706e-8	2.0499400515881706e-8	0.025092769668744384	0.027582542671193394	0	0	0	0	0	0	0.02749172547758822	0.00011907426339980956	0	1.4278885935086392e-101	1.4278885935086392e-101	1.4278885935086392e-101	1.4278885935086392e-11	1.4278885935086392e-11	1.4278885935086392e-11
0.40738027780411384	7.4298749575648935e-9	7.4298749575648935e-9	1.3325831709509004e-101	1.3325831709509004e-101	2.908619439285252e-8	2.908619439285252e-8	0.021038251334350746	0.023311906091857657	0	0	0	0	0	0	0.023187569938162348	0.00010135933925323331	0	1.3325831709509004e-101	1.3325831709509004e-101	1.3325831709509004e-101	1.3325831709509004e-11	1.3325831709509004e-11	1.3325831709509004e-11
0.43651583224016655	3.8060806339266486e-9	3.8060806339266486e-9	1.2436389754596213e-101	1.2436389754596213e-101	4.8480063348290635e-8	4.8480063348290635e-8	0.016971427504684816	0.019017628209651975	0	0	0	0	0	0	0.018951015074526747	0.00008736064340745338	0	1.2436389754596213e-101	1.2436389754596213e-101	1.2436389754596213e-101	1.2436389754596214e-11	1.2436389754596214e-11	1.2436389754596214e-11
0.4677351412871981	1.949729958402872e-9	1.949729958402872e-9	1.1606314224864572e-101	1.1606314224864572e-101	8.080522706098043e-8	8.080522706098043e-8	0.013690745821468779	0.015514397720007733	0	0	0	0	0	0	0.015488512738191785	0.00007529530157548639	0	1.1606314224864572e-101	1.1606314224864572e-101	1.1606314224864572e-101	1.1606314224864573e-11	1.1606314224864573e-11	1.1606314224864573e-11
0.5011872336272735	9.991734440939514e-10	9.991734440939514e-10	1.0831642666756129e-101	1.0831642666756129e-101	9.339144460676254e-8	9.339144460676254e-8	0.010465667039046157	0.012091405375321133	0	0	0	0	0	0	0.012070339734510266	0.00006245371813677377	0	1.0831642666756129e-101	1.0831642666756129e-101	1.0831642666756129e-101	1.083164266675613e-11	1.083164266675613e-11	1.083164266675613e-11
0.5370317963702532	5.120440228555573e-10	5.120440228555573e-10	1.010867710344636e-101	1.010867710344636e-101	1.0793809067767016e-7	1.0793809067767016e-7	0.008000308237438882	0.009423639034456427	0	0	0	0	0	0	0.009406526228128228	0.000051802261595263764	0	1.010867710344636e-101	1.010867710344636e-101	1.010867710344636e-101	1.0108677103446361e-11	1.0108677103446361e-11	1.0108677103446361e-11
0.5754399373371566	2.6260520059527676e-10	2.6260520059527676e-10	9.433966382159401e-102	9.433966382159401e-102	1.1952192659377968e-7	1.1952192659377968e-7	0.00581431311615741	0.007013645348740037	0	0	0	0	0	0	0.006984642085082357	0.00004122955382039927	0	9.433966382159401e-102	9.433966382159401e-102	9.433966382159401e-102	9.433966382159401e-12	9.433966382159401e-12	9.433966382159401e-12
0.6165950018614835	1.3482552690532569e-10	1.3482552690532569e-10	8.804289699724466e-102	8.804289699724466e-102	6.13643853709588e-8	6.13643853709588e-8	0.0040424852036974965	0.005010100341070906	0	0	0	0	0	0	0.004975173272069491	0.000031065042477473675	0	8.804289699724466e-102	8.804289699724466e-102	8.804289699724466e-102	8.804289699724466e-12	8.804289699724466e-12	8.804289699724466e-12
0.6606934480075964	6.935965823380692e-11	6.935965823380692e-11	8.21664122773052e-102	8.21664122773052e-102	3.156830086075617e-8	3.156830086075617e-8	0.002662284194954538	0.003392255847177886	8.604279197627688e-6	0	0	0	0	0	0.0033665272716289	0.000021810839214493636	0	8.21664122773052e-102	8.21664122773052e-102	8.21664122773052e-102	8.21664122773052e-12	8.21664122773052e-12	8.21664122773052e-12
0.7079457843841374	3.5812532148988914e-11	3.5812532148988914e-11	7.668215763885388e-102	7.668215763885388e-102	1.6299688006734574e-8	1.6299688006734574e-8	0.0016488589376459195	0.00214399379850655	4.44265489811378e-6	0	0	0	0	0	0.0021325567274467446	0.00001353747635990007	0	7.668215763885388e-102	7.668215763885388e-102	7.668215763885388e-102	7.668215763885388e-12	7.668215763885388e-12	7.668215763885388e-12
0.7585775750291851	1.8617359978362e-11	1.8617359978362e-11	7.156395341085303e-102	7.156395341085303e-102	8.473490729276256e-9	8.473490729276256e-9	0.0009562756188944395	0.0012582478056805046	2.3095408376520467e-6	0	0	0	0	0	0.001260058913683775	7.767199029838453e-6	0	7.156395341085303e-102	7.156395341085303e-102	7.156395341085303e-102	7.1563953410853035e-12	7.1563953410853035e-12	7.1563953410853035e-12
0.8128305161640995	9.80312926405571e-12	9.80312926405571e-12	6.678736730271419e-102	6.678736730271419e-102	4.46178862273798e-9	4.46178862273798e-9	0.0005297204758786204	0.0006983392795290873	1.2161083740354597e-6	0	0	0	0	0	0.0006997865210954832	4.138003653740579e-6	0	6.678736730271419e-102	6.678736730271419e-102	6.678736730271419e-102	6.678736730271419e-12	6.678736730271419e-12	6.678736730271419e-12
0.8709635899560796	5.291640154901315e-12	5.291640154901315e-12	6.232959777416645e-102	6.232959777416645e-102	2.408432981224832e-9	2.408432981224832e-9	0.0002864590500232995	0.0003777146236905137	6.564442568714472e-7	0	0	0	0	0	0.0003782591381410637	2.233656795238763e-6	0	6.232959777416645e-102	6.232959777416645e-102	6.232959777416645e-102	6.2329597774166445e-12	6.2329597774166445e-12	6.2329597774166445e-12
0.9332543007969925	3.005490419446117e-12	3.005490419446117e-12	5.816936518968724e-102	5.816936518968724e-102	1.36791657011007e-9	1.36791657011007e-9	0.0001627000145902253	0.00021453040069912115	3.728403419684833e-7	0	0	0	0	0	0.0002148396683205905	1.2686490203236483e-6	0	5.816936518968724e-102	5.816936518968724e-102	5.816936518968724e-102	5.816936518968724e-12	5.816936518968724e-12	5.816936518968724e-12