1.e-9	0	0	0	0	0	0	8.17372370355422e-24	0	0	0	0	0	0	0	4.648225286727496e-18	9.65522858272429e-59	0	6.232982584546471e-94	6.232982584546471e-94	6.232982584546471e-94	0	0	0
1.0715193052376092e-9	0	0	0	0	0	0	1.2857148020892826e-23	0	0	0	0	0	0	0	7.311590495764544e-18	1.5187533560702772e-58	0	5.816957803820725e-94	5.816957803820725e-94	5.816957803820725e-94	0	0	0
1.148153621496884e-9	0	0	0	0	0	0	2.0224106077779128e-23	0	0	0	0	0	0	0	1.1501025075182685e-17	2.3889768500164938e-58	0	5.42870088797032e-94	5.42870088797032e-94	5.42870088797032e-94	0	0	0
1.2302687708123811e-9	0	0	0	0	0	0	3.1812223518049677e-23	0	0	0	0	0	0	0	1.8090944488290448e-17	3.757825697704136e-58	0	5.066358451438752e-94	5.066358451438752e-94	5.066358451438752e-94	0	0	0
1.31825673855641e-9	0	0	0	0	0	0	5.295770733103295e-23	0	0	0	0	0	0	0	3.0115937762391304e-17	6.255640489484794e-58	0	4.7282008141843864e-94	4.7282008141843864e-94	4.7282008141843864e-94	0	0	0
1.4125375446227555e-9	0	0	0	0	0	0	8.815852699412654e-23	0	0	0	0	0	0	0	5.0133905827593273e-17	1.0413744830577707e-57	0	4.4126137448694193e-94	4.4126137448694193e-94	4.4126137448694193e-94	0	0	0
1.5135612484362133e-9	0	0	0	0	0	0	1.48981682167439e-22	0	0	0	0	0	0	0	8.472275885821428e-17	1.7598493026378526e-57	0	4.118090755155292e-94	4.118090755155292e-94	4.118090755155292e-94	0	0	0
1.6218100973589331e-9	0	0	0	0	0	0	2.5176851721806185e-22	0	0	0	0	0	0	0	1.4317547675681946e-16	2.9740209870526336e-57	0	3.8432259083210106e-94	3.8432259083210106e-94	3.8432259083210106e-94	0	0	0
1.7378008287493762e-9	0	0	0	0	0	0	4.273355364967314e-22	0	0	0	0	0	0	0	2.430167593991053e-16	5.047910152141579e-57	0	3.586707107875011e-94	3.586707107875011e-94	3.586707107875011e-94	0	0	0
1.8620871366628732e-9	0	0	0	0	0	0	7.253315973370147e-22	0	0	0	0	0	0	0	4.124808709325916e-16	8.567994985585665e-57	0	3.347309834123482e-94	3.347309834123482e-94	3.347309834123482e-94	0	0	0
1.9952623149688828e-9	0	0	0	0	0	0	1.2327362833300563e-21	0	0	0	0	0	0	0	7.010312767912213e-16	1.456172367631428e-56	0	3.123891298795807e-94	3.123891298795807e-94	3.123891298795807e-94	0	0	0
2.1379620895022324e-9	0	0	0	0	0	0	2.0950951948290568e-21	0	0	0	0	0	0	0	1.1914367081518775e-15	2.4748356737144853e-56	0	2.9153849898234896e-94	2.9153849898234896e-94	2.9153849898234896e-94	0	0	0
2.2908676527677795e-9	0	0	0	0	0	0	3.562109623984208e-21	0	0	0	0	0	0	0	2.0256970542201135e-15	4.207749601486325e-56	0	2.7207955802317567e-94	2.7207955802317567e-94	2.7207955802317567e-94	0	0	0
2.4547089156850337e-9	0	0	0	0	0	0	6.056347704198434e-21	0	0	0	0	0	0	0	3.444117952216624e-15	7.154073661073927e-56	0	2.539194176840735e-94	2.539194176840735e-94	2.539194176840735e-94	0	0	0
2.6302679918953816e-9	0	0	0	0	0	0	1.0298298042324347e-20	0	0	0	0	0	0	0	5.856426165931405e-15	1.2164886558182307e-55	0	2.369713886095295e-94	2.369713886095295e-94	2.369713886095295e-94	0	0	0
2.818382931264461e-9	0	0	0	0	0	0	1.7511369516486243e-20	0	0	0	0	0	0	0	9.95834867238852e-15	2.0685342643121373e-55	0	2.211545675856779e-94	2.211545675856779e-94	2.211545675856779e-94	0	0	0
3.019951720402019e-9	0	0	0	0	0	0	2.977763249303011e-20	0	0	0	0	0	0	0	1.6933915232881435e-14	3.51748919831416e-55	0	2.0639345134023304e-94	2.0639345134023304e-94	2.0639345134023304e-94	0	0	0
3.2359365692962944e-9	0	0	0	0	0	0	5.063609651176727e-20	0	0	0	0	0	0	0	2.879568636811496e-14	5.981399715596174e-55	0	1.9261757611960647e-94	1.9261757611960647e-94	1.9261757611960647e-94	0	0	0
3.4673685045253237e-9	0	0	0	0	0	0	8.610629633504443e-20	0	0	0	0	0	0	0	4.896684528215362e-14	1.017132464564636e-54	0	1.797611813227148e-94	1.797611813227148e-94	1.797611813227148e-94	0	0	0
3.715352290971728e-9	0	0	0	0	0	0	1.4642310089631775e-19	0	0	0	0	0	0	0	8.326774733667286e-14	1.7296260067250232e-54	0	1.6776289558577157e-94	1.6776289558577157e-94	1.6776289558577157e-94	0	0	0
3.9810717055349855e-9	0	0	0	0	0	0	2.489921682589789e-19	0	0	0	0	0	0	0	1.415966253172012e-13	2.941225305674516e-54	0	1.5656544381957746e-94	1.5656544381957746e-94	1.5656544381957746e-94	0	0	0
4.265795188015934e-9	0	0	0	0	0	0	4.2341064678180507e-19	0	0	0	0	0	0	0	2.4078475691379344e-13	5.001547308553713e-54	0	1.4611537380081057e-94	1.4611537380081057e-94	1.4611537380081057e-94	0	0	0
4.570881896148752e-9	0	0	0	0	0	0	7.2000959191671885e-19	0	0	0	0	0	0	0	4.094543580398181e-13	8.505128682887813e-54	0	1.3636280101216667e-94	1.3636280101216667e-94	1.3636280101216667e-94	0	0	0
4.8977881936844766e-9	0	0	0	0	0	0	1.224375948957205e-18	0	0	0	0	0	0	0	6.962769299296507e-13	1.446296704797058e-53	0	1.2726117051332847e-94	1.2726117051332847e-94	1.2726117051332847e-94	0	0	0
5.248074602497734e-9	0	0	0	0	0	0	2.082051292875606e-18	0	0	0	0	0	0	0	1.184018914610471e-12	2.459427536672129e-53	0	1.1876703470602319e-94	1.1876703470602319e-94	1.1876703470602319e-94	0	0	0
5.623413251903491e-9	0	0	0	0	0	0	3.540528209376515e-18	0	0	0	0	0	0	0	2.0134241562434737e-12	4.182256509386218e-53	0	1.108398459323018e-94	1.108398459323018e-94	1.108398459323018e-94	0	0	0
6.025595860743593e-9	0	0	0	0	0	0	6.020668725008566e-18	0	0	0	0	0	0	0	3.423828064854382e-12	7.111927790700834e-53	0	1.0344176291599626e-94	1.0344176291599626e-94	1.0344176291599626e-94	0	0	0
6.456542290346562e-9	0	0	0	0	0	0	1.0238148025567291e-17	0	0	0	0	0	0	0	5.822220112604049e-12	1.2093834222416427e-52	0	9.653747012337635e-95	9.653747012337635e-95	9.653747012337635e-95	0	0	0
6.918309709189363e-9	0	0	0	0	0	0	1.740997263845534e-17	0	0	0	0	0	0	0	9.90068639390319e-12	2.0565567364378526e-52	0	9.009400918070214e-95	9.009400918070214e-95	9.009400918070214e-95	0	0	0
7.413102413009192e-9	0	0	0	0	0	0	2.960566173831909e-17	0	0	0	0	0	0	0	1.6836119070493827e-11	3.497175116183437e-52	0	8.408062154393364e-95	8.408062154393364e-95	8.408062154393364e-95	0	0	0
7.943282347242822e-9	0	0	0	0	0	0	5.034443374222228e-17	0	0	0	0	0	0	0	2.8629823866546868e-11	5.946946988648737e-52	0	7.846860166956032e-95	7.846860166956032e-95	7.846860166956032e-95	0	0	0
8.511380382023759e-9	0	0	0	0	0	0	8.561071970718925e-17	0	0	0	0	0	0	0	4.8685021244951816e-11	1.0112784550633241e-51	0	7.323115998564325e-95	7.323115998564325e-95	7.323115998564325e-95	0	0	0
9.120108393559115e-9	0	0	0	0	0	0	1.455810464351989e-16	0	0	0	0	0	0	0	8.278888862050647e-11	1.7196792204180523e-51	0	6.834329500895389e-95	6.834329500895389e-95	6.834329500895389e-95	0	0	0
9.772372209558111e-9	0	0	0	0	0	0	2.4756059934615507e-16	0	0	0	0	0	0	0	1.407825220930627e-10	2.9243148673156236e-51	0	6.378167399774386e-95	6.378167399774386e-95	6.378167399774386e-95	0	0	0
1.0471285480509006e-8	0	0	0	0	0	0	4.2097685030876777e-16	0	0	0	0	0	0	0	2.3940070789048417e-10	4.972798035733642e-51	0	5.952452157042603e-95	5.952452157042603e-95	5.952452157042603e-95	0	0	0
1.1220184543019653e-8	0	0	0	0	0	0	7.15871220880715e-16	0	0	0	0	0	0	0	4.071009532034093e-10	8.456244086635212e-51	0	5.555151575848332e-95	5.555151575848332e-95	5.555151575848332e-95	0	0	0
1.202264434617413e-8	0	0	0	0	0	0	1.2173391591983971e-15	0	0	0	0	0	0	0	6.922752551384913e-10	1.4379844818648458e-50	0	5.184369099739647e-95	5.184369099739647e-95	5.184369099739647e-95	0	0	0
1.288249551693135e-8	0	0	0	0	0	0	2.0700854920452226e-15	0	0	0	0	0	0	0	1.1772142145725058e-9	2.445292908883965e-50	0	4.838334759251046e-95	4.838334759251046e-95	4.838334759251046e-95	0	0	0
1.3803842646028866e-8	0	0	0	0	0	0	3.5201808076879215e-15	0	0	0	0	0	0	0	2.001853015539636e-9	4.1582210976824025e-50	0	4.5153967227666095e-95	4.5153967227666095e-95	4.5153967227666095e-95	0	0	0
1.4791083881682102e-8	0	0	0	0	0	0	5.9860681920785114e-15	0	0	0	0	0	0	0	3.4041514672676514e-9	7.071055837275318e-50	0	4.2140134113265756e-95	4.2140134113265756e-95	4.2140134113265756e-95	0	0	0
1.5848931924611173e-8	0	0	0	0	0	0	1.0179310199823319e-14	0	0	0	0	0	0	0	5.788760274792249e-9	1.202433191508711e-49	0	3.9327461397367245e-95	3.9327461397367245e-95	3.9327461397367245e-95	0	0	0
1.698243652461746e-8	0	0	0	0	0	0	1.7309919102048782e-14	0	0	0	0	0	0	0	9.843788045632671e-9	2.0447378910798284e-49	0	3.6702522488520683e-95	3.6702522488520683e-95	3.6702522488520683e-95	0	0	0
1.8197008586099862e-8	0	0	0	0	0	0	2.943552101658837e-14	0	0	0	0	0	0	0	1.673936360949055e-8	3.477077207089379e-49	0	3.425278696251018e-95	3.425278696251018e-95	3.425278696251018e-95	0	0	0
1.9498445997580494e-8	0	0	0	0	0	0	5.005510958254276e-14	0	0	0	0	0	0	0	2.84652912833742e-8	5.912770510490959e-49	0	3.196656074704572e-95	3.196656074704572e-95	3.196656074704572e-95	0	0	0
2.0892961308540408e-8	0	0	0	0	0	0	8.51187242078323e-14	0	0	0	0	0	0	0	4.840523372043885e-8	1.0054667477188357e-48	0	2.9832930298868734e-95	2.9832930298868734e-95	2.9832930298868734e-95	0	0	0
2.2387211385683424e-8	0	0	0	0	0	0	1.4474440813722076e-13	0	0	0	0	0	0	0	8.231310996275557e-8	1.7097964126537922e-48	0	2.7841710506796086e-95	2.7841710506796086e-95	2.7841710506796086e-95	0	0	0
2.3988329190194947e-8	0	0	0	0	0	0	2.461378960033608e-13	0	0	0	0	0	0	0	1.399734605327113e-7	2.907509153691964e-48	0	2.5983396072012208e-95	2.5983396072012208e-95	2.5983396072012208e-95	0	0	0
2.5703957827688646e-8	0	0	0	0	0	0	4.185575431109236e-13	0	0	0	0	0	0	0	2.3802489861417262e-7	4.944219917786299e-48	0	2.4249116133517075e-95	2.4249116133517075e-95	2.4249116133517075e-95	0	0	0
2.754228703338169e-8	0	0	0	0	0	0	7.117571887130016e-13	0	0	0	0	0	0	0	4.0476138937107427e-7	8.40764699378462e-48	0	2.2630591922130502e-95	2.2630591922130502e-95	2.2630591922130502e-95	0	0	0
2.95120922666639e-8	0	0	0	0	0	0	1.210343246759693e-12	0	0	0	0	0	0	0	6.882968264222033e-7	1.429720545354385e-47	0	2.112009724090992e-95	2.112009724090992e-95	2.112009724090992e-95	0	0	0
3.162277660168386e-8	0	0	0	0	0	0	2.058188941689129e-12	0	0	0	0	0	0	0	1.1704488958272861e-6	2.431240083366505e-47	0	1.9710421583329834e-95	1.9710421583329834e-95	1.9710421583329834e-95	0	0	0
3.3884415613920346e-8	0	0	0	0	0	0	3.4999507214440506e-12	0	0	0	0	0	0	0	1.9903485896694027e-6	4.1343242650982687e-47	0	1.8394835713164394e-95	1.8394835713164394e-95	1.8394835713164394e-95	0	0	0
3.6307805477010175e-8	0	0	0	0	0	0	5.951666926401481e-12	0	0	0	0	0	0	0	3.384588188789585e-6	7.030419268718159e-47	0	1.7167059541764785e-95	1.7167059541764785e-95	1.7167059541764785e-95	0	0	0
3.890451449942813e-8	0	0	0	0	0	0	1.0120810840504785e-11	0	0	0	0	0	0	0	5.755492915739692e-6	1.1955229421945856e-46	0	1.6021232149389997e-95	1.6021232149389997e-95	1.6021232149389997e-95	0	0	0
4.1686938347033635e-8	0	0	0	0	0	0	1.7210440929564153e-11	0	0	0	0	0	0	0	9.787216894760508e-6	2.0329870107079716e-46	0	1.4951883807485228e-95	1.4951883807485228e-95	1.4951883807485228e-95	0	0	0
4.4668359215096346e-8	0	0	0	0	0	0	2.926635836375718e-11	0	0	0	0	0	0	0	0.000016643164355762733	3.4570948325929942e-46	0	1.39539098683525e-95	1.39539098683525e-95	1.39539098683525e-95	0	0	0
4.78630092322639e-8	0	0	0	0	0	0	4.9767448456511177e-11	0	0	0	0	0	0	0	0.000028301704432567734	5.878790478538239e-46	0	1.3022546397573538e-95	1.3022546397573538e-95	1.3022546397573538e-95	0	0	0
5.128613839913659e-8	0	0	0	0	0	0	8.46295564035278e-11	0	0	0	0	0	0	0	0.00004812705424681241	9.996884425825501e-46	0	1.215334743286386e-95	1.215334743286386e-95	1.215334743286386e-95	0	0	0
5.495408738576248e-8	0	0	0	0	0	0	1.439125781848432e-10	0	0	0	0	0	0	0	0.00008184006571032748	1.6999704035746447e-45	0	1.1342163760800284e-95	1.1342163760800284e-95	1.1342163760800284e-95	0	0	0
5.888436553555896e-8	0	0	0	0	0	0	2.4472336899718747e-10	0	0	0	0	0	0	0	0.00013916904868355626	2.890800023219334e-45	0	1.0585123110110634e-95	1.0585123110110634e-95	1.0585123110110634e-95	0	0	0
6.309573444801943e-8	0	0	0	0	0	0	4.161521396441851e-10	0	0	0	0	0	0	0	0.0002366569960982089	4.915806037959545e-45	0	9.878611666976365e-96	9.878611666976365e-96	9.878611666976365e-96	0	0	0
6.760829753919818e-8	0	0	0	0	0	0	7.076667996198615e-10	0	0	0	0	0	0	0	0.00040243527085950516	8.359329185256924e-45	0	9.219256824109038e-96	9.219256824109038e-96	9.219256824109038e-96	0	0	0
7.244359600749906e-8	0	0	0	0	0	0	1.2033875392600693e-9	0	0	0	0	0	0	0	0.0006843412614117575	1.4215041010140557e-44	0	8.603911081251764e-96	8.603911081251764e-96	8.603911081251764e-96	0	0	0
7.762471166286928e-8	0	0	0	0	0	0	2.046360759646031e-9	0	0	0	0	0	0	0	0.0011637224567081364	2.4172680180647855e-44	0	8.029637020253093e-96	8.029637020253093e-96	8.029637020253093e-96	0	0	0
8.317637711026726e-8	0	0	0	0	0	0	3.47983689543116e-9	0	0	0	0	0	0	0	0.0019789102785548124	4.110564765160296e-44	0	7.493693282989932e-96	7.493693282989932e-96	7.493693282989932e-96	0	0	0
8.912509381337478e-8	0	0	0	0	0	0	5.91746336110253e-9	0	0	0	0	0	0	0	0.0033651373383712544	6.990016234154866e-44	0	6.993521485203871e-96	6.993521485203871e-96	6.993521485203871e-96	0	0	0
9.549925860214369e-8	0	0	0	0	0	0	1.0062647670632204e-8	0	0	0	0	0	0	0	0.005722416740576109	1.1886524053305683e-43	0	6.526734003782685e-96	6.526734003782685e-96	6.526734003782685e-96	0	0	0
1.0232929922807557e-7	0	0	0	0	0	0	1.711153444715515e-8	0	0	0	0	0	0	0	0.009730970852047516	2.0213036613484524e-43	0	6.0911025791881515e-96	6.0911025791881515e-96	6.0911025791881515e-96	0	0	0
1.0964781961431874e-7	0	0	0	0	0	0	2.909816786994569e-8	0	0	0	0	0	0	0	0.016547517948485357	3.437227294588463e-43	0	5.684547678622985e-96	5.684547678622985e-96	5.684547678622985e-96	0	0	0
1.1748975549395303e-7	0	0	0	0	0	0	4.9481440486962735e-8	0	0	0	0	0	0	0	0.028139057697189676	5.845005726048131e-43	0	5.3051285691604585e-96	5.3051285691604585e-96	5.3051285691604585e-96	0	0	0
1.2589254117941688e-7	0	0	0	0	0	0	8.414319979209915e-8	0	0	0	0	0	0	0	0.026260962126298235	9.9394334472217e-43	0	4.951034053449983e-96	4.951034053449983e-96	4.951034053449983e-96	0	0	0
1.3489628825916562e-7	0	0	0	0	0	0	1.430855286664211e-7	0	0	0	0	0	0	0	0.024508216985095903	1.690200863473644e-42	0	4.6205738237745534e-96	4.6205738237745534e-96	4.6205738237745534e-96	0	0	0
1.445439770745928e-7	0	0	0	0	0	0	2.4331697111988116e-7	0	0	0	0	0	0	0	0.01255308779577056	2.874186918254977e-42	0	4.312170393187607e-96	4.312170393187607e-96	4.312170393187607e-96	0	0	0
1.5488166189124826e-7	0	0	0	0	0	0	4.1376055976266946e-7	0	0	0	0	0	0	0	0.006429680841496682	4.887555449528526e-42	0	4.0243515652117835e-96	4.0243515652117835e-96	4.0243515652117835e-96	0	0	0
1.659586907437563e-7	0	0	0	0	0	0	7.035999175362258e-7	0	0	0	0	0	0	0	0.003294457722668994	8.31128905378145e-42	0	3.755743406152997e-96	3.755743406152997e-96	3.755743406152997e-96	0	0	0
1.7782794100389227e-7	0	0	0	0	0	0	1.196471805434888e-6	0	0	0	0	0	0	0	0.0016880233955635568	1.4133348756620686e-41	0	3.5050636864822305e-96	3.5050636864822305e-96	3.5050636864822305e-96	0	0	0
1.9054607179632522e-7	0	0	0	0	0	0	2.034600552844592e-6	0	0	0	0	0	0	0	0.0008683207527508005	2.403376248662512e-41	0	3.2711157599768895e-96	3.2711157599768895e-96	3.2711157599768895e-96	0	0	0
2.0417379446695318e-7	0	0	0	0	0	0	3.4598386613305053e-6	0	0	0	0	0	0	0	0.0004466649761130828	4.086941808415556e-41	0	3.0527828514032537e-96	3.0527828514032537e-96	3.0527828514032537e-96	0	0	0
2.1877616239495564e-7	0	0	0	0	0	0	5.883456359874305e-6	0	0	0	0	0	0	0	0.0002393872812189967	6.949845391320065e-41	0	2.8490227254713866e-96	2.8490227254713866e-96	2.8490227254713866e-96	0	0	0
2.3442288153199275e-7	0	0	0	0	0	0	0.00001000481875800353	0	0	0	0	0	0	0	0.00012829810590502907	1.1818213526748806e-40	0	2.6588627116145356e-96	2.6588627116145356e-96	2.6588627116145356e-96	0	0	0
2.5118864315095823e-7	0	0	0	0	0	0	0.000017013196369257394	0	0	0	0	0	0	0	0.00009189863288630899	2.0096874548931446e-40	0	2.4813950608430182e-96	2.4813950608430182e-96	2.4813950608430182e-96	0	0	0
2.6915348039269196e-7	0	0	0	0	0	0	0.00002893094394812115	0	0	0	0	0	0	0	0.00006582605929213123	3.417473933106338e-40	0	2.3157726125081566e-96	2.3157726125081566e-96	2.3157726125081566e-96	0	0	0
2.8840315031266115e-7	0	0	0	0	0	0	0.00004919707617328208	0	0	0	0	0	0	0	0.00008520665420626148	5.811415130758467e-40	0	2.16120475029112e-96	2.16120475029112e-96	2.16120475029112e-96	0	0	0
3.090295432513592e-7	0	0	0	0	0	0	0.00008365963821781107	0	0	0	0	0	0	0	0.00011029330935344428	9.882312632977148e-40	0	2.0169536281120777e-96	2.0169536281120777e-96	2.0169536281120777e-96	0	0	0
3.3113112148259143e-7	0	0	0	0	0	0	0.0001422632321092366	0	0	0	0	0	0	0	0.00018127370030796477	1.6804874678288552e-39	0	1.8823306479436908e-96	1.8823306479436908e-96	1.8823306479436908e-96	0	0	0
3.5481338923357606e-7	0	0	0	0	0	0	0.00024191865565415484	0	0	0	0	0	0	0	0.00029793425019134667	2.8576692869500198e-39	0	1.7566931727154345e-96	1.7566931727154345e-96	1.7566931727154345e-96	0	0	0
3.8018939632056126e-7	0	0	0	0	0	0	0.00041138272402369865	0	0	0	0	0	0	0	0.0005050147857828594	4.859467214074615e-39	0	1.6394414586173936e-96	1.6394414586173936e-96	1.6394414586173936e-96	0	0	0
4.0738027780411303e-7	0	0	0	0	0	0	0.0006995564073698501	0	0	0	0	0	0	0	0.000856027575532246	8.263525003577442e-39	0	1.5300157921595735e-96	1.5300157921595735e-96	1.5300157921595735e-96	0	0	0
4.365158322401665e-7	0	0	0	0	0	0	0.0011895958155598264	0	0	0	0	0	0	0	0.0014552500680704117	1.405212597936004e-38	0	1.4278938183202366e-96	1.4278938183202366e-96	1.4278938183202366e-96	0	0	0
4.677351412871981e-7	0	0	0	0	0	0	0.0020229079306385432	0	0	0	0	0	0	0	0.0024739305381631434	2.3895643137078137e-38	0	1.3325880470288001e-96	1.3325880470288001e-96	1.3325880470288001e-96	0	0	0
5.011872336272736e-7	0	0	0	0	0	0	0.003439955354848481	0	0	0	0	0	0	0	0.004206807916857608	4.063454610165759e-38	0	1.2436435260802872e-96	1.2436435260802872e-96	1.2436435260802872e-96	0	0	0
5.370317963702533e-7	0	0	0	0	0	0	0.005849644793085136	0	0	0	0	0	0	0	0.007153488174520566	6.90990540583369e-38	0	1.1606356693727648e-96	1.1606356693727648e-96	1.1606356693727648e-96	0	0	0
5.754399373371578e-7	0	0	0	0	0	0	0.00994732218167844	0	0	0	0	0	0	0	0.012164478878825581	1.1750295573160355e-37	0	1.0831682301005266e-96	1.0831682301005266e-96	1.0831682301005266e-96	0	0	0
6.165950018614835e-7	0	0	0	0	0	0	0.016915423429313556	0	0	0	0	0	0	0	0.020685649124360644	1.9981380054793694e-37	0	1.010871409227981e-96	1.010871409227981e-96	1.010871409227981e-96	0	0	0
6.606934480075964e-7	0	0	0	0	0	0	0.019798652076995514	0	0	0	0	0	0	0	0.01605358240366018	3.3978340919871663e-37	0	9.434000902147298e-97	9.434000902147298e-97	9.434000902147298e-97	0	0	0
7.079457843841387e-7	0	0	0	0	0	0	0.023173326148408807	0	0	0	0	0	0	0	0.012458758554866937	5.778017576869328e-37	0	8.804321915651652e-97	8.804321915651652e-97	8.804321915651652e-97	0	0	0
7.585775750291852e-7	0	0	0	0	0	0	0.025645869881886448	0	0	0	0	0	0	0	0.0076768057435407855	9.825520085674757e-37	0	8.216671293383102e-97	8.216671293383102e-97	8.216671293383102e-97	0	0	0
8.128305161640995e-7	0	0	0	0	0	0	0.028382228679062774	0	0	0	0	0	0	0	0.004730274382036265	1.6708298939842153e-36	0	7.668243822784967e-97	7.668243822784967e-97	7.668243822784967e-97	0	0	0
8.709635899560814e-7	0	0	0	0	0	0	0.028041867964905133	0	0	0	0	0	0	0	0.005086007574453923	2.8412465806279677e-36	0	7.156421527174026e-97	7.156421527174026e-97	7.156421527174026e-97	0	0	0
9.332543007969924e-7	0	0	0	0	0	0	0.027705588868757482	0	0	0	0	0	0	0	0.0054684931482277275	4.8315403985740016e-36	0	6.678761168551326e-97	6.678761168551326e-97	6.678761168551326e-97	0	0	0
1.e-6	0	0	0	0	0	0	0.023630484252078806	0	0	0	0	0	0	0	0.008642739654200314	8.216035448036913e-36	0	6.232982584546473e-97	6.232982584546473e-97	6.232982584546473e-97	0	0	0
1.0715193052376091e-6	0	0	0	0	0	0	0.02015477052781318	0	0	0	0	0	0	0	0.013659512173750157	1.3971369980331925e-35	0	5.816957803820725e-97	5.816957803820725e-97	5.816957803820725e-97	0	0	0
1.148153621496884e-6	0	0	0	0	0	0	0.017528511685724484	0	0	0	0	0	0	0	0.018163311014414846	2.3758317544012508e-35	0	5.428700887970319e-97	5.428700887970319e-97	5.428700887970319e-97	0	0	0
1.2302687708123837e-6	0	0	0	0	0	0	0.01524446639035571	0	0	0	0	0	0	0	0.024152097293807292	4.0401023902218066e-35	0	5.066358451438741e-97	5.066358451438741e-97	5.066358451438741e-97	0	0	0
1.3182567385564101e-6	0	0	0	0	0	0	0.01741364360738655	0	0	0	0	0	0	0	0.02562630143351642	6.870194950984658e-35	0	4.728200814184386e-97	4.728200814184386e-97	4.728200814184386e-97	0	0	0
1.4125375446227554e-6	0	0	0	0	0	0	0.019891479040349314	0	0	0	0	0	0	0	0.02719048855975835	1.168276793646845e-34	0	4.41261374486942e-97	4.41261374486942e-97	4.41261374486942e-97	0	0	0
1.5135612484362104e-6	0	0	0	0	0	0	0.018638844309514475	0	0	0	0	0	0	0	0.022033944842287222	1.9866549294618696e-34	0	4.1180907551553e-97	4.1180907551553e-97	4.1180907551553e-97	0	0	0
1.6218100973589331e-6	0	0	0	0	0	0	0.017465092288492863	0	0	0	0	0	0	0	0.017855314524634434	3.378307118842089e-34	0	3.8432259083210104e-97	3.8432259083210104e-97	3.8432259083210104e-97	0	0	0
1.7378008287493763e-6	0	0	0	0	0	0	0.021343039667637655	0	0	0	0	0	0	0	0.017770021651491066	5.744811954993234e-34	0	3.586707107875011e-97	3.586707107875011e-97	3.586707107875011e-97	0	0	0
1.8620871366628694e-6	0	0	0	0	0	0	0.026082046102584275	0	0	0	0	0	0	0	0.017685136213019377	9.769053918800304e-34	0	3.3473098341234893e-97	3.3473098341234893e-97	3.3473098341234893e-97	0	0	0
1.995262314968883e-6	0	0	0	0	0	0	0.025089727005344245	0	0	0	0	0	0	0	0.020728777843837	1.661227821138288e-33	0	3.123891298795807e-97	3.123891298795807e-97	3.123891298795807e-97	0	0	0
2.1379620895022326e-6	0	0	0	0	0	0	0.024135161740256737	0	0	0	0	0	0	0	0.024296235308768795	2.8249182537655333e-33	0	2.9153849898234894e-97	2.9153849898234894e-97	2.9153849898234894e-97	0	0	0
2.2908676527677747e-6	0	0	0	0	0	0	0.02696514423181747	0	0	0	0	0	0	0	0.020887629907957714	4.803774075364021e-33	0	2.720795580231762e-97	2.720795580231762e-97	2.720795580231762e-97	0	0	0
2.4547089156850335e-6	0	0	0	0	0	0	0.030126957973929985	0	0	0	0	0	0	0	0.0179572299011424	8.168818809669797e-33	0	2.539194176840735e-97	2.539194176840735e-97	2.539194176840735e-97	0	0	0
2.6302679918953817e-6	0	0	0	0	0	0	0.03043585379303503	0	0	0	0	0	0	0	0.022149626040551217	1.3891078077013557e-32	0	2.369713886095295e-97	2.369713886095295e-97	2.369713886095295e-97	0	0	0
2.8183829312644606e-6	0	0	0	0	0	0	0.03074791676320601	0	0	0	0	0	0	0	0.02732080262028891	2.3621781145796896e-32	0	2.2115456758567793e-97	2.2115456758567793e-97	2.2115456758567793e-97	0	0	0
3.0199517204020193e-6	0	0	0	0	0	0	0.03165958348549235	0	0	0	0	0	0	0	0.025928031684684782	4.0168843728785716e-32	0	2.0639345134023303e-97	2.0639345134023303e-97	2.0639345134023303e-97	0	0	0
3.2359365692962877e-6	0	0	0	0	0	0	0.032598280858958203	0	0	0	0	0	0	0	0.024606261989637983	6.830712707685382e-32	0	1.9261757611960688e-97	1.9261757611960688e-97	1.9261757611960688e-97	0	0	0
3.4673685045253236e-6	0	0	0	0	0	0	0.034783747816474496	0	0	0	0	0	0	0	0.026487982213230288	1.1615628373564477e-31	0	1.7976118132271482e-97	1.7976118132271482e-97	1.7976118132271482e-97	0	0	0
3.7153522909717276e-6	0	0	0	0	0	0	0.0371157337221233	0	0	0	0	0	0	0	0.0285136036519425	1.975237845400015e-31	0	1.6776289558577157e-97	1.6776289558577157e-97	1.6776289558577157e-97	0	0	0
3.981071705534978e-6	0	0	0	0	0	0	0.03955153442966545	0	0	0	0	0	0	0	0.029004868899880795	3.358892365031365e-31	0	1.5656544381957777e-97	1.5656544381957777e-97	1.5656544381957777e-97	0	0	0
4.265795188015934e-6	0	0	0	0	0	0	0.04214718985357318	0	0	0	0	0	0	0	0.02950459823207771	5.7117971621188855e-31	0	1.4611537380081057e-97	1.4611537380081057e-97	1.4611537380081057e-97	0	0	0
4.570881896148752e-6	0	0	0	0	0	0	0.04259344995270558	0	0	0	0	0	0	0	0.032160315459125455	9.712912256682044e-31	0	1.3636280101216664e-97	1.3636280101216664e-97	1.3636280101216664e-97	0	0	0
4.897788193684467e-6	0	0	0	0	0	0	0.043044435113622104	0	0	0	0	0	0	0	0.035055074544481805	1.6516809303328185e-30	0	1.2726117051332872e-97	1.2726117051332872e-97	1.2726117051332872e-97	0	0	0
5.248074602497734e-6	0	0	0	0	0	0	0.043966881548527084	0	0	0	0	0	0	0	0.03830266684190735	2.8086837639743123e-30	0	1.1876703470602318e-97	1.1876703470602318e-97	1.1876703470602318e-97	0	0	0
5.623413251903491e-6	0	0	0	0	0	0	0.044909096100333376	0	0	0	0	0	0	0	0.041851124445350746	4.7761673221130726e-30	0	1.108398459323018e-97	1.108398459323018e-97	1.108398459323018e-97	0	0	0
6.0255958607435935e-6	0	0	0	0	0	0	0.04386570346419349	0	0	0	0	0	0	0	0.04347637710990543	8.121873520051319e-30	0	1.0344176291599626e-97	1.0344176291599626e-97	1.0344176291599626e-97	0	0	0
6.4565422903465625e-6	0	0	0	0	0	0	0.042846552424694415	0	0	0	0	0	0	0	0.04516474507324019	1.3811247602298487e-29	0	9.653747012337637e-98	9.653747012337637e-98	9.653747012337637e-98	0	0	0
6.9183097091893625e-6	0	0	0	0	0	0	0.04649407789860609	0	0	0	0	0	0	0	0.04913048823799373	2.3486029407015943e-29	0	9.009400918070214e-98	9.009400918070214e-98	9.009400918070214e-98	0	0	0
7.413102413009192e-6	1.8620943037430164e-13	1.8566043016960918e-13	0	0	0	0	0.050452117085522816	0	0	0	0	0	0	0	0.053444448110786046	3.993799786888584e-29	0	8.408062154393366e-98	8.408062154393366e-98	8.408062154393366e-98	0	0	0
7.943282347242822e-6	3.166491749019686e-13	3.1571559994023093e-13	0	0	0	0	0.05008558063768686	0	0	0	0	0	0	0	0.05491420033974451	6.791457364430387e-29	0	7.846860166956033e-98	7.846860166956033e-98	7.846860166956033e-98	0	0	0
8.511380382023777e-6	5.384619874758853e-13	5.368744430601747e-13	0	0	0	0	0.04972170709034664	0	0	0	0	0	0	0	0.05642437157742863	1.1548874654232328e-28	0	7.323115998564308e-98	7.323115998564308e-98	7.323115998564308e-98	0	0	0
9.120108393559115e-6	9.156547211791834e-13	9.129551015716023e-13	0	0	0	0	0.05149056478425147	0	0	0	0	0	0	0	0.05711701114835698	1.963886374045675e-28	0	6.83432950089539e-98	6.83432950089539e-98	6.83432950089539e-98	0	0	0
9.772372209558111e-6	1.5570710429308569e-12	1.5524803392292696e-12	0	0	0	0	0.053322349873943096	0	0	0	0	0	0	0	0.05781815324331522	3.339589185643058e-28	0	6.378167399774385e-98	6.378167399774385e-98	6.378167399774385e-98	0	0	0
0.000010471285480509006	2.647799630860505e-12	2.6399931382655433e-12	0	0	0	0	0.05678847399031593	0	0	0	0	0	0	0	0.05851010281784294	5.678972101572921e-28	0	5.952452157042605e-98	5.952452157042605e-98	5.952452157042605e-98	0	0	0
0.000011220184543019652	4.5025838204455575e-12	4.489308878171668e-12	0	0	0	0	0.060479907314150226	0	0	0	0	0	0	0	0.059210333428460875	9.657093234427922e-28	0	5.555151575848333e-98	5.555151575848333e-98	5.555151575848333e-98	0	0	0
0.000012022644346174132	7.656644718826367e-12	7.634070676741369e-12	0	0	0	0	0.06102374178061936	0	0	0	0	0	0	0	0.06226574299462707	1.6421889044428737e-27	0	5.184369099739645e-98	5.184369099739645e-98	5.184369099739645e-98	0	0	0
0.000012882495516931348	1.3020125929500055e-11	1.2981738766261122e-11	0	0	0	0	0.061572466398876695	0	0	0	0	0	0	0	0.06547881976306087	2.792542571983328e-27	0	4.838334759251046e-98	4.838334759251046e-98	4.838334759251046e-98	0	0	0
0.000013803842646028866	2.2140726838639445e-11	2.207544945960444e-11	0	0	0	0	0.06367160742311131	0	0	0	0	0	0	0	0.06424945905999926	4.74871922179084e-27	0	4.5153967227666105e-98	4.5153967227666105e-98	4.5153967227666105e-98	0	0	0
0.000014791083881682102	3.765031057284513e-11	3.753930637628174e-11	0	0	0	0	0.06584231278928818	0	0	0	0	0	0	0	0.06304317952644702	8.07519801977067e-27	0	4.214013411326576e-98	4.214013411326576e-98	4.214013411326576e-98	0	0	0
0.00001584893192461114	6.402436092377198e-11	6.383559826453501e-11	0	0	0	0	0.0668539485468553	0	0	0	0	0	0	0	0.06495393477271265	1.373187590440779e-26	0	3.9327461397367325e-98	3.9327461397367325e-98	3.9327461397367325e-98	0	0	0
0.00001698243652461746	1.0887343900567911e-10	1.0855244806456757e-10	0	0	0	0	0.06788112760572294	0	0	0	0	0	0	0	0.06692260247895537	2.3351057818321797e-26	0	3.670252248852068e-98	3.670252248852068e-98	3.670252248852068e-98	0	0	0
0.000018197008586099864	1.8513930556895116e-10	1.8459346040713707e-10	0	0	0	0	0.06998197999038709	0	0	0	0	0	0	0	0.07031775631836515	3.9708478654367064e-26	0	3.425278696251018e-98	3.425278696251018e-98	3.425278696251018e-98	0	0	0
0.000019498445997580493	3.148294274489346e-10	3.139012176382647e-10	0	0	0	0	0.07214785163589522	0	0	0	0	0	0	0	0.07388515494752157	6.752427617250001e-26	0	3.1966560747045716e-98	3.1966560747045716e-98	3.1966560747045716e-98	0	0	0
0.00002089296130854041	5.353675065552467e-10	5.337890855800377e-10	0	0	0	0	0.07537028150136767	0	0	0	0	0	0	0	0.07709001050740596	1.14825045610714e-25	0	2.983293029886873e-98	2.983293029886873e-98	2.983293029886873e-98	0	0	0
0.000022387211385683423	9.103925557330132e-10	9.077084505378938e-10	0	0	0	0	0.07873663878813522	0	0	0	0	0	0	0	0.08043388044936838	1.9526001383296472e-25	0	2.784171050679609e-98	2.784171050679609e-98	2.784171050679609e-98	0	0	0
0.000023988329190194948	1.5481227295002603e-9	1.5435584080602759e-9	0	0	0	0	0.08359234170935767	0	0	0	0	0	0	0	0.08438058655154256	3.3203969394714393e-25	0	2.5983396072012206e-98	2.5983396072012206e-98	2.5983396072012206e-98	0	0	0
0.000025703957827688645	2.632583022019137e-9	2.6248213924655035e-9	0	0	0	0	0.0887474967182243	0	0	0	0	0	0	0	0.08852094847350231	5.6463356829845415e-25	0	2.4249116133517074e-98	2.4249116133517074e-98	2.4249116133517074e-98	0	0	0
0.00002754228703338169	4.4767079739606295e-9	4.463509321297805e-9	0	0	0	0	0.09108177682629545	0	0	0	0	0	0	0	0.08979150955443241	9.601594997861983e-25	0	2.2630591922130498e-98	2.2630591922130498e-98	2.2630591922130498e-98	0	0	0
0.0000295120922666639	7.61264283652172e-9	7.590198524936103e-9	0	0	0	0	0.09347745431259617	0	0	0	0	0	0	0	0.09108030728429369	1.6327514281658667e-24	0	2.1120097240909922e-98	2.1120097240909922e-98	2.1120097240909922e-98	0	0	0
0.000031622776601683856	1.2945300719531878e-8	1.2907134163033946e-8	0	0	0	0	0.09639689634388443	0	0	0	0	0	0	0	0.09487107805069102	2.7764941416205737e-24	0	1.971042158332983e-98	1.971042158332983e-98	1.971042158332983e-98	0	0	0
0.000033884415613920276	2.2013486553596557e-8	2.19485843163703e-8	0	0	0	0	0.0994075169576091	0	0	0	0	0	0	0	0.09881962104504591	4.721428862636288e-24	0	1.8394835713164433e-98	1.8394835713164433e-98	1.8394835713164433e-98	0	0	0
0.000036307805477010174	3.74339384417887e-8	3.7323572173948896e-8	0	0	0	0	0.10447559844697765	0	0	0	0	0	0	0	0.10186480544512933	8.028790758378764e-24	0	1.716705954176479e-98	1.716705954176479e-98	1.716705954176479e-98	0	0	0
0.00003890451449942813	6.36564200701154e-8	6.346874220880498e-8	0	0	0	0	0.10980206532579079	0	0	0	0	0	0	0	0.10500382898295055	1.3652960346803248e-23	0	1.602123214939e-98	1.602123214939e-98	1.602123214939e-98	0	0	0
0.00004168693834703355	1.0824775550786108e-7	1.0792860926584824e-7	0	0	0	0	0.11337896112675992	0	0	0	0	0	0	0	0.10907759215379985	2.3216861896277434e-23	0	1.4951883807485257e-98	1.4951883807485257e-98	1.4951883807485257e-98	0	0	0
0.00004466835921509635	1.840753306513764e-7	1.8353262240076153e-7	0	0	0	0	0.1170723773550358	0	0	0	0	0	0	0	0.1133094023838169	3.948027846114805e-23	0	1.3953909868352498e-98	1.3953909868352498e-98	1.3953909868352498e-98	0	0	0
0.0000478630092322639	3.13020137881328e-7	3.1209726238880174e-7	0	0	0	0	0.11886876327169425	0	0	0	0	0	0	0	0.11623340735051965	6.71362216966868e-23	0	1.302254639757354e-98	1.302254639757354e-98	1.302254639757354e-98	0	0	0
0.00005128613839913659	5.322908092709688e-7	5.307214593048674e-7	0	0	0	0	0.12069271335365282	0	0	0	0	0	0	0	0.11923286770631934	1.1416515889425829e-22	0	1.2153347432863858e-98	1.2153347432863858e-98	1.2153347432863858e-98	0	0	0
0.00005495408738576248	9.051606313641061e-7	9.024919514218521e-7	0	0	0	0	0.12433097771995247	0	0	0	0	0	0	0	0.12378270968019507	1.941378763350111e-22	0	1.1342163760800282e-98	1.1342163760800282e-98	1.1342163760800282e-98	0	0	0
0.00005888436553555896	1.5392258410278353e-6	1.534687750233539e-6	0	0	0	0	0.12807891703871058	0	0	0	0	0	0	0	0.12850617040857656	3.3013149889957144e-22	0	1.0585123110110634e-98	1.0585123110110634e-98	1.0585123110110634e-98	0	0	0
0.00006309573444801943	2.6174538613298666e-6	2.6097368369946564e-6	0	0	0	0	0.1329684070975978	0	0	0	0	0	0	0	0.13292323860666208	5.613886822250115e-22	0	9.878611666976364e-99	9.878611666976364e-99	9.878611666976364e-99	0	0	0
0.00006760829753919819	4.450980833076391e-6	4.43785803159673e-6	0	0	0	0	0.13804455639431124	0	0	0	0	0	0	0	0.1374921321327034	9.54641570346523e-22	0	9.219256824109038e-99	9.219256824109038e-99	9.219256824109038e-99	0	0	0
0.00007244359600749906	7.568893828121707e-6	7.546578501488778e-6	0	0	0	0	0.14234515805452258	0	0	0	0	0	0	0	0.141291179053664	1.6233681880113084e-21	0	8.603911081251764e-99	8.603911081251764e-99	8.603911081251764e-99	0	0	0
0.00007762471166286927	0.000012870905521690385	0.000012832958304131228	0	0	0	0	0.14677973946100575	0	0	0	0	0	0	0	0.145195197490332	2.760537939795136e-21	0	8.029637020253093e-99	8.029637020253093e-99	8.029637020253093e-99	0	0	0
0.00008317637711026725	0.000021886977504265605	0.000021822448252950097	0	0	0	0	0.1492273347742275	0	0	0	0	0	0	0	0.14961973706829315	4.694295338128826e-21	0	7.493693282989931e-99	7.493693282989931e-99	7.493693282989931e-99	0	0	0
0.00008912509381337459	0.00003721880977720941	0.00003710907777198798	0	0	0	0	0.15171574445896505	0	0	0	0	0	0	0	0.1541791058335508	7.982650194336258e-21	0	6.993521485203888e-99	6.993521485203888e-99	6.993521485203888e-99	0	0	0
0.00009549925860214369	0.00003473461439873693	0.000034632206532623546	0	0	0	0	0.15670563236830662	0	0	0	0	0	0	0	0.1576406544370638	1.3574498308096938e-20	0	6.526734003782685e-99	6.526734003782685e-99	6.526734003782685e-99	0	0	0
0.00010232929922807557	0.00003241622837084107	0.00003232065578907024	0	0	0	0	0.16185963627916553	0	0	0	0	0	0	0	0.16117991991842304	2.3083437183213316e-20	0	6.091102579188151e-99	6.091102579188151e-99	6.091102579188151e-99	0	0	0
0.00010964781961431851	0.00001660297112931251	0.000016554020683944765	0	0	0	0	0.16874298511973618	0	0	0	0	0	0	0	0.16843850671023633	3.925338970896034e-20	0	5.684547678622994e-99	5.684547678622994e-99	5.684547678622994e-99	0	0	0
0.00011748975549395303	8.503723726500648e-6	8.478652246194239e-6	0	0	0	0	0.17591905975872174	0	0	0	0	0	0	0	0.17602397716250148	6.675039732661719e-20	0	5.305128569160459e-99	5.305128569160459e-99	5.305128569160459e-99	0	0	0
0.00012589254117941688	4.35544624298668e-6	4.342605105595732e-6	0	0	0	0	0.1826624332953563	0	0	0	0	0	0	0	0.1827564603524938	1.135090644730824e-19	0	4.951034053449983e-99	4.951034053449983e-99	4.951034053449983e-99	0	0	0
0.0001348962882591656	2.230777079037756e-6	2.2242000916609447e-6	0	0	0	0	0.18966429551830402	0	0	0	0	0	0	0	0.18974644442750252	1.9302218763597314e-19	0	4.620573823774554e-99	4.620573823774554e-99	4.620573823774554e-99	0	0	0
0.0001445439770745928	1.1425671728861724e-6	1.1391985485875614e-6	0	0	0	0	0.19705723964914004	0	0	0	0	0	0	0	0.19654179041283273	3.2823427003586897e-19	0	4.312170393187606e-99	4.312170393187606e-99	4.312170393187606e-99	0	0	0
0.00015488166189124827	5.852040335290586e-7	5.83478679804767e-7	0	0	0	0	0.20473835411152116	0	0	0	0	0	0	0	0.20358049656862506	5.581624441495253e-19	0	4.0243515652117834e-99	4.0243515652117834e-99	4.0243515652117834e-99	0	0	0
0.00016595869074375631	2.9974745770179036e-7	2.988637139767624e-7	0	0	0	0	0.21093453664075756	0	0	0	0	0	0	0	0.20985467196650698	9.49155351831252e-19	0	3.755743406152997e-99	3.755743406152997e-99	3.755743406152997e-99	0	0	0
0.00017782794100389227	1.5353369637058124e-7	1.5308103384664139e-7	0	0	0	0	0.21731823986245044	0	0	0	0	0	0	0	0.21632221204119573	1.6140388722902564e-18	0	3.5050636864822306e-99	3.5050636864822306e-99	3.5050636864822306e-99	0	0	0
0.00019054607179632481	7.868666838080403e-8	7.845467692386872e-8	0	0	0	0	0.22379702358806175	0	0	0	0	0	0	0	0.22476706709472055	2.744673436479995e-18	0	3.2711157599768965e-99	3.2711157599768965e-99	3.2711157599768965e-99	0	0	0
0.00020417379446695317	4.0327250155731105e-8	4.020835355341791e-8	0	0	0	0	0.2304689555675421	0	0	0	0	0	0	0	0.2335415950755063	4.667317746957154e-18	0	3.0527828514032537e-99	3.0527828514032537e-99	3.0527828514032537e-99	0	0	0
0.00021877616239495564	2.0797977719017812e-8	2.073665915957655e-8	0	0	0	0	0.23780510941542296	0	0	0	0	0	0	0	0.23913543166551163	7.936774794963776e-18	0	2.849022725471387e-99	2.849022725471387e-99	2.849022725471387e-99	0	0	0
0.00023442288153199226	1.0726143625721311e-8	1.0694519797463823e-8	0	0	0	0	0.24537478344890695	0	0	0	0	0	0	0	0.2448632529865268	1.3496487181966481e-17	0	2.6588627116145413e-99	2.6588627116145413e-99	2.6588627116145413e-99	0	0	0
0.0002511886431509582	5.894444448836012e-9	5.877065891786272e-9	0	0	0	0	0.2532636924080655	0	0	0	0	0	0	0	0.25178178895190373	2.2950779247078023e-17	0	2.4813950608430183e-99	2.4813950608430183e-99	2.4813950608430183e-99	0	0	0
0.00026915348039269194	3.239232717068677e-9	3.229682505668843e-9	0	0	0	0	0.26140623331624163	0	0	0	0	0	0	0	0.2588958060248804	3.9027804861098676e-17	0	2.3157726125081568e-99	2.3157726125081568e-99	2.3157726125081568e-99	0	0	0
0.00028840315031266115	2.5957054990479397e-9	2.5880525952855784e-9	0	0	0	0	0.2683019384618934	0	0	0	0	0	0	0	0.26616111740110293	6.636679024612726e-17	0	2.1612047502911203e-99	2.1612047502911203e-99	2.1612047502911203e-99	0	0	0
0.0003090295432513592	2.0800256191179147e-9	2.0738930914131372e-9	0	0	0	0	0.27537954726321673	0	0	0	0	0	0	0	0.2736303129197678	1.1285674055328766e-16	0	2.016953628112078e-99	2.016953628112078e-99	2.016953628112078e-99	0	0	0
0.0003311311214825914	2.9214506455724408e-9	2.912837349246932e-9	0	0	0	0	0.2825390486257821	0	0	0	0	0	0	0	0.2817310871504789	1.919129106753163e-16	0	1.8823306479436905e-99	1.8823306479436905e-99	1.8823306479436905e-99	0	0	0
0.000354813389233576	4.10325420805882e-9	4.091156607010359e-9	0	0	0	0	0.2898846874857392	0	0	0	0	0	0	0	0.2900716832870183	3.263479443346259e-16	0	1.756693172715435e-99	1.756693172715435e-99	1.756693172715435e-99	0	0	0
0.00038018939632056124	6.8285488918063554e-9	6.808416319939192e-9	0	0	0	0	0.29912597351623127	0	0	0	0	0	0	0	0.29819499879944955	5.549547469040186e-16	0	1.6394414586173936e-99	1.6394414586173936e-99	1.6394414586173936e-99	0	0	0
0.00040738027780411304	1.1363926679514809e-8	1.1330422479106576e-8	0	0	0	0	0.3086618641642984	0	0	0	0	0	0	0	0.3065458037867819	9.437006620011786e-16	0	1.5300157921595736e-99	1.5300157921595736e-99	1.5300157921595736e-99	0	0	0
0.00043651583224016654	1.9285641994029804e-8	1.9228782245406627e-8	0	0	0	0	0.31721246630709315	0	0	0	0	0	0	0	0.316168274302523	1.6047631711050015e-15	0	1.4278938183202366e-99	1.4278938183202366e-99	1.4278938183202366e-99	0	0	0
0.00046773514128719906	3.272953069930982e-8	3.263303441006555e-8	0	0	0	0	0.3259999386482919	0	0	0	0	0	0	0	0.32609279409665076	2.7289001046941663e-15	0	1.3325880470287975e-99	1.3325880470287975e-99	1.3325880470287975e-99	0	0	0
0.0005011872336272725	5.5646426202958376e-8	5.548236416101765e-8	0	0	0	0	0.3353128899122362	0	0	0	0	0	0	0	0.3350724387623518	4.6404951929897714e-15	0	1.2436435260802898e-99	1.2436435260802898e-99	1.2436435260802898e-99	0	0	0
0.0005370317963702533	9.460950655264353e-8	9.433056988247144e-8	0	0	0	0	0.344891887426386	0	0	0	0	0	0	0	0.34429935665758155	7.891163036389204e-15	0	1.1606356693727647e-99	1.1606356693727647e-99	1.1606356693727647e-99	0	0	0
0.0005754399373371578	1.6088082370760004e-7	1.6040649968991188e-7	0	0	0	0	0.3536206041683734	0	0	0	0	0	0	0	0.3528315126700166	1.3418924377067614e-14	0	1.0831682301005266e-99	1.0831682301005266e-99	1.0831682301005266e-99	0	0	0
0.0006165950018614823	2.7357334775267686e-7	2.7276677300717217e-7	0	0	0	0	0.362570232154549	0	0	0	0	0	0	0	0.3615751058658582	2.2818883681289548e-14	0	1.0108714092279829e-99	1.0108714092279829e-99	1.0108714092279829e-99	0	0	0
0.0006606934480075965	4.652108362354039e-7	4.6383925777235197e-7	0	0	0	0	0.3707447836930674	0	0	0	0	0	0	0	0.37015836563747134	3.880351642416951e-14	0	9.434000902147294e-100	9.434000902147294e-100	9.434000902147294e-100	0	0	0
0.0007079457843841388	7.910899359483531e-7	7.887575699887302e-7	0	0	0	0	0.37910363964195826	0	0	0	0	0	0	0	0.37894537933769196	6.598538771269507e-14	0	8.804321915651652e-100	8.804321915651652e-100	8.804321915651652e-100	0	0	0
0.0007585775750291852	1.3452484166849436e-6	1.341282228427788e-6	0	0	0	0	0.3874194769803279	0	0	0	0	0	0	0	0.3873542713260031	1.1220816546622841e-13	0	8.216671293383102e-100	8.216671293383102e-100	8.216671293383102e-100	0	0	0
0.0008128305161640995	2.2875948995911436e-6	2.28085039655709e-6	0	0	0	0	0.3959177265759466	0	0	0	0	0	0	0	0.39594975871388044	1.9081000860549648e-13	0	7.668243822784968e-100	7.668243822784968e-100	7.668243822784968e-100	0	0	0
0.0008709635899560814	3.890055552298284e-6	3.878586523634248e-6	0	0	0	0	0.4041711260882051	0	0	0	0	0	0	0	0.4046230349546284	3.2447245913656623e-13	0	7.156421527174027e-100	7.156421527174027e-100	7.156421527174027e-100	0	0	0
0.0009332543007969925	6.615040190319891e-6	6.595537104943203e-6	0	0	0	0	0.41259657802180394	0	0	0	0	0	0	0	0.4134862992408109	5.517654839364534e-13	0	6.678761168551325e-100	6.678761168551325e-100	6.678761168551325e-100	0	0	0
0.001	3.726821098498003e-6	3.715833333045873e-6	0	0	0	0	0.42043608118908715	0	0	0	0	0	0	0	0.4205875102208987	9.382773196645556e-13	0	6.232982584546472e-100	6.232982584546472e-100	6.232982584546472e-100	0	0	0
0.001071519305237607	2.0996388684885777e-6	2.0934485151522115e-6	0	0	0	0	0.4284245381121295	0	0	0	0	0	0	0	0.42781067735159206	1.5955407763387736e-12	0	5.816957803820737e-100	5.816957803820737e-100	5.816957803820737e-100	0	0	0
0.001148153621496884	1.835335727247597e-6	1.8299246173595914e-6	0	0	0	0	0.4360941570682902	0	0	0	0	0	0	0	0.43414966872892197	2.7132174204849176e-12	0	5.42870088797032e-100	5.42870088797032e-100	5.42870088797032e-100	0	0	0
0.0012302687708123836	1.6043031410141017e-6	1.5995731831863213e-6	0	0	0	0	0.4439010768783936	0	0	0	0	0	0	0	0.4405825867280247	4.613826785245263e-12	0	5.066358451438742e-100	5.066358451438742e-100	5.066358451438742e-100	0	0	0
0.0013182567385564075	2.3585102534847012e-6	2.3515566711160233e-6	0	0	0	0	0.4501886524629172	0	0	0	0	0	0	0	0.44747717100495527	7.845813403498429e-12	0	4.728200814184396e-100	4.728200814184396e-100	4.728200814184396e-100	0	0	0
0.0014125375446227555	3.467281509077149e-6	3.457058942720636e-6	0	0	0	0	0.4565652875446819	0	0	0	0	0	0	0	0.4544796471818019	1.3341807316948229e-11	0	4.4126137448694196e-100	4.4126137448694196e-100	4.4126137448694196e-100	0	0	0
0.0015135612484362103	4.1526640737303665e-6	4.140420797855915e-6	4.11278837652752e-100	4.1006626659443794e-100	0	0	0.46254346703143456	0	0	0	0	0	0	0	0.460754163940929	2.2687746104591504e-11	0	4.1180907551553e-100	4.1180907551553e-100	4.1180907551553e-100	0	0	0
0.0016218100973589332	4.973527203979649e-6	4.958863782006123e-6	3.8382774406621805e-100	3.8269610691102446e-100	0	0	0.46859992366923403	0	0	0	0	0	0	0	0.46711530627461084	3.858051694784526e-11	0	3.8432259083210106e-100	3.8432259083210106e-100	3.8432259083210106e-100	0	0	0
0.0017378008287493763	4.881064378009153e-6	4.866673563659656e-6	3.5820889291500527e-100	3.571527876729792e-100	0	0	0.4739378022772585	0	0	0	0	0	0	0	0.4722787073933233	6.560617705703851e-11	0	3.5867071078750104e-100	3.5867071078750104e-100	3.5867071078750104e-100	0	0	0
0.0018620871366628695	4.790320528096445e-6	4.77619725332363e-6	3.342999898966573e-100	3.3331437513744216e-100	0	0	0.479336485308405	0	0	0	0	0	0	0	0.47749918373683453	1.1156331766777693e-10	0	3.347309834123489e-100	3.347309834123489e-100	3.347309834123489e-100	0	0	0
0.001995262314968883	4.4514271669371165e-6	4.43830304953389e-6	3.11986903327446e-100	3.110670741144795e-100	0	0	0.482659415901124	0	0	0	0	0	0	0	0.48144288621968057	1.8971344479072972e-10	0	3.1238912987958074e-100	3.1238912987958074e-100	3.1238912987958074e-100	0	0	0
0.0021379620895022326	4.136508967682784e-6	4.124313321815635e-6	2.9116311932267435e-100	2.903046847536747e-100	0	0	0.4860053822277423	0	0	0	0	0	0	0	0.4854191600446415	3.2260775214253173e-10	0	2.9153849898234893e-100	2.9153849898234893e-100	2.9153849898234893e-100	0	0	0
0.0022908676527677745	3.605318951854288e-6	3.5946894104901928e-6	2.717292333413533e-100	2.7092809558788153e-100	0	0	0.4882203276951699	0	0	0	0	0	0	0	0.48745549259383947	5.48594549307048e-10	0	2.7207955802317625e-100	2.7207955802317625e-100	2.7207955802317625e-100	0	0	0
0.0024547089156850338	3.142341729741548e-6	3.1330771814886802e-6	2.5359247566808684e-100	2.528448104141285e-100	0	0	0.49044536766690366	0	0	0	0	0	0	0	0.48950036755461146	9.328851446707979e-10	0	2.539194176840735e-100	2.539194176840735e-100	2.539194176840735e-100	0	0	0
0.002630267991895387	3.564109769258779e-6	3.5536017246933867e-6	2.366662685669983e-100	2.3596850675318516e-100	0	0	0.49083830276277146	0	0	0	0	0	0	0	0.4900732205492235	1.5863713816455796e-9	0	2.36971388609529e-100	2.36971388609529e-100	2.36971388609529e-100	0	0	0
0.002818382931264455	4.042487908649788e-6	4.030569464536319e-6	2.2086981299372723e-100	2.2021862378005422e-100	0	0	0.49123155267044083	0	0	0	0	0	0	0	0.49064674394282887	2.6976248629107962e-9	0	2.211545675856784e-100	2.211545675856784e-100	2.211545675856784e-100	0	0	0
0.003019951720402019	4.371625206088917e-6	4.358736368353048e-6	2.0612770289262293e-100	2.0551997775833e-100	0	0	0.49059295670476727	0	0	0	0	0	0	0	0.48963522885672306	4.587311637862346e-9	0	2.0639345134023307e-100	2.0639345134023307e-100	2.0639345134023307e-100	0	0	0
0.0032359365692962876	4.727560693903288e-6	4.713622453592732e-6	1.9236956523794457e-100	1.9180240314266327e-100	0	0	0.48995519090728057	0	0	0	0	0	0	0	0.48862579910549814	7.800724389884555e-9	0	1.9261757611960687e-100	1.9261757611960687e-100	1.9261757611960687e-100	0	0	0
0.0034673685045253167	6.033989979303204e-6	6.016200000959514e-6	1.795297241007594e-100	1.7900041763608907e-100	0	0	0.48783547879658223	0	0	0	0	0	0	0	0.48648107923696743	1.3265133439962983e-8	0	1.7976118132271518e-100	1.7976118132271518e-100	1.7976118132271518e-100	0	0	0
0.003715352290971728	7.701442123690787e-6	7.678736005671766e-6	1.675468871379308e-100	1.6705290960333758e-100	0	0	0.4857249372784514	0	0	0	0	0	0	0	0.48434577316386623	2.2557362160904537e-8	0	1.6776289558577156e-100	1.6776289558577156e-100	1.6776289558577156e-100	0	0	0
0.003981071705534978	7.5523239451417785e-6	7.530057471400615e-6	1.563638530066219e-100	1.559028463479657e-100	0	0	0.4818836536044523	0	0	0	0	0	0	0	0.480427842281821	3.8358799024612585e-8	0	1.565654438195778e-100	1.565654438195778e-100	1.565654438195778e-100	0	0	0
0.004265795188015935	7.406093048067674e-6	7.3842577060488106e-6	1.4592723830761832e-100	1.4549700186073136e-100	0	0	0.47807274815304696	0	0	0	0	0	0	0	0.4765416040112259	6.522914568268017e-8	0	1.4611537380081055e-100	1.4611537380081055e-100	1.4611537380081055e-100	0	0	0
0.004570881896148752	7.455852627581413e-6	7.433870579677244e-6	1.3618722275401243e-100	1.3578570273959553e-100	0	0	0.4724760998266151	0	0	0	0	0	0	0	0.47097431700865655	1.1092217573762201e-7	0	1.3636280101216663e-100	1.3636280101216663e-100	1.3636280101216663e-100	0	0	0
0.004897788193684466	7.505946528543376e-6	7.483816789075859e-6	1.2709731134877988e-100	1.2672259106846925e-100	0	0	0.4669449697139088	0	0	0	0	0	0	0	0.4654720708845923	1.8862318280576723e-7	0	1.2726117051332873e-100	1.2726117051332873e-100	1.2726117051332873e-100	0	0	0
0.005248074602497733	6.474174078536075e-6	6.455086307915737e-6	1.1861411243598296e-100	1.182644031227872e-100	0	0	0.45978648586067233	0	0	0	0	0	0	0	0.45864705387048854	3.207537614113948e-7	0	1.187670347060232e-100	1.187670347060232e-100	1.187670347060232e-100	0	0	0
0.005623413251903491	5.584229762335217e-6	5.567765809481651e-6	1.1069713056609913e-100	1.1037076284553044e-100	0	0	0.45273774489878493	0	0	0	0	0	0	0	0.4519221091489169	5.454418376849248e-7	0	1.1083984593230181e-100	1.1083984593230181e-100	1.1083984593230181e-100	0	0	0
0.0060255958607435805	6.319253903058145e-6	6.300622882710202e-6	1.0330857318669801e-100	1.0300398910783596e-100	0	0	0.44459454372826396	0	0	0	0	0	0	0	0.443802814828753	9.275239579046736e-7	0	1.0344176291599647e-100	1.0344176291599647e-100	1.0344176291599647e-100	0	0	0
0.006456542290346563	7.1510255829116045e-6	7.12994225484982e-6	9.641317023568657e-101	9.612891583413427e-101	0	0	0.43659781085213806	0	0	0	0	0	0	0	0.43582939285898503	1.5772546824398463e-6	0	9.653747012337635e-101	9.653747012337635e-101	9.653747012337635e-101	0	0	0
0.006918309709189377	7.837455550067578e-6	7.81434842443701e-6	8.99780057759269e-101	8.971272413315774e-101	0	0	0.42713428053920527	0	0	0	0	0	0	0	0.42653011576710165	1.820577526806561e-6	0	9.009400918070197e-101	9.009400918070197e-101	9.009400918070197e-101	0	0	0
0.007413102413009177	8.589776219801297e-6	8.564451031418227e-6	8.39723608675204e-101	8.37247856334836e-101	0	0	0.41787587815810745	0	0	0	0	0	0	0	0.417429257037652	2.1014377500441938e-6	0	8.408062154393383e-101	8.408062154393383e-101	8.408062154393383e-101	0	0	0
0.00794328234724282	8.746844701790071e-6	8.721056429294724e-6	7.836756692769032e-101	7.813651627575466e-101	0	0	0.40736042307694337	0	0	0	0	0	0	0	0.4070131442864784	2.2391465715493703e-6	0	7.846860166956035e-101	7.846860166956035e-101	7.846860166956035e-101	0	0	0
0.008511380382023776	8.906785261863612e-6	8.880525437524485e-6	7.313686887826298e-101	7.292123986364207e-101	0	0	0.39710957957386644	0	0	0	0	0	0	0	0.39685694480926903	2.3858795573534636e-6	0	7.323115998564309e-101	7.323115998564309e-101	7.323115998564309e-101	0	0	0
0.009120108393559097	7.57087535519374e-6	7.5485541864358125e-6	6.825529742746463e-101	6.805406072219304e-101	0	0	0.38600875520614125	0	0	0	0	0	0	0	0.38587580304508123	2.796753195914082e-6	0	6.834329500895403e-101	6.834329500895403e-101	6.834329500895403e-101	0	0	0
0.009772372209558112	6.43533575343959e-6	6.416362489632267e-6	6.369954987635913e-101	6.35117448556862e-101	0	0	0.3752182439307751	0	0	0	0	0	0	0	0.37519851252004216	3.278383611087236e-6	0	6.378167399774385e-101	6.378167399774385e-101	6.378167399774385e-101	0	0	0
0.010471285480509006	5.942161396544483e-6	5.924642155889158e-6	5.944787888094457e-101	5.92726090376903e-101	0	0	0.3636822086676518	0	0	0	0	0	0	0	0.36346945198593567	3.9871420262525066e-6	0	5.952452157042604e-101	5.952452157042604e-101	5.952452157042604e-101	0	0	0
0.011220184543019653	5.486781640524546e-6	5.4706049934143765e-6	5.5479988638900086e-101	5.5316417303883025e-101	0	0	0.35250084728231695	0	0	0	0	0	0	0	0.3521070529827842	4.849127931138203e-6	0	5.555151575848331e-101	5.555151575848331e-101	5.555151575848331e-101	0	0	0
0.012022644346174132	5.8456858802846296e-6	5.828451077845284e-6	5.1776938005421786e-101	5.162428435353001e-101	0	0	0.34006488738648327	0	0	0	0	0	0	0	0.33968788118539384	5.127898909388881e-6	0	5.184369099739645e-101	5.184369099739645e-101	5.184369099739645e-101	0	0	0
0.01288249551693135	6.22806695250444e-6	6.209704778124279e-6	4.832105007565904e-101	4.817858539849868e-101	0	0	0.32806765863051185	0	0	0	0	0	0	0	0.32770674613514145	5.42269612151468e-6	0	4.8383347592510465e-101	4.8383347592510465e-101	4.8383347592510465e-101	0	0	0
0.013803842646028866	6.305645790539001e-6	6.287054890911815e-6	4.509582780213554e-101	4.4962872029463974e-101	0	0	0.31550094491893516	0	0	0	0	0	0	0	0.3152707170309276	5.835785438159794e-6	0	4.515396722766611e-101	4.515396722766611e-101	4.515396722766611e-101	0	0	0
0.014791083881682071	6.384190975942124e-6	6.365368501991462e-6	4.208587524434358e-101	4.196179369768205e-101	0	0	0.30341560231893977	0	0	0	0	0	0	0	0.3033066184612693	6.280343009654968e-6	0	4.214013411326584e-101	4.214013411326584e-101	4.214013411326584e-101	4.1945586503067105e-11	4.1945586503067105e-11	4.1945586503067105e-11
0.01584893192461114	7.39359992473443e-6	7.371801416120049e-6	3.927682407458923e-101	3.916102443751782e-101	0	0	0.290971080031702	0	0	0	0	0	0	0	0.2906868831313497	8.138265163772339e-6	0	3.932746139736732e-101	3.932746139736732e-101	3.932746139736732e-101	3.9145899003439565e-11	3.9145899003439565e-11	3.9145899003439565e-11
0.01698243652461746	8.562607236066543e-6	8.537362149843721e-6	3.665526498925718e-101	3.654719447992955e-101	0	0	0.2790369670107444	0	0	0	0	0	0	0	0.2785922194949037	0.00001054581887869032	0	3.670252248852067e-101	3.670252248852067e-101	3.670252248852067e-101	3.65330786035246e-11	3.65330786035246e-11	3.65330786035246e-11
0.018197008586099864	8.028679137971314e-6	8.005008228923924e-6	3.4208683698077615e-101	3.4107826430458285e-101	0	0	0.26653787935946605	0	0	0	0	0	0	0	0.2661107228195037	0.000012285580784490403	0	3.4252786962510176e-101	3.4252786962510176e-101	3.4252786962510176e-101	3.409465272809385e-11	3.409465272809385e-11	3.409465272809385e-11
0.019498445997580455	7.528044545706289e-6	7.505849654780416e-6	3.19254011858349e-101	3.1831275707062533e-101	0	0	0.25459867161868155	0.25452309916675464	0	0	0	0	0	0	0.2541884225191517	0.000014312354208664657	0	3.1966560747045784e-101	3.1966560747045784e-101	3.1966560747045784e-101	3.1818981292673496e-11	3.1818981292673496e-11	3.1818981292673496e-11
0.02089296130854041	6.744467629655836e-6	6.724582954095743e-6	2.979451796134976e-101	2.9706674953470866e-101	0	0	0.2424043292729986	0.24226454227237917	0	0	0	0	0	0	0.24205317514051775	0.000015899195079513654	0	2.983293029886872e-101	2.983293029886872e-101	2.983293029886872e-101	2.969520113836652e-11	2.969520113836652e-11	2.969520113836652e-11
0.022387211385683423	6.04245144025085e-6	6.024636515029952e-6	2.7805862027602848e-101	2.772388216270493e-101	0	0	0.23079405118931007	0.2305963923690572	0	0	0	0	0	0	0.230497278416336	0.00001766197234158692	0	2.784171050679609e-101	2.784171050679609e-101	2.784171050679609e-101	2.7713174175412248e-11	2.7713174175412248e-11	2.7713174175412248e-11
0.02398832919019495	5.762306199976345e-6	5.745317225374316e-6	2.5949940324628078e-101	2.5873432263133338e-101	0	0	0.21881978847854117	0.21875419071473362	0	0	0	0	0	0	0.21853306596453623	0.000019451313468977762	0	2.5983396072012202e-101	2.5983396072012202e-101	2.5983396072012202e-101	2.5863438987939564e-11	2.5863438987939564e-11	2.5863438987939564e-11
0.025703957827688646	5.495149290088041e-6	5.478947972684246e-6	2.4217893413384462e-101	2.4146491935948852e-101	7.492358673274541e-6	7.4702689948034305e-6	0.20746678514048025	0.20752014141952116	0	0	0	0	0	0	0.20718986899966707	0.00002142193342572292	0	2.4249116133517075e-101	2.4249116133517075e-101	2.4249116133517075e-101	2.4137165668895216e-11	2.4137165668895216e-11	2.4137165668895216e-11
0.02754228703338169	5.155361634551271e-6	5.140162111160093e-6	2.2601453184284155e-101	2.2534817448384116e-101	6.5906214680469e-6	6.571190376250233e-6	0.19593751690457528	0.19612089130976454	0	0	0	0	0	0	0.19575619878283043	0.000024718406203676333	0	2.26305919221305e-101	2.26305919221305e-101	2.26305919221305e-101	2.2526113669545928e-11	2.2526113669545928e-11	2.2526113669545928e-11
0.0295120922666639	4.836584445657053e-6	4.822324771239155e-6	2.1092903388495026e-101	2.103071530137954e-101	5.797412167415194e-6	5.780319690088994e-6	0.18504894894252594	0.18534781127764915	0	0	0	0	0	0	0.1849534899892456	0.000028522150317033146	0	2.112009724090992e-101	2.112009724090992e-101	2.112009724090992e-101	2.1022592462345617e-11	2.1022592462345617e-11	2.1022592462345617e-11
0.03162277660168379	4.5496562331955695e-6	4.536242507594864e-6	1.968504280360844e-101	1.9627005503849572e-101	4.8875524363196646e-6	4.873142493264735e-6	0.1741905305131396	0.17461552988457393	0	0	0	0	0	0	0.17413050852985615	0.00003226261229969926	0	1.9710421583329876e-101	1.9710421583329876e-101	1.9710421583329876e-101	1.9619424829386483e-11	1.9619424829386483e-11	1.9619424829386483e-11
0.03388441561392028	4.279749908810541e-6	4.267131946491197e-6	1.837115085784042e-101	1.8316987298233818e-101	4.120488267513478e-6	4.108339855385528e-6	0.16396926917900484	0.1645046848230427	0	0	0	0	0	0	0.1639408588755439	0.000036493607278238985	0	1.8394835713164434e-101	1.8394835713164434e-101	1.8394835713164434e-101	1.8309912601188194e-11	1.8309912601188194e-11	1.8309912601188194e-11
0.03630780547701017	4.324819491159155e-6	4.312068650446461e-6	1.7144955548669895e-101	1.7094407173720557e-101	4.035610772846712e-6	4.023712604553633e-6	0.15380025901910271	0.1542124807994262	0	0	0	0	0	0	0.15372226760208044	0.00003978968993805862	0	1.7167059541764784e-101	1.7167059541764784e-101	1.7167059541764784e-101	1.7087804682275896e-11	1.7087804682275896e-11	1.7087804682275896e-11
0.038904514499428125	4.37036369639377e-6	4.357478577959769e-6	1.6000603502769404e-101	1.595342901444964e-101	3.952481660564062e-6	3.940828581360019e-6	0.14426190830014313	0.1445642065446044	0	0	0	0	0	0	0.14414061094229597	0.000043383472981880625	0	1.6021232149389998e-101	1.6021232149389998e-101	1.6021232149389998e-101	1.594726721091293e-11	1.594726721091293e-11	1.594726721091293e-11
0.04168693834703355	4.268200315858561e-6	4.25561640513844e-6	1.4932632034306972e-101	1.488860624019465e-101	3.6786639601319243e-6	3.6678181760969935e-6	0.13465983207878465	0.1350033803399012	0	0	0	0	0	0	0.1346964933061695	0.00004746952828801754	0	1.495188380748526e-101	1.495188380748526e-101	1.495188380748526e-101	1.4882855710543353e-11	1.4882855710543353e-11	1.4882855710543353e-11
0.04466835921509635	4.168425147620418e-6	4.1561354034614344e-6	1.3935943068235892e-101	1.3894855806534565e-101	3.423815641346249e-6	3.4137212251603987e-6	0.1256968702906618	0.12607486416477848	0	0	0	0	0	0	0.1258711558829329	0.00005194042710292084	0	1.3953909868352498e-101	1.3953909868352498e-101	1.3953909868352498e-101	1.3889489100005631e-11	1.3889489100005631e-11	1.3889489100005631e-11
0.0478630092322639	4.026871692252328e-6	4.014999289340862e-6	1.3005778804093154e-101	1.2967433940402419e-101	3.0732835264020946e-6	3.0642225820574333e-6	0.11695326183030232	0.11731004638307795	0	0	0	0	0	0	0.11710402423233743	0.00005797557602930488	0	1.3022546397573537e-101	1.3022546397573537e-101	1.3022546397573537e-101	1.2962425438453177e-11	1.2962425438453177e-11	1.2962425438453177e-11
0.05128613839913648	3.89012517955852e-6	3.878655945612829e-6	1.2137699004134302e-101	1.210191349518145e-101	2.7586390807948752e-6	2.7505058008799716e-6	0.10881786810696308	0.10915456521463	0	0	0	0	0	0	0.10894753762460137	0.00006471197106772882	0	1.2153347432863884e-101	1.2153347432863884e-101	1.2153347432863884e-101	1.2097239289196769e-11	1.2097239289196769e-11	1.2097239289196769e-11
0.05495408738576248	3.6339982225648193e-6	3.6232841262699667e-6	1.1327559797387685e-101	1.1294162817251226e-101	2.7413615528030037e-6	2.73327921212563e-6	0.10085340317874156	0.10115938976626163	0	0	0	0	0	0	0.10095514814927861	0.00007033069327432502	0	1.1342163760800284e-101	1.1342163760800284e-101	1.1342163760800284e-101	1.1289800594413213e-11	1.1289800594413213e-11	1.1289800594413213e-11
0.05888436553555896	3.3947347378427927e-6	3.3847260607193737e-6	1.0571493898447143e-101	1.0540326023101161e-101	2.7241922350426096e-6	2.716160514567155e-6	0.09347186367165143	0.09374983188069971	0	0	0	0	0	0	0.09354908022759531	0.00007643727018097117	0	1.0585123110110633e-101	1.0585123110110633e-101	1.0585123110110633e-101	1.0536254959876549e-11	1.0536254959876549e-11	1.0536254959876549e-11
0.06309573444801943	3.0723191032430232e-6	3.0632610023016777e-6	9.86589214657494e-102	9.836804592861598e-102	2.5974267674287635e-6	2.589768788860623e-6	0.08617879340520325	0.08652251818872969	0	0	0	0	0	0	0.08634448739827101	0.00008310554107744459	0	9.878611666976364e-102	9.878611666976364e-102	9.878611666976364e-102	9.833005255598413e-12	9.833005255598413e-12	9.833005255598413e-12
0.06760829753919818	2.780524960294896e-6	2.7723271543659167e-6	9.207386276990335e-102	9.180240192387696e-102	2.4765601066511837e-6	2.4692584785717055e-6	0.07945475933662327	0.07985236883673018	0	0	0	0	0	0	0.07969474938644026	0.00009035554175892278	0	9.219256824109039e-102	9.219256824109039e-102	9.219256824109039e-102	9.17669444454665e-12	9.17669444454665e-12	9.17669444454665e-12
0.07244359600749906	2.4706588339779092e-6	2.4633746045870965e-6	8.592832842100422e-102	8.567498641895209e-102	2.4318124808772124e-6	2.424642781968346e-6	0.07288965652837918	0.07336003978411527	0	0	0	0	0	0	0.07321698239355312	0.00009508302257352104	0	8.603911081251765e-102	8.603911081251765e-102	8.603911081251765e-102	8.56418955747301e-12	8.56418955747301e-12	8.56418955747301e-12
0.07762471166286927	2.195324681877946e-6	2.188852218602081e-6	8.019298205919844e-102	7.995654954621078e-102	2.387873375763421e-6	2.380833222268302e-6	0.06686700800786644	0.06739556403305501	0.04957579078816324	0	0	0	0	0	0.06726574275080123	0.00010005784931087435	0	8.029637020253093e-102	8.029637020253093e-102	8.029637020253093e-102	7.992566737352361e-12	7.992566737352361e-12	7.992566737352361e-12
0.08317637711026708	2.0377338547799295e-6	2.031726015643457e-6	7.484044540048301e-102	7.461979374088903e-102	2.1658560758488794e-6	2.1594704946965924e-6	0.06100344131764354	0.061620617130946805	0.04592203677661292	0	0	0	0	0	0.06150992089259104	0.00010413608944180777	0	7.493693282989948e-102	7.493693282989948e-102	7.493693282989948e-102	7.459097282041077e-12	7.459097282041077e-12	7.459097282041077e-12
0.08912509381337459	1.8914556453509196e-6	1.8858790774274959e-6	6.984516754356312e-102	6.963924343326904e-102	1.9644812781547767e-6	1.9586894091734135e-6	0.05565405068157633	0.05634051009256912	0.04253756577930556	0	0	0	0	0	0.05624661549088047	0.00010838055383880445	0	6.993521485203888e-102	6.993521485203888e-102	6.993521485203888e-102	6.961234618527979e-12	6.961234618527979e-12	6.961234618527979e-12
0.09549925860214369	1.741683738934196e-6	1.7365487426707826e-6	6.518330299991664e-102	6.49911234383469e-102	1.5948796349616168e-6	1.590177460403144e-6	0.05048623728066903	0.05122366764180087	0.03954234198199005	0	0	0	0	0	0.051113912615316906	0.0001109657671451733	0	6.526734003782684e-102	6.526734003782684e-102	6.526734003782684e-102	6.4966021465981325e-12	6.4966021465981325e-12	6.4966021465981325e-12
0.10232929922807536	1.603771282675261e-6	1.5990428929223964e-6	6.083259786482571e-102	6.0653245462465476e-102	1.294815622984476e-6	1.2909981254462037e-6	0.04579828644177729	0.046571536579391955	0.03675802272120949	0	0	0	0	0	0.0464495870559511	0.00011361264582971835	0	6.091102579188164e-102	6.091102579188164e-102	6.091102579188164e-102	6.0629818938796805e-12	6.0629818938796805e-12	6.0629818938796805e-12
0.10964781961431873	1.4257484253109369e-6	1.4215448993361124e-6	5.67722835860023e-102	5.660490218514133e-102	1.297607234192765e-6	1.2937815061630422e-6	0.04132619417011202	0.04208462305960972	0.0338830431015094	0	0	0	0	0	0.041994703126538205	0.00011367594739375019	0	5.684547678622984e-102	5.684547678622984e-102	5.684547678622984e-102	5.658303928117483e-12	5.658303928117483e-12	5.658303928117483e-12
0.11748975549395303	1.2674865763188945e-6	1.2637496528534996e-6	5.298297782270314e-102	5.282676841047622e-102	1.3004048640905162e-6	1.2965708878244715e-6	0.0372907909285423	0.03802999918308834	0.03123292617032729	0	0	0	0	0	0.0379670779109788	0.00011373928422751784	0	5.305128569160458e-102	5.305128569160458e-102	5.305128569160458e-102	5.280636476132157e-12	5.280636476132157e-12	5.280636476132157e-12
0.12589254117941662	9.941111730568015e-7	9.911802407382945e-7	4.944659192206937e-102	4.930080881628363e-102	1.1580324852104675e-6	1.1546182646194743e-6	0.033447314660365914	0.03417493212993111	0.02802740952562141	0	0	0	0	0	0.034134025820080356	0.00011290554625745002	0	4.951034053449993e-102	4.951034053449993e-102	4.951034053449993e-102	4.92817670229581e-12	4.92817670229581e-12	4.92817670229581e-12
0.1348962882591656	7.7969821760678e-7	7.773994377855662e-7	4.6146244571024874e-102	4.601019186056679e-102	1.03124747825411e-6	1.0282070571781633e-6	0.029999976673416504	0.030710649781048593	0.025150883411724088	0	0	0	0	0	0.03068794815913363	0.0001120779197994022	0	4.620573823774554e-102	4.620573823774554e-102	4.620573823774554e-102	4.599242102505085e-12	4.599242102505085e-12	4.599242102505085e-12
0.1445439770745928	7.002692126169599e-7	6.982046128794843e-7	4.306618121153883e-102	4.2939209434368735e-102	8.98326351946781e-7	8.956778214716702e-7	0.026690670597546862	0.027413644166986863	0.02164804089347762	0	0	0	0	0	0.02736921807128256	0.00010618689415035137	0	4.312170393187607e-102	4.312170393187607e-102	4.312170393187607e-102	4.292262472569473e-12	4.292262472569473e-12	4.292262472569473e-12
0.15488166189124797	6.289317572693047e-7	6.270774813457687e-7	4.019169883457124e-102	4.007320187744741e-102	7.82537898631507e-7	7.802307465948743e-7	0.02374641502898285	0.024470595440736168	0.018633050253305358	0	0	0	0	0	0.024409390095064838	0.00010060551185710053	0	4.024351565211791e-102	4.024351565211791e-102	4.024351565211791e-102	4.005772412674993e-12	4.005772412674993e-12	4.005772412674993e-12
0.1659586907437563	6.185360717126891e-7	6.167124453297645e-7	3.750907579370093e-102	3.7398487998833755e-102	7.000055973600338e-7	6.979417748379198e-7	0.021005784957452252	0.021720108298567343	0.015484051693491558	0	0	0	0	0	0.021657684233600174	0.00009613621328765196	0	3.755743406152998e-102	3.755743406152998e-102	3.755743406152998e-102	3.7384043321428665e-12	3.7384043321428665e-12	3.7384043321428665e-12
0.1778279410038923	6.083122176416748e-7	6.065187341895699e-7	3.500550630339175e-102	3.4902299768216304e-102	6.261777700381036e-7	6.243316136794607e-7	0.018581457501698116	0.019278775036105315	0.012867236098619457	0	0	0	0	0	0.019216182155127732	0.00009186545880723175	0	3.5050636864822298e-102	3.5050636864822298e-102	3.5050636864822298e-102	3.488881921090438e-12	3.488881921090438e-12	3.488881921090438e-12
0.1905460717963252	5.66940034482386e-7	5.652685284026266e-7	3.2669039309216447e-102	3.2572721366393606e-102	4.80712309087461e-7	4.792950277201494e-7	0.016303143979439858	0.0169874987730307	0.01042974046552502	0	0	0	0	0	0.016924103023546726	0.0000863864342640574	0	3.271115759976889e-102	3.271115759976889e-102	3.271115759976889e-102	3.2560140578305116e-12	3.2560140578305116e-12	3.2560140578305116e-12
0.20417379446695316	5.283816326178454e-7	5.268238080550408e-7	3.0488521438232256e-102	3.0398632303848923e-102	3.690394887288009e-7	3.679514517027259e-7	0.014304179507450271	0.014968539962901057	0.00845399006783458	0	0	0	0	0	0.014905419861207686	0.00008123418879905347	0	3.052782851403254e-102	3.052782851403254e-102	3.052782851403254e-102	3.0386891229257923e-12	3.0386891229257923e-12	3.0386891229257923e-12
0.21877616239495518	4.3900287944055053e-7	4.3770856974748626e-7	2.845354375717156e-102	2.83696543359134e-102	3.478098700898264e-7	3.4678442422766244e-7	0.012462168130537105	0.013100953900425594	0.006685797629715151	0	0	0	0	0	0.013051820231557414	0.0000742084364507397	0	2.849022725471393e-102	2.849022725471393e-102	2.849022725471393e-102	2.8358696927555368e-12	2.8358696927555368e-12	2.8358696927555368e-12
0.23442288153199276	3.6474304983360315e-7	3.636676799738912e-7	2.6554392084295668e-102	2.647610192111511e-102	3.2780152104752307e-7	3.268350656870623e-7	0.010857360566041767	0.01146638172637183	0.005287431093109102	0	0	0	0	0	0.011428729478478962	0.00006779032476197514	0	2.6588627116145355e-102	2.6588627116145355e-102	2.6588627116145355e-102	2.646587587263939e-12	2.646587587263939e-12	2.646587587263939e-12
0.25118864315095824	2.49934576425409e-7	2.4919769573498715e-7	2.4782000617718534e-102	2.4708935986220183e-102	2.718178586122066e-7	2.710164595653527e-7	0.009394650624805509	0.00996290776095586	0.004072814622518053	0	0	0	0	0	0.00993272585835839	0.0000615692195902827	0	2.481395060843018e-102	2.481395060843018e-102	2.481395060843018e-102	2.469939248250006e-12	2.469939248250006e-12	2.469939248250006e-12
0.2691534803926914	1.7126383222777353e-7	1.7075889604510868e-7	2.312790865883955e-102	2.305972077725757e-102	2.2539537957120777e-7	2.24730847655329e-7	0.008128997819065254	0.00865656956326729	0.0031372170449682347	0	0	0	0	0	0.008632546877855751	0.000055919024053455595	0	2.3157726125081617e-102	2.3157726125081617e-102	2.3157726125081617e-102	2.305081426136609e-12	2.305081426136609e-12	2.305081426136609e-12
0.28840315031266117	1.4365006940092688e-7	1.4322654671817868e-7	2.1584220224301917e-102	2.15205835905533e-102	1.8071634258365526e-7	1.8018353761845953e-7	0.0069594214581977665	0.007449786556927309	0.002335399386787838	0	0	0	0	0	0.007428627351299345	0.000049940757487470745	0	2.16120475029112e-102	2.16120475029112e-102	2.16120475029112e-102	2.151227154629246e-12	2.151227154629246e-12	2.151227154629246e-12
0.30902954325135923	1.204886178854583e-7	1.2013338197850526e-7	2.014356635367919e-102	2.008417719154505e-102	1.4489381521015561e-7	1.4446662559871032e-7	0.005958120313334433	0.006411237077014602	0.0017385122602712139	0	0	0	0	0	0.006392609864191152	0.00004460162351971977	0	2.0169536281120776e-102	2.0169536281120776e-102	2.0169536281120776e-102	2.0076419940490204e-12	2.0076419940490204e-12	2.0076419940490204e-12
0.3311311214825908	1.2300015512455676e-7	1.2263751446664353e-7	1.8799069932960695e-102	1.8743644741978276e-102	1.2301275303595133e-7	1.2265007523568756e-7	0.005037310644752508	0.005446627841858376	0.0012443579099614818	0	0	0	0	0	0.005437165831527875	0.00003895898998590944	0	1.882330647943694e-102	1.882330647943694e-102	1.882330647943694e-102	1.873640525406898e-12	1.873640525406898e-12	1.873640525406898e-12
0.354813389233576	1.2556404435684746e-7	1.2519384459889022e-7	1.7544312865918927e-102	1.749258706806209e-102	1.0443604778807119e-7	1.0412813958225333e-7	0.0042588093555190314	0.00462714987627948	0.0008906618857218272	0	0	0	0	0	0.004624523145880178	0.000034030216412438735	0	1.756693172715435e-102	1.756693172715435e-102	1.756693172715435e-102	1.7485830784835174e-12	1.7485830784835174e-12	1.7485830784835174e-12
0.38018939632056126	9.293671076576787e-8	9.266270598990167e-8	1.6373305436646848e-102	1.63250321133348e-102	7.531625756280657e-8	7.509420306892013e-8	0.003530498685792428	0.003852306970634784	0.0006036055126344951	0	0	0	0	0	0.003852028800589242	0.000029019362735866058	0	1.6394414586173936e-102	1.6394414586173936e-102	1.6394414586173936e-102	1.6318726782955876e-12	1.6318726782955876e-12	1.6318726782955876e-12
0.40738027780411384	6.878746421557753e-8	6.858465852599058e-8	1.5280457717013387e-102	1.5235406430418653e-102	5.431590694410472e-8	5.415576766452887e-8	0.0029267384214391183	0.0032072159737202405	0.00040906613466171594	0	0	0	0	0	0.0032085742491715233	0.00002474634317306168	0	1.530015792159571e-102	1.530015792159571e-102	1.530015792159571e-102	1.5229521953724578e-12	1.5229521953724578e-12	1.5229521953724578e-12
0.43651583224016655	4.787689011388961e-8	4.7735734951018715e-8	1.4260552882549334e-102	1.421850857557836e-102	4.817306378749662e-8	4.803103541746811e-8	0.002346746464068731	0.0025976654902349983	0.0002597298737455161	0	0	0	0	0	0.0025970174034426786	0.00002084209481541838	0	1.4278938183202366e-102	1.4278938183202366e-102	1.4278938183202366e-102	1.4213016862395676e-12	1.4213016862395676e-12	1.4213016862395676e-12
0.4677351412871981	3.332288278273781e-8	3.322463711692006e-8	1.3308722309382112e-102	1.3269484279077423e-102	4.272494385599316e-8	4.259897814697797e-8	0.0018816915533951687	0.0021039637038632562	0.00016491124930605337	0	0	0	0	0	0.0021020237868971353	0.0000175538225287266	0	1.3325880470288e-102	1.3325880470288e-102	1.3325880470288e-102	1.3264359114130938e-12	1.3264359114130938e-12	1.3264359114130938e-12
0.5011872336272735	2.8429532340006576e-8	2.83457137114731e-8	1.2420422333343688e-102	1.2383803272807034e-102	2.1895149693593137e-8	2.1830596348258307e-8	0.0014447518637982363	0.0016367903958379364	0.00009725040025303652	0	0	0	0	0	0.001634431315400099	0.000014184918734217532	0	1.2436435260802875e-102	1.2436435260802875e-102	1.2436435260802875e-102	1.2379020190578432e-12	1.2379020190578432e-12	1.2379020190578432e-12
0.5370317963702532	2.425475353801572e-8	2.418324338608422e-8	1.1591412560308012e-102	1.1557237664571035e-102	1.1220554946091892e-8	1.1187473447750025e-8	0.0011092721036996414	0.0012733502935378897	0.00005734987994556961	0	0	0	0	0	0.0012708541841497528	0.000011462569999615575	0	1.160635669372765e-102	1.160635669372765e-102	1.160635669372765e-102	1.1552773832510127e-12	1.1552773832510127e-12	1.1552773832510127e-12
0.5754399373371566	1.3656053747737874e-8	1.3615791682128582e-8	1.081773562421973e-102	1.0785841755793908e-102	5.754536623582469e-9	5.737570555978339e-9	0.0008137129861384769	0.000951177401206324	0.00003258025256170543	0	0	0	0	0	0.0009487213715226597	9.315110028427854e-6	0	1.083168230100529e-102	1.083168230100529e-102	1.083168230100529e-102	1.078167586532503e-12	1.078167586532503e-12	1.078167586532503e-12
0.6165950018614835	9.085453002026548e-9	9.058666412605129e-9	1.0095698296187857e-102	1.0065933206310404e-102	2.9544671263622142e-9	2.945756487734141e-9	0.0005765113268939642	0.000685810288033632	0.00001804847243797936	0	0	0	0	0	0.000684982161263284	7.355220530066719e-6	0	1.0108714092279807e-102	1.0108714092279807e-102	1.0108714092279807e-102	1.0062045371113676e-12	1.0062045371113676e-12	1.0062045371113676e-12
0.6606934480075964	8.21670230286226e-9	8.192477046187e-9	9.421853854466185e-103	9.394075456324444e-103	1.5198963790543544e-9	1.5154152772028807e-9	0.0003903476766964241	0.0004762990414451557	9.817544233323737e-6	0	0	0	0	0	0.00047589883853790783	5.615799843231009e-6	0	9.434000902147295e-103	9.434000902147295e-103	9.434000902147295e-103	9.390447117406307e-13	9.390447117406307e-13	9.390447117406307e-13
0.7079457843841374	1.0315851305024384e-8	1.0285437139282901e-8	8.79298563116129e-103	8.767061321626258e-103	7.847694080978835e-10	7.824556769145805e-10	0.0002521150335922482	0.00031572449838414393	5.209887671050452e-6	0	0	0	0	0	0.00031492002998739955	4.138229832524639e-6	0	8.80432191565167e-103	8.80432191565167e-103	8.80432191565167e-103	8.763675158726158e-13	8.763675158726158e-13	8.763675158726158e-13
0.7585775750291851	5.362757272507503e-9	5.346946285736293e-9	8.206091657127397e-103	8.181897683758637e-103	4.0796709123447923e-10	4.0676428417929705e-10	0.00015468993175342253	0.0001974249614274367	2.731895965142625e-6	0	0	0	0	0	0.00019787706363547498	2.8436811241557784e-6	0	8.216671293383103e-103	8.216671293383103e-103	8.216671293383103e-103	8.178737532668918e-13	8.178737532668918e-13	8.178737532668918e-13
0.8128305161640995	2.823805459809968e-9	2.815480050230383e-9	7.658370331748462e-103	7.635791202048698e-103	2.1481854223695934e-10	2.141851939504475e-10	0.00009015398435017024	0.0001172982662357	1.449510176606359e-6	0	0	0	0	0	0.00011722964028917635	1.783285404688193e-6	0	7.668243822784968e-103	7.668243822784968e-103	7.668243822784968e-103	7.63284197745305e-13	7.63284197745305e-13	7.63284197745305e-13
0.8709635899560796	1.5242645443377465e-9	1.5197705638494043e-9	7.147207049200341e-103	7.126134979299784e-103	1.1595709834067488e-10	1.1561522268702699e-10	0.00005108840451585841	0.00006709700972362082	7.824324303865138e-7	0	0	0	0	0	0.00006691390528575871	1.0005735393163059e-6	0	7.15642152717404e-103	7.15642152717404e-103	7.15642152717404e-103	7.123382602761879e-13	7.123382602761879e-13	7.123382602761879e-13
0.9332543007969925	8.657358305940876e-10	8.631833865677529e-10	6.670161717352772e-103	6.650496117491382e-103	6.58600996908054e-11	6.566592473340053e-11	0.0000294164212526325	0.000038726014389322235	4.4439778680197836e-7	0	0	0	0	0	0.000038716226503442704	5.682952918824371e-7	0	6.678761168551326e-103	6.678761168551326e-103	6.678761168551326e-103	6.647927450249969e-13	6.647927450249969e-13	6.647927450249969e-13