1.e-9	0	0	0	0	0	0	7.351659470860802e-10	0	0	0	0	0	0	0	3.5928688213703867e-11	4.026465181149402e-14	0	3.4009928172583637e-14	3.4009928172583637e-14	3.4009928172583637e-14	0	0	0
1.0715193052376092e-9	0	0	0	0	0	0	1.2357710555783316e-9	0	0	0	0	0	0	0	5.651530187633213e-11	6.847004765206443e-14	0	5.783388855887159e-14	5.783388855887159e-14	5.783388855887159e-14	0	0	0
1.148153621496884e-9	0	0	0	0	0	0	2.077259029553863e-9	0	0	0	0	0	0	0	8.889774453147193e-11	1.1643332835520503e-13	0	9.834653718957503e-14	9.834653718957503e-14	9.834653718957503e-14	0	0	0
1.2302687708123811e-9	0	0	0	0	0	0	3.4917512077865965e-9	0	0	0	0	0	0	0	1.3983485393170938e-10	1.9799489582307925e-13	0	1.672383029775975e-13	1.672383029775975e-13	1.672383029775975e-13	0	0	0
1.31825673855641e-9	0	0	0	0	0	0	5.917609415716703e-9	0	0	0	0	0	0	0	2.327826366802575e-10	3.366903597242562e-13	0	2.843887668592324e-13	2.843887668592324e-13	2.843887668592324e-13	0	0	0
1.4125375446227555e-9	0	0	0	0	0	0	1.0028807642104168e-8	0	0	0	0	0	0	0	3.875125150577456e-10	5.72542023671841e-13	0	4.836031535583236e-13	4.836031535583236e-13	4.836031535583236e-13	0	0	0
1.5135612484362133e-9	0	0	0	0	0	0	1.5691894791066332e-8	0	0	0	0	0	0	0	6.548687724567342e-10	9.736078283807991e-13	0	8.223672610248795e-13	8.223672610248795e-13	8.223672610248795e-13	0	0	0
1.6218100973589331e-9	0	0	0	0	0	0	2.4552825312963463e-8	0	0	0	0	0	0	0	1.1066819585816142e-9	1.6556203113357459e-12	0	1.3984356947002477e-12	1.3984356947002477e-12	1.3984356947002477e-12	0	0	0
1.7378008287493762e-9	0	0	0	0	0	0	4.003201237988017e-8	0	0	0	0	0	0	0	1.8784101115077867e-9	2.815382680961557e-12	0	2.3780401868546314e-12	2.3780401868546314e-12	2.3780401868546314e-12	0	0	0
1.8620871366628732e-9	0	0	0	0	0	0	6.526996362967456e-8	0	0	0	0	0	0	0	3.1882913782537e-9	4.78755882975561e-12	0	4.0438578275190134e-12	4.0438578275190134e-12	4.0438578275190134e-12	0	0	0
1.9952623149688828e-9	0	0	0	0	0	0	1.0976158530126637e-7	0	0	0	0	0	0	0	5.4186560715561216e-9	8.14124478008973e-12	0	6.876581071581309e-12	6.876581071581309e-12	6.876581071581309e-12	0	0	0
2.1379620895022324e-9	0	0	0	0	0	0	1.845811601214108e-7	0	0	0	0	0	0	0	9.209269209859748e-9	1.3844188432191713e-11	0	1.1693627533647498e-11	1.1693627533647498e-11	1.1693627533647498e-11	0	0	0
2.2908676527677795e-9	0	0	0	0	0	0	3.129905857521042e-7	0	0	0	0	0	0	0	1.5657725989381445e-8	2.3542045294142028e-11	0	1.9885016040734604e-11	1.9885016040734604e-11	1.9885016040734604e-11	0	0	0
2.4547089156850337e-9	0	0	0	0	0	0	5.30731883497765e-7	0	0	0	0	0	0	0	2.6621480768099712e-8	4.0033252894959126e-11	0	3.381447389208104e-11	3.381447389208104e-11	3.381447389208104e-11	0	0	0
2.6302679918953816e-9	0	0	0	0	0	0	9.018638459905381e-7	0	0	0	0	0	0	0	4.526753691632378e-8	6.807655483505527e-11	0	5.750151985302172e-11	5.750151985302172e-11	5.750151985302172e-11	0	0	0
2.818382931264461e-9	0	0	0	0	0	0	1.5325222056463536e-6	0	0	0	0	0	0	0	7.697355065711471e-8	1.1576419558935717e-10	0	9.778134641277866e-11	9.778134641277866e-11	9.778134641277866e-11	0	0	0
3.019951720402019e-9	0	0	0	0	0	0	2.605584916192604e-6	0	0	0	0	0	0	0	1.308915388367139e-7	1.9685703856536036e-10	0	1.6627719981748783e-10	1.6627719981748783e-10	1.6627719981748783e-10	0	0	0
3.2359365692962944e-9	0	0	0	0	0	0	4.429999598359827e-6	0	0	0	0	0	0	0	2.2257768795625387e-7	3.3475543483402437e-10	0	2.827544127121302e-10	2.827544127121302e-10	2.827544127121302e-10	0	0	0
3.4673685045253237e-9	0	0	0	0	0	0	7.532873773899449e-6	0	0	0	0	0	0	0	3.7849166260824297e-7	5.692516862382381e-10	0	4.808239373541787e-10	4.808239373541787e-10	4.808239373541787e-10	0	0	0
3.715352290971728e-9	0	0	0	0	0	0	0.000012809072785132787	0	0	0	0	0	0	0	6.436221886360088e-7	9.680126102978192e-10	0	8.176412050132736e-10	8.176412050132736e-10	8.176412050132736e-10	0	0	0
3.9810717055349855e-9	0	0	0	0	0	0	0.000021781375482842197	0	0	0	0	0	0	0	1.0944781479634463e-6	1.6461056442160918e-9	0	1.3903990383985909e-9	1.3903990383985909e-9	1.3903990383985909e-9	0	0	0
4.265795188015934e-9	0	0	0	0	0	0	0.00003703845905811558	0	0	0	0	0	0	0	1.8611577374423784e-6	2.799202988777637e-9	0	2.364373852646479e-9	2.364373852646479e-9	2.364373852646479e-9	0	0	0
4.570881896148752e-9	0	0	0	0	0	0	0.00004399110185505353	0	0	0	0	0	0	0	3.1648977965334453e-6	4.760045261928052e-9	0	4.020618225915297e-9	4.020618225915297e-9	4.020618225915297e-9	0	0	0
4.8977881936844766e-9	0	0	0	0	0	0	0.00005224885407314573	0	0	0	0	0	0	0	5.3819071113589626e-6	8.094457953368088e-9	0	6.8370621255464916e-9	6.8370621255464916e-9	6.8370621255464916e-9	0	0	0
5.248074602497734e-9	0	0	0	0	0	0	0.000028938711861431025	0	0	0	0	0	0	0	9.151933006267344e-6	1.3764627425477141e-8	0	1.1626425559950917e-8	1.1626425559950917e-8	1.1626425559950917e-8	0	0	0
5.623413251903491e-9	0	0	0	0	0	0	0.00001602808442509634	0	0	0	0	0	0	0	0.000015562862014922317	2.340675178667988e-8	0	1.9770739071685763e-8	1.9770739071685763e-8	1.9770739071685763e-8	0	0	0
6.025595860743593e-9	0	0	0	0	0	0	0.000012097156814145725	0	0	0	0	0	0	0	0.000026464649076010654	3.980318625909107e-8	0	3.362014588448872e-8	3.362014588448872e-8	3.362014588448872e-8	0	0	0
6.456542290346562e-9	0	0	0	0	0	0	9.130298986752242e-6	0	0	0	0	0	0	0	0.00004500313952824304	6.768532647393511e-8	0	5.7171065036864734e-8	5.7171065036864734e-8	5.7171065036864734e-8	0	0	0
6.918309709189363e-9	0	0	0	0	0	0	0.000011753758229932102	0	0	0	0	0	0	0	0.00007652784721169227	1.1509891168164767e-7	0	9.721940793116866e-8	9.721940793116866e-8	9.721940793116866e-8	0	0	0
7.413102413009192e-9	0	0	0	0	0	0	0.00001513103050931306	0	0	0	0	0	0	0	0.00013013561854237078	1.9572572314329044e-7	0	1.653216233140506e-7	1.653216233140506e-7	1.653216233140506e-7	0	0	0
7.943282347242822e-9	0	0	0	0	0	0	0.00001392384311177335	0	0	0	0	0	0	0	0.00022129564551262297	3.328316327257709e-7	0	2.8112945467166283e-7	2.8112945467166283e-7	2.8112945467166283e-7	0	0	0
8.511380382023759e-9	0	0	0	0	0	0	0.000012812967820132952	0	0	0	0	0	0	0	0.0003763132897155455	5.659802603554506e-7	0	4.78060695870671e-7	4.78060695870671e-7	4.78060695870671e-7	0	0	0
9.120108393559115e-9	0	0	0	0	0	0	0.000010085897861375603	0	0	0	0	0	0	0	0.0006399208264062789	9.624495557741241e-7	0	8.129423166523313e-7	8.129423166523313e-7	8.129423166523313e-7	0	0	0
9.772372209558111e-9	0	0	0	0	0	0	7.93924850964359e-6	0	0	0	0	0	0	0	0.0010881854966590095	1.636645678822908e-6	0	1.3824085851702077e-6	1.3824085851702077e-6	1.3824085851702077e-6	0	0	0
1.0471285480509006e-8	0	0	0	0	0	0	9.578978310424032e-6	0	0	0	0	0	0	0	0.0018504596617761693	2.7831164681675322e-6	0	2.3507861984277268e-6	2.3507861984277268e-6	2.3507861984277268e-6	0	0	0
1.1220184543019653e-8	0	0	0	0	0	0	0.000011557369108690913	0	0	0	0	0	0	0	0.003146707036965625	4.732690389624323e-6	0	3.997512609513962e-6	3.997512609513962e-6	3.997512609513962e-6	0	0	0
1.202264434617413e-8	0	0	0	0	0	0	0.000015871139764624696	0	0	0	0	0	0	0	0.005350975967312524	4.443627534369747e-6	0	3.754360985314058e-6	3.754360985314058e-6	3.754360985314058e-6	0	0	0
1.288249551693135e-8	0	0	0	0	0	0	0.00002179501883684214	0	0	0	0	0	0	0	0.009099335739359941	4.172220035246464e-6	0	3.525999236250598e-6	3.525999236250598e-6	3.525999236250598e-6	0	0	0
1.3803842646028866e-8	0	0	0	0	0	0	0.000034994583680356886	0	0	0	0	0	0	0	0.015473422308156556	4.1994022629202885e-6	0	3.551512022127387e-6	3.551512022127387e-6	3.551512022127387e-6	0	0	0
1.4791083881682102e-8	0	0	0	0	0	0	0.00005618810867423842	0	0	0	0	0	0	0	0.026312557837699806	4.2267615842027554e-6	0	3.577209408793951e-6	3.577209408793951e-6	3.577209408793951e-6	0	0	0
1.5848931924611173e-8	0	0	0	0	0	0	0.00009297256872565407	0	0	0	0	0	0	0	0.024808461854588737	6.214969673644052e-6	0	5.261826944750506e-6	5.261826944750506e-6	5.261826944750506e-6	0	0	0
1.698243652461746e-8	0	0	0	0	0	0	0.00015383857437809557	0	0	0	0	0	0	0	0.023390344009383016	9.138402361911406e-6	0	7.739782504328313e-6	7.739782504328313e-6	7.739782504328313e-6	0	0	0
1.8197008586099862e-8	0	0	0	0	0	0	0.00023993905553564146	0	0	0	0	0	0	0	0.013607234721608739	8.191771975018766e-6	0	6.964453499876182e-6	6.964453499876182e-6	6.964453499876182e-6	0	0	0
1.9498445997580494e-8	0	0	0	0	0	0	0.00037422831434878604	0	0	0	0	0	0	0	0.007915951842977767	7.343201298554666e-6	0	6.2667927070060146e-6	6.2667927070060146e-6	6.2667927070060146e-6	0	0	0
2.0892961308540408e-8	0	0	0	0	0	0	0.0005926936915256784	0	0	0	0	0	0	0	0.0075619401442782175	6.222291885966561e-6	0	5.39380529270865e-6	5.39380529270865e-6	5.39380529270865e-6	0	0	0
2.2387211385683424e-8	0	0	0	0	0	0	0.0009386938361027545	0	0	0	0	0	0	0	0.0072237603108177015	5.27248467528545e-6	0	4.6424282557052205e-6	4.6424282557052205e-6	4.6424282557052205e-6	0	0	0
2.3988329190194947e-8	0	0	0	0	0	0	0.0015513083728961174	0	0	0	0	0	0	0	0.011009457524946807	6.562019686207786e-6	0	5.837051149426789e-6	5.837051149426789e-6	5.837051149426789e-6	0	0	0
2.5703957827688646e-8	0	0	0	0	0	0	0.002563730127182949	0	0	0	0	0	0	0	0.01677909423601631	8.166946897735152e-6	0	7.3390829635662e-6	7.3390829635662e-6	7.3390829635662e-6	0	0	0
2.754228703338169e-8	0	0	0	0	0	0	0.004319491957732839	0	0	0	0	0	0	0	0.01694751319042788	0.00001319192145061934	0	0.000011826146497770774	0.000011826146497770774	0.000011826146497770774	0	0	0
2.95120922666639e-8	0	0	0	0	0	0	0.007277681287546564	0	0	0	0	0	0	0	0.017117622638009436	0.000021308671862133633	0	0.000019056569012918653	0.000019056569012918653	0.000019056569012918653	0	0	0
3.162277660168386e-8	0	0	0	0	0	0	0.012260902382718573	0	0	0	0	0	0	0	0.01594345935680624	0.000020714559238192937	0	0.000019216149110254346	0.000019216149110254346	0.000019216149110254346	0	0	0
3.3884415613920346e-8	0	0	0	0	0	0	0.020656266920591238	0	0	0	0	0	0	0	0.014849836431006371	0.00002013701122288714	0	0.00001937706553457802	0.00001937706553457802	0.00001937706553457802	0	0	0
3.6307805477010175e-8	0	0	0	0	0	0	0.010692528974733365	0	0	0	0	0	0	0	0.012692400704335423	0.000022589364317701996	0	0.00002307256934203097	0.00002307256934203097	0.00002307256934203097	0	0	0
3.890451449942813e-8	0	0	0	0	0	0	0.005534890516036765	0	0	0	0	0	0	0	0.010848404720676774	0.000025340373237609227	0	0.000027472862446219794	0.000027472862446219794	0.000027472862446219794	0	0	0
4.1686938347033635e-8	0	0	0	0	0	0	0.0029726367327384587	0	0	0	0	0	0	0	0.005624728690698999	0.00003663587781995195	0	0.00004158997706098038	0.00004158997706098038	0.00004158997706098038	0	0	0
4.4668359215096346e-8	0	0	0	0	0	0	0.001596521036725675	0	0	0	0	0	0	0	0.0029163341208751793	0.00005296636837402237	0	0.00006296126569697372	0.00006296126569697372	0.00006296126569697372	0	0	0
4.78630092322639e-8	0	0	0	0	0	0	0.00106973794932683	0	0	0	0	0	0	0	0.0016809187796776833	0.000057318749567220036	0	0.00008177649045871602	0.00008177649045871602	0.00008177649045871602	0	0	0
5.128613839913659e-8	0	0	0	0	0	0	0.000716770561681379	0	0	0	0	0	0	0	0.000968849187631927	0.00006202877699202439	0	0.00010621442116380175	0.00010621442116380175	0.00010621442116380175	0	0	0
5.495408738576248e-8	0	0	0	0	0	0	0.0007435642700864653	0	0	0	0	0	0	0	0.0009040120225505616	0.000055805247622872895	0	0.00011004792454219978	0.00011004792454219978	0.00011004792454219978	0	0	0
5.888436553555896e-8	0	0	0	0	0	0	0.0007713595581440689	0	0	0	0	0	0	0	0.0008435138795063344	0.00005020614323333494	0	0.0001140197871753124	0.0001140197871753124	0.0001140197871753124	0	0	0
6.309573444801943e-8	0	0	0	0	0	0	0.0011301128475150895	0	0	0	0	0	0	0	0.0012744424804382165	0.00004952958541395895	0	0.00009499426726819967	0.00009499426726819967	0.00009499426726819967	0	0	0
6.760829753919818e-8	0	0	0	0	0	0	0.001655719482094128	0	0	0	0	0	0	0	0.0019255209373627198	0.00004886214461599618	0	0.00007914337535069615	0.00007914337535069615	0.00007914337535069615	0	0	0
7.244359600749906e-8	0	0	0	0	0	0	0.002701017920718038	0	0	0	0	0	0	0	0.0032344852931533974	0.0000393312467095693	0	0.00007532024769206906	0.00007532024769206906	0.00007532024769206906	0	0	0
7.762471166286928e-8	0	0	0	0	0	0	0.004406240239930394	0	0	0	0	0	0	0	0.005433280370326461	0.00003165941609575993	0	0.00007168180137953557	0.00007168180137953557	0.00007168180137953557	0	0	0
8.317637711026726e-8	0	0	0	0	0	0	0.007395236039028553	0	0	0	0	0	0	0	0.005533089674445387	0.00003095738750221386	0	0.0000868853297312953	0.0000868853297312953	0.0000868853297312953	0	0	0
8.912509381337478e-8	0	0	0	0	0	0	0.012411832559045216	0	0	0	0	0	0	0	0.005634732474446973	0.000030270925972338875	0	0.00010531348790392997	0.00010531348790392997	0.00010531348790392997	0	0	0
9.549925860214369e-8	0	0	0	0	0	0	0.014996540495983387	0	0	0	0	0	0	0	0.005257171500311669	0.000029655627946216706	0	0.0000878157611435817	0.0000878157611435817	0.00008781576114358188	0	0	0
1.0232929922807557e-7	0	0	0	0	0	0	0.018119502158750807	0	0	0	0	0	0	0	0.004904909382836686	0.000029052836695120213	0	0.00007322526353187811	0.00007322526353187811	0.00007322526353187856	0	0	0
1.0964781961431874e-7	0	0	0	0	0	0	0.017707847028688065	0	0	0	0	0	0	0	0.007410440707962624	0.00003177328965070506	0	0.00007557898907758321	0.00007557898907758321	0.00007557898907758413	0	0	0
1.1748975549395303e-7	0	0	0	0	0	0	0.017305544249734146	0	0	0	0	0	0	0	0.011195850361351548	0.00003474848070161647	0	0.00007800837189889607	0.00007800837189889607	0.0000780083718988975	0	0	0
1.2589254117941688e-7	0	0	0	0	0	0	0.014304641895330459	0	0	0	0	0	0	0	0.014322677731607883	0.00003560208964409786	0	0.00007928959162535505	0.00007928959162535505	0.00007928959162535749	0	0	0
1.3489628825916562e-7	0	0	0	0	0	0	0.01182411698821823	0	0	0	0	0	0	0	0.018322779492627207	0.000036476667797663495	0	0.0000805918542725608	0.0000805918542725608	0.00008059185427256427	0	0	0
1.445439770745928e-7	0	0	0	0	0	0	0.011040935676333834	0	0	0	0	0	0	0	0.01829307193568372	0.00004186918076421047	0	0.00008304352915972035	0.00008304352915972035	0.00008304352915972698	0	0	0
1.5488166189124826e-7	0	0	0	0	0	0	0.010309629102148382	0	0	0	0	0	0	0	0.018263412544955587	0.000048058893635521545	0	0.00008556978614710146	0.00008556978614710146	0.00008556978614711126	0	0	0
1.659586907437563e-7	0	0	0	0	0	0	0.010834859778826592	0	0	0	0	0	0	0	0.02285714136172544	0.00005928831132765356	0	0.00009707155891051475	0.00009707155891051475	0.00009707155891053262	0	0	0
1.7782794100389227e-7	0	0	0	0	0	0	0.011386848669693887	0	0	0	0	0	0	0	0.028606313849828858	0.00007314158929132511	0	0.00011011933035708309	0.00011011933035708286	0.000110119330357111	0	0	0
1.9054607179632522e-7	0	0	0	0	0	0	0.014066828204554013	0	0	0	0	0	0	0	0.02812982381751179	0.00007944963480606564	0	0.00011675770832404196	0.00011675770832404172	0.00011675770832409451	0	0	0
2.0417379446695318e-7	0	0	0	0	0	0	0.017377560857823868	0	0	0	0	0	0	0	0.027661270590757805	0.00008630171332038419	0	0.00012379627090790138	0.00012379627090790084	0.00012379627090798137	0	0	0
2.1877616239495564e-7	0	0	0	0	0	0	0.018109349452474114	0	0	0	0	0	0	0	0.027297051912821408	0.00008946916659458981	0	0.0001369043251026573	0.00013690432510265647	0.00013690432510280628	0	0	0
2.3442288153199275e-7	0	0	0	0	0	0	0.018871954486303768	0	0	0	0	0	0	0	0.026937628938138038	0.00009275287202484493	0	0.00015140031355029922	0.00015140031355029797	0.0001514003135505308	0	0	0
2.5118864315095823e-7	0	0	0	0	0	0	0.0211368353195387	0	0	0	0	0	0	0	0.023918095738082533	0.00008667648396468309	0	0.00014848468065116046	0.00014848468065115864	0.00014848468065161593	0	0	0
2.6915348039269196e-7	0	0	0	0	0	0	0.023673531411361637	0	0	0	0	0	0	0	0.021237032592951892	0.00008099816974365602	0	0.00014562519634909709	0.00014562519634909443	0.0001456251963497675	0	0	0
2.8840315031266115e-7	0	0	0	0	0	0	0.024400617048408763	0	0	0	0	0	0	0	0.023475368879443476	0.00009403869499787109	0	0.00015519033494087862	0.00015519033494087358	0.00015519033494214562	0	0	0
3.090295432513592e-7	0	0	0	0	0	0	0.025150033680963493	0	0	0	0	0	0	0	0.025949620862230682	0.00010917871582641728	0	0.0001653837430806064	0.0001653837430805986	0.0001653837430825458	0	0	0
3.3113112148259143e-7	0	0	0	0	0	0	0.025365002492117743	0	0	0	0	0	0	0	0.03128048640678189	0.00011895292509446597	0	0.00018061878382312705	0.0001806187838231134	0.00018061878382675403	0	0	0
3.5481338923357606e-7	0	0	0	0	0	0	0.025581808739768147	0	0	0	0	0	0	0	0.03770647883603572	0.00012960216908052097	0	0.0001972572664161134	0.00019725726641609242	0.0001972572664217224	0	0	0
3.8018939632056126e-7	0	0	0	0	0	0	0.024256029288768265	0	0	0	0	0	0	0	0.03505769588314782	0.00014251314139423343	0	0.00020926723281902804	0.00020926723281898738	0.00020926723282964777	0	0	0
4.0738027780411303e-7	0	0	0	0	0	0	0.022998958472508643	0	0	0	0	0	0	0	0.032594983105680375	0.0001567103051912211	0	0.00022200842345321983	0.00022200842345315765	0.0002220084234694396	0	0	0
4.365158322401665e-7	0	0	0	0	0	0	0.025828969446029013	0	0	0	0	0	0	0	0.030129473779712555	0.00015384725754300234	0	0.00021994527761092343	0.00021994527761080106	0.00021994527764262835	0	0	0
4.677351412871981e-7	0	0	0	0	0	0	0.029007211932720454	0	0	0	0	0	0	0	0.027850457455343456	0.00015103651686863587	0	0.00021790130478332783	0.0002179013047831465	0.0002179013048302292	0	0	0
5.011872336272736e-7	0	0	0	0	0	0	0.027888023005647394	0	0	0	0	0	0	0	0.028409760690924594	0.00015214421618319916	0	0.00022182004818167953	0.0002218200481813302	0.00022182004827216685	0	0	0
5.370317963702533e-7	0	0	0	0	0	0	0.026812015886511952	0	0	0	0	0	0	0	0.028980296061914396	0.00015326003934619945	0	0.0002258092663752019	0.0002258092663746782	0.00022580926651082772	0	0	0
5.754399373371578e-7	0	0	0	0	0	0	0.026473193174211866	0	0	0	0	0	0	0	0.031975501566210686	0.00015289297391454142	0	0.00022302607765865826	0.00022302607765763204	0.0002230260779241766	0	0	0
6.165950018614835e-7	0	0	0	0	0	0	0.02613865215527133	0	0	0	0	0	0	0	0.03528027105818358	0.00015252678762288515	0	0.00022027719284627433	0.00022027719284475886	0.0002202771932384635	0	0	0
6.606934480075964e-7	0	0	0	0	0	0	0.029054233387702084	0	0	0	0	0	0	0	0.035524280938897784	0.0001646058181538293	0	0.00023265538518342198	0.0002326553851805472	0.00023265538592741355	0	0	0
7.079457843841387e-7	0	0	0	0	0	0	0.03229502702482794	0	0	0	0	0	0	0	0.035769978471665145	0.0001776414214995648	0	0.00024572915405101183	0.00024572915404662916	0.0002457291551851055	0	0	0
7.585775750291852e-7	0	0	0	0	0	0	0.03538694197690063	0	0	0	0	0	0	0	0.03629676242742174	0.00018216433281673612	0	0.00024881488084714537	0.0002488148808386679	0.000248814883040707	0	0	0
8.128305161640995e-7	0	0	0	0	0	0	0.03877487581954401	0	0	0	0	0	0	0	0.036831304322877886	0.00018680240154826596	0	0.00025193935644334306	0.00025193935643066863	0.0002519393597228021	0	0	0
8.709635899560814e-7	0.00016960329228692892	0.000025594550387092065	0	0	0	0	0.038178573895197174	0	0	0	0	0	0	0	0.037650351349440114	0.00018145526195688112	0	0.00025540490097932986	0.00025540490095482944	0.0002554049073188839	0	0	0
9.332543007969924e-7	0.00016829870951265609	0.000027068134315750212	0	0	0	0	0.0375914422383872	0	0	0	0	0	0	0	0.038487612176573566	0.00017626118197057973	0	0.00025891811571301845	0.00025891811567636916	0.0002589181251962331	0	0	0
1.e-6	0.00017670249712144345	0.000029222596705847686	0	0	0	0	0.039908163450214314	0	0	0	0	0	0	0	0.04001454624741827	0.00018305684758179974	0	0.0002745591033791427	0.0002745591033097404	0.00027455912133739495	0	0	0
1.0715193052376091e-6	0.00018552591745574627	0.00003154854147948122	0	0	0	0	0.042367661763789304	0	0	0	0	0	0	0	0.041602058970064124	0.00019011451683206872	0	0.00029114494766334473	0.0002911449475573661	0.00029114497508596555	0	0	0
1.148153621496884e-6	0.00019561223690497533	0.00003263926888223699	0	0	0	0	0.043559802282995747	0	0	0	0	0	0	0	0.04504615775987825	0.00020158627517350555	0	0.0003048954221297561	0.00030489542192794496	0.0003048954743495154	0	0	0
1.2302687708123837e-6	0.00020624691014448283	0.000033767705992362014	0	0	0	0	0.044785487231098195	0	0	0	0	0	0	0	0.04877538225663197	0.00021375025440179037	0	0.0003192953172698508	0.0003192953169633908	0.0003192953965678686	0	0	0
1.3182567385564101e-6	0.00021588625415550126	0.000035254105624683253	0	0	0	0	0.047456335608359775	0	0	0	0	0	0	0	0.05195787806397095	0.000223675898290799	0	0.0003339111268676368	0.00033391112628369265	0.00033391127796611426	0	0	0
1.4125375446227554e-6	0.00022597611135431758	0.00003680593415725195	0	0	0	0	0.05028646395543595	0	0	0	0	0	0	0	0.05534802533594465	0.00023406244645749852	0	0.0003491959781915115	0.00034919597730532234	0.00034919620749766713	0	0	0
1.5135612484362104e-6	0.00023584046310744876	0.000038356128152751374	0	0	0	0	0.05160693174941232	0	0	0	0	0	0	0	0.057518098241743254	0.00024444313800841704	0	0.00036425020008380146	0.0003642501983932639	0.0003642506375196294	0	0	0
1.6218100973589331e-6	0.000246135415400285	0.000039971613288897186	0	0	0	0	0.05296207358999632	0	0	0	0	0	0	0	0.059773254877049736	0.00025528421420756243	0	0.0003799534260051643	0.00037995342344257266	0.00037995408908999433	0	0	0
1.7378008287493763e-6	0.00025850502498044823	0.00004213271079297764	0	0	0	0	0.05276617467435723	0	0	0	0	0	0	0	0.060418509479816	0.0002678117412078163	0	0.00039955861346680627	0.0003995586085960733	0.0003995598737958782	0	0	0
1.8620871366628694e-6	0.00027149627302298956	0.00004441064977624492	0	0	0	0	0.052571000359976444	0	0	0	0	0	0	0	0.06107072963102482	0.0002809540298110545	0	0.000420175407480989	0.00042017540007074314	0.0004201773249240276	0	0	0
1.995262314968883e-6	0.0002831913944685534	0.00004543135452290962	0	0	0	0	0.056587482409233954	0	0	0	0	0	0	0	0.06233521282518914	0.00029553818399607746	0	0.00043530639289430725	0.00043530637871406526	0.000435310062108427	0	0	0
2.1379620895022326e-6	0.00029539030134035477	0.000046475518466526416	0	0	0	0	0.06091082808942028	0	0	0	0	0	0	0	0.06362587742831986	0.0003108793928260752	0	0.0004509822619812124	0.00045098224055299376	0.00045098780665307525	0	0	0
2.2908676527677747e-6	0.00030510231139822	0.0000490059696080961	0	0	0	0	0.06389566558778158	0	0	0	0	0	0	0	0.06691810871797442	0.0003205585715385451	0	0.0004691885743978488	0.00046918853347142626	0.0004691940215271145	0	0	0
2.4547089156850335e-6	0.00031513363843750224	0.000051674196146071045	0	0	0	0	0.06702677026344245	0	0	0	0	0	0	0	0.07038069187235248	0.0003305391098866481	0	0.00048812988204546376	0.0004881298200814623	0.00048813521472018884	0	0	0
2.6302679918953817e-6	0.0003230619393808803	0.00005308387785988857	0	0	0	0	0.06973981298283466	0	0	0	0	0	0	0	0.07460964853078733	0.0003382571131935266	0	0.0005007778172653436	0.000500777698152639	0.0005007819587556186	0	0	0
2.8183829312644606e-6	0.0003311897047678534	0.00005453201595392058	0	0	0	0	0.07256267153802409	0	0	0	0	0	0	0	0.07909271002881887	0.0003461553298950181	0	0.0005137534731825429	0.000513753294001182	0.0005137563581821675	0	0	0
3.0199517204020193e-6	0.00034252241606759465	0.000055597965886996907	0	0	0	0	0.07725571020890633	0	0	0	0	0	0	0	0.07845381097145389	0.0003584203512276157	0	0.0005286671656328425	0.0005286668216803094	0.0005286692447011205	0	0	0
3.2359365692962877e-6	0.0003542429122035013	0.0000566847521900468	0	0	0	0	0.0822522742530909	0	0	0	0	0	0	0	0.07782007284491742	0.0003711199484147414	0	0.0005440137860030733	0.0005440132678641601	0.000544015009919841	0	0	0
3.4673685045253236e-6	0.00036872375133102837	0.00005904170680821892	0	0	0	0	0.0839483746147263	0	0	0	0	0	0	0	0.07935189306903571	0.0003850224222958915	0	0.000566385493720484	0.0005663845044364255	0.0005663858891253187	0	0	0
3.7153522909717276e-6	0.00038379654218041737	0.00006149666370844158	0	0	0	0	0.08567944977143975	0	0	0	0	0	0	0	0.08091386583751947	0.0003994456948590871	0	0.0005896772025832108	0.0005896757042804237	0.0005896766992652347	0	0	0
3.981071705534978e-6	0.0004002321743045727	0.00006347031847283137	0	0	0	0	0.08805913058803565	0	0	0	0	0	0	0	0.08551427574033177	0.00041798223300155393	0	0.0006127281901114277	0.0006127253268494371	0.0006127261236255375	0	0	0
4.265795188015934e-6	0.0004173716428983975	0.00006550731509829255	0	0	0	0	0.09050490520896777	0	0	0	0	0	0	0	0.09037624490810789	0.00043737897129319836	0	0.0006366802605095537	0.0006366759278659517	0.000636676509417759	0	0	0
4.570881896148752e-6	0.0004330046018527511	0.00006752367430008164	0	0	0	0	0.09185735736050485	0	0	0	0	0	0	0	0.09439038406778652	0.00045435932183082614	0	0.0006590681225247227	0.0006590598284554393	0.0006590603099711073	0	0	0
4.897788193684467e-6	0.00044922310467389	0.00006960209839377706	0	0	0	0	0.09323001976272399	0	0	0	0	0	0	0	0.09858281469343273	0.0004719989000023959	0	0.0006822432185672354	0.0006822306898575985	0.0006822310635842942	0	0	0
5.248074602497734e-6	0.00045946192446555086	0.00007146357239373293	0	0	0	0	0.09604189786557091	0	0	0	0	0	0	0	0.10143658820890039	0.00048055834570145625	0	0.000698719158199695	0.0006986950549780371	0.0006986953507413464	0	0	0
5.623413251903491e-6	0.00046993411032773445	0.00007337483060325243	0	0	0	0	0.09893858404295644	0	0	0	0	0	0	0	0.10437297270786365	0.0004892730123357239	0	0.0007155929861209408	0.0007155567568393293	0.0007155569706585983	0	0	0
6.0255958607435935e-6	0.0004855830721400753	0.00007588275355758686	0	0	0	0	0.10205833773981317	0	0	0	0	0	0	0	0.10780467367662698	0.0005051646979920501	0	0.0007396497302471412	0.0007395803275183028	0.000739580499697512	0	0	0
6.4565422903465625e-6	0.0005017531495735676	0.00007847639633564242	0	0	0	0	0.10527646421229835	0	0	0	0	0	0	0	0.11134920626485519	0.0005215725487885573	0	0.0007645152119506756	0.0007644104477024701	0.0007644105752046301	0	0	0
6.9183097091893625e-6	0.0005201136732634902	0.00008125421904174108	0	0	0	0	0.11083983418792581	0	0	0	0	0	0	0	0.11471591370431203	0.0005412508823660283	0	0.0007921987451187376	0.0007920277502225425	0.0007920278654103814	0	0	0
7.413102413009192e-6	0.0005391460588649073	0.00008413036811534492	0	0	0	0	0.1166972023113579	0	0	0	0	0	0	0	0.11818441548396418	0.0005616716568815587	0	0.0008208847148592738	0.0008206428352831123	0.0008206429371003969	0	0	0
7.943282347242822e-6	0.0005590138541090041	0.00008714955594509557	0	0	0	0	0.12077954122850083	0	0	0	0	0	0	0	0.12265185416543001	0.0005829560677182435	0	0.0008508309573875402	0.0008506727801972682	0.0008506729147808825	0	0	0
8.511380382023777e-6	0.0005796137872986001	0.00009027709341547554	0	0	0	0	0.12500468983348859	0	0	0	0	0	0	0	0.12728816459103354	0.0006050470461271274	0	0.0008818696522727905	0.0008818016168006905	0.0008818017864123432	0	0	0
9.120108393559115e-6	0.0005995275715422493	0.00009365690380365645	0	0	0	0	0.12954021079118652	0	0	0	0	0	0	0	0.1320322459627796	0.0006260223298737033	0	0.000913091979040284	0.000913045005908711	0.0009130453081379221	0	0	0
9.772372209558111e-6	0.0006201255334427972	0.00009716324815330913	0	0	0	0	0.13424029317761982	0	0	0	0	0	0	0	0.1369531411658348	0.0006477247678656616	0	0.000945419722788915	0.0009453953893160783	0.0009453958333475638	0	0	0
0.000010471285480509006	0.000638925909251434	0.00010089875932797487	0	0	0	0	0.1382382638810713	0	0	0	0	0	0	0	0.1409017331204225	0.0006657947048576169	0	0.0009767325028525375	0.0009767089125744626	0.000976709755158382	0	0	0
0.000011220184543019652	0.0006582962569633108	0.00010477788492477223	0	0	0	0	0.14235530293104667	0	0	0	0	0	0	0	0.14496416969581258	0.0006843687489010397	0	0.001009082378051445	0.001009059606893686	0.0010090608739448802	0	0	0
0.000012022644346174132	0.0006806347096243368	0.00010817682684245892	0	0	0	0	0.14813825615165674	0	0	0	0	0	0	0	0.14884946428106133	0.0007076878248246596	0	0.0010428051939693579	0.0010427680217308946	0.0010427704457443914	0	0	0
0.000012882495516931348	0.0007037311894836167	0.0001116860287273902	0	0	0	0	0.1541561324644387	0	0	0	0	0	0	0	0.15283889159128433	0.000731801471369458	0	0.001077655002428378	0.0010776024921777723	0.0010776061490392799	0	0	0
0.000013803842646028866	0.0007265814212525835	0.00011501459405403371	0	0	0	0	0.15764040273872743	0	0	0	0	0	0	0	0.15792780416203758	0.00075657359102969	0	0.0011116593334478614	0.0011115788757541003	0.0011115838426210684	0	0	0
0.000014791083881682102	0.0007501736026462009	0.00011844236021411986	0	0	0	0	0.1612034252439531	0	0	0	0	0	0	0	0.1631861567940409	0.0007821842686000446	0	0.0011467366372883956	0.0011466265213674947	0.0011466328772138184	0	0	0
0.00001584893192461114	0.0007750192001938089	0.0001223383047888515	0	0	0	0	0.1678238490508421	0	0	0	0	0	0	0	0.168182856506835	0.0008075501086590777	0	0.001184619528510683	0.0011845255452907948	0.001184533053600882	0	0	0
0.00001698243652461746	0.0008006876788922902	0.00012636239932700815	0	0	0	0	0.17471616541408738	0	0	0	0	0	0	0	0.1733325533151575	0.000833738550076554	0	0.0012237538957918163	0.001223677231687514	0.0012236859617024496	0	0	0
0.000018197008586099864	0.0008314222465623952	0.00013104494994826033	0	0	0	0	0.18027146094268254	0	0	0	0	0	0	0	0.17828620513256374	0.000866644786084436	0	0.0012701567219951487	0.0012701038421275063	0.0012701143251333557	0	0	0
0.000019498445997580493	0.000863336567180837	0.00013590101959445487	0	0	0	0	0.18600339329441834	0	0	0	0	0	0	0	0.18338142681586525	0.0009008497750024571	0	0.0013183190705069	0.0013182918894081366	0.0013183042458578319	0	0	0
0.00002089296130854041	0.0008937286505937026	0.00014079167384838592	0	0	0	0	0.19186964745055213	0	0	0	0	0	0	0	0.18952398500768475	0.0009329395233075322	0	0.0013650815717140032	0.0013650621610050823	0.0013650774991237269	0	0	0
0.000022387211385683423	0.0009251906281466919	0.0001458583275105851	0	0	0	0	0.19792091402616427	0	0	0	0	0	0	0	0.19587229479493726	0.0009661723611430274	0	0.0014135027999835276	0.001413491745173727	0.001413510260980271	0	0	0
0.000023988329190194948	0.0009558745407999064	0.0001509252726555421	0	0	0	0	0.20364588238718173	0	0	0	0	0	0	0	0.20177130159195608	0.0009977073015856525	0	0.0014611498516856588	0.0014611401606663451	0.001461161615770558	0	0	0
0.000025703957827688645	0.0009875760842711048	0.00015616823745971358	0	0	0	0	0.20953644852191625	0	0	0	0	0	0	0	0.20784796639429814	0.0010302715122793389	0	0.0015104030137795996	0.0015103947910567253	0.0015104193625878678	0	0	0
0.00002754228703338169	0.001024696519543194	0.00016163846330927582	0	0	0	0	0.21567355053243514	0	0	0	0	0	0	0	0.2148563900435961	0.001069619114713293	0	0.0015658388848067114	0.001565827698358366	0.0015658471642735824	0	0	0
0.0000295120922666639	0.0010632122161391823	0.00016730029899789348	0	0	0	0	0.221990401800677	0	0	0	0	0	0	0	0.22210113066486314	0.001110469460646267	0	0.001623309402063014	0.00162329504541716	0.0016233089978816978	0	0	0
0.000031622776601683856	0.0011000494662760831	0.00017284069305402314	0	0	0	0	0.22979633820613224	0	0	0	0	0	0	0	0.22992743722129294	0.0011495288380774858	0	0.0016786990196061408	0.0016786737784722234	0.001678688195078823	0	0	0
0.000033884415613920276	0.0011381630213472644	0.000178564565361423	0	0	0	0	0.23787675784451806	0	0	0	0	0	0	0	0.23802952388803394	0.0011899620803644006	0	0.0017359786094045026	0.0017359417577757922	0.0017359566539545234	0	0	0
0.000036307805477010174	0.001177835358489027	0.00018453685586775916	0	0	0	0	0.24512007387307824	0	0	0	0	0	0	0	0.24564685823783447	0.00123226441611607	0	0.001795653416688075	0.001795592867073297	0.0017956085629675515	0	0	0
0.00003890451449942813	0.001218890532979008	0.00019070889627307287	0	0	0	0	0.25258394792321487	0	0	0	0	0	0	0	0.25350795975419693	0.001276070570888165	0	0.0018573795641235469	0.0018572937311073661	0.0018573102640884478	0	0	0
0.00004168693834703355	0.0012552838204630736	0.00019668021848202188	0	0	0	0	0.2616636935370552	0	0	0	0	0	0	0	0.2613588498760739	0.0013141064061306354	0	0.001913764762743854	0.0019136740453738993	0.0019136921199575513	0	0	0
0.00004466835921509635	0.0012927637283925814	0.00020283850988653414	0	0	0	0	0.27106983273643237	0	0	0	0	0	0	0	0.2694528742796721	0.0013532759755063009	0	0.0019718616689143238	0.001971765849742149	0.0019717855442881477	0	0	0
0.0000478630092322639	0.0013342576522916282	0.00020936226347215495	0	0	0	0	0.27862308999748125	0	0	0	0	0	0	0	0.27638718159562997	0.0013966520377656554	0	0.0020351888293259307	0.002035103710581645	0.0020351345652888215	0	0	0
0.00005128613839913659	0.0013770834094427365	0.00021609583599634672	0	0	0	0	0.2863868158845486	0	0	0	0	0	0	0	0.2834999417044195	0.0014414184171600015	0	0.0021005497679223825	0.0021004761358275723	0.0021005188474127684	0	0	0
0.00005495408738576248	0.0014236632705255175	0.0002228560729815354	0	0	0	0	0.29450230819794637	0	0	0	0	0	0	0	0.29163419001730556	0.0014904650724027267	0	0.002169750978938229	0.002169684170858714	0.002169725864524058	0	0	0
0.00005888436553555896	0.0014718186959086302	0.00022982779393116695	0	0	0	0	0.30284777344248526	0	0	0	0	0	0	0	0.3000018281334423	0.0015411806215362676	0	0.0022412319776930773	0.002241172523209912	0.002241213085511336	0	0	0
0.00006309573444801943	0.0015188361132371906	0.0002368335557668405	0	0	0	0	0.3117409040742858	0	0	0	0	0	0	0	0.3088435076364222	0.0015911349909422702	0	0.002311676973480735	0.00231161332479884	0.002311668916676014	0	0	0
0.00006760829753919819	0.00156735550736385	0.00024405287183831338	0	0	0	0	0.3208951816563705	0	0	0	0	0	0	0	0.3179457698729152	0.0016427085339791204	0	0.0023843361521289574	0.0023842681043288396	0.0023843396305652416	0	0	0
0.00007244359600749906	0.0016181645306918672	0.0002514699338733255	0	0	0	0	0.32978929246400074	0	0	0	0	0	0	0	0.3260787397692357	0.0016972938496889627	0	0.0024598972757734414	0.0024598225052210564	0.0024598908838138487	0	0	0
0.00007762471166286927	0.0016706206320691408	0.0002591124093968871	0	0	0	0	0.33892991743445094	0	0	0	0	0	0	0	0.3344197489150214	0.0017536929726747338	0	0.0025378529793102602	0.0025377711282579423	0.002537836087904984	0	0	0
0.00008317637711026725	0.0017268071182566422	0.00026718405772684816	0	0	0	0	0.3473255888901879	0	0	0	0	0	0	0	0.343602424745545	0.0018144167367541804	0	0.002620833635734902	0.0026207291934447954	0.0026207858290256043	0	0	0
0.00008912509381337459	0.0017848832741689754	0.0002755071471472392	0	0	0	0	0.35592923047652414	0	0	0	0	0	0	0	0.35303724338665976	0.0018772431354346871	0	0.002706527526297539	0.002706399103093478	0.0027064468010191615	0	0	0
0.00009549925860214369	0.0018414282631108044	0.0002838990907477138	0	0	0	0	0.36446106803962963	0	0	0	0	0	0	0	0.36254978823947387	0.0019384610316923463	0	0.002790477380834137	0.002790352653980253	0.002790415619940653	0	0	0
0.00010232929922807557	0.0018997645937166591	0.00029254665282532383	0	0	0	0	0.37319741887664115	0	0	0	0	0	0	0	0.3723186474366585	0.0020016752760796007	0	0.0028770311542329154	0.002876910476608937	0.002876989612017012	0	0	0
0.00010964781961431851	0.0019594207524963637	0.00030181927899537947	0	0	0	0	0.382489657148586	0	0	0	0	0	0	0	0.38213233721978396	0.0020655875714031885	0	0.0029657384112932064	0.002965616610159199	0.002965712782495833	0	0	0
0.00011748975549395303	0.0020209502261552513	0.0003113858124628161	0	0	0	0	0.39201326275517817	0	0	0	0	0	0	0	0.3922046992660975	0.0021315405481211773	0	0.0030571807716712287	0.0030570578924717924	0.0030571720772021907	0	0	0
0.00012589254117941688	0.002082213394051936	0.0003215133581114862	0	0	0	0	0.4007757201272673	0	0	0	0	0	0	0	0.40090480543084706	0.002196586744596873	0	0.003146581141957604	0.0031464657109679427	0.003146578966243549	0	0	0
0.0001348962882591656	0.0021453336961284493	0.00033197029314387377	0	0	0	0	0.4097340399011988	0	0	0	0	0	0	0	0.4097979022645489	0.0022636178940117326	0	0.0032385958248424894	0.003238488382793461	0.003238600556586029	0	0	0
0.0001445439770745928	0.0022087566882219916	0.00034179753796474054	0	0	0	0	0.41815268031287955	0	0	0	0	0	0	0	0.41792380023431436	0.002332158176498468	0	0.0033303535148213642	0.0033302370678387366	0.0033303562576961192	0	0	0
0.00015488166189124827	0.0022740546687769238	0.00035191569658953346	0	0	0	0	0.4267442951408371	0	0	0	0	0	0	0	0.4262108269396091	0.002402773796141605	0	0.003424710934474938	0.003424585058551499	0.0034247115719845105	0	0	0
0.00016595869074375631	0.0023439555735099006	0.0003637256820424838	0	0	0	0	0.4350681955441316	0	0	0	0	0	0	0	0.43371771010237337	0.002477139242961708	0	0.00352258680857136	0.0035224452341400918	0.0035225879716458573	0	0	0
0.00017782794100389227	0.0024160051233698197	0.00037593200036080605	0.0024043313631642105	0.0003640483243056263	0	0	0.44355445855827397	0	0	0	0	0	0	0	0.4413568125595734	0.0025538062879137753	0	0.0036232599075762127	0.0036231018401873955	0.0036232616257355736	0	0	0
0.00019054607179632481	0.0024862907781430044	0.0003851608809039662	0.002474616943944044	0.00037327837214300576	0	0	0.45092568062448973	0	0	0	0	0	0	0	0.44879532311607356	0.002632545399706825	0	0.003724450580600234	0.003724293935340397	0.003724441554793626	0	0	0
0.00020417379446695317	0.0025586211608926027	0.0003946163243255157	0.0025469571761505766	0.00038274243776701615	0	0	0.4584194015489663	0	0	0	0	0	0	0	0.4563592003548705	0.002713712200614478	0	0.003828467314290145	0.0038283122938923262	0.003828446943093021	0	0	0
0.00021877616239495564	0.0026281584810432766	0.0004034075651465906	0.0026172222498638273	0.0003922781623080342	0	0	0.46576918492218616	0	0	0	0	0	0	0	0.4631558795870171	0.0027930108023300334	0	0.003930645373363505	0.0039305042826809885	0.003930635425653746	0	0	0
0.00023442288153199226	0.002699585662408131	0.0004123946567483106	0.00268942578592351	0.0004020514618696146	0	0	0.47323680649215577	0	0	0	0	0	0	0	0.47005378357490274	0.0028746266240634796	0	0.004035550465188869	0.004035424158269609	0.004035551511893803	0	0	0
0.0002511886431509582	0.002769546216451573	0.0004212585101908143	0.0027599777846047694	0.00041152138364707107	0	0	0.4798601104001238	0	0	0	0	0	0	0	0.47615471364932116	0.0029549161215502687	0	0.004137819567693403	0.004137682947878252	0.004137815525170944	0	0	0
0.00026915348039269194	0.0028413198187676562	0.0004303128799180581	0.002832380581528532	0.00042121436000081073	0	0	0.48657611241199134	0	0	0	0	0	0	0	0.4823348290192815	0.003037448137544581	0	0.004242680378421461	0.004242533004139941	0.004242670988063024	0	0	0
0.00028840315031266115	0.002911667347113148	0.00043875663092144475	0.0029031595358893912	0.00043010038740329146	0	0	0.4918315796161828	0	0	0	0	0	0	0	0.48792226990685994	0.003119240455395399	0	0.004340653834852421	0.004340509949529169	0.0043406603986455555	0	0	0
0.0003090295432513592	0.0029837565923578114	0.00044736606818321226	0.0029757072004345624	0.0004391738763229841	0	0	0.4971438106746395	0	0	0	0	0	0	0	0.49357443656955025	0.0032032352744763466	0	0.004440889728542101	0.0044407495719131045	0.0044409129883935935	0	0	0
0.0003311311214825914	0.003055293084423308	0.00045569584535781434	0.003047824071526767	0.000448098253606445	0	0	0.5017827053099588	0	0	0	0	0	0	0	0.4980236010974152	0.0032877098891044266	0	0.00454389815753067	0.004543756057422339	0.004543917049739196	0	0	0
0.000354813389233576	0.0031285446861294974	0.00046418071965021997	0.0031216887097028296	0.0004572039816354564	0	0	0.5064648858979042	0	0	0	0	0	0	0	0.5025128711565415	0.003374412239101623	0	0.004649295913228817	0.0046491518548900925	0.004649310222666448	0	0	0
0.00038018939632056124	0.0031997246578924442	0.0004727939322583679	0.0031932442178686333	0.0004662024207504549	0	0	0.5094630457816832	0	0	0	0	0	0	0	0.505430764447747	0.0034591625703631218	0	0.004750973594631131	0.0047508159830169745	0.004750972516708521	0	0	0
0.00040738027780411304	0.0032725241009714558	0.00048156696932344215	0.003266439925050114	0.00047537796223061054	0	0	0.5124789541075352	0	0	0	0	0	0	0	0.5083656007900625	0.003546041455618632	0	0.004854874913996776	0.004854703225223688	0.00485485776889599	0	0	0
0.00043651583224016654	0.0033417549787969924	0.0004900555298190486	0.0033354906981045173	0.00048368260042321715	0	0	0.5147098578432062	0	0	0	0	0	0	0	0.511145618815003	0.0036319788121601942	0	0.004953025500277542	0.004952850862744017	0.004953009585387635	0	0	0
0.00046773514128719906	0.0034124504491806315	0.000498693717809641	0.0034060011671486912	0.0004921323168924574	0	0	0.5169504730634918	0	0	0	0	0	0	0	0.5139408394819144	0.003719998837317389	0	0.005053160388472968	0.005052982753122639	0.005053145760544187	0	0	0
0.0005011872336272725	0.003480150615426766	0.0005063873488846281	0.0034734722607091396	0.0004995927139950177	0	0	0.5174646382097738	0	0	0	0	0	0	0	0.5148662549492349	0.003804354579848792	0	0.005145956038014584	0.00514577409827834	0.0051459429486980235	0	0	0
0.0005370317963702533	0.0035491938964163964	0.0005141996739736034	0.0035422799211827557	0.0005071662057329376	0	0	0.5179793147508821	0	0	0	0	0	0	0	0.5157933367441189	0.0038906231969829037	0	0.005240455776069493	0.0052402694337614275	0.0052404442868085955	0	0	0
0.0005754399373371578	0.0036141358188220844	0.0005222962088161708	0.003606079848985687	0.0005140971802277318	0	0	0.5171609341333607	0	0	0	0	0	0	0	0.514665869246471	0.003972283751961164	0	0.005327464778696987	0.005327260600486823	0.005327435274133807	0	0	0
0.0006165950018614823	0.0036802660260633812	0.0005305202308583119	0.0036710288759220057	0.0005211228739820194	0	0	0.5163438465150307	0	0	0	0	0	0	0	0.5135408662687531	0.004055658285883598	0	0.005415918420276072	0.005415695865303713	0.00541587030541057	0	0	0
0.0006606934480075965	0.003739846566043432	0.0005366106287984392	0.0037308082930924574	0.0005274178508781705	0	0	0.5133954790654266	0	0	0	0	0	0	0	0.5105750271153305	0.004136453356631177	0	0.005496189094640363	0.005495967236841287	0.0054961419785544635	0	0	0
0.0007079457843841388	0.0038003916669327106	0.0005427709448018396	0.003791561164528183	0.0005337888688312411	0	0	0.5104639470456941	0	0	0	0	0	0	0	0.507626316495315	0.0042188579918432485	0	0.005577649480640401	0.00557742838957203	0.005577603403510328	0	0	0
0.0007585775750291852	0.0038547130014317367	0.0005488072364399883	0.0038451670309860913	0.0005390933046872274	0	0	0.5065004130704013	0	0	0	0	0	0	0	0.5036947427445901	0.00429552839046483	0	0.005648733093396855	0.00564851941614081	0.005648701458385298	0	0	0
0.0008128305161640995	0.003909810784160403	0.0005549106591895009	0.003899530788137041	0.0005444504524699568	0	0	0.5025676542392967	0	0	0	0	0	0	0	0.49979361909397835	0.004373592140091855	0	0.005720722621811867	0.005720516583264981	0.005720705804554447	0	0	0
0.0008709635899560814	0.003955494014810694	0.0005586819506802597	0.0039454291877789325	0.0005484420391467732	0	0	0.49735548565851895	0	0	0	0	0	0	0	0.49477110971534655	0.004445607493117735	0	0.005780182360087341	0.005779980975003048	0.00578017498503988	0	0	0
0.0009332543007969925	0.0040017110200290746	0.0005624788726743667	0.003991867822439889	0.0005524628897614303	0	0	0.4921973728871139	0	0	0	0	0	0	0	0.4897990723705596	0.0045188086474038415	0	0.005840260107783911	0.005840063495162432	0.005840262373059207	0	0	0
0.001	0.00403914415859346	0.0005656112699436422	0.004028959084608211	0.0005552455492354624	0	0	0.48572970870930854	0	0	0	0	0	0	0	0.48317257043949374	0.004582835137767711	0	0.005886754206809711	0.0058865591581918975	0.005886755673028096	0	0	0
0.001071519305237607	0.004076927457340764	0.0005687611112683818	0.004066394987879504	0.0005580422244812176	0	0	0.4793470321446457	0	0	0	0	0	0	0	0.47663571859214443	0.004647768812256464	0	0.0059336184436725795	0.0059334249964227695	0.00593361909796807	0	0	0
0.001148153621496884	0.00410393306060011	0.0005696326107758765	0.00409395184706938	0.0005594778136240668	0	0	0.4717061060906855	0	0	0	0	0	0	0	0.46868784898714283	0.004702578925085467	0	0.005966113240186968	0.0059659188092375135	0.005966113154587443	0	0	0
0.0012302687708123836	0.0041311175492124595	0.0005705054456619268	0.0041216954516420014	0.0005609170958856383	0	0	0.4641869785397863	0	0	0	0	0	0	0	0.4608725095908395	0.004758035401490128	0	0.00599878599081325	0.0059985905711915566	0.0059987851571952815	0	0	0
0.0013182567385564075	0.0041466448829938435	0.0005693698542927257	0.004138067145224078	0.000560646417834535	0	0	0.45537049728355405	0	0	0	0	0	0	0	0.4520561479120849	0.00480455580042674	0	0.006014698230399487	0.006014501970387956	0.006014696396443646	0	0	0
0.0014125375446227555	0.004162230578245573	0.0005682365233187016	0.004154503868441137	0.0005603758704027472	0	0	0.44672147083612707	0	0	0	0	0	0	0	0.44340844075629027	0.004851531039929802	0	0.0060306526784207285	0.0060304555749359865	0.006030649838826102	0	0	0
0.0015135612484362103	0.0041655930667437	0.0005664890985278188	0.004157669265597519	0.0005584265268420372	0	0	0.43680916277509513	0	0	0	0	0	0	0	0.4335612760028032	0.004886180164932478	0	0.006027275338172832	0.00602708491920449	0.006027281230481114	0	0	0
0.0016218100973589332	0.004168958271652825	0.0005647470473679416	0.004160837074531447	0.0005564839643376126	0	0	0.427116799036222	0	0	0	0	0	0	0	0.423932795976014	0.004921076750345811	0	0.0060238998893333414	0.006023716147463337	0.006023914503777818	0	0	0
0.0017378008287493763	0.004158435639349902	0.0005608009090359878	0.0041505459398229775	0.0005527743795993399	0	0	0.41628817395794354	0	0	0	0	0	0	0	0.4131878293945387	0.004942401014265958	0	0.006001112943622009	0.006000930298614945	0.006001125933154362	4.1651731575380026e-11	4.1651731575380026e-11	4.1651731575380026e-11
0.0018620871366628695	0.0041479395666293405	0.0005568823441243949	0.004140280258515274	0.0005490895233704446	0	0	0.40573408530939636	0	0	0	0	0	0	0	0.4027152038726195	0.0049638176815877955	0	0.005978412195374835	0.005978230641561619	0.005978423572079646	3.887165762836521e-11	3.887165762836521e-11	3.887165762836521e-11
0.001995262314968883	0.004124109938174644	0.0005522457593967768	0.0041155747331480036	0.0005435574575688376	0	0	0.3940871897079683	0	0	0	0	0	0	0	0.39137376961071524	0.004971621567177597	0	0.005935197625156766	0.005935016786338369	0.005935205968539272	3.6277141660779985e-11	3.6277141660779985e-11	3.6277141660779985e-11
0.0021379620895022326	0.004100417209301815	0.0005476477787264846	0.004091016628473432	0.0005380811272178829	0	0	0.382774626818684	0	0	0	0	0	0	0	0.38035173757122587	0.004979437721676976	0	0.005892295428695824	0.005892115304021957	0.0058923007820154	3.3855798475544665e-11	3.3855798475544665e-11	3.3855798475544665e-11
0.0022908676527677745	0.004060810001456704	0.0005405007972945043	0.004051053838779075	0.0005305700001654099	0	0	0.370696347868452	0.37107983845019715	0	0	0	0	0	0	0.36812927922066946	0.004970485616903328	0	0.005827081718582374	0.005826903263030291	0.005827085829071118	3.159606953421826e-11	3.159606953421826e-11	3.159606953421826e-11
0.0024547089156850338	0.004021585371976968	0.00053344708629212	0.0040114814226043585	0.0005231637216696777	0	0	0.3589991935074126	0.3593209894831443	0	0	0	0	0	0	0.35629958491816244	0.004961549606352439	0	0.005762589769290024	0.005762412967977204	0.0057625926638028	2.9487167781089947e-11	2.9487167781089947e-11	2.9487167781089947e-11
0.002630267991895387	0.003965868474390468	0.0005237947235543609	0.003955948835130544	0.0005136988339235572	0	0	0.3466821618907243	0.34680312593058904	0	0	0	0	0	0	0.3439087721290842	0.0049344008071367336	0	0.005675291741558379	0.005675119543227851	0.00567529347858789	2.7519026150024645e-11	2.7519026150024645e-11	2.7519026150024645e-11
0.002818382931264455	0.003910923504387135	0.0005143170137649741	0.0039011850081087126	0.0005044051814835878	0	0	0.3347877197132058	0.33472135409687825	0	0	0	0	0	0	0.3319488670594451	0.004907400561771611	0	0.005589316200061395	0.005589148505826797	0.005589316814013232	2.5682249508255406e-11	2.5682249508255406e-11	2.5682249508255406e-11
0.003019951720402019	0.003840092207126994	0.0005026741366020995	0.0038306918946454547	0.0004931070475138924	0.003838634905155968	0.000501189198327039	0.32227354533044894	0.3220516919284865	0	0	0	0	0	0	0.31942791734401105	0.004861802005380795	0	0.0054810980609301	0.0054809365461253685	0.005481101181511635	2.3968069807720748e-11	2.3968069807720748e-11	2.3968069807720748e-11
0.0032359365692962876	0.0037705437456640577	0.0004912948256542276	0.0037614725682585384	0.00048206197960276034	0.0037691028293228078	0.0004898262920518599	0.310227143662343	0.3098615938437615	0	0	0	0	0	0	0.307379251758254	0.004816627141394696	0	0.0053749751987911725	0.005374819686994311	0.005374980728708633	2.2368304229857888e-11	2.2368304229857888e-11	2.2368304229857888e-11
0.0034673685045253167	0.003684464527436907	0.0004779329747789061	0.0036757212566451494	0.0004690345731751338	0.00368330276012843	0.00047675017195049623	0.29746517802807054	0.29708905174753597	0	0	0	0	0	0	0.2947603694118531	0.004749534817022942	0	0.005245678024411407	0.005245527634914	0.0052456848519640675	2.0875316124050432e-11	2.0875316124050432e-11	2.0875316124050432e-11
0.003715352290971728	0.003600350445357322	0.00046493452903120097	0.0035919248409694462	0.00045635922379703883	0.0035994558485439956	0.00046402312440746554	0.2852282076115844	0.28484299578202465	0	0	0	0	0	0	0.282659531763529	0.004683377042878441	0	0.005119491145183577	0.005119345721536863	0.005119499204741597	1.9481978553266824e-11	1.9481978553266824e-11	1.9481978553266824e-11
0.003981071705534978	0.0035006592776259033	0.0004496434435777593	0.003493026966135559	0.00044187838976115097	0.0035006922208032907	0.00044968089746799564	0.2725953650161054	0.2723222694460712	0	0	0	0	0	0	0.27014726105337067	0.004590073468771028	0	0.004972260892406668	0.004972123201221729	0.004972269404801868	1.8181640272870995e-11	1.8181640272870995e-11	1.8181640272870995e-11
0.004265795188015935	0.0034037284881061306	0.000434855261823107	0.0033968520852616494	0.0004278570502274897	0.003404638517722017	0.00043578196626695685	0.26052203479627295	0.26035191152465237	0	0	0	0	0	0	0.258188861346067	0.004498628715096289	0	0.004829264800158218	0.004829134516960437	0.004829273732678825	1.6968093980200626e-11	1.6968093980200626e-11	1.6968093980200626e-11
0.004570881896148752	0.003292350980752935	0.0004188124692737234	0.0032857679434539926	0.00041211313173988975	0.0032934455007857127	0.0004199281302781402	0.24816901769899655	0.2480861730907145	0	0	0	0	0	0	0.24597359079911935	0.004389946435645934	0	0.004665337360018081	0.004665212713091765	0.004665345060887284	1.583554668334979e-11	1.583554668334979e-11	1.583554668334979e-11
0.004897788193684466	0.003184617991224107	0.0004033615315674975	0.0031783164845690585	0.00039694854452476094	0.003185883966883817	0.0004046510600460923	0.23640173620571575	0.23639829997164485	0	0	0	0	0	0	0.23433624152173055	0.004283889809169985	0	0.004506974370522691	0.004506855127343166	0.004506980913064116	1.477859204770771e-11	1.477859204770771e-11	1.477859204770771e-11
0.005248074602497733	0.003063513477646967	0.00038646432923527716	0.003057340946598821	0.00038018209895586413	0.0030643316541301984	0.0003872958297639327	0.224433156122715	0.22450228163292216	0	0	0	0	0	0	0.22253410225151588	0.0041554993666462585	0	0.0043299442526769805	0.004329826846630986	0.004329949802968897	1.3792184588247425e-11	1.3792184588247425e-11	1.3792184588247425e-11
0.005623413251903491	0.0029470143212113067	0.0003702749669530155	0.0029409700730344897	0.0003641238401302936	0.0029474169756687736	0.0003706849544282611	0.21307052298199322	0.21320489387797392	0	0	0	0	0	0	0.21132636737410496	0.0040309568535665105	0	0.00415986772720789	0.004159752197949668	0.004159872353105681	1.2871615584367904e-11	1.2871615584367904e-11	1.2871615584367904e-11
0.0060255958607435805	0.0028184697795581863	0.0003531525094717043	0.0028121261032291868	0.0003466941208623785	0.0028185235198518424	0.00035320606161160845	0.20174636313272554	0.20179799212541655	0	0	0	0	0	0	0.20002788107095637	0.0038845372232252182	0	0.0039726339582659915	0.003972521300459268	0.003972636979358837	1.2012490602316916e-11	1.2012490602316916e-11	1.2012490602316916e-11
0.006456542290346563	0.0026955321666091024	0.00033682183803148536	0.002688926790847431	0.00033009871970351567	0.002695266702179284	0.00033655135032821255	0.1910240537623371	0.1910013831537883	0	0	0	0	0	0	0.1893334641715866	0.003743436108791707	0	0.003793827496760552	0.0037937176859671987	0.0037938290481405934	1.1210708517895692e-11	1.1210708517895692e-11	1.1210708517895692e-11
0.006918309709189377	0.002561534589676086	0.00031867586958795956	0.0025553163092671876	0.0003123468879037124	0.0025614614644461305	0.0003186020392075965	0.1801642914609919	0.18022565996634551	0	0	0	0	0	0	0.17864483561383762	0.003582671768475301	0	0.0036008306711797413	0.003600725698390349	0.0036008328734685254	1.046244193930761e-11	1.046244193930761e-11	1.046244193930761e-11
0.007413102413009177	0.0024341981651664563	0.00030150749859677846	0.002428344818695874	0.00029554970243677475	0.002434298924309601	0.0003016100196544951	0.16992190919592473	0.17005787064982628	0	0	0	0	0	0	0.16855962273300265	0.0034288115591140558	0	0.003417651839357503	0.003417551496519234	0.0034176546223152636	9.764118936697653e-12	9.764118936697653e-12	9.764118936697653e-12
0.00794328234724282	0.0022983274974921935	0.00028322145834191537	0.0022930723621887275	0.00027787416662519054	0.0022986228296260004	0.00028352320783844246	0.15984682424840532	0.15994404468914222	0	0	0	0	0	0	0.15858970558301613	0.003258436417922799	0	0.0032232562921186256	0.0032231600986256104	0.0032232575348660896	9.112405991166423e-12	9.112405991166423e-12	9.112405991166423e-12
0.008511380382023776	0.002170040780294281	0.000266044442803713	0.0021653353418966503	0.0002612557273481342	0.0021705086668336554	0.00026652101768729356	0.1503691156908998	0.15043171676657976	0.14988497966507852	0	0	0	0	0	0.14920948628810277	0.0030965270930167163	0	0.003039917935770618	0.00303982574423624	0.0030399178045184723	8.504192081864328e-12	8.504192081864328e-12	8.504192081864328e-12
0.009120108393559097	0.002036452556661555	0.00024883732257713885	0.0020318311982209097	0.00024413324433744825	0.0020367132548095323	0.00024910210975207956	0.14097354752089633	0.1410332335271466	0.14043646901253543	0	0	0	0	0	0.13990021765039878	0.002921794212659917	0	0.0028490957915541103	0.00284900744353383	0.0028490944305075193	7.936573835203611e-12	7.936573835203611e-12	7.936573835203611e-12
0.009772372209558112	0.0019110880556682355	0.00023274311785961035	0.00190655827676453	0.00022813295461770783	0.0019111653160861324	0.0002328216424407544	0.13216504605559182	0.1322219368804114	0.13158357743903992	0	0	0	0	0	0.13117175982254886	0.002756921274929366	0	0.002670251961059464	0.0026701673372894353	0.00267024952512976	7.406841665296637e-12	7.406841665296637e-12	7.406841665296637e-12
0.010471285480509006	0.0017820054545287843	0.00021606385051761747	0.0017779349519690681	0.00021192195943379097	0.0017819978454156028	0.0002160556568570996	0.12351235062144049	0.1235435535321168	0.12283673848738305	0	0	0	0	0	0.122575044866758	0.002583434173410698	0	0.0024873683582256095	0.002487287903222652	0.002487365783924974	6.912466839460428e-12	6.912466839460428e-12	6.912466839460428e-12
0.011220184543019653	0.0016616416132955068	0.00020057988364948642	0.0016579890223957009	0.00019686290814720987	0.001661560250354992	0.00020049702583741264	0.11542613732844999	0.11543477564655323	0.11467133373241895	0	0	0	0	0	0.1145417401155043	0.0024208642404985664	0	0.002317010319523247	0.002316933859208216	0.002317007637231973	6.451089407043026e-12	6.451089407043026e-12	6.451089407043026e-12
0.012022644346174132	0.0015402487359301763	0.00018512796911356676	0.0015369926595947883	0.00018181533996473417	0.0015404628318928604	0.00018534721040828285	0.10754355824158034	0.10756256727012328	0.1066785709308117	0	0	0	0	0	0.10670860726837568	0.0022534986512539683	0	0.002145424811205072	0.002145353357268742	0.002145423533786142	6.020506933948823e-12	6.020506933948823e-12	6.020506933948823e-12
0.01288249551693135	0.0014277243357124576	0.00017086641154904982	0.0014248263430808481	0.00016791795954661332	0.001428191205185832	0.00017134213469076738	0.10019928923333639	0.10022721327206252	0.09924291560431073	0	0	0	0	0	0.0994111566113279	0.0020977038225644578	0	0.001986546016541438	0.0019864792468081583	0.001986545950630625	5.618663989085843e-12	5.618663989085843e-12	5.618663989085843e-12
0.013803842646028866	0.0013158676786395262	0.00015723676499321374	0.0013129217081263328	0.00015423849513986998	0.0013161129349561914	0.0001574862987272112	0.09309534128120976	0.09312659404641714	0.09200759016541896	0	0	0	0	0	0.0923357562605654	0.0019407414624966581	0	0.0018288617421601818	0.001828799173603518	0.00182886191328257	5.243642332547537e-12	5.243642332547537e-12	5.243642332547537e-12
0.014791083881682071	0.0012127745562480227	0.00014469432606088262	0.0012098059669097235	0.00014167343056838347	0.001212830082743452	0.0001447509354984878	0.08649505035991319	0.08652901976975946	0.08529975763509323	0	0	0	0	0	0.08576393409790621	0.001795523936095578	0	0.001683693830440607	0.001683635216802196	0.0016836942013819568	4.8936517586911625e-12	4.8936517586911625e-12	4.8936517586911625e-12
0.01584893192461114	0.0011114948572092376	0.00013232971638727295	0.001108681026668883	0.00012946601295384647	0.0011115315157706712	0.00013236697194585943	0.0801426431717288	0.0801861850604669	0.07879304358548339	0	0	0	0	0	0.07951124837028446	0.0016518068270628202	0	0.0015419524379342892	0.0015418973266763095	0.0015419540096750358	4.567021550401283e-12	4.567021550401283e-12	4.567021550401283e-12
0.01698243652461746	0.0010186731006499852	0.0001210217035861377	0.0010160088911078165	0.0001183104583754331	0.0010186936555504204	0.00012104250105035747	0.07425677224101328	0.07430829901529253	0.07278266538602342	0	0	0	0	0	0.0737144195155969	0.001519593105433322	0	0.0014121435131880821	0.0014120917300168752	0.0014121460809221745	4.2621925037445374e-12	4.2621925037445374e-12	4.2621925037445374e-12
0.018197008586099864	0.0009287049825811721	0.0001101457807671954	0.00092618094656006	0.00010757692010163445	0.0009286184703707679	0.00011005726063355985	0.06858554721118014	0.06866087036266055	0.06697866235613215	0	0	0	0	0	0.06812938438852308	0.0013906408018417044	0	0.0012863787116455972	0.0012863306013980028	0.001286381567947717	3.977709484944282e-12	3.977709484944282e-12	3.977709484944282e-12
0.019498445997580455	0.0008466827524166156	0.00010024725038001173	0.0008442949203284705	0.00009781716593329116	0.0008465079357422844	0.00010006898827316964	0.06334745161006262	0.06344264613011652	0.06163749551109798	0	0	0	0	0	0.06296750415537145	0.0012726313595608776	0	0.0011718144610098102	0.001171769780192098	0.0011718175341144678	3.712214484145241e-12	3.712214484145241e-12	3.712214484145241e-12
0.02089296130854041	0.0007683979433554904	0.00009095521596751405	0.0007660088495835553	0.0000885234332972189	0.0007682075002521781	0.0000907611275066066	0.05835298719295369	0.05843691058889432	0.05651740131910065	0	0	0	0	0	0.05803110130126218	0.0011589683162070985	0	0.0010624135070151136	0.0010623705898845429	0.0010624146663834122	3.4644401328094273e-12	3.4644401328094273e-12	3.4644401328094273e-12
0.022387211385683423	0.0006973513959835811	0.00008252447104870064	0.0006949817457293724	0.0000801127099518645	0.0006971497118053797	0.00008231903218391139	0.05375229828187955	0.0538261363211547	0.051822622340149345	0	0	0	0	0	0.05348169287332441	0.0010554569065745736	0	0.0009632262593136781	0.0009631851660030058	0.0009632258354962613	3.2332036537980956e-12	3.2332036537980956e-12	3.2332036537980956e-12
0.02398832919019495	0.0006296874748601802	0.0000744423920448911	0.000627438143451249	0.00007215284426963247	0.0006295206625335322	0.00007427251747473806	0.049380072732881204	0.04942536542592825	0.04728211680536786	0	0	0	0	0	0.049140828884082194	0.0009568590702322239	0	0.0008690319222052504	0.0008689938231147678	0.0008690310473038073	3.0174012152596162e-12	3.0174012152596162e-12	3.0174012152596162e-12
0.025703957827688646	0.000568588975772448	0.00006715183584872598	0.0005664589412264226	0.00006498385760918439	0.0005684521672258699	0.00006701253289410553	0.04536348511681502	0.04538439714326026	0.04313943348761099	0	0	0	0	0	0.04515229293759169	0.0008674719683792113	0	0.0007840488924687998	0.0007840135949615178	0.0007840476587599648	2.8160026613711085e-12	2.8160026613711085e-12	2.8160026613711085e-12
0.02754228703338169	0.0005109280909255369	0.000060315921841504086	0.000508891538543498	0.00005824284125956479	0.0005106648063127525	0.000060047533076201084	0.041557838578557604	0.041570324137155994	0.03917104338492243	0	0	0	0	0	0.041385129567873664	0.0007827167957518506	0	0.0007039112238092866	0.0007038788304919423	0.0007039104931053251	2.6280465947803586e-12	2.6280465947803586e-12	2.6280465947803586e-12
0.0295120922666639	0.00045911462448277555	0.000054175889335115576	0.00045717452608388357	0.00005220109551494868	0.0004587519574058068	0.00005380644594101919	0.03807145643404893	0.03807678315993321	0.035567704900531974	0	0	0	0	0	0.037932269612907125	0.0007062425123623461	0	0.0006319644294687967	0.0006319347154165382	0.0006319641118340166	2.4526357872736554e-12	2.4526357872736554e-12	2.4526357872736554e-12
0.03162277660168379	0.0004103460161605159	0.00004837844105498193	0.00040854737358167237	0.00004654750369953723	0.0004101261905861045	0.00004815450761721343	0.03476934248926981	0.034801386840948356	0.032141396874916475	0	0	0	0	0	0.03467913064187417	0.0006341711097272853	0	0.0005644076547590196	0.0005643805870227522	0.0005644072974632573	2.288932896761756e-12	2.288932896761756e-12	2.288932896761756e-12
0.03388441561392028	0.00036675776374691163	0.00004320138695708151	0.00036509242518437444	0.000041506218965039966	0.00036665454934697574	0.0000430962603699585	0.03175363619803529	0.031807742817091866	0.029045151942188895	0	0	0	0	0	0.031704986660406755	0.0005694545278327788	0	0.0005040726754484279	0.0005040480278064645	0.0005040722906009646	2.136156470138623e-12	2.136156470138623e-12	2.136156470138623e-12
0.03630780547701017	0.00032621993419955624	0.00003841023413866024	0.0003246592329477227	0.0000368214414613649	0.0003261635852914139	0.000038352830113359326	0.028934978019497837	0.028984874414767863	0.02610813553103562	0	0	0	0	0	0.02888744532789394	0.0005093263749331194	0	0.0004479539757375335	0.0004479312700960134	0.00044795396932819	1.9935772129321882e-12	1.9935772129321882e-12	1.9935772129321882e-12
0.038904514499428125	0.0002901627613331165	0.00003415043336577095	0.0002887039288338398	0.00003266543147268376	0.00029014418219989503	0.00003413148995010158	0.026366522176147655	0.026412529479722297	0.023468107251208094	0	0	0	0	0	0.02632029171026798	0.00045554709555086626	0	0.00039808300301251377	0.00039806211245978066	0.000398083295548039	1.860514507939842e-12	1.860514507939842e-12	1.860514507939842e-12
0.04168693834703355	0.00025663649563623786	0.000030154911685281853	0.0002553277249035966	0.00002882265933917632	0.00025662819913545407	0.000030146462607036417	0.02396703774502759	0.023996335821482986	0.02098145135894116	0	0	0	0	0	0.02394257134356063	0.00040579884579216175	0	0.00035184054465930227	0.000351821161239383	0.000351840721034701	1.7363331662300578e-12	1.7363331662300578e-12	1.7363331662300578e-12
0.04466835921509635	0.00022698395407409422	0.000026626856795865934	0.00022581004480187421	0.000025431952187036332	0.00022698381229692584	0.00002662670774250032	0.021785918310880635	0.02180117331433415	0.018758278902315417	0	0	0	0	0	0.021779649285492378	0.0003614833786770631	0	0.00031096974231342045	0.0003109517977758653	0.0003109698255682749	1.620440395000657e-12	1.620440395000657e-12	1.620440395000657e-12
0.0478630092322639	0.0001996239124265309	0.000023411473183112847	0.00019854218341517499	0.000022310330197616853	0.0001995624524545741	0.000023348781690898504	0.019736314815489306	0.019771247365737363	0.016708660824242105	0	0	0	0	0	0.019751211682876305	0.0003204702105289069	0	0.0002732498948446433	0.0002732334279526235	0.0002732497246849652	1.5122829678195375e-12	1.5122829678195375e-12	1.5122829678195375e-12
0.05128613839913648	0.00017556177737333513	0.000020584370164514192	0.0001745670730894694	0.000019571868878411155	0.0001754538001044213	0.00002047439028968163	0.01787953653996596	0.017930329563508474	0.014882993690060955	0	0	0	0	0	0.017911691681906313	0.00028411031293417224	0	0.0002401053699859808	0.0002400902862911067	0.00024010500666411566	1.4113445837396227e-12	1.4113445837396227e-12	1.4113445837396227e-12
0.05495408738576248	0.00015358470748884633	0.000018080258751103798	0.0001525871173618534	0.00001706482936723575	0.00015345044629948832	0.000017943613113393325	0.016142478167273037	0.01621189314055747	0.0132240874295323	0	0	0	0	0	0.016192275352740954	0.000250950607294298	0	0.00020973071725275574	0.00020971732821961113	0.00020973057644759526	1.3171434026815411e-12	1.3171434026815411e-12	1.3171434026815411e-12
0.05888436553555896	0.00013435875808134285	0.000015880775262699425	0.00013337468500068783	0.000014878926644255742	0.0001342064945615207	0.000015725657614595932	0.014574180980497764	0.014658151054610437	0.011750088186941775	0	0	0	0	0	0.01463791280886305	0.00022166110990827874	0	0.00018319862551147313	0.00018318674376623974	0.00018319865673844184	1.2292297453189307e-12	1.2292297453189307e-12	1.2292297453189307e-12
0.06309573444801943	0.00011664399950077505	0.000013734758257599805	0.00011580892460008183	0.000012884693128316982	0.00011654315806131172	0.000013632112597977358	0.013121640736573556	0.013202417261158454	0.010441790528302465	0	0	0	0	0	0.013194280181332074	0.00019533334720286692	0	0.00015895545228246732	0.00015894474968007936	0.000158955511864328	1.1471839464864815e-12	1.1471839464864815e-12	1.1471839464864815e-12
0.06760829753919818	0.00010126487334230716	0.000011878738995683077	0.00010055661624961537	0.0000111577482018834	0.00010120454852263335	0.00001181727966094402	0.011813868364205444	0.01189125564938911	0.00927916350092733	0	0	0	0	0	0.011893022712779412	0.00017213266028156288	0	0.00013792044421611393	0.00013791081675157277	0.00013792052410146696	1.0706143518637758e-12	1.0706143518637758e-12	1.0706143518637758e-12
0.07244359600749906	0.00008733322750302178	0.000010225719286534825	0.00008670890023623843	9.590136246011788e-6	0.00008730289097931588	0.00001019483501104497	0.010596255548070498	0.010679573368972623	0.008255491466116663	0	0	0	0	0	0.010688877537759612	0.00015131012794036323	0	0.00011882372220275085	0.00011881513111665552	0.00011882370184929295	9.99155448371851e-13	9.99155448371851e-13	9.99155448371851e-13
0.07762471166286927	0.00007531824584732931	8.802730236350099e-6	0.00007476816206220246	8.24276651103711e-6	0.00007531079269269987	8.795142696498182e-6	0.009504137694661574	0.009591357776344551	0.007344750347411604	0	0	0	0	0	0.00960664969507329	0.00013300645432353994	0	0.00010237116794659305	0.00010236351081654409	0.00010237107358135032	9.324661193577755e-13	9.324661193577755e-13	9.324661193577755e-13
0.08317637711026708	0.00006449075131788124	7.532508571250883e-6	0.00006399372231271562	7.026478977342645e-6	0.00006449333197447239	7.5351515108505955e-6	0.008493764230144122	0.008588631682509477	0.006568620927177269	0	0	0	0	0	0.008604051102535542	0.00011679890876738894	0	0.00008752401514474972	0.00008751729252205822	0.00008752377955349624	8.702280162381258e-13	8.702280162381258e-13	8.702280162381258e-13
0.08912509381337459	0.0000552197805293451	6.445578116397376e-6	0.000054771929421375705	5.989664605072742e-6	0.000055229665237246503	6.455666525351573e-6	0.007590802355251905	0.0076907353367354405	0.0058745061226153925	0	0	0	0	0	0.007706088774425537	0.00010256633904448332	0	0.00007483018295790859	0.0000748242848383583	0.00007482984909053959	8.12144038828264e-13	8.12144038828264e-13	8.12144038828264e-13
0.09549925860214369	0.00004695567134619489	5.512531216210293e-6	0.000046511091050388185	5.059936662681447e-6	0.00004690861486305781	5.464685102023333e-6	0.006753414260587411	0.006853875483379805	0.0052756544292489665	0	0	0	0	0	0.0068688550581478105	0.00008987589564880621	0	0.00006345623167286272	0.00006345104653037259	0.00006345580450880412	7.579369171031154e-13	7.579369171031154e-13	7.579369171031154e-13
0.10232929922807536	0.0000399283562961678	4.714550015674601e-6	0.000039496172830699184	4.274522985588281e-6	0.00003984123638842472	4.625824947277558e-6	0.006008403596959682	0.006108077717522276	0.004737850140236639	0	0	0	0	0	0.006122583218405776	0.00007875562971173047	0	0.00005381108503215914	0.00005380653239114689	0.00005381060064664303	7.07347887619296e-13	7.07347887619296e-13	7.07347887619296e-13
0.10964781961431873	0.00003365533590515462	3.9953994837214695e-6	0.00003324363553524977	3.576197781184913e-6	0.000033554522831187	3.892788391846674e-6	0.005317334976580211	0.0054186380065549804	0.0042451771072877205	0	0	0	0	0	0.005430771987018556	0.00006891498001542702	0	0.00004522020950904918	0.00004521628389183301	0.000045219743091574976	6.60135458280373e-13	6.60135458280373e-13	6.60135458280373e-13
0.11748975549395303	0.000028367850318885085	3.3859471172113023e-6	0.000027980921299330076	2.991957374722573e-6	0.00002825981582127243	3.2759132990138e-6	0.004705751003056858	0.004807017723735313	0.0038037354789233024	0	0	0	0	0	0.004817130829079242	0.00006030393621269401	0	0.000038000857013387626	0.00003799747424948823	0.000038000415172760756	6.160742555487516e-13	6.160742555487516e-13	6.160742555487516e-13
0.12589254117941662	0.00002366125713316023	2.8202431138785207e-6	0.000023324734795536312	2.4775211211673134e-6	0.00002356731807323314	2.724563072351473e-6	0.004143892231389279	0.004242537871454483	0.0033493036900861728	0	0	0	0	0	0.004256474685389956	0.00005264527517200803	0	0.000031622113694858795	0.00003161918036393909	0.00003162162721964742	5.749539486011779e-13	5.749539486011779e-13	5.749539486011779e-13
0.1348962882591656	0.000019735548616766772	2.3490535870890723e-6	0.00001944336455051327	2.0515368827402546e-6	0.00001965400215902491	2.2660074481995443e-6	0.003649118454039204	0.0037443439207332668	0.0029491628086609494	0	0.0023085842186688814	0.0023327350332512905	0	0	0.003761072179729114	0.00004595927184854341	0	0.0000263140927105481	0.00002631155324490453	0.000026313589035077086	5.365782452922599e-13	5.365782452922599e-13	5.365782452922599e-13
0.1445439770745928	0.000016301207073910135	1.9484229714028487e-6	0.00001603775491425535	1.6801284426839739e-6	0.000016228273932187078	1.8741661820942186e-6	0.0031942031727924883	0.003288234298737483	0.0025103206306338493	0	0.001980477283037158	0.002004334506284318	0	0	0.003304681781528403	0.00004016853460840971	0	0.00002166483020716742	0.000021662639448656742	0.000021664357938511243	5.007639551331052e-13	5.007639551331052e-13	5.007639551331052e-13
0.15488166189124797	0.000013464502924471085	1.6161198264509195e-6	0.00001322865608066436	1.375959461252869e-6	0.000013399656349237328	1.5500826711299966e-6	0.0027959996469240325	0.002887684740582304	0.0021367791734248714	0	0.0016990024608622728	0.0017221659364727473	0.0015958667531880827	0.0016619162885318833	0.0029036724517082497	0.00003510741375329568	0	0.00001783701505761003	0.000017835129059641356	0.000017836578821014448	4.673401148120825e-13	4.673401148120825e-13	4.673401148120825e-13
0.1659586907437563	0.000010975074858951604	1.3161962434236006e-6	0.000010775269247111871	1.112703083412154e-6	0.000010918987826293087	1.2590725259484498e-6	0.002432252331756245	0.002524383595174687	0.0017542442143319403	0	0.001445809385520965	0.0014676301888641734	0.0013442670475244398	0.0014024074511855002	0.0025393964602938935	0.00003024405035192623	0	0.000014502050492543995	0.000014500477951497858	0.00001450167618631978	4.361471720833344e-13	4.361471720833344e-13	4.361471720833344e-13
0.1778279410038923	8.94591273330088e-6	1.071933233445191e-6	8.776887587051473e-6	8.998144107440346e-7	8.897563642184292e-6	1.0226961794512453e-6	0.0021158269500648726	0.002206789559133835	0.0014401922303391994	0	0.0012303482940216768	0.00125071476891309	0.0011323338188793752	0.0011834210138694946	0.002220820181959397	0.000026054399452992678	0	0.000011790620112672433	0.000011789309744759762	0.000011790299828412717	4.0703622412721777e-13	4.0703622412721777e-13	4.0703622412721777e-13
0.1905460717963252	7.193623912053256e-6	8.641241322021492e-7	7.049975850834843e-6	7.178277841894493e-7	7.148371448494517e-6	8.180287002084197e-7	0.0018300657878295207	0.0019160695168266777	0.0011506757172301601	0	0.0010372210580742976	0.0010555623574768304	0.000944209494455275	0.0009882362309892297	0.001930001815889736	0.0000226404374654124	0	9.45423343523325e-6	9.453180618203388e-6	9.454041687009316e-6	3.79868306746893e-13	3.79868306746893e-13	3.79868306746893e-13
0.20417379446695316	5.784566262918463e-6	6.966017029383442e-7	5.662845627723491e-6	5.726477833670964e-7	5.743056910926198e-6	6.543203815660542e-7	0.0015828992005614757	0.0016636486148472814	0.0009193596370890806	0	0.0008744089202547561	0.0008908601051303956	0.0007873398767704453	0.0008252437947223293	0.001677266371945196	0.000019673813996368112	0	7.580816699523378e-6	7.579970815517679e-6	7.580715123488398e-6	3.5451373100800903e-13	3.5451373100800903e-13	3.5451373100800903e-13
0.21877616239495518	4.575669571981811e-6	5.570476548607443e-7	4.469927283182976e-6	4.493916839350095e-7	4.5392356259813135e-6	5.199665325023409e-7	0.0013603063642296464	0.0014357009940414833	0.0007160163042705307	0	0.000729012717624041	0.0007431788863075846	0.0006496506810939878	0.0006815339481918858	0.001446668637846918	0.00001695458731367104	0.00040018459542452516	5.975120672662698e-6	5.974431560201454e-6	5.97500407010521e-6	3.308514641548125e-13	3.308514641548125e-13	3.308514641548125e-13
0.23442288153199276	3.6194160599686486e-6	4.4545123630470755e-7	3.528305595887395e-6	3.5266509616519116e-7	3.58775132960587e-6	4.132000202644007e-7	0.0011690153131085602	0.0012389860009476227	0.000557648310082973	0	0.000607792910327064	0.0006199793366799527	0.0005360404317091739	0.0005628500638339265	0.001247774463696349	0.000014611199995585947	0.0003050023707963588	4.709527807884509e-6	4.70896700478825e-6	4.7094071016013845e-6	3.087685518474595e-13	3.087685518474595e-13	3.087685518474595e-13
0.25118864315095824	2.794143204013813e-6	3.3881584061812675e-7	2.7278205696754693e-6	2.7131371981649995e-7	2.7818510835682283e-6	3.2627937159957537e-7	0.000997971525310782	0.00106068624244429	0.00042276787719910936	0	0.0004999969625046741	0.0005103177014729531	0.0004376452237080681	0.00045984119924985235	0.0010686865766931762	0.000012335158277530835	0.0002261309049793235	3.6365766762755345e-6	3.636139993739625e-6	3.6364895968730735e-6	2.8815957896250075e-13	2.8815957896250075e-13	2.8815957896250075e-13
0.2691534803926914	2.1570430464974548e-6	2.577076108399044e-7	2.1089457412696543e-6	2.0872815416410323e-7	2.1569765405117594e-6	2.5764332795359697e-7	0.0008519539086984064	0.0009080452112050527	0.0003205114671016354	0	0.00041131931331573604	0.0004200529614926106	0.0003573113715019177	0.0003756842934105693	0.0009153024303934727	0.000010413664160212995	0.0001676550449534353	2.808071310310763e-6	2.8077313008625216e-6	2.8080088008678215e-6	2.689261663826044e-13	2.689261663826044e-13	2.689261663826044e-13
0.28840315031266117	1.6322836372466177e-6	1.9995990193235056e-7	1.589753039822686e-6	1.5671719839266961e-7	1.6283496052943291e-6	1.9601964675203478e-7	0.0007194701534575716	0.0007711887690180632	0.00023526635180954594	0	0.0003327060764886575	0.00033974486451914356	0.00028674024221858515	0.00030150445078814674	0.0007773586992114056	8.710387736912218e-6	0.00011986713840644334	2.1146828144338642e-6	2.1144180896978894e-6	2.114630831195782e-6	2.5097650137341204e-13	2.5097650137341204e-13	2.5097650137341204e-13
0.30902954325135923	1.2351862317951348e-6	1.5515243127854386e-7	1.1983782598901686e-6	1.1766635109865602e-7	1.2292773645248581e-6	1.4913524917561015e-7	0.0006075883876242788	0.0006549587070343577	0.00017269352885967808	0.00009402432736425695	0.0002691177626456544	0.0002747905229782869	0.00023010733233026328	0.00024197161137561068	0.0006602042419792136	7.285702069904257e-6	0.00008570055779556379	1.5925106279324182e-6	1.5923047396552333e-6	1.5924677838836749e-6	2.342248993057191e-13	2.342248993057191e-13	2.342248993057191e-13
0.3311311214825908	9.10920457059143e-7	1.2189067584199533e-7	8.749405502960035e-7	8.552499521031169e-8	9.017813602787953e-7	1.1280252030135349e-7	0.0005058087623327621	0.0005483064335567819	0.00012176142540528121	0.00006736233842736733	0.0002130729317017574	0.00021733497525301785	0.00018074541046404503	0.00018990245221777512	0.000553086678052221	6.099916498788031e-6	0.000058818836905262165	1.1614182731424558e-6	1.1612655212308256e-6	1.1613891140566357e-6	2.1859139463080478e-13	2.1859139463080478e-13	2.1859139463080478e-13
0.354813389233576	6.71782163474153e-7	9.575961352835563e-8	6.387974416545382e-7	6.216326704642115e-8	6.615346912050073e-7	8.532126815541593e-8	0.0004210786599345046	0.0004590212204996051	0.00008585060954294497	0.000048260750867419235	0.00016869965689986463	0.00017189272379659732	0.00014197245725715228	0.00014903790222871882	0.00046334884568716394	5.107123642330737e-6	0.00004036911385268526	8.470225451119682e-7	8.469092487229914e-7	8.470028015007915e-7	2.0400135915641035e-13	2.0400135915641035e-13	2.0400135915641035e-13
0.38018939632056126	4.7516446316574774e-7	6.9892821810866e-8	4.491961144194866e-7	4.348222778075221e-8	4.641848798450688e-7	5.8736810497072104e-8	0.00034270072904495156	0.00037677163355250037	0.000057266990407588946	0.00003347790962464497	0.0001296514731744523	0.0001319187114561575	0.00010852525876069967	0.00011377815489000883	0.00038023385279971816	4.204220617658285e-6	0.0000265179922705789	5.948521137779715e-7	5.947685858050404e-7	5.948305110582029e-7	1.9038514580115188e-13	1.9038514580115188e-13	1.9038514580115188e-13
0.40738027780411384	3.360929767589391e-7	5.101322322315822e-8	3.1587031514550354e-7	3.0415134574012584e-8	3.25708697580614e-7	4.043555589310463e-8	0.0002789117589245849	0.0003092599154682	0.000038200173624886136	0.000023223228248454416	0.00009964160452491673	0.00010124073926971628	0.00008295786391682873	0.00008686024384795792	0.0003120279335119562	3.460944406248258e-6	0.00001741935472323202	4.177563387280773e-7	4.1769489611067587e-7	4.177357338828413e-7	1.7767775612678674e-13	1.7767775612678674e-13	1.7767775612678674e-13
0.43651583224016655	2.2522334339084385e-7	3.4520155611575285e-8	2.111858147511792e-7	2.0223601194284958e-8	2.1864976168078782e-7	2.7816512104764612e-8	0.00022012557196803999	0.0002466667764185472	0.000024058920951534552	0.000015439585855636064	0.00007400368113272854	0.00007500577748099628	0.00006116569096109187	0.00006390313189783701	0.00024858293820498756	2.838895704067694e-6	0.00001091001184717606	2.789339925081519e-7	2.788916889059395e-7	2.789222186162016e-7	1.658185300612829e-13	1.658185300612829e-13	1.658185300612829e-13
0.4677351412871981	1.509271478901881e-7	2.3359456002897872e-8	1.4119544070348926e-7	1.344705690090677e-8	1.4678060069683177e-7	1.9135593132935292e-8	0.0001737297402629717	0.0001967422725851904	0.00001515259283992099	0.000010264757717714028	0.00005496243107792461	0.00005556919769758707	0.00004509809648062609	0.00004701357128930461	0.00019803828609548787	2.3286501811540243e-6	6.8331095150599985e-6	1.8624294825405748e-7	1.8621384858913366e-7	1.862364115098742e-7	1.5475085633152759e-13	1.5475085633152759e-13	1.5475085633152759e-13
0.5011872336272735	9.620304201631602e-8	1.5970046010852813e-8	8.873738308634741e-8	8.41228493518219e-9	9.416839209400438e-8	1.3829522307920005e-8	0.00013086371943746105	0.0001500538206022831	8.941853809038083e-6	6.471076610760323e-6	0.000038795840648947355	0.00003911987054231939	0.000031623490433785134	0.000032889053017623565	0.0001512532321887168	1.8849829162196528e-6	4.078085950444619e-6	1.1691868688517118e-7	1.169004765532865e-7	1.169143437552425e-7	1.4442190222341503e-13	1.4442190222341503e-13	1.4442190222341503e-13
0.5370317963702532	6.132114349584771e-8	1.0918163914310401e-8	5.5768961928094045e-8	5.262604178162061e-9	6.041456450969377e-8	9.994761381923415e-9	0.00009857444694894767	0.00011444489677526145	5.276770146661442e-6	4.079475975362413e-6	0.000027384473760351286	0.00002753979425033715	0.000022174885976514167	0.000023008033185561318	0.0001155207949865985	1.5258455835041425e-6	2.4338531356127716e-6	7.339864124307977e-8	7.338724548107143e-8	7.339576436691924e-8	1.347823613792848e-13	1.347823613792848e-13	1.347823613792848e-13
0.5754399373371566	3.658076219933229e-8	6.508001151503461e-9	3.3272910469695725e-8	3.138602340059331e-9	3.611552120805593e-8	6.034213544839747e-9	0.00007101254590790169	0.00008386866363333091	2.9597000225709566e-6	2.4489282433291867e-6	0.000018423421059380514	0.00001847497372387545	0.00001482790476795752	0.000015344945496231266	0.00008472514151568669	1.2351395747312294e-6	1.392658204038749e-6	4.378797050464134e-8	4.37804052603291e-8	4.378492745051839e-8	1.25786218428792e-13	1.25786218428792e-13	1.25786218428792e-13
0.6165950018614835	2.158521256849422e-8	4.331704206769545e-9	1.9102564376662663e-8	1.8028049358342768e-9	2.1346208385108335e-8	4.088351578525484e-9	0.00004940882483940003	0.00005937385992693067	1.6317833097952757e-6	1.4108374473931502e-6	0.000011963906597616199	0.000011958070336300838	9.548638932852336e-6	9.852720896760525e-6	0.00006008428705877909	9.633615979424682e-7	7.680404602620898e-7	2.5142674019039657e-8	2.513804177054264e-8	2.5140351517399254e-8	1.1739052932965954e-13	1.1739052932965954e-13	1.1739052932965954e-13
0.6606934480075964	1.1827879254500988e-8	2.2940119012615243e-9	1.0550783837549867e-8	9.931015709327026e-10	1.1704980545375618e-8	2.168861190573317e-9	0.00003290378373798101	0.0000402925301701881	8.839478817280074e-7	7.848026872960337e-7	7.424415780150891e-6	7.395602229804693e-6	5.928096693062392e-6	6.0950200918697176e-6	0.000040880105084404606	7.397096824654263e-7	4.164540548292361e-7	1.387748425802101e-8	1.3875515183715903e-8	1.387657797234105e-8	1.0955521636974025e-13	1.0955521636974025e-13	1.0955521636974025e-13
0.7079457843841374	6.256019271711427e-9	1.196962936777193e-9	5.59659902128347e-9	5.252508307854191e-10	6.1925595428790815e-9	1.13234134426535e-9	0.000020953668198436826	0.000026076886628120246	4.6824665497493303e-7	4.273976763735563e-7	4.404568254491854e-6	4.374832502509795e-6	3.5234273047445512e-6	3.611564553520375e-6	0.0000265884914612515	5.577046765531076e-7	2.2148576298912965e-7	7.3561511431697315e-9	7.355047454782478e-9	7.355665600985413e-9	1.0224287685180517e-13	1.0224287685180517e-13	1.0224287685180517e-13
0.7585775750291851	3.1708436792560148e-9	6.147599256998416e-10	2.828057611301193e-9	2.655790587712584e-10	3.1378626189557468e-9	5.811724325950152e-10	0.000012691933688844257	0.000016052655691865768	2.489280588843583e-7	2.2794317656807373e-7	2.5088978776308588e-6	2.4822919150919267e-6	2.0214795253272116e-6	2.0629906165654502e-6	0.00001644862318073358	3.889345330906131e-7	1.1577024623329753e-7	3.7176513941231277e-9	3.717170112404973e-9	3.7174457786779532e-9	9.541860454780406e-14	9.541860454780406e-14	9.541860454780406e-14
0.8128305161640995	1.4954457953324404e-9	3.077396673895489e-10	1.314957055574322e-9	1.238814476064342e-10	1.4780784986331069e-9	2.9005327847469744e-10	7.3492955178979335e-6	9.450321917748005e-6	1.314689446998985e-7	1.2094590610549502e-7	1.3881368904277202e-6	1.3650567537685153e-6	1.1224193174829042e-6	1.1381352695252298e-6	9.647169828866679e-6	2.433304611258782e-7	6.064283586117914e-8	1.7299008191471618e-9	1.7296905975610801e-9	1.7297881204616201e-9	8.904982307028559e-14	8.904982307028559e-14	8.904982307028559e-14
0.8709635899560796	5.818358972279493e-10	1.4531235018736056e-10	4.844312012158282e-10	4.60829446141406e-11	5.724727070871147e-10	1.3577375677263974e-10	4.140520518835358e-6	5.356543825001673e-6	7.06378180706358e-8	6.482769776358578e-8	7.574192825314993e-7	7.353576368764382e-7	6.129539382374476e-7	6.134630157026476e-7	5.49182074988443e-6	1.407130717710159e-7	3.1828514989107045e-8	6.387088853588199e-10	6.387088853588199e-10	6.387088853588199e-10	8.310613036555525e-14	8.310613036555525e-14	8.310613036555525e-14
0.9332543007969925	5.5322900292518526e-11	5.635927974078352e-11	7.595050878351291e-104	7.737331102223054e-104	5.000489350445912e-11	5.0941649236112434e-11	2.3765061562130135e-6	3.0791900064362042e-6	3.971777733435907e-8	3.62272738863614e-8	4.3077172772225563e-7	4.060965988442568e-7	3.478185152575501e-7	3.3790877827300814e-7	3.176864352647257e-6	8.082369146419798e-8	1.775697650160737e-8	7.532834019962138e-104	7.532834019962138e-104	7.532834019962138e-104	7.755915358624965e-14	7.755915358624965e-14	7.755915358624965e-14