1.e-9	0	0	0	0	0	0	1.052848156450972e-10	0	0	0	0	0	0	0	1.8314092762860624e-11	7.731880327298959e-16	0	1.6777884669328728e-15	1.6777884669328728e-15	1.6777884669328728e-15	0	0	0
1.0715193052376092e-9	0	0	0	0	0	0	1.7834014432512857e-10	0	0	0	0	0	0	0	2.8807800466520768e-11	1.3148064018962183e-15	0	2.853079191485196e-15	2.853079191485196e-15	2.853079191485196e-15	0	0	0
1.148153621496884e-9	0	0	0	0	0	0	3.02087313189749e-10	0	0	0	0	0	0	0	4.531424943974108e-11	2.2358285453068647e-15	0	4.851661000963953e-15	4.851661000963953e-15	4.851661000963953e-15	0	0	0
1.2302687708123811e-9	0	0	0	0	0	0	5.117005211335835e-10	0	0	0	0	0	0	0	7.127865262304784e-11	3.802026881524083e-15	0	8.250249252991484e-15	8.250249252991484e-15	8.250249252991484e-15	0	0	0
1.31825673855641e-9	0	0	0	0	0	0	6.181416705540558e-10	0	0	0	0	0	0	0	1.1865734636310637e-10	6.465347487555979e-15	0	1.4029549907448873e-14	1.4029549907448873e-14	1.4029549907448873e-14	0	0	0
1.4125375446227555e-9	0	0	0	0	0	0	7.467241268953059e-10	0	0	0	0	0	0	0	1.9752850717299706e-10	1.0994324721367279e-14	0	2.3857251407794304e-14	2.3857251407794304e-14	2.3857251407794304e-14	0	0	0
1.5135612484362133e-9	0	0	0	0	0	0	9.298087273467601e-10	0	0	0	0	0	0	0	3.338092216152444e-10	1.8695851454709688e-14	0	4.0569260387882824e-14	4.0569260387882824e-14	4.0569260387882824e-14	0	0	0
1.6218100973589331e-9	0	0	0	0	0	0	1.1577826915071972e-9	0	0	0	0	0	0	0	5.641140007086989e-10	3.179229925210906e-14	0	6.898803471895895e-14	6.898803471895895e-14	6.898803471895895e-14	0	0	0
1.7378008287493762e-9	0	0	0	0	0	0	1.690854345588479e-9	0	0	0	0	0	0	0	9.574904829318997e-10	5.4062811451291387e-14	0	1.1731416682554983e-13	1.1731416682554983e-13	1.1731416682554983e-13	0	0	0
1.8620871366628732e-9	0	0	0	0	0	0	2.4693653126508873e-9	0	0	0	0	0	0	0	1.625182186142152e-9	9.193382205044444e-14	0	1.99492764129873e-13	1.99492764129873e-13	1.99492764129873e-13	0	0	0
1.9952623149688828e-9	0	0	0	0	0	0	3.966053848026161e-9	0	0	0	0	0	0	0	2.7620760700822256e-9	1.5633348342194379e-13	0	3.3923748627097404e-13	3.3923748627097404e-13	3.3923748627097404e-13	0	0	0
2.1379620895022324e-9	0	0	0	0	0	0	6.369889074273006e-9	0	0	0	0	0	0	0	4.694282451514547e-9	2.658451209113199e-13	0	5.768734149000648e-13	5.768734149000648e-13	5.768734149000648e-13	0	0	0
2.2908676527677795e-9	0	0	0	0	0	0	1.0631316687919867e-8	0	0	0	0	0	0	0	7.981283494664605e-9	4.5206968314028206e-13	0	9.809733610896733e-13	9.809733610896733e-13	9.809733610896733e-13	0	0	0
2.4547089156850337e-9	0	0	0	0	0	0	1.7743620524779016e-8	0	0	0	0	0	0	0	1.3569887811426644e-8	7.687445897595197e-13	0	1.6681454029810308e-12	1.6681454029810308e-12	1.6681454029810308e-12	0	0	0
2.6302679918953816e-9	0	0	0	0	0	0	2.999809864562408e-8	0	0	0	0	0	0	0	2.307442635535919e-8	1.3072503340315312e-12	0	2.8366816027932877e-12	2.8366816027932877e-12	2.8366816027932877e-12	0	0	0
2.818382931264461e-9	0	0	0	0	0	0	5.071602613998063e-8	0	0	0	0	0	0	0	3.923607615831235e-8	2.2229794636475293e-12	0	4.823777652263464e-12	4.823777652263464e-12	4.823777652263464e-12	0	0	0
3.019951720402019e-9	0	0	0	0	0	0	8.608945594846058e-8	0	0	0	0	0	0	0	6.671993616551888e-8	3.780177038145292e-12	0	8.202834896042687e-12	8.202834896042687e-12	8.202834896042687e-12	0	0	0
3.2359365692962944e-9	0	0	0	0	0	0	1.4613515666717113e-7	0	0	0	0	0	0	0	1.134555316889944e-7	6.42819183595825e-12	0	1.394892243844756e-11	1.394892243844756e-11	1.394892243844756e-11	0	0	0
3.4673685045253237e-9	0	0	0	0	0	0	2.483672332853744e-7	0	0	0	0	0	0	0	1.9293026724902293e-7	1.0931141547855144e-11	0	2.3720145494142227e-11	2.3720145494142227e-11	2.3720145494142227e-11	0	0	0
3.715352290971728e-9	0	0	0	0	0	0	4.221180171608012e-7	0	0	0	0	0	0	0	3.2807644957155236e-7	1.8588408465166658e-11	0	4.0336112323087394e-11	4.0336112323087394e-11	4.0336112323087394e-11	0	0	0
3.9810717055349855e-9	0	0	0	0	0	0	7.00236760881801e-7	0	0	0	0	0	0	0	5.578932971196304e-7	3.16095924433236e-11	0	6.859156735587685e-11	6.859156735587685e-11	6.859156735587685e-11	0	0	0
4.265795188015934e-9	0	0	0	0	0	0	1.1615981819213615e-6	0	0	0	0	0	0	0	9.48696352260217e-7	5.375211849392004e-11	0	1.1663997448863993e-10	1.1663997448863993e-10	1.1663997448863993e-10	0	0	0
4.570881896148752e-9	0	0	0	0	0	0	1.4931264438760218e-6	0	0	0	0	0	0	0	1.6132576699134496e-6	9.140548862707543e-11	0	1.9834630076542944e-10	1.9834630076542944e-10	1.9834630076542944e-10	0	0	0
4.8977881936844766e-9	0	0	0	0	0	0	1.9192751952436663e-6	0	0	0	0	0	0	0	2.743343856370822e-6	1.5543505233378187e-10	0	3.372879255144228e-10	3.372879255144228e-10	3.372879255144228e-10	0	0	0
5.248074602497734e-9	0	0	0	0	0	0	2.848586423857599e-6	0	0	0	0	0	0	0	4.665056209103029e-6	2.64317338672924e-10	0	5.735581871649874e-10	5.735581871649874e-10	5.735581871649874e-10	0	0	0
5.623413251903491e-9	0	0	0	0	0	0	4.227869267677287e-6	0	0	0	0	0	0	0	7.932928051856219e-6	4.494716891342794e-10	0	9.753358160161342e-10	9.753358160161342e-10	9.753358160161342e-10	0	0	0
6.025595860743593e-9	0	0	0	0	0	0	6.066992696610626e-6	0	0	0	0	0	0	0	0.00001348994528360622	7.64326700425848e-10	0	1.658558757056649e-9	1.658558757056649e-9	1.658558757056649e-9	0	0	0
6.456542290346562e-9	0	0	0	0	0	0	8.706134946539362e-6	0	0	0	0	0	0	0	0.000022939653878758673	1.2997377123107198e-9	0	2.8203795097417106e-9	2.8203795097417106e-9	2.8203795097417106e-9	0	0	0
6.918309709189363e-9	0	0	0	0	0	0	0.000013682219490611212	0	0	0	0	0	0	0	0.0000390088857249841	2.210204248865781e-9	0	4.7960559402116575e-9	4.7960559402116575e-9	4.7960559402116575e-9	0	0	0
7.413102413009192e-9	0	0	0	0	0	0	0.00002150243837693843	0	0	0	0	0	0	0	0.00006633461749455614	3.758452782769486e-9	0	8.155694119245554e-9	8.155694119245554e-9	8.155694119245554e-9	0	0	0
7.943282347242822e-9	0	0	0	0	0	0	0.00003521677160535898	0	0	0	0	0	0	0	0.00011280203039501246	6.391271927723878e-9	0	1.3868777662594787e-8	1.3868777662594787e-8	1.3868777662594787e-8	0	0	0
8.511380382023759e-9	0	0	0	0	0	0	0.00005767815633571157	0	0	0	0	0	0	0	0.00019181987538078552	1.0868396974782025e-8	0	2.3583890106987877e-8	2.3583890106987877e-8	2.3583890106987877e-8	0	0	0
9.120108393559115e-9	0	0	0	0	0	0	0.00009679471546414081	0	0	0	0	0	0	0	0.00032618973745946454	1.8482130952281332e-8	0	4.010475273184025e-8	4.010475273184025e-8	4.010475273184025e-8	0	0	0
9.772372209558111e-9	0	0	0	0	0	0	0.00016243960516440853	0	0	0	0	0	0	0	0.0005546857155060652	3.142958113600998e-8	0	6.819872312776268e-8	6.819872312776268e-8	6.819872312776268e-8	0	0	0
1.0471285480509006e-8	0	0	0	0	0	0	0.0002738808538673733	0	0	0	0	0	0	0	0.0009432431737592464	4.598829332619125e-8	0	1.0961741888964146e-7	1.0961741888964146e-7	1.0961741888964146e-7	0	0	0
1.1220184543019653e-8	0	0	0	0	0	0	0.0004617760677219272	0	0	0	0	0	0	0	0.0016039852117549326	6.729084660414704e-8	0	1.761906671114169e-7	1.761906671114169e-7	1.761906671114169e-7	0	0	0
1.202264434617413e-8	0	0	0	0	0	0	0.0007783884896990613	0	0	0	0	0	0	0	0.002727577184402215	9.302924357304103e-8	0	2.818014129066053e-7	2.818014129066053e-7	2.818014129066053e-7	0	0	0
1.288249551693135e-8	0	0	0	0	0	0	0.0013120832439087093	0	0	0	0	0	0	0	0.004638245566324044	1.2861244279900303e-7	0	4.507164744767255e-7	4.507164744767255e-7	4.507164744767255e-7	0	0	0
1.3803842646028866e-8	0	0	0	0	0	0	0.002223435086572963	0	0	0	0	0	0	0	0.0078873375455553	2.045097163460964e-7	0	7.54102324159434e-7	7.54102324159434e-7	7.54102324159434e-7	0	0	0
1.4791083881682102e-8	0	0	0	0	0	0	0.0037677972088696015	0	0	0	0	0	0	0	0.013412419128733389	3.251957833140985e-7	0	1.261702971835867e-6	1.261702971835867e-6	1.261702971835867e-6	0	0	0
1.5848931924611173e-8	0	0	0	0	0	0	0.006394172760099381	0	0	0	0	0	0	0	0.022807821504956895	4.702570513317177e-7	0	2.076184212554772e-6	2.076184212554772e-6	2.076184212554772e-6	0	0	0
1.698243652461746e-8	0	0	0	0	0	0	0.010851286048449814	0	0	0	0	0	0	0	0.03878470519069389	6.800263277509934e-7	0	3.4164466444818904e-6	3.4164466444818904e-6	3.4164466444818904e-6	0	0	0
1.8197008586099862e-8	0	0	0	0	0	0	0.01842700926092504	0	0	0	0	0	0	0	0.02705942420109399	8.981075794127406e-7	0	5.601509730163677e-6	5.601509730163677e-6	5.601509730163677e-6	0	0	0
1.9498445997580494e-8	0	0	0	0	0	0	0.031291652324537865	0	0	0	0	0	0	0	0.018878896577779285	1.186126464935863e-6	0	9.18407764622827e-6	9.18407764622827e-6	9.18407764622827e-6	0	0	0
2.0892961308540408e-8	0	0	0	0	0	0	0.018002427645424406	0	0	0	0	0	0	0	0.023847359982092725	1.766485326629593e-6	0	0.000012603976692986615	0.000012603976692986615	0.000012603976692986615	0	0	0
2.2387211385683424e-8	0	0	0	0	0	0	0.010356992266420213	0	0	0	0	0	0	0	0.03012340132128591	2.630807507837158e-6	0	0.00001729735250470004	0.00001729735250470004	0.00001729735250470004	0	0	0
2.3988329190194947e-8	0	0	0	0	0	0	0.009522317556866678	0	0	0	0	0	0	0	0.017297663742306353	4.401234423445088e-6	0	0.000018172859768060072	0.000018172859768060072	0.000018172859768060072	0	0	0
2.5703957827688646e-8	0	0	0	0	0	0	0.008754909661157212	0	0	0	0	0	0	0	0.009932781751657016	7.363086958058277e-6	0	0.000019092680920958232	0.000019092680920958232	0.000019092680920958232	0	0	0
2.754228703338169e-8	0	0	0	0	0	0	0.013033759805746068	0	0	0	0	0	0	0	0.009176259068800681	0.000010951161590161827	0	0.000019773786528983638	0.000019773786528983638	0.000019773786528983638	0	0	0
2.95120922666639e-8	0	0	0	0	0	0	0.01940384324324675	0	0	0	0	0	0	0	0.008477356354245963	0.000016287725631514472	0	0.000020479189659772125	0.000020479189659772125	0.000020479189659772125	0	0	0
3.162277660168386e-8	0	0	0	0	0	0	0.024933203192991426	0	0	0	0	0	0	0	0.012758962142366232	0.000023568235842206836	0	0.000026639102972724948	0.000026639102972724948	0.000026639102972724948	0	0	0
3.3884415613920346e-8	0	0	0	0	0	0	0.032038221174527565	0	0	0	0	0	0	0	0.01920305200674968	0.00003410308801120466	0	0.0000346518499501681	0.0000346518499501681	0.0000346518499501681	0	0	0
3.6307805477010175e-8	0	0	0	0	0	0	0.025724831128713713	0	0	0	0	0	0	0	0.011911087911038846	0.00004446959604909835	0	0.000046126758945292346	0.000046126758945292346	0.000046126758945292346	0	0	0
3.890451449942813e-8	0	0	0	0	0	0	0.02065554554342685	0	0	0	0	0	0	0	0.007388097224057189	0.00005798727001262538	0	0.00006140156712720814	0.00006140156712720814	0.00006140156712720814	0	0	0
4.1686938347033635e-8	0	0	0	0	0	0	0.022160771930681885	0	0	0	0	0	0	0	0.008033496988080046	0.00007261853770072805	0	0.00008095040898425362	0.00008095040898425362	0.00008095040898425362	0	0	0
4.4668359215096346e-8	0	0	0	0	0	0	0.023775688302746296	0	0	0	0	0	0	0	0.00873527674315718	0.0000909415465953792	0	0.00010672315091147165	0.00010672315091147165	0.00010672315091147165	0	0	0
4.78630092322639e-8	0	0	0	0	0	0	0.014954537681519364	0	0	0	0	0	0	0	0.007813970758968626	0.00008526216320788876	0	0.00009929709448268805	0.00009929709448268805	0.00009929709448268805	0	0	0
5.128613839913659e-8	0	0	0	0	0	0	0.009406171313330889	0	0	0	0	0	0	0	0.006989834531555772	0.00007993746254649727	0	0.00009238776112300896	0.00009238776112300896	0.00009238776112300896	0	0	0
5.495408738576248e-8	0	0	0	0	0	0	0.010345579433064253	0	0	0	0	0	0	0	0.004089586929547185	0.00007141268978881564	0	0.0000884575870105535	0.0000884575870105535	0.0000884575870105535	0	0	0
5.888436553555896e-8	0	0	0	0	0	0	0.011378807619009966	0	0	0	0	0	0	0	0.0023927206257628826	0.00006379702457914792	0	0.0000846946024518489	0.0000846946024518489	0.0000846946024518489	0	0	0
6.309573444801943e-8	0	0	0	0	0	0	0.014064858873158852	0	0	0	0	0	0	0	0.0023173643053887253	0.00005641603135753572	0	0.00008988784257512855	0.00008988784257512855	0.00008988784257512855	0	0	0
6.760829753919818e-8	0	0	0	0	0	0	0.017384972287551845	0	0	0	0	0	0	0	0.002244381256243674	0.00004988898173747687	0	0.0000953995179020369	0.0000953995179020369	0.0000953995179020369	0	0	0
7.244359600749906e-8	0	0	0	0	0	0	0.015117265237513744	0	0	0	0	0	0	0	0.0034371403091044417	0.0000412120542295702	0	0.00010507477100854256	0.00010507477100854256	0.00010507477100854256	0	0	0
7.762471166286928e-8	0	0	0	0	0	0	0.013145359364476961	0	0	0	0	0	0	0	0.005263781931703927	0.00003404425896600673	0	0.00011573127144976758	0.00011573127144976758	0.00011573127144976758	0	0	0
8.317637711026726e-8	0	0	0	0	0	0	0.010112064681774266	0	0	0	0	0	0	0	0.008855969204504047	0.00003123505484200503	0	0.00010579052881707909	0.00010579052881707909	0.00010579052881707909	0	0	0
8.912509381337478e-8	0	0	0	0	0	0	0.007778703441513608	0	0	0	0	0	0	0	0.01489958960471813	0.00002865765566985145	0	0.00009670364670844344	0.00009670364670844344	0.00009670364670844344	0	0	0
9.549925860214369e-8	0	0	0	0	0	0	0.010457303010385608	0	0	0	0	0	0	0	0.01625390681263749	0.000036006242709467135	0	0.00009690755516530607	0.00009690755516530607	0.00009690755516530607	0	0	0
1.0232929922807557e-7	0	0	0	0	0	0	0.014058279387206298	0	0	0	0	0	0	0	0.01773132641118173	0.000045239203408287885	0	0.00009711189358174369	0.00009711189358174369	0.00009711189358174369	0	0	0
1.0964781961431874e-7	0	0	0	0	0	0	0.010311312266199255	0	0	0	0	0	0	0	0.020024337408478844	0.000048914397149424776	0	0.00009825506352964259	0.00009825506352964259	0.00009825506352964259	0	0	0
1.1748975549395303e-7	0	0	0	0	0	0	0.007563028000982338	0	0	0	0	0	0	0	0.02261388005331287	0.00005288816045008664	0	0.00009941169050614615	0.00009941169050614615	0.00009941169050614615	0	0	0
1.2589254117941688e-7	0	0	0	0	0	0	0.009815733900879996	0	0	0	0	0	0	0	0.022124619132425343	0.00005162232316399744	0	0.00010381706558608937	0.00010381706558608937	0.00010381706558608937	0	0	0
1.3489628825916562e-7	0	0	0	0	0	0	0.012739425531727447	0	0	0	0	0	0	0	0.021645943579822347	0.00005038678271601405	0	0.00010841766247039155	0.00010841766247039155	0.00010841766247039155	0	0	0
1.445439770745928e-7	0	0	0	0	0	0	0.012708504892011563	0	0	0	0	0	0	0	0.020578670663457244	0.00005667867919710294	0	0.00011901812318629362	0.00011901812318629338	0.00011901812318629338	0	0	0
1.5488166189124826e-7	0	0	0	0	0	0	0.01267765930167362	0	0	0	0	0	0	0	0.019564020607990278	0.0000637562571445379	0	0.0001306550364951505	0.00013065503649514992	0.00013065503649514992	0	0	0
1.659586907437563e-7	0	0	0	0	0	0	0.014705001034494618	0	0	0	0	0	0	0	0.0251552450977092	0.00006714645916983511	0	0.00014423117443574678	0.00014423117443574618	0.00014423117443574618	0	0	0
1.7782794100389227e-7	0	0	0	0	0	0	0.017056544136340956	0	0	0	0	0	0	0	0.03234439221901983	0.00007071693322312014	0	0.00015921798529279802	0.00015921798529279737	0.00015921798529279737	0	0	0
1.9054607179632522e-7	0	0	0	0	0	0	0.020129019537620082	0	0	0	0	0	0	0	0.02777468410830465	0.00007445362840794923	0	0.00016098909670184212	0.00016098909670184147	0.0001609890967018418	0	0	0
2.0417379446695318e-7	0	0	0	0	0	0	0.023754954362801627	0	0	0	0	0	0	0	0.023850597410900995	0.00007838777122332382	0	0.00016277990962650034	0.0001627799096264997	0.00016277990962650034	0	0	0
2.1877616239495564e-7	0	0	0	0	0	0	0.023047557723801494	0	0	0	0	0	0	0	0.026678860409166408	0.00008026286671227438	0	0.0001661088089433495	0.00016610880894334817	0.00016610880894334917	0	0	0
2.3442288153199275e-7	0	0	0	0	0	0	0.02236122658537982	0	0	0	0	0	0	0	0.029842505848783087	0.00008218281592059736	0	0.00016950578527711766	0.00016950578527711525	0.00016950578527711666	0	0	0
2.5118864315095823e-7	0	0	0	0	0	0	0.025183801769617355	0	0	0	0	0	0	0	0.029445061184385227	0.00008498236242210022	0	0.00017084193446451876	0.0001708419344645139	0.00017084193446451635	0	0	0
2.6915348039269196e-7	0	0	0	0	0	0	0.028362660212300217	0	0	0	0	0	0	0	0.029052909716948065	0.00008787727509627863	0	0.0001721886160042402	0.00017218861600423315	0.00017218861600423667	0	0	0
2.8840315031266115e-7	0	0	0	0	0	0	0.03072043673463662	0	0	0	0	0	0	0	0.028234082934446746	0.000094796094275903	0	0.0001830012193217219	0.00018300121932170808	0.00018300121932171557	0	0	0
3.090295432513592e-7	0	0	0	0	0	0	0.033274214269842034	0	0	0	0	0	0	0	0.02743833395400628	0.00010225965108863873	0	0.0001944928012686506	0.00019449280126862913	0.00019449280126864106	0	0	0
3.3113112148259143e-7	0	0	0	0	0	0	0.027754790248419207	0	0	0	0	0	0	0	0.026370114701350904	0.00011766406162065773	0	0.00020940477658353479	0.00020940477658349456	0.0002094047765835164	0	0	0
3.5481338923357606e-7	0	0	0	0	0	0	0.023150911257788474	0	0	0	0	0	0	0	0.025343482972692243	0.00013538899506970766	0	0.00022546006931860568	0.00022546006931854388	0.00022546006931857706	0	0	0
3.8018939632056126e-7	0	0	0	0	0	0	0.023517103233990772	0	0	0	0	0	0	0	0.024824183315151623	0.000149131636131555	0	0.00024113368891800222	0.00024113368891788537	0.00024113368891794795	0	0	0
4.0738027780411303e-7	0	0	0	0	0	0	0.023889087490330207	0	0	0	0	0	0	0	0.02431552434715691	0.000164269222057698	0	0.0002578969132180839	0.0002578969132179046	0.0002578969132180006	0	0	0
4.365158322401665e-7	0	0	0	0	0	0	0.027840198082361222	0	0	0	0	0	0	0	0.027741455208719564	0.00016046680795352408	0	0.0002515042936526331	0.00025150429365227925	0.0002515042936524696	0	0	0
4.677351412871981e-7	0	0	0	0	0	0	0.03244479847038266	0	0	0	0	0	0	0	0.031650081902814264	0.00015675241005128177	0	0.0002452701311404246	0.00024527013113990494	0.00024527013114018434	0	0	0
5.011872336272736e-7	0	0	0	0	0	0	0.032997127597056856	0	0	0	0	0	0	0	0.036050619131210805	0.00016565495538201137	0	0.00024618966924512347	0.0002461896692441145	0.0002461896692446568	0	0	0
5.370317963702533e-7	0	0	0	0	0	0	0.033558859385438115	0	0	0	0	0	0	0	0.041062994520341026	0.00017506310897317956	0	0.00024711265477459464	0.0002471126547730932	0.00024711265477390026	0	0	0
5.754399373371578e-7	0	0	0	0	0	0	0.03296346482452743	0	0	0	0	0	0	0	0.03906373849457307	0.0001936515905175945	0	0.0002688506949801789	0.0002688506949773665	0.000268850694978878	0	0	0
6.165950018614835e-7	0	0	0	0	0	0	0.032378633634650815	0	0	0	0	0	0	0	0.03716182131862025	0.00021421382683052624	0	0.0002925009901142325	0.00029250099010989084	0.00029250099011222437	0	0	0
6.606934480075964e-7	0	0	0	0	0	0	0.034342952061485486	0	0	0	0	0	0	0	0.03805947771934778	0.00020673409636535334	0	0.00029186060326731735	0.00029186060325886004	0.0002918606032634053	0	0	0
7.079457843841387e-7	0	0	0	0	0	0	0.036426440028503454	0	0	0	0	0	0	0	0.03897881731495592	0.00019951553656623563	0	0.00029122161845091676	0.00029122161843836257	0.0002912216184451099	0	0	0
7.585775750291852e-7	0.00020019773943591438	0.00002951673371617851	0	0	0	0	0.03789845613618312	0	0	0	0	0	0	0	0.04211072136378777	0.0001996612569063575	0	0.0002990567293772063	0.0002990567293530847	0.0002990567293660488	0	0	0
8.128305161640995e-7	0.00020317437638782223	0.0000310435068314154	0	0	0	0	0.03942995737113772	0	0	0	0	0	0	0	0.045494270373825724	0.00019980708367637394	0	0.0003071026384013624	0.0003071026383650594	0.0003071026383845706	0	0	0
8.709635899560814e-7	0.00020304658376755073	0.00003193534694777727	0	0	0	0	0.041011641888952885	0	0	0	0	0	0	0	0.04507183546506176	0.00019702687802170766	0	0.00030998992690446566	0.0003099899268341447	0.00030998992687194025	0	0	0
9.332543007969924e-7	0.00020291887152628168	0.000032852808486276445	0	0	0	0	0.04265677374682842	0	0	0	0	0	0	0	0.044653323055783366	0.00019428535739932356	0	0.00031290436084319053	0.00031290436073821444	0.0003129043607946364	0	0	0
1.e-6	0.00021161660866219156	0.00003442838053751166	0	0	0	0	0.04358396748009485	0	0	0	0	0	0	0	0.043425962184069036	0.00020226960064665382	0	0.0003268777255637454	0.00032687772536362197	0.00032687772547118225	0	0	0
1.0715193052376091e-6	0.00022068715799992516	0.00003607951469144095	0	0	0	0	0.044531314828918395	0	0	0	0	0	0	0	0.042232337092948886	0.00021058195992437203	0	0.000341475098594978	0.0003414750982914186	0.000341475098454572	0	0	0
1.148153621496884e-6	0.0002314412084549581	0.00003780459189528855	0	0	0	0	0.04739784364413925	0	0	0	0	0	0	0	0.04331727629151022	0.00022110402973748696	0	0.0003580044388919312	0.00035800443831416695	0.00035800443862469677	0	0	0
1.2302687708123837e-6	0.00024271930209509207	0.00003961215056776674	0	0	0	0	0.05044889401413669	0	0	0	0	0	0	0	0.04443008733296703	0.0002321518518666669	0	0.0003753338934337469	0.0003753338925559429	0.00037533389302773454	0	0	0
1.3182567385564101e-6	0.00025178402773120645	0.00004043989354185079	0	0	0	0	0.05312566125025551	0	0	0	0	0	0	0	0.04860002233201939	0.0002425861635330723	0	0.00038718100772418143	0.0003871810060410888	0.00038718100694569733	0	0	0
1.4125375446227554e-6	0.0002611872894876397	0.00004128493318933744	0	0	0	0	0.05594445504565497	0	0	0	0	0	0	0	0.05316132180816564	0.00025348945642480986	0	0.0003994020667061711	0.0003994020641678271	0.0003994020655321055	0	0	0
1.5135612484362104e-6	0.0002710951530636719	0.000043780545932503974	0	0	0	0	0.05849278292710545	0	0	0	0	0	0	0	0.05642735176682776	0.00026262451502110284	0	0.0004176867146038358	0.00041768670976715625	0.0004176867123667158	0	0	0
1.6218100973589331e-6	0.0002813788609651862	0.000046427014750338423	0	0	0	0	0.0611571897834265	0	0	0	0	0	0	0	0.05989403421734094	0.0002720887758522155	0	0.00043680843465663524	0.0004368084273165041	0.00043680843126158884	0	0	0
1.7378008287493763e-6	0.00029862953855138097	0.00004854935178598981	0	0	0	0	0.0618543835963823	0	0	0	0	0	0	0	0.06106427453041928	0.00029042781356969843	0	0.00046117586073045455	0.0004611758468036728	0.0004611758539314831	0	0	0
1.8620871366628694e-6	0.00031693781469406497	0.00005076870807900974	0	0	0	0	0.06255952543988959	0	0	0	0	0	0	0	0.062257379598030765	0.0003100029195643476	0	0.00048690262743589664	0.000486902606210433	0.0004869026168637885	0	0	0
1.995262314968883e-6	0.00032153413373156836	0.000051942891152132764	0	0	0	0	0.06554721713542803	0	0	0	0	0	0	0	0.06462926810369087	0.00031541250926970095	0	0.0004954339591132093	0.0004954339181541373	0.0004954339318300181	0	0	0
2.1379620895022326e-6	0.0003261971098472595	0.00005314423083296528	0	0	0	0	0.06867759376351425	0	0	0	0	0	0	0	0.06709152107890667	0.0003209164969917626	0	0.0005041147736975503	0.0005041147123198568	0.0005041147291209111	0	0	0
2.2908676527677747e-6	0.0003323881804426355	0.000053731042115226404	0	0	0	0	0.0733581159172821	0	0	0	0	0	0	0	0.06975222730291324	0.0003284969707477359	0	0.0005122739754936869	0.0005122738569786105	0.000512273878552523	0	0	0
2.4547089156850335e-6	0.00033869675470055193	0.00005432433288689959	0	0	0	0	0.0783576254791898	0	0	0	0	0	0	0	0.07251845144478222	0.00033625650535880217	0	0.0005205652356571319	0.0005205650581711959	0.0005205650846680647	0	0	0
2.6302679918953817e-6	0.0003518834417365878	0.00005651226716942074	0	0	0	0	0.0811941482368685	0	0	0	0	0	0	0	0.07570361606991866	0.0003480759223163872	0	0.0005410769052561035	0.0005410765661264067	0.0005410765999995189	0	0	0
2.8183829312644606e-6	0.0003655835340904295	0.00005878832138218759	0	0	0	0	0.0841333522754772	0	0	0	0	0	0	0	0.07902867989983818	0.0003603107918079482	0	0.000562396789774012	0.0005623962765377629	0.0005623963183272637	0	0	0
3.0199517204020193e-6	0.0003801874138402199	0.00006177466008646333	0	0	0	0	0.08708056695773374	0	0	0	0	0	0	0	0.08113266295030531	0.0003727732313725851	0	0.0005870057919606435	0.0005870048131599927	0.0005870048665436867	0	0	0
3.2359365692962877e-6	0.00039537467135147413	0.0000649126993096001	0	0	0	0	0.0901310233883382	0	0	0	0	0	0	0	0.08329266040822879	0.0003856667221392215	0	0.0006126916192636918	0.0006126901351379417	0.0006126902010504617	0	0	0
3.4673685045253236e-6	0.0004114982940125211	0.0000665805538465722	0	0	0	0	0.09204696053585822	0	0	0	0	0	0	0	0.08603475301450372	0.0004034652707649261	0	0.0006344148173847787	0.0006344119766623722	0.0006344120609951568	0	0	0
3.7153522909717276e-6	0.0004282794479383449	0.00006829126192046463	0	0	0	0	0.09400362522662808	0	0	0	0	0	0	0	0.08886711854308046	0.00042208522376646857	0	0.0006569082191805491	0.0006569039275327017	0.0006569040315090184	0	0	0
3.981071705534978e-6	0.00044693169842355165	0.00007007398843950863	0	0	0	0	0.0966778592228024	0	0	0	0	0	0	0	0.0923081899585413	0.0004421121601530851	0	0.000681551965265181	0.0006815437582148391	0.0006815438912494001	0	0	0
4.265795188015934e-6	0.000466396284055439	0.00007190325259385632	0	0	0	0	0.09942817036439537	0	0	0	0	0	0	0	0.09588250494800762	0.00046308932686867023	0	0.0007071202152658055	0.0007071078051036307	0.0007071079692300432	0	0	0
4.570881896148752e-6	0.000483975383985961	0.00007438227875845136	0	0	0	0	0.10272016873976625	0	0	0	0	0	0	0	0.09947972565198016	0.00047903963110049283	0	0.000733003423531868	0.0007329796815990658	0.0007329798922646513	0	0	0
4.897788193684467e-6	0.0005022170637116758	0.00007694677491922977	0	0	0	0	0.10612116291847704	0	0	0	0	0	0	0	0.10321190316376819	0.0004955393157441008	0	0.0007598340526970678	0.0007597981662192676	0.0007597984266098906	0	0	0
5.248074602497734e-6	0.0005153382120287058	0.00008007554737974053	0	0	0	0	0.10831802100919323	0	0	0	0	0	0	0	0.1064660704593101	0.0005052514185901841	0	0.0007834587667856314	0.0007833899431340403	0.0007833902868749401	0	0	0
5.623413251903491e-6	0.0005288021693532328	0.00008333154046931567	0	0	0	0	0.11056035716797873	0	0	0	0	0	0	0	0.10982283837031227	0.0005151538694847409	0	0.0008078180190457702	0.00080771424608368	0.0008077146780998799	0	0	0
6.0255958607435935e-6	0.0005501131313336644	0.00008630429037191663	0	0	0	0	0.11260029734820622	0	0	0	0	0	0	0	0.11338634291368214	0.0005359528366692445	0	0.0008390987995623379	0.0008389501764804476	0.0008389508267612817	0	0	0
6.4565422903465625e-6	0.0005722829345346015	0.00008938308945990015	0	0	0	0	0.11467787629919714	0	0	0	0	0	0	0	0.1170654751791097	0.0005575915472033932	0	0.0008715908519330365	0.0008713940629736756	0.0008713949477545657	0	0	0
6.9183097091893625e-6	0.0005932104198812454	0.00009273899411168581	0	0	0	0	0.11876155558250262	0	0	0	0	0	0	0	0.12236848888094898	0.0005786227901400439	0	0.0009037295002644744	0.0009036005785321025	0.0009036021724039219	0	0	0
7.413102413009192e-6	0.0006149031903980537	0.00009622089682529725	0	0	0	0	0.12299065468894398	0	0	0	0	0	0	0	0.127911726733239	0.0006004472896848365	0	0.0009370532146326767	0.000936997439180653	0.0009369997933509539	0	0	0
7.943282347242822e-6	0.0006366042155575291	0.0001003192641505123	0	0	0	0	0.12797429613937522	0	0	0	0	0	0	0	0.13241394060291076	0.0006209475196781298	0	0.0009724738135016839	0.0009724355678365877	0.0009724400337454322	0	0	0
8.511380382023777e-6	0.0006590711084183369	0.00010459219454140824	0	0	0	0	0.13315987717756858	0	0	0	0	0	0	0	0.13707462258372413	0.0006421476602830596	0	0.0010092333105299926	0.0010092140000089683	0.0010092207340291542	0	0	0
9.120108393559115e-6	0.0006775528324928169	0.00010724828590765172	0	0	0	0	0.138006691842807	0	0	0	0	0	0	0	0.1411847039685742	0.0006612886657355953	0	0.0010366063999947737	0.0010365887511251672	0.0010366016648929478	0	0	0
9.772372209558111e-6	0.0006965528225334416	0.00010997182801796552	0	0	0	0	0.14302992310512425	0	0	0	0	0	0	0	0.14541802311014101	0.0006810002223438741	0	0.0010647219203910577	0.001064706037519972	0.0010647254613655051	0	0	0
0.000010471285480509006	0.0007201159357094909	0.00011334406770983553	0	0	0	0	0.14769812634981885	0	0	0	0	0	0	0	0.1491942787832012	0.0007046053708344132	0	0.0010995762355551222	0.0010995514092862844	0.001099583642898351	0	0	0
0.000011220184543019652	0.0007444761460827417	0.00011681971570858132	0	0	0	0	0.1525186901709617	0	0	0	0	0	0	0	0.1530685973139677	0.000729028732031755	0	0.0011355715277783444	0.0011355371896637435	0.0011355830508448241	0	0	0
0.000012022644346174132	0.0007688607525750315	0.00012012263661740488	0	0	0	0	0.15623893824114318	0	0	0	0	0	0	0	0.15772568148737184	0.0007538044067854065	0	0.001171018718899732	0.0011709543941033386	0.0011709888083940758	0	0	0
0.000012882495516931348	0.0007940440536083218	0.00012351894318860332	0	0	0	0	0.160049930899336	0	0	0	0	0	0	0	0.16252445659790257	0.0007794220703832899	0	0.0012075724042644623	0.0012074762548956502	0.001207498463775103	0	0	0
0.000013803842646028866	0.0008233467846431622	0.00012796789813840863	0	0	0	0	0.1661818102791776	0	0	0	0	0	0	0	0.16801632697455535	0.000808558934151217	0	0.0012517398880502245	0.001251662480332743	0.0012516793490533718	0	0	0
0.000014791083881682102	0.0008537308789124407	0.00013257709733605462	0	0	0	0	0.17254861600055207	0	0	0	0	0	0	0	0.17369377336152167	0.0008387850111483874	0	0.0012975228166880448	0.0012974656506252358	0.0012974767586441107	0	0	0
0.00001584893192461114	0.000883421993858579	0.00013757319316552228	0	0	0	0	0.18032587454086663	0	0	0	0	0	0	0	0.1798411989948289	0.0008677291031679867	0	0.0013438678504275811	0.0013438291224691997	0.0013438380206204003	0	0	0
0.00001698243652461746	0.0009141457085718359	0.0001427575641498915	0	0	0	0	0.18845367631824128	0	0	0	0	0	0	0	0.18620619628419383	0.000897671973720471	0	0.0013918682401459891	0.001391849340694386	0.0013918558568649557	0	0	0
0.000018197008586099864	0.0009443939752395284	0.00014778194446921251	0	0	0	0	0.19449404900295156	0	0	0	0	0	0	0	0.19144355188734666	0.0009271474786967244	0	0.001438743412695695	0.0014387267957399262	0.0014387328873795803	0	0	0
0.000019498445997580493	0.0009756431300892959	0.0001529831588340264	0	0	0	0	0.20072802949029675	0	0	0	0	0	0	0	0.19682821673294956	0.0009575908265142869	0	0.0014871972417145937	0.0014871830824357804	0.0014871887135568741	0	0	0
0.00002089296130854041	0.0010068349736977635	0.00015817564259136638	0	0	0	0	0.20660443510150092	0	0	0	0	0	0	0	0.20401589569578185	0.000987546786313422	0	0.001535214917809779	0.001535193592992723	0.001535200123907214	0	0	0
0.000022387211385683423	0.0010390240375783716	0.00016354436723545426	0	0	0	0	0.21265287519635612	0	0	0	0	0	0	0	0.21146605089159828	0.0010184398473280713	0	0.0015847829580079356	0.0015847540197309192	0.001584761502666288	0	0	0
0.000023988329190194948	0.0010729390933464178	0.00016972992607468143	0	0	0	0	0.2182310561346349	0	0	0	0	0	0	0	0.21836206683792958	0.0010505396174939447	0	0.0016377903959420488	0.0016377639582914828	0.0016377750671841787	0	0	0
0.000025703957827688645	0.001107961179333359	0.00017614943450691847	0	0	0	0	0.22395556052399215	0	0	0	0	0	0	0	0.22548296538707968	0.0010836511265930578	0	0.0016925708138682465	0.0016925470765071947	0.00169256204556793	0	0	0
0.00002754228703338169	0.0011473197537482218	0.00018332747397179088	0	0	0	0	0.2311629665101664	0	0	0	0	0	0	0	0.23229303989950267	0.0011206666492501363	0	0.0017512915831173316	0.0017512662164524304	0.0017512904357555035	0	0	0
0.0000295120922666639	0.0011880764794781945	0.00019079801650772696	0	0	0	0	0.23860232342860666	0	0	0	0	0	0	0	0.23930879342978525	0.0011589465538507716	0	0.001812049566238331	0.0018120224857890858	0.0018120565791959443	0	0	0
0.000031622776601683856	0.001233153355204356	0.00019988784863075615	0	0	0	0	0.24642719497520144	0	0	0	0	0	0	0	0.24601443784106025	0.0012017769207434395	0	0.0018740876546044407	0.001874044451937536	0.0018740835458651603	0	0	0
0.000033884415613920276	0.0012799404951772343	0.00020941073058070104	0	0	0	0	0.2545086801785305	0	0	0	0	0	0	0	0.25290798034970813	0.001246190139168004	0	0.0019382497049635367	0.0019381893080142637	0.0019382337048443352	0	0	0
0.000036307805477010174	0.001320864822828758	0.0002150507551175308	0	0	0	0	0.26270596667520374	0	0	0	0	0	0	0	0.25956592188118577	0.0012879150727456979	0	0.0020000364557421157	0.001999982290899821	0.002000030778695064	0	0	0
0.00003890451449942813	0.001363097649273803	0.0002208426815014509	0	0	0	0	0.27116727365974796	0	0	0	0	0	0	0	0.2663991373813807	0.0013310370403933406	0	0.0020637928199105367	0.00206374534591305	0.002063798140404756	0	0	0
0.00004168693834703355	0.0014046992501929086	0.00022529660719399595	0	0	0	0	0.27929986811063584	0	0	0	0	0	0	0	0.27460238003894805	0.0013742568885762036	0	0.0021315952723171628	0.0021315596611312824	0.002131606545984708	0	0	0
0.00004466835921509635	0.0014475705277195161	0.00022984035906479386	0	0	0	0	0.2876763677039457	0	0	0	0	0	0	0	0.2830582255793926	0.001418880120151302	0	0.0022016252606023795	0.0022016023430215955	0.0022016428728798567	0	0	0
0.0000478630092322639	0.0014962747407450778	0.00023707637840282553	0	0	0	0	0.2958448831020804	0	0	0	0	0	0	0	0.2916098273934026	0.0014673900077009597	0	0.002272668682086922	0.002272642397412569	0.0022726820782007604	0	0	0
0.00005128613839913659	0.0015466176306578908	0.000244540207930823	0	0	0	0	0.30424534193144676	0	0	0	0	0	0	0	0.30041978557008564	0.0015175583927915012	0	0.0023460045771483955	0.002345974731943901	0.0023460134666703405	0	0	0
0.00005495408738576248	0.0016020221443493144	0.0002551953002907074	0	0	0	0	0.31215001669209	0	0	0	0	0	0	0	0.3092115320774897	0.0015700279378495117	0	0.002422661714267028	0.002422620683299341	0.002422667635183186	0	0	0
0.00005888436553555896	0.0016594114150204492	0.00026631465574318677	0	0	0	0	0.3202600647960857	0	0	0	0	0	0	0	0.3182605679192299	0.0016243116161703223	0	0.0025018236703141833	0.002501770754490006	0.002501826419135751	0	0	0
0.00006309573444801943	0.0017092703049259737	0.0002713858406767375	0	0	0	0	0.32871401621888646	0	0	0	0	0	0	0	0.3264309511910985	0.0016772141037142624	0	0.002580697979815925	0.0025806433128789047	0.0025806995422093188	0	0	0
0.00006760829753919819	0.0017606272614833995	0.00027655359151860815	0	0	0	0	0.33739112782466263	0	0	0	0	0	0	0	0.33481108449026786	0.0017318395815763728	0	0.0026620589380664315	0.0026620024621977208	0.0026620592364917607	0	0	0
0.00007244359600749906	0.001818647668980351	0.0002867771491212977	0	0	0	0	0.3468642405315929	0	0	0	0	0	0	0	0.3437941502728591	0.0017884552369739268	0	0.002746878754984775	0.002746807911169609	0.0027468699081072733	0	0	0
0.00007762471166286927	0.001878580103946022	0.00029737864840784776	0	0	0	0	0.35660333493441865	0	0	0	0	0	0	0	0.3530182339744896	0.0018469217176270128	0	0.002834401142172782	0.0028343150722088257	0.0028343825669367895	0	0	0
0.00008317637711026725	0.0019368204492960996	0.0003037765864587637	0	0	0	0	0.36592843814512455	0	0	0	0	0	0	0	0.3622071311950862	0.0019085350581572148	0	0.0029242139243011	0.0029241108562874023	0.002924189425851224	0	0	0
0.00008912509381337459	0.001996866380588125	0.0003103121726277356	0	0	0	0	0.37549739086976364	0	0	0	0	0	0	0	0.37163521105273906	0.0019722038207960328	0	0.003016872575954951	0.0030167515191578103	0.0030168417975775757	0	0	0
0.00009549925860214369	0.002058764918113301	0.00032053275583348965	0	0	0	0	0.3840336057544796	0	0	0	0	0	0	0	0.3805068777727797	0.002033703769402925	0	0.0031078652669406493	0.0031077390243397195	0.003107835582366786	0	0	0
0.00010232929922807557	0.0021225821763826464	0.0003310899688278252	0	0	0	0	0.3927638751554991	0	0	0	0	0	0	0	0.3895903287050024	0.0020971214932614304	0	0.00320160241252441	0.0032014707814252657	0.0032015739157355517	0	0	0
0.00010964781961431851	0.0021828453080863213	0.00033811492678442626	0	0	0	0	0.40139560229794546	0	0	0	0	0	0	0	0.3992821085245433	0.002160253455396365	0	0.0032939875537350894	0.003293854661761124	0.003293954978801736	0	0	0
0.00011748975549395303	0.002244819395946675	0.00034528893798618223	0	0	0	0	0.4102170279289107	0	0	0	0	0	0	0	0.4092149892882037	0.0022252859486430227	0	0.003389038551981336	0.003388904435971585	0.0033890016872779173	0	0	0
0.00012589254117941688	0.002312303409725567	0.0003549353330085813	0	0	0	0	0.4190647494749616	0	0	0	0	0	0	0	0.41813280860188773	0.0022949537829896473	0	0.0034873312163307825	0.003487183734076308	0.0034872983428950025	0	0	0
0.0001348962882591656	0.0023818161355353322	0.0003648512209880112	0	0	0	0	0.42810330214509157	0	0	0	0	0	0	0	0.42724496952913155	0.002366802733495969	0	0.003588474673823088	0.003588313162840776	0.003588446054190734	0	0	0
0.0001445439770745928	0.002452660533746044	0.00037499644643093627	0	0	0	0	0.4366000359392954	0	0	0	0	0	0	0	0.4347412042071806	0.00243985315605044	0	0.0036924681680815235	0.0036922767076723946	0.0036924356014126198	0	0	0
0.00015488166189124827	0.0025256121175967093	0.00038542377480614364	0.002521828764506067	0.00038156808976918627	0	0	0.4452654077346714	0	0	0	0	0	0	0	0.44236896421227967	0.0025151582507665746	0	0.0037994753792617753	0.003799252369385513	0.0037994386608255918	0	0	0
0.00016595869074375631	0.0025982857354943977	0.000395888274416841	0.0025938677579489832	0.0003913824138071216	0	0	0.45350662285435084	0	0	0	0	0	0	0	0.44978628203581705	0.0025908940969181934	0	0.00390437194668297	0.003904151352527047	0.0039043243282175805	0	0	0
0.00017782794100389227	0.002673050511690511	0.00040663689182010815	0.0026679646296464735	0.0004014491723617364	0	0	0.46190037088017655	0	0	0	0	0	0	0	0.45732796799578723	0.002668910482829297	0	0.004012164516514589	0.004011946641466199	0.00401210542417317	0	0	0
0.00019054607179632481	0.002745566579775499	0.00041600867570562773	0.0027408039384499623	0.00041115179600790207	0	0	0.4692559156173157	0	0	0	0	0	0	0	0.46424591006146726	0.0027467488555775713	0	0.004115166300292547	0.004114980043979947	0.004115135373043399	0	0	0
0.00020417379446695317	0.0028200499059079973	0.00042559645163457526	0.0028156318661609245	0.00042108892233112106	0	0	0.4767285939221926	0	0	0	0	0	0	0	0.471268498957811	0.002826857372757856	0	0.004220812384277489	0.0042206595140968604	0.004220811107415748	0	0	0
0.00021877616239495564	0.0028970346581080717	0.0004366663937231739	0.002891431939337216	0.0004309452781076004	0	0	0.4829206171210893	0	0	0	0	0	0	0	0.4778750809857534	0.002907794614872591	0	0.0043277952145631795	0.0043276349771049025	0.004327794132881037	0	0	0
0.00023442288153199226	0.002976121022786318	0.00044802426964527805	0.0029692726383362964	0.00044103233990373727	0	0	0.4891930658530566	0	0	0	0	0	0	0	0.48457427884986765	0.0029910492137893655	0	0.004437489685389594	0.004437321805397825	0.004437488809601616	0	0	0
0.0002511886431509582	0.0030499047361276306	0.0004591845094095948	0.0030415848922908145	0.000450685829601002	0	0	0.49444934227485476	0	0	0	0	0	0	0	0.4901754747674929	0.003071359029806959	0	0.004544994610694846	0.004544826482143003	0.004545008021909404	0	0	0
0.00026915348039269194	0.0031255176883717845	0.00047062274963066236	0.003115658204493902	0.0004605506186858711	0	0	0.49976209627933127	0	0	0	0	0	0	0	0.4958414149298644	0.003153825168267879	0	0.004655104006046072	0.0046549357154267714	0.004655132397071979	0	0	0
0.00028840315031266115	0.003200329337099063	0.00047926305069222777	0.0031913668340300284	0.00047011305059667423	0	0	0.5047218815962112	0	0	0	0	0	0	0	0.5009530999423986	0.003237160310004299	0	0.004762689219653875	0.004762517702182949	0.004762713655810968	0	0	0
0.0003090295432513592	0.0032769316596741025	0.00048806198157458407	0.003268915137949552	0.0004798740276843558	0	0	0.509730889274235	0	0	0	0	0	0	0	0.5061174818916552	0.0033226974589788145	0	0.004872760860669524	0.004872586057082949	0.004872781143994068	0	0	0
0.0003311311214825914	0.003351095279688236	0.000496568052118314	0.0033438482912823727	0.0004891721214548508	0	0	0.5125696190126278	0	0	0	0	0	0	0	0.5088196146567276	0.003403864622248673	0	0.0049786221095458015	0.004978435290616399	0.004978625124254185	0	0	0
0.000354813389233576	0.0034269373730746624	0.0005052223686611718	0.0034204991329709446	0.0004986503761483741	0	0	0.5154241578508749	0	0	0	0	0	0	0	0.5115361739566286	0.003487014544549293	0	0.005086783205333115	0.005086583931509377	0.0050867681915913185	0	0	0
0.00038018939632056124	0.0035024643824543536	0.000514884419020908	0.0034952707325449405	0.0005075383633583489	0	0	0.5175293511608466	0	0	0	0	0	0	0	0.5134807824745995	0.0035727695699552886	0	0.005191145300878461	0.005190944926276386	0.005191136490917863	0	0	0
0.00040738027780411304	0.00357965594782818	0.00052473124983168	0.003571676828104918	0.0005165847708171076	0	0	0.5196431429014609	0	0	0	0	0	0	0	0.5154327834361179	0.0036606335410764427	0	0.005297648523054732	0.005297447086386481	0.005297646177760823	0	0	0
0.00043651583224016654	0.0036515517005722355	0.0005331193741198258	0.0036433437054643877	0.0005247389940593126	0	0	0.5200953234703323	0	0	0	0	0	0	0	0.5162857505065775	0.0037450458636303307	0	0.00539692180029738	0.005396711975687847	0.005396913424783266	0	0	0
0.00046773514128719906	0.0037248914466324005	0.000541641587294608	0.003716448602431355	0.0005330219306520459	0	0	0.5205478975155148	0	0	0	0	0	0	0	0.5171401291147716	0.00383140469083129	0	0.005498055371504715	0.005497836915328051	0.0054980407405986744	0	0	0
0.0005011872336272725	0.003792203713365649	0.0005480446210664154	0.0037844930361816773	0.0005401786527085505	0	0	0.5193266549635689	0	0	0	0	0	0	0	0.5164550753357782	0.0039140749408899155	0	0.005591150013652476	0.0055909212704729	0.005591131384530841	0	0	0
0.0005370317963702533	0.0038607323756147563	0.0005545233485117598	0.0038537832950353906	0.0005474314658780997	0	0	0.5181082775338866	0	0	0	0	0	0	0	0.5157709290452069	0.003998528967603897	0	0.005685820960841018	0.005685581644933373	0.005685798202303198	0	0	0
0.0005754399373371578	0.003923725530546804	0.0005614114597208859	0.003916619945417525	0.0005541577630587873	0	0	0.5162492527268439	0	0	0	0	0	0	0	0.5137712563843733	0.004077777357266154	0	0.005771437720614821	0.005771202532640199	0.005771417996119278	0	0	0
0.0006165950018614823	0.003987746505379898	0.0005683851328385525	0.00398048115902207	0.0005609667063359864	0	0	0.5143968982884926	0	0	0	0	0	0	0	0.5117793365659844	0.004158596401365316	0	0.005858343692554228	0.005858112811102362	0.005858327098636135	0	0	0
0.0006606934480075965	0.004044960519106114	0.0005743919898499804	0.004037355468087813	0.0005666252105701329	0	0	0.5106594250161961	0	0	0	0	0	0	0	0.5082461177382154	0.004234323815103949	0	0.005933828805852515	0.005933600737618313	0.005933821195447691	0	0	0
0.0007079457843841388	0.004102995408322338	0.0005804623290481697	0.0040950424143455086	0.0005723407924700407	0	0	0.5069491072467949	0	0	0	0	0	0	0	0.5047372915234197	0.004311430213634091	0	0.006010286549407519	0.006010061405225701	0.006010288156791627	0	0	0
0.0007585775750291852	0.0041547779982715055	0.0005862839714274	0.004145543638335841	0.000576848131859654	0	0	0.5019263381371913	0	0	0	0	0	0	0	0.49944574185403573	0.004383780130560323	0	0.006076019972342412	0.006075798256756962	0.006076027623411466	0	0	0
0.0008128305161640995	0.004207214119690975	0.0005921640009203076	0.004196667657737421	0.0005813909677727379	0	0	0.49695333380509316	0	0	0	0	0	0	0	0.49420966757427337	0.0044573441481955715	0	0.006142472309900627	0.006142254124843615	0.006142486136665794	0	0	0
0.0008709635899560814	0.004249148299324363	0.0005959069362693747	0.004238248387245783	0.0005847721770615552	0	0	0.4905677596646183	0	0	0	0	0	0	0	0.4875622831793144	0.0045232139348956885	0	0.0061950357590858365	0.006194815093177235	0.00619504939882319	0	0	0
0.0009332543007969925	0.004291500445662437	0.0005996735298702193	0.0042802411000722055	0.0005881730505297081	0	0	0.48426423660284607	0	0	0	0	0	0	0	0.481004309660333	0.0045900571328146055	0	0.006248049013504316	0.006247825840262431	0.006248062462000422	0	0	0
0.001	0.004323120431864458	0.0006023602889378013	0.00431113954166931	0.0005901196186992039	0	0	0.47664748083739295	0	0	0	0	0	0	0	0.47336735814221287	0.0046476590833068356	0	0.006285205961466643	0.006284981336041748	0.006285216925473811	0	0	0
0.001071519305237607	0.0043549733956788714	0.0006050590856790962	0.004342261034648522	0.0005920726290673606	0	0	0.46915052530496426	0	0	0	0	0	0	0	0.4658516592351789	0.004705983897285183	0	0.006322583880611952	0.006322357793624723	0.006322592330105261	0	0	0
0.001148153621496884	0.004372696762715444	0.0006035587976690409	0.004361635515210614	0.0005922699144004476	0	0	0.4602118639931334	0	0	0	0	0	0	0	0.4570719992340412	0.004754997892465406	0	0.006342736487338624	0.006342513388543692	0.00634274605840384	0	0	0
0.0012302687708123836	0.004390492258261324	0.0006020622297322255	0.004381096441634444	0.0005924672654712506	0	0	0.45144350978262265	0	0	0	0	0	0	0	0.4484578048445576	0.004804522380621369	0	0.006362953328493106	0.006362733239238711	0.00636296402819437	0	0	0
0.0013182567385564075	0.004396702241734652	0.0006002534598791971	0.0043874624097278055	0.0005908179153454755	0	0	0.4414592563818609	0	0	0	0	0	0	0	0.4386795153460412	0.0048469751045612285	0	0.006364156788221031	0.00636394210863796	0.0063641701419112975	0	0	0
0.0014125375446227555	0.004402921008709346	0.0005984501240963029	0.004393837627914229	0.0005891731567912459	0	0	0.4316958175765258	0	0	0	0	0	0	0	0.42911443419061507	0.004889802940453362	0	0.0063653604755658025	0.006365151207712919	0.0063653764842497235	0	0	0
0.0015135612484362103	0.004397208750526422	0.0005960343233227317	0.004387203014977456	0.000585811353589327	0	0	0.4209968104211155	0	0	0	0	0	0	0	0.4182968009325163	0.004918430302636095	0	0.006347505066007156	0.0063472960703560705	0.006347518846716959	4.0990788385618795e-11	4.0990788385618795e-11	4.0990788385618795e-11
0.0016218100973589332	0.004391503903308511	0.0005936282745621394	0.0043805784201825775	0.000582468732729031	0	0	0.41056296394007563	0	0	0	0	0	0	0	0.4077518715966881	0.004947225263774351	0	0.00632969974248083	0.006329491019151085	0.006329711307590637	3.8254829553938066e-11	3.8254829553938066e-11	3.8254829553938066e-11
0.0017378008287493763	0.004369611226430356	0.0005879081832458683	0.004359173797615234	0.0005772496797974441	0	0	0.3992409569130462	0	0	0	0	0	0	0	0.39626382599473553	0.004962270198016273	0	0.006291031136703163	0.006290820247592872	0.0062910372929936885	3.5701484207468595e-11	3.5701484207468595e-11	3.5701484207468595e-11
0.0018620871366628695	0.004347827689680826	0.0005822432096624755	0.0043378737634887955	0.0005720773907726078	0	0	0.38823117445174377	0.3881186103404632	0	0	0	0	0	0	0.3850994458397017	0.00497736088518721	0	0.006252598760309762	0.0062523857396723425	0.006252599573439647	3.331856368145589e-11	3.331856368145589e-11	3.331856368145589e-11
0.001995262314968883	0.004310160255395258	0.0005750341043786344	0.0043002163365990515	0.0005648781558933144	0	0	0.3764073195048743	0.37602856542595314	0	0	0	0	0	0	0.3731464658646306	0.004977559140945201	0	0.00619078417434022	0.0061905729273937764	0.006190780910251581	3.109469285209712e-11	3.109469285209712e-11	3.109469285209712e-11
0.0021379620895022326	0.004272819153178697	0.0005679142593869382	0.0042628858168249325	0.0005577695188661354	0	0	0.36494356842138514	0.36431513008939354	0	0	0	0	0	0	0.36156449065684265	0.004977757404600018	0	0.006129580701155148	0.006129371213649573	0.006129573440387742	2.9019255836181142e-11	2.9019255836181142e-11	2.9019255836181142e-11
0.0022908676527677745	0.0042201364134015	0.0005588764112063173	0.004209947846988064	0.0005484688029611983	0	0	0.35242485206423124	0.35199970314186235	0	0	0	0	0	0	0.349188588183457	0.004961827331132043	0	0.00604586931733978	0.006045664257003314	0.0060458612397614785	2.7082345315044217e-11	2.7082345315044217e-11	2.7082345315044217e-11
0.0024547089156850338	0.00416810323799175	0.0005499823923069404	0.004157667278913967	0.0005393231749795316	0	0	0.3403355671940024	0.3401005908855789	0	0	0	0	0	0	0.33723629744736483	0.004945948237898756	0	0.005963301175798547	0.005963100460780326	0.005963292305074004	2.5274715240934236e-11	2.5274715240934236e-11	2.5274715240934236e-11
0.002630267991895387	0.0040990953365430335	0.0005385197360431679	0.004089125922818865	0.000528338110978909	0.004099994499576017	0.0005394401883994373	0.3275450136879355	0.3273269949240814	0	0	0	0	0	0	0.32467237504563057	0.004912993782467014	0	0.005857947543323881	0.005857752770955065	0.005857941256345436	2.3587736700021127e-11	2.3587736700021127e-11	2.3587736700021127e-11
0.002818382931264455	0.004031229942894741	0.0005272959828614934	0.004021714507428544	0.0005175767934010188	0.004032571757041695	0.0005286666332540993	0.31523515710208927	0.31503315335925486	0	0	0	0	0	0	0.3125765284332221	0.004880258899922127	0	0.0057544551933081155	0.00575426621625985	0.005754451401551434	2.2013356721361777e-11	2.2013356721361777e-11	2.2013356721361777e-11
0.003019951720402019	0.003947259388416686	0.0005143326109247643	0.003938051894219666	0.0005049288286270738	0.003948564492176149	0.0005156663923020966	0.3023802320816757	0.30236924184292857	0	0	0	0	0	0	0.2999415486000112	0.004828990501156717	0	0.0056281450401039265	0.005627962363788362	0.005628142865457717	2.0544059835189212e-11	2.0544059835189212e-11	2.0544059835189212e-11
0.0032359365692962876	0.003865037941312618	0.000501687938575045	0.003856129691185606	0.0004925899407185572	0.0038663072818602515	0.0005029858353516544	0.29004951603211293	0.29021440263592363	0	0	0	0	0	0	0.28781730038246534	0.004778260690356798	0	0.005504607391727133	0.005504430830592627	0.005504606765027606	1.9172832197021045e-11	1.9172832197021045e-11	1.9172832197021045e-11
0.0034673685045253167	0.0037673560538305983	0.00048645439046844397	0.0037593463251154808	0.00047827765465019705	0.0037688219853594116	0.00048795465758111936	0.2774215028188945	0.2775233168495469	0	0	0	0	0	0	0.2751168684874809	0.004707570475617193	0	0.005360099076942589	0.005359932837750965	0.005360101913294244	1.789312810632894e-11	1.789312810632894e-11	1.789312810632894e-11
0.003715352290971728	0.0036721429004947684	0.00047168340279049375	0.003664992083763143	0.00046438121453314454	0.0036737946887900395	0.00047337267000499886	0.26534328096507775	0.26538721268012017	0	0	0	0	0	0	0.2629768649270848	0.004637926061176845	0	0.0052193844301811655	0.005219228092672394	0.005219390548192316	1.669883875994299e-11	1.669883875994299e-11	1.669883875994299e-11
0.003981071705534978	0.003562141717488759	0.00045546749114002246	0.003555464223740706	0.0004486500370076702	0.0035641829415297356	0.00045755676084929554	0.253012610682245	0.2529972021416074	0	0	0	0	0	0	0.250741866835378	0.00454909669161211	0	0.00505730832268985	0.005057157934683716	0.005057314992883935	1.558426309103228e-11	1.558426309103228e-11	1.558426309103228e-11
0.004265795188015935	0.003455435684097186	0.0004398090631514741	0.00344920959101233	0.0004334517620600635	0.003457841582561439	0.0004422692788679346	0.2412549544552833	0.24118563831721532	0	0	0	0	0	0	0.23907610200434448	0.0044619686550986535	0	0.0049002651199348945	0.004900120462686926	0.0049002723021190206	1.4544080554457679e-11	1.4544080554457679e-11	1.4544080554457679e-11
0.004570881896148752	0.003335052023967626	0.00042281443724092704	0.003328974371494168	0.0004166080789414485	0.003337004865162733	0.00042480920538474703	0.22917877890015145	0.22913282465858906	0	0	0	0	0	0	0.22719486992703272	0.004354050308670257	0	0.0047236155574020096	0.004723473627225561	0.004723620871657741	1.3573325728585533e-11	1.3573325728585533e-11	1.3573325728585533e-11
0.004897788193684466	0.003218862400987383	0.0004064764992753026	0.003212930404386483	0.0004004189315424525	0.0032203908722362303	0.0004080384272711553	0.2177070842617642	0.2176823284435016	0	0	0	0	0	0	0.215904092832429	0.004248742103727849	0	0.004553334031532304	0.004553194819798633	0.004553337603200542	1.2667364612320894e-11	1.2667364612320894e-11	1.2667364612320894e-11
0.005248074602497733	0.0030889557820904107	0.0003882295342826122	0.003083542481751306	0.0003827033734144078	0.0030900293159886634	0.00038932471543361505	0.2062393400276275	0.20615334353539153	0	0	0	0	0	0	0.20455927493535447	0.004121630840866573	0	0.0043646182218205504	0.004364482185694669	0.004364617733213368	1.1821872504212077e-11	1.1821872504212077e-11	1.1821872504212077e-11
0.005623413251903491	0.002964291925241322	0.0003708016860950468	0.0029593651402420092	0.00036577159690872376	0.002964944800951782	0.00037146926347390223	0.19537566046261076	0.1952349616742164	0	0	0	0	0	0	0.1938105777112574	0.003998322414880718	0	0.004183723858237845	0.004183590973620713	0.004183719639784774	1.1032813358029631e-11	1.1032813358029631e-11	1.1032813358029631e-11
0.0060255958607435805	0.0028288934160761543	0.00035245220246728096	0.0028240316016442243	0.0003474874516861286	0.0028292390948060696	0.00035280473039859026	0.18451559974584447	0.18436068910950487	0	0	0	0	0	0	0.18301632227179662	0.003854555282007251	0	0.003987338948732762	0.003987212790133737	0.003987336100612402	1.029642051627164e-11	1.029642051627164e-11	1.029642051627164e-11
0.006456542290346563	0.0026996794382413997	0.000335010760960228	0.0026948869467432655	0.00033011729204728663	0.00269974464718854	0.0003350779997989434	0.17425920131993158	0.17409209599276518	0	0	0	0	0	0	0.17282325151414366	0.003715957564290934	0	0.0038001723896705225	0.0038000526184439965	0.003800170792530642	9.60917872962488e-12	9.60917872962488e-12	9.60917872962488e-12
0.006918309709189377	0.00256097095344938	0.0003168460860032053	0.002555986106412267	0.0003117540011185547	0.0025609025826147454	0.00031677617847132176	0.16402107423040826	0.1638853498797643	0	0	0	0	0	0	0.16266806979264778	0.00355777389447314	0	0.003599695115276424	0.0035995816564780353	0.003599694226371545	8.967807376549381e-12	8.967807376549381e-12	8.967807376549381e-12
0.007413102413009177	0.002429389256927394	0.000299666320949819	0.002424244543567097	0.0002944121969821146	0.0024292008670051385	0.0002994739950313245	0.15438446055026203	0.15427700925795598	0.15397760677238717	0	0	0	0	0	0.15310961168844947	0.0034063239058032386	0	0.0034097939762328575	0.0034096864971724147	0.0034097937252824608	8.369244802883703e-12	8.369244802883703e-12	8.369244802883703e-12
0.00794328234724282	0.002289776561746023	0.00028133813700116764	0.0022848622572796927	0.00027631904013343745	0.0022897883438950193	0.00028135120433320194	0.14491050671948388	0.1448090906410602	0.14442062320242743	0	0	0	0	0	0.14359704133979906	0.0032379948559051962	0	0.0032098265696030733	0.0032097235607310153	0.0032098257771837214	7.810633706714079e-12	7.810633706714079e-12	7.810633706714079e-12
0.008511380382023776	0.0021581871607321964	0.0002641309409759868	0.002153493775450364	0.00025933780163633175	0.0021583767448187735	0.0002643251216903269	0.13601793135690007	0.1359222144190573	0.1354568163733654	0	0	0	0	0	0.13467547892095874	0.0030779840604724137	0	0.00302158625381601	0.0030214875604708227	0.0030215849842997757	7.289307498740853e-12	7.289307498740853e-12	7.289307498740853e-12
0.009120108393559097	0.002021800663246898	0.0002465576781838439	0.002017278350947109	0.0002419386498046639	0.0020219432216535354	0.00024670363427645034	0.12721743156439194	0.12717693008939224	0.12661764613722076	0	0	0	0	0	0.12601319018766438	0.002905361410111122	0	0.002827118685677756	0.002827025769467328	0.0028271180665405534	6.802777573031667e-12	6.802777573031667e-12	6.802777573031667e-12
0.009772372209558112	0.001894033101614221	0.00023015360656642868	0.0018896789912238485	0.0002257068190598223	0.001894133821356539	0.000230256900199266	0.11898633314290366	0.11899432050964594	0.11835527175790596	0	0	0	0	0	0.11790805741698562	0.0027424199597925517	0	0.0026451669393234515	0.002645079465422972	0.0026451668921078485	6.348721427397116e-12	6.348721427397116e-12	6.348721427397116e-12
0.010471285480509006	0.0017631550619717608	0.0002136296491962483	0.001758906017038343	0.00020928924806799297	0.0017629465601528135	0.00021341561960203944	0.1110045824767787	0.11101299819428682	0.11027419615922567	0	0	0	0	0	0.11001161784825297	0.0025698646636799615	0	0.0024594533420858994	0.002459371317063364	0.002459454575454286	5.924971576680367e-12	5.924971576680367e-12	5.924971576680367e-12
0.011220184543019653	0.001641320719214035	0.0001982920350306997	0.0016371830301029195	0.00019406586623887704	0.001640845297682699	0.0001978061315457057	0.10355825753572144	0.1035670082009143	0.10274488122030848	0	0	0	0	0	0.10264401201004415	0.002408166687253286	0	0.0022867784456147107	0.0022867015355346903	0.0022867807799842963	5.529505206036878e-12	5.529505206036878e-12	5.529505206036878e-12
0.012022644346174132	0.0015184102661835945	0.00018275925542948098	0.001514637230019757	0.00017890591037370132	0.0015180786171087896	0.0001824205877080024	0.09628657609028063	0.09630956528754016	0.09540445871130719	0	0	0	0	0	0.09546591399214413	0.0022413656773732143	0	0.0021135453893807413	0.0021134722296336002	0.0021135470822283807	5.160434514813277e-12	5.160434514813277e-12	5.160434514813277e-12
0.01288249551693135	0.0014047039737338947	0.00016844320267310302	0.0014012641814505622	0.00016493021357627503	0.001404497237477277	0.0001682317456981548	0.08952549951887129	0.0895606866221424	0.08858845943362093	0	0	0	0	0	0.08878979451293877	0.002086118094024731	0	0.0019534354635618325	0.0019533659273062794	0.001953436598687334	4.81599770493072e-12	4.81599770493072e-12	4.81599770493072e-12
0.013803842646028866	0.001292530200672486	0.0001547336706037358	0.0012891026999715517	0.0001512323199389865	0.0012921535688429676	0.0001543480146469295	0.0830227163841942	0.08304488676847777	0.08200679833621682	0	0	0	0	0	0.08234277160978883	0.0019297298545036846	0	0.0017954691363202583	0.0017954042446562072	0.0017954711744306035	4.494550570755032e-12	4.494550570755032e-12	4.494550570755032e-12
0.014791083881682071	0.0011893141550740301	0.00014213995245014778	0.0011859189673668095	0.0001386720728615973	0.001188796105055091	0.00014161007202643624	0.0769922700554987	0.07700313026278509	0.07591412037587193	0	0	0	0	0	0.07636386674364701	0.001785065439022396	0	0.0016502768991408657	0.001650216355608677	0.0016502796867722672	4.1945586503067114e-12	4.1945586503067114e-12	4.1945586503067114e-12
0.01584893192461114	0.0010883003915810282	0.00012975172076399165	0.00108512319803969	0.00012650625571521387	0.0010879289058582848	0.00012937185154238912	0.07118065025673719	0.07119091627670328	0.06999843364533513	0	0	0	0	0	0.07061081973117063	0.0016416809757493036	0	0.0015087236633875832	0.0015086671776552698	0.0015087279900058072	3.914589900343957e-12	3.914589900343957e-12	3.914589900343957e-12
0.01698243652461746	0.0009958661782190725	0.00011844318751352843	0.0009928944450044211	0.00011540775590090036	0.0009956201060628096	0.00011819128210302317	0.06580770988204007	0.06581740953933617	0.06454373295165917	0	0	0	0	0	0.06529119170779381	0.0015098137957413962	0	0.0013793122194527862	0.0013792595408465662	0.0013793178005353946	3.65330786035246e-12	3.65330786035246e-12	3.65330786035246e-12
0.018197008586099864	0.0009064901740213646	0.00010757142689525277	0.0009037431137215502	0.00010476546985934321	0.0009063374432081057	0.00010741518361933141	0.06066551984029001	0.06070797256271914	0.059272086162070164	0	0	0	0	0	0.06023920394606333	0.0013812687214698135	0	0.001254531057017476	0.0012544805861113893	0.001254535118354795	3.4094652728093847e-12	3.4094652728093847e-12	3.4094652728093847e-12
0.019498445997580455	0.0008251353982789064	0.00009769757237375135	0.00082259662112974	0.00009510455852095244	0.0008250612416913036	0.0000976215966751036	0.05592513862113657	0.05599518362194479	0.054431004178749916	0	0	0	0	0	0.055578120067032805	0.0012636679346104272	0	0.0011410383746515227	0.0011409901431346677	0.0011410411455391773	3.1818981292673494e-12	3.1818981292673494e-12	3.1818981292673494e-12
0.02089296130854041	0.0007474909703616881	0.00008840171619479594	0.0007450804668840193	0.00008593947312354805	0.0007473988324183213	0.00008830737237908894	0.05142049520374481	0.05147893850502515	0.049800656108379596	0	0	0	0	0	0.05112824317956107	0.0011504905470389793	0	0.0010328365253911183	0.00103279145488802	0.001032838415172094	2.969520113836652e-12	2.969520113836652e-12	2.969520113836652e-12
0.022387211385683423	0.0006771528066032578	0.00007999035427706169	0.0006748689307399318	0.00007765761342686766	0.0006770467287436487	0.00007988183232089926	0.047278690624452634	0.04732694739419662	0.04556420345802346	0	0	0	0	0	0.04703464686238882	0.0010474496207218457	0	0.0009348951901006734	0.0009348531148211847	0.0009348963409651001	2.7713174175412244e-12	2.7713174175412244e-12	2.7713174175412244e-12
0.02398832919019495	0.0006104284323819889	0.00007193970790761099	0.0006083737907615753	0.00006984112326129257	0.0006103498678467101	0.00007185936117592077	0.043364429767363974	0.04341388300654439	0.041521471772766265	0	0	0	0	0	0.04316207605540962	0.0009490585572556881	0	0.0008422282788672677	0.0008421901945534449	0.0008422293238364765	2.586343898793957e-12	2.586343898793957e-12	2.586343898793957e-12
0.025703957827688646	0.000550278854974388	0.00006469932056941136	0.0005484304469014587	0.00006281138813250573	0.0005502234120114155	0.00006464258065423052	0.03977423537351654	0.03982435676671269	0.03783743569148346	0	0	0	0	0	0.039608351155766566	0.0008599097534443027	0	0.0007587465217864018	0.0007587120506494129	0.000758747470546076	2.413716566889522e-12	2.413716566889522e-12	2.413716566889522e-12
0.02754228703338169	0.0004936747767768567	0.000057962374817533224	0.0004919609922348586	0.00005621186656938428	0.0004936802221496534	0.000057967978638814655	0.036400189852299404	0.036438986472857676	0.03431582760358471	0	0	0	0	0	0.03625610605454769	0.0007756250887838959	0	0.0006801814420452911	0.0006801489205835059	0.0006801817774259451	2.2526113669545934e-12	2.2526113669545934e-12	2.2526113669545934e-12
0.0295120922666639	0.00044289324044083535	0.00005192692697420038	0.0004413059472684475	0.0000503057492782751	0.00044294763985192677	0.0000519825556693668	0.03331236436956539	0.03334139815357794	0.03112198283521619	0	0	0	0	0	0.033187577565879825	0.0006996016453370671	0	0.0006097514529800415	0.000609720847026151	0.0006097512918354074	2.1022592462345615e-12	2.1022592462345615e-12	2.1022592462345615e-12
0.03162277660168379	0.00039544228388990754	0.00004637129015766304	0.00039390294564440844	0.00004479887425695419	0.0003953935381456785	0.0000463213615187289	0.03039406601768579	0.03042249576099568	0.028082094183618855	0	0	0	0	0	0.030286776783155656	0.0006282803678609167	0	0.0005439102615470509	0.0005438820734798946	0.0005439104660621222	1.961942482938648e-12	1.961942482938648e-12	1.961942482938648e-12
0.03388441561392028	0.0003530751558375954	0.00004141004823864378	0.0003515917506839245	0.00003989482640619563	0.00035294476353823497	0.00004127670341174108	0.0277314224483998	0.027759131277716887	0.025339131440085805	0	0	0	0	0	0.027639524038529376	0.0005642299775456706	0	0.0004851786267508305	0.0004851526912611878	0.00048517911983656854	1.8309912601188192e-12	1.8309912601188192e-12	1.8309912601188192e-12
0.03630780547701017	0.00031360512236944905	0.00003673106640116662	0.0003122528886250731	0.0000353497819459564	0.00031353169014386624	0.00003665600050968257	0.02522079457643378	0.02525990404010758	0.022753504215918194	0	0	0	0	0	0.02516231862014546	0.0005043663632171378	0	0.0004306220251499731	0.00043059803721642235	0.0004306224267698393	1.7087804682275898e-12	1.7087804682275898e-12	1.7087804682275898e-12
0.038904514499428125	0.00027854741731416074	0.00003258076955601963	0.0002773155691652015	0.0000313225346791483	0.0002785198446890118	0.00003255256021690057	0.022937463098052353	0.022985688771450696	0.020431716664320417	0	0	0	0	0	0.022907133909365468	0.0004508541525060866	0	0.0003822001183071413	0.0003821779678736543	0.00038220044279648494	1.594726721091293e-12	1.594726721091293e-12	1.594726721091293e-12
0.04168693834703355	0.00024610539164763386	0.00002880215903442648	0.0002449389907309203	0.00002761067701718632	0.0002460714990791816	0.000028767492381136752	0.02081061331696417	0.020859333536813497	0.018253293942823514	0	0	0	0	0	0.02079314728876543	0.00040126713613401294	0	0.00033739513092846614	0.0003373748681832954	0.0003373954478307537	1.4882855710543351e-12	1.4882855710543351e-12	1.4882855710543351e-12
0.04466835921509635	0.00021744184305153084	0.00002546177933636689	0.00021634237616331432	0.00002433869075911285	0.00021740347703656598	0.000025422535505182886	0.018880973226066078	0.01892968272242772	0.016307133915230344	0	0	0	0	0	0.018874250086586598	0.00035713392822531083	0	0.0002978425932426233	0.0002978240800090399	0.0002978428998773555	1.3889489100005631e-12	1.3889489100005631e-12	1.3889489100005631e-12
0.0478630092322639	0.00019108144132184643	0.000022443021188919663	0.00018999198467147167	0.000021330141128823835	0.00019096390582004378	0.000022322953397104124	0.017084333092595032	0.01713908704737462	0.014505402131199533	0	0	0	0	0	0.01709762943704201	0.00031647871993239595	0	0.00026141857936119007	0.0002614016983281457	0.00026141877391730093	1.2962425438453178e-12	1.2962425438453178e-12	1.2962425438453178e-12
0.05128613839913648	0.0001679167022557911	0.00001978216814434814	0.0001668510574745453	0.00001869348376535796	0.0001677397888163174	0.000019601280457163438	0.015458654261306402	0.015517867315834877	0.012902738892166423	0	0	0	0	0	0.015488240911577002	0.0002804515960378299	0	0.00022944896124898242	0.0002294335900803089	0.00022944906655342732	1.2097239289196768e-12	1.2097239289196768e-12	1.2097239289196768e-12
0.05495408738576248	0.00014664827029892355	0.000017267108016973003	0.00014568856103929127	0.00001628661077186804	0.0001465723758477863	0.00001718938948593327	0.013950269652306954	0.014011949400894072	0.01145403364442484	0	0	0	0	0	0.013993724640308208	0.0002476692502178919	0	0.00020022728812336965	0.00020021339757963748	0.00020022727652225513	1.1289800594413213e-12	1.1289800594413213e-12	1.1289800594413213e-12
0.05888436553555896	0.00012807371090998459	0.000015071806947258053	0.00012721020255407963	0.000014189633872627094	0.0001280761202411557	0.000015074275966044323	0.012589066297911365	0.012652171978095865	0.010167987419110515	0	0	0	0	0	0.012643419638597962	0.00021871887473665362	0	0.0001747271667346312	0.00017471462899722238	0.00017472706629723597	1.0536254959876549e-12	1.0536254959876549e-12	1.0536254959876549e-12
0.06309573444801943	0.00011112432236366907	0.000013051077317079782	0.00011036869729717003	0.0000122791084556381	0.00011114665264512435	0.000013073936748901111	0.01132108357467474	0.01138822006321006	0.009019475328594682	0	0	0	0	0	0.01139045295566857	0.0001925186423208012	0	0.00015148819761958842	0.00015147711799766244	0.0001514881724323536	9.833005255598413e-13	9.833005255598413e-13	9.833005255598413e-13
0.06760829753919818	0.00009641803093738583	0.000011301273943625094	0.00009575685832192514	0.000010625820639120454	0.00009645497045784433	0.000011339040262981279	0.010180813276520326	0.010250536938055357	0.008000691960951004	0	0	0	0	0	0.010261655647276016	0.0001694569235767631	0	0.00013134004543715366	0.00013133025785289364	0.00013134007726001422	9.17669444454665e-13	9.17669444454665e-13	9.17669444454665e-13
0.07244359600749906	0.00008307280432919538	9.697386133317133e-6	0.00008251608896521975	9.128717219793016e-6	0.00008312103514027173	9.746760657757093e-6	0.009123273414225483	0.009200215704861221	0.007120077257210594	0	0	0	0	0	0.009208434195591728	0.00014862329937742405	0	0.00011308627353776628	0.00011307754985541283	0.00011308616562777562	8.564189557473011e-13	8.564189557473011e-13	8.564189557473011e-13
0.07762471166286927	0.00007157469149726127	8.321123643914311e-6	0.00007110618557707056	7.842545146314785e-6	0.00007163038306885305	8.378076196602566e-6	0.008175586323999635	0.008257515633325737	0.006336389451822065	0	0	0	0	0	0.008263311813338056	0.00013035103347562704	0	0.0000973694292558913	0.00009736166280603741	0.00009736921983893239	7.992566737352362e-13	7.992566737352362e-13	7.992566737352362e-13
0.08317637711026708	0.00006124186399341653	7.115050213696514e-6	0.000060818338402878886	6.682362388288382e-6	0.00006130726274919655	7.181933448503302e-6	0.00729634603680382	0.007379863918205329	0.0056583624453644885	0	0	0	0	0	0.0073887000187525444	0.000114198250925479	0	0.00008319679027515166	0.00008318984416607361	0.00008319633229824866	7.459097282041077e-13	7.459097282041077e-13	7.459097282041077e-13
0.08912509381337459	0.00005240072750479999	6.08378648242375e-6	0.000052018966508588016	5.693810651430407e-6	0.00005247187443052145	6.156564687206694e-6	0.006511663308172172	0.006595493592701058	0.005052887895630278	0	0	0	0	0	0.0066066595573694405	0.00010004708184286897	0	0.00007108705437614282	0.00007108085434163764	0.00007108642463532415	6.961234618527978e-13	6.961234618527978e-13	6.961234618527978e-13
0.09549925860214369	0.00004450713981558448	5.1802625637419534e-6	0.00004414354629085419	4.80877588191918e-6	0.000044555457243370434	5.229714455886794e-6	0.005787246393411719	0.005869622424488623	0.00453310913791576	0	0	0	0	0	0.005886197107484413	0.00008766833382422861	0	0.00006024806630287484	0.00006024262615071531	0.00006024748200221545	6.496602146598132e-13	6.496602146598132e-13	6.496602146598132e-13
0.10232929922807536	0.00003780263345356305	4.410924069546815e-6	0.00003746042664671324	4.061309182580278e-6	0.00003783338772839972	4.442398428289786e-6	0.0051434202342777995	0.005223637461218495	0.004066798805100389	0	0	0	0	0	0.005244301766618263	0.00007682119871909316	0	0.000051061751328576764	0.00005105698347535156	0.00005106121325172957	6.06298189387968e-13	6.06298189387968e-13	6.06298189387968e-13
0.10964781961431873	0.0000318629448950296	3.7434178976169793e-6	0.00003152505568138253	3.3982195406478536e-6	0.00003186428208798103	3.7449107832693046e-6	0.0045496049395482895	0.004629535196091929	0.0036357216687838505	0	0	0	0	0	0.004652768568883332	0.00006712461298067043	0	0.000042905999611948334	0.00004290184196987771	0.000042905497253664145	5.658303928117483e-13	5.658303928117483e-13	5.658303928117483e-13
0.11748975549395303	0.00002685652201005623	3.1769255909315612e-6	0.000026530107227208478	2.843392494216433e-6	0.000026836943079783404	3.156933580143978e-6	0.004024346478247412	0.004103002226125892	0.003250338333995407	0	0.0026552547483893576	0.002671256395281126	0	0	0.004127957604077476	0.000058651957310384615	0	0.0000360529115199042	0.0000360492907948026	0.000036052447197224536	5.280636476132157e-13	5.280636476132157e-13	5.280636476132157e-13
0.12589254117941662	0.000022414246289121295	2.655785324895421e-6	0.00002211897506362133	2.354009095448092e-6	0.000022397137902425396	2.638318511532618e-6	0.003542696003413569	0.003619996629666475	0.0028573248113845126	0	0.002292003109983596	0.0023095377432883497	0	0	0.0036441995297380987	0.00005124574594542159	0	0.00003000312050835133	0.00002999993185265962	0.000030002690360891485	4.92817670229581e-13	4.92817670229581e-13	4.92817670229581e-13
0.1348962882591656	0.000018706757208593973	2.220132480302007e-6	0.000018441277062134833	1.9488546982956525e-6	0.00001869183776739984	2.204900544020365e-6	0.0031186914547348225	0.003193850472552599	0.002511832381374797	0	0.0019784460452847326	0.0019967999317085576	0.0018943552871206755	0.0019676499463261807	0.0032171333832075933	0.00004477474577029514	0	0.00002496850329942601	0.000024965703660776804	0.000024968108932167542	4.599242102505085e-13	4.599242102505085e-13	4.599242102505085e-13
0.1445439770745928	0.00001544719704997379	1.8383228366097721e-6	0.000015209223436543706	1.595102892755098e-6	0.000015425279060242656	1.815936861629241e-6	0.0027286585144118184	0.0028046419766247902	0.002135496875211793	0	0.001694793574717386	0.0017135838503304775	0.001612311639675745	0.0016784054765928316	0.002825589895031466	0.00003893571172059374	0	0.000020551873520928785	0.000020549465084688903	0.000020551518715453874	4.292262472569473e-13	4.292262472569473e-13	4.292262472569473e-13
0.15488166189124797	0.000012755599168791128	1.5221753123224854e-6	0.000012543625734991887	1.305563334557888e-6	0.000012729579458545608	1.4955897645210939e-6	0.002387404267571315	0.002462863144234521	0.0018155458691647734	0	0.0014518087403742955	0.0014705377166158676	0.0013722604419074264	0.0014316799332709264	0.0024816994833281184	0.00003385814081372031	0	0.0000169164927570954	0.00001691442472459871	0.00001691617585693478	4.005772412674993e-13	4.005772412674993e-13	4.005772412674993e-13
0.1659586907437563	0.000010403013007091462	1.2453709110977025e-6	0.000010218227055893045	1.0565191595618053e-6	0.000010372871582961076	1.214568059321022e-6	0.0020746183883033208	0.002150615405068645	0.0014887254394329132	0	0.0012344301560858093	0.0012523711759253788	0.0011547561005993464	0.0012072904692515542	0.0021655723295733367	0.00002934836926533055	0	0.00001375706672809716	0.000013755326954470636	0.000013756790650464923	3.738404332142867e-13	3.738404332142867e-13	3.738404332142867e-13
0.1778279410038923	8.484327407410359e-6	1.0189028120827644e-6	8.323922155498961e-6	8.549816810681147e-7	8.452476001033252e-6	9.863504055172646e-7	0.0018028121653082092	0.0018779551885966211	0.0012207366785143994	0	0.0010495995566614292	0.0010665714619670888	0.0009717263656000487	0.0010180699214073774	0.0018897145065785847	0.00002543928159768217	0	0.000011187714124840591	0.00001118625213124873	0.000011187474675202004	3.4888819210904386e-13	3.4888819210904386e-13	3.4888819210904386e-13
0.1905460717963252	6.8361992058826975e-6	8.31268311747281e-7	6.690785069260808e-6	6.82718808893731e-7	6.797971188904316e-6	7.922706617894627e-7	0.001556642111543666	0.0016300171685072818	0.0009725932810234304	0	0.0008839006178370616	0.0008992956225670496	0.0008103263836579319	0.0008503456044725497	0.0016409219394632928	0.000021952114045914716	0.0005813134729410317	8.977685735261301e-6	8.976445952813265e-6	8.977412466216452e-6	3.256014057830512e-13	3.256014057830512e-13	3.256014057830512e-13
0.20417379446695316	5.508229154581402e-6	6.781873579313018e-7	5.378066253715528e-6	5.451636945425351e-7	5.4673225075734775e-6	6.363791184362562e-7	0.0013440860396107233	0.0014148132957389876	0.0007748908564319644	0	0.0007443603584378855	0.0007582545057756479	0.0006757343129685234	0.0007102534235037596	0.0014248844479090755	0.000018942960682064135	0.0004532678363201716	7.204227803976327e-6	7.2031794919666155e-6	7.203943421407065e-6	3.038689122925792e-13	3.038689122925792e-13	3.038689122925792e-13
0.21877616239495518	4.344656393492217e-6	5.282895087303093e-7	4.246786656441498e-6	4.283106047374032e-7	4.3400526662448054e-6	5.232712104479321e-7	0.0011539960681996766	0.001219626757919295	0.0006026183279990475	0	0.0006208600703168913	0.0006330288287955103	0.0005579096957821343	0.0005871741536192307	0.0012301208050255902	0.00001613027044295032	0.000345678406277115	5.6815201484302355e-6	5.6807098562194746e-6	5.681347331316986e-6	2.835869692755536e-13	2.835869692755536e-13	2.835869692755536e-13
0.23442288153199276	3.426879791631883e-6	4.115231606289818e-7	3.3534724294014458e-6	3.365043856863147e-7	3.445206885031242e-6	4.3026672584177137e-7	0.0009907899391663894	0.001051368002486696	0.00046864515980031703	0	0.00051785028923737	0.0005284841633434066	0.00046062960349063913	0.00048542319581882515	0.001061978883394588	0.000013735214306233964	0.0002636268250056874	4.4806566470873826e-6	4.480030590177368e-6	4.480560938769531e-6	2.646587587263939e-13	2.646587587263939e-13	2.646587587263939e-13
0.25118864315095824	2.6573064510732575e-6	3.2221977808104017e-7	2.5956899113436734e-6	2.5926392411247936e-7	2.6742867175286374e-6	3.3954989997037614e-7	0.000844480578165045	0.0008995043740174583	0.0003553690691092739	0.0001962611133097501	0.00042634719484787876	0.0004351874411217566	0.0003751448979352233	0.00039559313847482483	0.0009096861245842487	0.000011608584331428604	0.0001951492177411077	3.464177242337867e-6	3.4636673836182175e-6	3.464094690570314e-6	2.4699392482500065e-13	2.4699392482500065e-13	2.4699392482500065e-13
0.2691534803926914	2.0605559588517055e-6	2.522958494678781e-7	2.009143136761651e-6	1.9975306476053243e-7	2.0758722730479073e-6	2.679596809265971e-7	0.0007197766334789218	0.0007695765107582094	0.0002694729106631577	0.00014823249969745864	0.0003510125114004435	0.00035836099176928226	0.0003055246414480377	0.00032238659494708295	0.0007792328625367157	9.811221519763768e-6	0.00014445880909177104	2.678295819460401e-6	2.677881657916475e-6	2.6782253805330325e-6	2.305081426136609e-13	2.305081426136609e-13	2.305081426136609e-13
0.28840315031266117	1.5572526198589806e-6	1.9073057034659293e-7	1.5174643781731763e-6	1.5006652937922412e-7	1.5684300614883604e-6	2.021618008318131e-7	0.0006077153599986939	0.0006529864634962733	0.00019746756872584758	0.00010926615350911038	0.00028401382431824344	0.0002898316916300545	0.00024560406446166535	0.0002590749572960286	0.0006613017569441056	8.158985835404281e-6	0.00010361739474125022	2.0202052895942556e-6	2.0198663926440872e-6	2.0201464617672694e-6	2.151227154629246e-13	2.151227154629246e-13	2.151227154629246e-13
0.30902954325135923	1.1768841858626866e-6	1.4418846184534208e-7	1.146109551326464e-6	1.1273901237472025e-7	1.1850309336077592e-6	1.5252068361268787e-7	0.00051310078932864	0.0005540596880864787	0.0001447026367234368	0.00008054301402893622	0.0002298033539660693	0.00023440723572732487	0.00019743532369172214	0.00020819672576323183	0.000561218648189083	6.784991015464438e-6	0.00007432267066623549	1.5238157721229328e-6	1.5235401579722663e-6	1.5237671021468196e-6	2.0076419940490203e-13	2.0076419940490203e-13	2.0076419940490203e-13
0.3311311214825908	8.661842285467487e-7	1.0941261939967986e-7	8.394356429041012e-7	8.21327277437589e-8	8.705249722041435e-7	1.138943307128943e-7	0.0004269931869286723	0.0004637231656842121	0.00010195620581542949	0.00005774744851235597	0.00018210795854744068	0.00018565337977222737	0.0001550739688579211	0.00016350376538670989	0.00046951479639364486	5.6295501146917425e-6	0.000051269922101332356	1.114614457743048e-6	1.1144046848420184e-6	1.114561652745259e-6	1.8736405254068983e-13	1.8736405254068983e-13	1.8736405254068983e-13
0.354813389233576	6.375097284811768e-7	8.302412780253749e-8	6.148209809108288e-7	5.983540945177664e-8	6.394885616393905e-7	8.50502257220331e-8	0.00035533599923332854	0.0003881155388417665	0.00007183744636350732	0.000041403563672065597	0.00014431168211414565	0.00014703973328256996	0.00012180158731319952	0.00012840490741450973	0.0003927954723954436	4.670873464915874e-6	0.000035367471172840824	8.152989437030032e-7	8.151395255972109e-7	8.152477343945979e-7	1.7485830784835173e-13	1.7485830784835173e-13	1.7485830784835173e-13
0.38018939632056126	4.5267347030799466e-7	6.168711375384376e-8	4.3329167759641557e-7	4.1949407573589524e-8	4.521352499995669e-7	6.120094525064243e-8	0.0002892382482761247	0.00031861741307672586	0.000047941362113190786	0.000028679373341420998	0.00011118552491878516	0.00011308513610487159	0.00009314739573856156	0.00009805577040708168	0.0003219175821377758	3.823507963843122e-6	0.00002334079510984364	5.738442793920293e-7	5.737324399058207e-7	5.738108731288886e-7	1.6318726782955873e-13	1.6318726782955873e-13	1.6318726782955873e-13
0.40738027780411384	3.2142767641973143e-7	4.583366430936815e-8	3.0535990752329426e-7	2.940988976090038e-8	3.196715258957874e-7	4.4039338729253165e-8	0.0002354356565232394	0.0002615640080236309	0.00003199409663920867	0.000019865595671213283	0.00008566334180546445	0.00008697137652774169	0.00007123418934242239	0.00007487980252256045	0.00026382923677160084	3.1298670921788476e-6	0.000015403779187301362	4.0389756362901165e-7	4.03819103679353e-7	4.0387590695414493e-7	1.5229521953724578e-13	1.5229521953724578e-13	1.5229521953724578e-13
0.43651583224016655	2.1731457365852227e-7	3.219059377313081e-8	2.0501781691827947e-7	1.9648102798122804e-8	2.1829987112390755e-7	3.305274538174633e-8	0.00018551990634819353	0.00020766655114755022	0.00002006884687020957	0.000013158946619610752	0.00006345100224803535	0.00006424593369248514	0.0000524321468518287	0.00005498138788870911	0.0002097118392726571	2.553366879702388e-6	9.647657301697628e-6	2.70851269601431e-7	2.70796859622666e-7	2.708388412744353e-7	1.4213016862395673e-13	1.4213016862395673e-13	1.4213016862395673e-13
0.4677351412871981	1.469245724276605e-7	2.2608585699636718e-8	1.3764840838095578e-7	1.3126466868938823e-8	1.4907437751665822e-7	2.4807002302804103e-8	0.0001461870141494275	0.00016487511715152336	0.000012588529041521446	8.716470374391248e-6	0.000046998279560737115	0.00004745860259786304	0.00003859284493681371	0.000040370739669858425	0.00016669515505286425	2.0830540819618192e-6	6.042497122247209e-6	1.8163122744679481e-7	1.815935365943597e-7	1.8162429766132966e-7	1.326435911413094e-13	1.326435911413094e-13	1.326435911413094e-13
0.5011872336272735	9.531592675789938e-8	1.6581771738689316e-8	8.704426705979887e-8	8.276767010012269e-9	9.460092124281145e-8	1.599941967476948e-8	0.00010974503302759101	0.00012551170679831483	7.389989327796141e-6	5.560307166299021e-6	0.00003314031974327595	0.000033368006352440434	0.000027044620742285946	0.000028217297036816104	0.000127167681278919	1.6979263829861529e-6	3.581524455657114e-6	1.1478019363735424e-7	1.1475353148290668e-7	1.1477177478756941e-7	1.2379020190578433e-13	1.2379020190578433e-13	1.2379020190578433e-13
0.5370317963702532	6.183530599138267e-8	1.2161537110143926e-8	5.504389420187463e-8	5.218835564970809e-9	6.003267931800542e-8	1.0318918295922865e-8	0.00008238742917285571	0.00009554618559542183	4.338230629234981e-6	3.54696505071942e-6	0.000023368531847367904	0.000023460948847799853	0.000018951997767762467	0.000019722597568812838	0.00009701313248563476	1.3840034337108077e-6	2.1228503989257785e-6	7.253429400122313e-8	7.251564804982035e-8	7.252642106537652e-8	1.1552773832510127e-13	1.1552773832510127e-13	1.1552773832510127e-13
0.5754399373371566	3.912229999905257e-8	9.288324528371485e-9	3.309935816517798e-8	3.1309560137913215e-9	3.7158974577057256e-8	7.281305063785557e-9	0.00005917694018081056	0.00006986968307370028	2.430393015268902e-6	2.1301972275798654e-6	0.0000156965663410439	0.00001571696838455528	0.000012665478928221784	0.00001314913790813825	0.00007108825421940831	1.105430220878195e-6	1.203439627381944e-6	4.3593237717528166e-8	4.358125438526202e-8	4.358709592083597e-8	1.0781675865325028e-13	1.0781675865325028e-13	1.0781675865325028e-13
0.6165950018614835	2.2917301928454763e-8	5.6544997923113415e-9	1.9155331694080765e-8	1.8085714684724878e-9	2.257851670408932e-8	5.3083574235323596e-9	0.00004100003916922371	0.000049400113674165256	1.3243374678904182e-6	1.2335399807931296e-6	0.000010175925970809005	0.00001015803137489223	8.143444885159451e-6	8.432507712256134e-6	0.00005046902002124703	8.511601795446206e-7	6.706289380364327e-7	2.521770118604248e-8	2.5210114436358223e-8	2.5213392686012743e-8	1.0062045371113674e-13	1.0062045371113674e-13	1.0062045371113674e-13
0.6606934480075964	1.2588613237806958e-8	2.9846460449148447e-9	1.0653299269961896e-8	1.0061422064288352e-9	1.2414333130855018e-8	2.8065798659565047e-9	0.000027409804768650416	0.00003357912101750424	7.18480777262613e-7	6.987481020204498e-7	6.357913733029056e-6	6.3245713693658075e-6	5.056142228345863e-6	5.218788529463545e-6	0.000034303740729559294	6.380901410010235e-7	3.6001451766185776e-7	1.4025620925418313e-8	1.402168839583233e-8	1.4023428751033469e-8	9.39044711740631e-14	9.39044711740631e-14	9.39044711740631e-14
0.7079457843841374	6.694586568964958e-9	1.5598507823895485e-9	5.695334508964696e-9	5.382956416891012e-10	6.604587011227441e-9	1.467900024074215e-9	0.000017432911794711462	0.000021793814788309176	3.8556130495505854e-7	3.8358889451239137e-7	3.786993801853579e-6	3.7524541796774845e-6	3.015766683839554e-6	3.099821761918294e-6	0.00002225389816508941	4.587821577271802e-7	1.8942146027821706e-7	7.49943094932221e-9	7.497454700706457e-9	7.49822850604168e-9	8.763675158726156e-14	8.763675158726156e-14	8.763675158726156e-14
0.7585775750291851	3.4244236131247316e-9	8.060875232449932e-10	2.904962743291309e-9	2.7503053000979693e-10	3.3776450178530605e-9	7.582923307265341e-10	0.000010533666639810485	0.00001342785059081742	2.0265099030370535e-7	2.038751632685637e-7	2.1802701807722636e-6	2.1515421372767976e-6	1.7174974193605755e-6	1.7590405661339242e-6	0.00001369073754180745	3.095919453336285e-7	9.984472299304167e-8	3.826711132450711e-9	3.825717126367588e-9	3.826129422754062e-9	8.17873753266892e-14	8.17873753266892e-14	8.17873753266892e-14
0.8128305161640995	1.6460132463624586e-9	4.0926366775314456e-10	1.3725414556096386e-9	1.2967081927398348e-10	1.6214237824677915e-9	3.841273275039627e-10	6.066815351279373e-6	7.87132453091852e-6	1.0649196301978773e-7	1.0816917533522845e-7	1.215207951287713e-6	1.19108778759041e-6	9.525268578054273e-7	9.689452894113476e-7	8.023527035185394e-6	1.8918694338229836e-7	5.236576302599267e-8	1.8068910685329865e-9	1.806656807092104e-9	1.8068076490558175e-9	7.632841977453049e-14	7.632841977453049e-14	7.632841977453049e-14
0.8709635899560796	6.844653386702771e-10	2.0120948687228222e-10	5.368686762623447e-10	5.030299183945044e-11	6.712003511472387e-10	1.8764705579769476e-10	3.4091999558888483e-6	4.468540172217948e-6	5.71751924128433e-8	5.8996794950747985e-8	6.68536441224002e-7	6.462949261981913e-7	5.244735638522715e-7	5.258527948468979e-7	4.5574002882980116e-6	1.0572314848168263e-7	2.7583482428075636e-8	7.052902777436684e-10	7.052743445944185e-10	7.052884584022021e-10	7.12338260276188e-14	7.12338260276188e-14	7.12338260276188e-14
0.9332543007969925	1.3645163492352958e-10	9.059424616857023e-11	5.2622940151182494e-11	4.88519718018711e-12	1.2891772173675318e-10	8.289134042542724e-11	1.9608760921643822e-6	2.5694072589353384e-6	3.210191372090891e-8	3.296484603757479e-8	3.816345855381767e-7	3.581925886796128e-7	2.990503014911792e-7	2.907810597561774e-7	2.6326984730057053e-6	5.990168292951987e-8	1.528986958282491e-8	6.897773071093804e-11	6.897773071093804e-11	6.897773071093804e-11	6.64792745024997e-14	6.64792745024997e-14	6.64792745024997e-14