1.e-9	0	0	0	0	0	0	3.0823526968381495e-6	0	0	0	0	0	0	0	8.11091380371614e-7	5.170392991477998e-11	0	5.419802566501298e-11	5.419802566501298e-11	5.419802566501298e-11	0	0	0
1.0715193052376092e-9	0	0	0	0	0	0	5.057098958328588e-6	0	0	0	0	0	0	0	1.2758348965690601e-6	8.792254352419962e-11	0	9.216375386376505e-11	9.216375386376505e-11	9.216375386376505e-11	0	0	0
1.148153621496884e-9	0	0	0	0	0	0	8.296990120747814e-6	0	0	0	0	0	0	0	2.006869660675599e-6	1.4951230346524288e-10	0	1.567244825256318e-10	1.567244825256318e-10	1.567244825256318e-10	0	0	0
1.2302687708123811e-9	0	0	0	0	0	0	0.000013612556454015586	0	0	0	0	0	0	0	3.1567766689648875e-6	2.5424570299574967e-10	0	2.6651001498090956e-10	2.6651001498090956e-10	2.6651001498090956e-10	0	0	0
1.31825673855641e-9	0	0	0	0	0	0	0.000022826482208385263	0	0	0	0	0	0	0	5.255076082614113e-6	4.3234487058010653e-10	0	4.5320033564984394e-10	4.5320033564984394e-10	4.5320033564984394e-10	0	0	0
1.4125375446227555e-9	0	0	0	0	0	0	0.0000382770342785971	0	0	0	0	0	0	0	8.74810844414798e-6	7.35202541928667e-10	0	7.706672645972803e-10	7.706672645972803e-10	7.706672645972803e-10	0	0	0
1.5135612484362133e-9	0	0	0	0	0	0	0.00003635567143748866	0	0	0	0	0	0	0	0.000014783685211518673	1.250212074756826e-9	0	1.3105198429969106e-9	1.3105198429969106e-9	1.3105198429969106e-9	0	0	0
1.6218100973589331e-9	0	0	0	0	0	0	0.00003453075376870834	0	0	0	0	0	0	0	0.000024983383531268513	2.125985891952244e-9	0	2.228539264329773e-9	2.228539264329773e-9	2.228539264329773e-9	0	0	0
1.7378008287493762e-9	0	0	0	0	0	0	0.00003741009978032424	0	0	0	0	0	0	0	0.000042405173302868866	3.615239449402303e-9	0	3.789631480361595e-9	3.789631480361595e-9	3.789631480361595e-9	0	0	0
1.8620871366628732e-9	0	0	0	0	0	0	0.000040529539984790705	0	0	0	0	0	0	0	0.00007197578825124942	6.147715432162521e-9	0	6.444269116912635e-9	6.444269116912635e-9	6.444269116912635e-9	0	0	0
1.9952623149688828e-9	0	0	0	0	0	0	0.00005355832573803216	0	0	0	0	0	0	0	0.00012232634842374013	1.0454191365138214e-8	0	1.0958480967450492e-8	1.0958480967450492e-8	1.0958480967450492e-8	0	0	0
2.1379620895022324e-9	0	0	0	0	0	0	0.00007077539633900759	0	0	0	0	0	0	0	0.00020789957126210606	1.7777354580722842e-8	0	1.8634899153856542e-8	1.8634899153856542e-8	1.8634899153856542e-8	0	0	0
2.2908676527677795e-9	0	0	0	0	0	0	0.00010280276182255923	0	0	0	0	0	0	0	0.0003534737063226229	3.023039514492118e-8	0	3.168864986907051e-8	3.168864986907051e-8	3.168864986907051e-8	0	0	0
2.4547089156850337e-9	0	0	0	0	0	0	0.00014932318835381253	0	0	0	0	0	0	0	0.0006009808500466937	5.140679320245945e-8	0	5.3886555662774117e-8	5.3886555662774117e-8	5.3886555662774117e-8	0	0	0
2.6302679918953816e-9	0	0	0	0	0	0	0.00022808781598444259	0	0	0	0	0	0	0	0.0010219162131691745	8.741726248340424e-8	0	9.163409906054847e-8	9.163409906054847e-8	9.163409906054847e-8	0	0	0
2.818382931264461e-9	0	0	0	0	0	0	0.00034839901541135025	0	0	0	0	0	0	0	0.0017376805711145085	1.4865307295080854e-7	0	1.558238044232435e-7	1.558238044232435e-7	1.558238044232435e-7	0	0	0
3.019951720402019e-9	0	0	0	0	0	0	0.0004753688244053314	0	0	0	0	0	0	0	0.0029548810210538764	2.486977962622451e-7	0	2.6069493759341625e-7	2.6069493759341625e-7	2.6069493759341625e-7	0	0	0
3.2359365692962944e-9	0	0	0	0	0	0	0.0006486112452117884	0	0	0	0	0	0	0	0.005024699011847108	4.1607342948213543e-7	0	4.3614549611588175e-7	4.3614549611588175e-7	4.3614549611588175e-7	0	0	0
3.4673685045253237e-9	0	0	0	0	0	0	0.0010042271269982658	0	0	0	0	0	0	0	0.008544462387774425	3.978659328302089e-7	0	4.171081147152677e-7	4.171081147152677e-7	4.171081147152677e-7	0	0	0
3.715352290971728e-9	0	0	0	0	0	0	0.0015548175120982893	0	0	0	0	0	0	0	0.014529793192378937	3.804552016308254e-7	0	3.989016988842235e-7	3.989016988842235e-7	3.989016988842235e-7	0	0	0
3.9810717055349855e-9	0	0	0	0	0	0	0.002616599295217922	0	0	0	0	0	0	0	0.02470788208403477	4.731998961205434e-7	0	4.962164416164986e-7	4.962164416164986e-7	4.962164416164986e-7	0	0	0
4.265795188015934e-9	0	0	0	0	0	0	0.0044034697438513	0	0	0	0	0	0	0	0.04201570036101904	5.885532402465951e-7	0	6.172717680051936e-7	6.172717680051936e-7	6.172717680051936e-7	0	0	0
4.570881896148752e-9	0	0	0	0	0	0	0.007438904269477694	0	0	0	0	0	0	0	0.05292993570290049	9.262698034525159e-7	0	9.71518923503415e-7	9.71518923503415e-7	9.71518923503415e-7	0	0	0
4.8977881936844766e-9	0	0	0	0	0	0	0.01256674848458364	0	0	0	0	0	0	0	0.06667931438582539	1.457770835529603e-6	0	1.5290655877157533e-6	1.5290655877157533e-6	1.5290655877157533e-6	0	0	0
5.248074602497734e-9	0	0	0	0	0	0	0.021346987422865935	0	0	0	0	0	0	0	0.03415464952735411	1.3318922616996048e-6	0	1.3983063810732963e-6	1.3983063810732963e-6	1.3983063810732963e-6	0	0	0
5.623413251903491e-9	0	0	0	0	0	0	0.0362618757422433	0	0	0	0	0	0	0	0.01749478222865907	1.2168833080892616e-6	0	1.278729147433922e-6	1.278729147433922e-6	1.278729147433922e-6	0	0	0
6.025595860743593e-9	0	0	0	0	0	0	0.01886807000556091	0	0	0	0	0	0	0	0.008968550103280395	1.291034485021215e-6	0	1.3593824464130655e-6	1.3593824464130655e-6	1.3593824464130655e-6	0	0	0
6.456542290346562e-9	0	0	0	0	0	0	0.009817585506754304	0	0	0	0	0	0	0	0.004597650311033449	1.369704087839876e-6	0	1.445122791894009e-6	1.445122791894009e-6	1.445122791894009e-6	0	0	0
6.918309709189363e-9	0	0	0	0	0	0	0.0058080656347523065	0	0	0	0	0	0	0	0.002378027368340243	1.992808504023511e-6	0	2.1057543619907958e-6	2.1057543619907958e-6	2.1057543619907958e-6	0	0	0
7.413102413009192e-9	0	0	0	0	0	0	0.0034360410097148374	0	0	0	0	0	0	0	0.0012299791811055995	2.89937495913562e-6	0	3.0683907678405224e-6	3.0683907678405224e-6	3.0683907678405224e-6	0	0	0
7.943282347242822e-9	0	0	0	0	0	0	0.003395016613171404	0	0	0	0	0	0	0	0.0006941209119094592	4.756802664996001e-6	0	5.039503020690016e-6	5.039503020690016e-6	5.039503020690016e-6	0	0	0
8.511380382023759e-9	0	0	0	0	0	0	0.0033544820248424304	0	0	0	0	0	0	0	0.00039171706948480406	7.804155003276861e-6	0	8.276843667281103e-6	8.276843667281103e-6	8.276843667281103e-6	0	0	0
9.120108393559115e-9	0	0	0	0	0	0	0.005156637891337283	0	0	0	0	0	0	0	0.0003442033339733243	7.690022904748427e-6	0	8.307375774386644e-6	8.307375774386644e-6	8.307375774386644e-6	0	0	0
9.772372209558111e-9	0	0	0	0	0	0	0.007926980721747837	0	0	0	0	0	0	0	0.00030245282717491747	7.577559934512458e-6	0	8.338020510122379e-6	8.338020510122379e-6	8.338020510122379e-6	0	0	0
1.0471285480509006e-8	0	0	0	0	0	0	0.013132001704921964	0	0	0	0	0	0	0	0.0004457020035330745	0.00001002564523830619	0	0.000011338404687954997	0.000011338404687954997	0.000011338404687954997	0	0	0
1.1220184543019653e-8	0	0	0	0	0	0	0.021754748097841878	0	0	0	0	0	0	0	0.0006567975502457914	0.000013264634435496584	0	0.00001541845821940237	0.00001541845821940237	0.00001541845821940237	0	0	0
1.202264434617413e-8	0	0	0	0	0	0	0.017824544554655933	0	0	0	0	0	0	0	0.0010999560951338249	0.00002146972303692556	0	0.0000251684908114769	0.0000251684908114769	0.0000251684908114769	0	0	0
1.288249551693135e-8	0	0	0	0	0	0	0.014604369912811617	0	0	0	0	0	0	0	0.001842125341011538	0.00003475022319867185	0	0.0000410840643541306	0.0000410840643541306	0.0000410840643541306	0	0	0
1.3803842646028866e-8	0	0	0	0	0	0	0.02067805114772947	0	0	0	0	0	0	0	0.003128124292227223	0.000036716301176355115	0	0.00004901657270614758	0.00004901657270614758	0.00004901657270614758	0	0	0
1.4791083881682102e-8	0	0	0	0	0	0	0.02927766153697695	0	0	0	0	0	0	0	0.0053118869654380126	0.000038793614773799196	0	0.00005848068923140782	0.00005848068923140782	0.00005848068923140782	0	0	0
1.5848931924611173e-8	0	0	0	0	0	0	0.015856928046000234	0	0	0	0	0	0	0	0.009031708692320912	0.000032867710294073276	0	0.00007313923969605595	0.00007313923969605595	0.00007313923969605595	0	0	0
1.698243652461746e-8	0	0	0	0	0	0	0.008588191606029617	0	0	0	0	0	0	0	0.015356456647833541	0.000027847015192426743	0	0.00009147204750186268	0.00009147204750186268	0.00009147204750186268	0	0	0
1.8197008586099862e-8	0	0	0	0	0	0	0.006247391293336695	0	0	0	0	0	0	0	0.01609362883041747	0.00003543379875159983	0	0.000083389924445674	0.000083389924445674	0.000083389924445674	0	0	0
1.9498445997580494e-8	0	0	0	0	0	0	0.004544600279371724	0	0	0	0	0	0	0	0.016866188266665225	0.0000450875645124908	0	0.00007602190711773028	0.00007602190711773028	0.00007602190711773028	0	0	0
2.0892961308540408e-8	0	0	0	0	0	0	0.005837056168918023	0	0	0	0	0	0	0	0.017210521014674802	0.00003557441415506298	0	0.00007222897476787079	0.00007222897476787079	0.00007222897476787079	0	0	0
2.2387211385683424e-8	0	0	0	0	0	0	0.007497078428163479	0	0	0	0	0	0	0	0.017561883509979743	0.00002806846979116294	0	0.00006862528176172235	0.00006862528176172235	0.00006862528176172235	0	0	0
2.3988329190194947e-8	0	0	0	0	0	0	0.008512744239562971	0	0	0	0	0	0	0	0.017696157168933954	0.000029887846243970362	0	0.00008429237332175106	0.00008429237332175106	0.00008429237332175106	0	0	0
2.5703957827688646e-8	0	0	0	0	0	0	0.00966600725637113	0	0	0	0	0	0	0	0.017831457449860467	0.000031825153268043704	0	0.00010353624812621903	0.00010353624812621903	0.00010353624812621903	0	0	0
2.754228703338169e-8	0	0	0	0	0	0	0.008064783596005383	0	0	0	0	0	0	0	0.014780835764712234	0.00003563330797854151	0	0.00011201077959363394	0.00011201077959363394	0.00011201077959363394	0	0	0
2.95120922666639e-8	0	0	0	0	0	0	0.006728810844573635	0	0	0	0	0	0	0	0.012252117165280076	0.00003989714132087323	0	0.00012117895879207951	0.00012117895879207951	0.00012117895879207951	0	0	0
3.162277660168386e-8	0	0	0	0	0	0	0.006062417540024903	0	0	0	0	0	0	0	0.010657229150350705	0.00004180464927552923	0	0.00012020191065737417	0.00012020191065737417	0.00012020191065737417	0	0	0
3.3884415613920346e-8	0	0	0	0	0	0	0.005462021043323112	0	0	0	0	0	0	0	0.009269951603543039	0.000043803356410794026	0	0.00011923274031817991	0.00011923274031817991	0.00011923274031817991	0	0	0
3.6307805477010175e-8	0	0	0	0	0	0	0.007875977868632396	0	0	0	0	0	0	0	0.010995573214539353	0.00004385254466878194	0	0.00012389411498156918	0.00012389411498156918	0.00012389411498156918	0	0	0
3.890451449942813e-8	0	0	0	0	0	0	0.011356790260450885	0	0	0	0	0	0	0	0.013042423033803992	0.00004390178816191486	0	0.0001287377249411919	0.0001287377249411919	0.0001287377249411919	0	0	0
4.1686938347033635e-8	0	0	0	0	0	0	0.01394402983083769	0	0	0	0	0	0	0	0.014478352429821246	0.00004603089494761079	0	0.00013040050017433272	0.00013040050017433272	0.00013040050017433272	0	0	0
4.4668359215096346e-8	0	0	0	0	0	0	0.0171206796519258	0	0	0	0	0	0	0	0.016072373096532713	0.000048263257110699845	0	0.00013208475179659888	0.00013208475179659888	0.00013208475179659888	0	0	0
4.78630092322639e-8	0	0	0	0	0	0	0.017223901949239867	0	0	0	0	0	0	0	0.014276959058945483	0.000053696974960119076	0	0.0001360837794760785	0.0001360837794760785	0.0001360837794760785	0	0	0
5.128613839913659e-8	0	0	0	0	0	0	0.01732774658415264	0	0	0	0	0	0	0	0.012682107287241836	0.00005974244782639023	0	0.00014020388261781793	0.00014020388261781793	0.00014020388261781793	0	0	0
5.495408738576248e-8	0	0	0	0	0	0	0.017999613941895136	0	0	0	0	0	0	0	0.014682023523510137	0.0000693503769323654	0	0.00014900849635191647	0.00014900849635191647	0.00014900849635191677	0	0	0
5.888436553555896e-8	0	0	0	0	0	0	0.018697532335426332	0	0	0	0	0	0	0	0.016997318336973828	0.00008050347710286928	0	0.00015836602789085245	0.00015836602789085245	0.0001583660278908531	0	0	0
6.309573444801943e-8	0	0	0	0	0	0	0.020167347619630623	0	0	0	0	0	0	0	0.017106596241620538	0.00008411774638518774	0	0.00017383403486045026	0.00017383403486045026	0.00017383403486045097	0	0	0
6.760829753919818e-8	0	0	0	0	0	0	0.021752705261559962	0	0	0	0	0	0	0	0.01721657670770707	0.00008789428123559348	0	0.0001908128408492429	0.0001908128408492429	0.0001908128408492437	0	0	0
7.244359600749906e-8	0	0	0	0	0	0	0.017506883000163908	0	0	0	0	0	0	0	0.01885774666482603	0.00009096164409160506	0	0.00019515943654348374	0.00019515943654348374	0.00019515943654348415	0	0	0
7.762471166286928e-8	0	0	0	0	0	0	0.014089785555226601	0	0	0	0	0	0	0	0.020655361127369955	0.0000941360527617258	0	0.00019960504493542856	0.00019960504493542856	0.00019960504493542896	0	0	0
8.317637711026726e-8	0	0	0	0	0	0	0.013072744878931104	0	0	0	0	0	0	0	0.0207503362938196	0.0000907749795194303	0	0.00019823945990092296	0.00019823945990092296	0.00019823945990092416	0	0	0
8.912509381337478e-8	0	0	0	0	0	0	0.012129117082710058	0	0	0	0	0	0	0	0.020845748164434463	0.00008753391145058997	0	0.0001968832174283095	0.0001968832174283095	0.00019688321742831154	0	0	0
9.549925860214369e-8	0	0	0	0	0	0	0.014014041347017985	0	0	0	0	0	0	0	0.02136428197071142	0.00008929937654838365	0	0.00020704958918248554	0.00020704958918248554	0.00020704958918248975	0	0	0
1.0232929922807557e-7	0	0	0	0	0	0	0.0161918920838756	0	0	0	0	0	0	0	0.021895714201460064	0.00009110044918341548	0	0.00021774091738543654	0.00021774091738543654	0.00021774091738544277	0	0	0
1.0964781961431874e-7	0	0	0	0	0	0	0.018577751180453995	0	0	0	0	0	0	0	0.022163248028732152	0.00009480383947628842	0	0.00023134071729968836	0.00023134071729968836	0.00023134071729969972	0	0	0
1.1748975549395303e-7	0	0	0	0	0	0	0.02131516422756745	0	0	0	0	0	0	0	0.02243405073082039	0.00009865777896825181	0	0.0002457899421172999	0.0002457899421172999	0.0002457899421173175	0	0	0
1.2589254117941688e-7	0	0	0	0	0	0	0.02214211056478649	0	0	0	0	0	0	0	0.02417884540048635	0.00010879993477956171	0	0.0002670238371438956	0.0002670238371438956	0.0002670238371439278	0	0	0
1.3489628825916562e-7	0	0	0	0	0	0	0.023001139237254758	0	0	0	0	0	0	0	0.026059340415837597	0.00011998471820297243	0	0.0002900921371673607	0.0002900921371673607	0.00029009213716741045	0	0	0
1.445439770745928e-7	0	0	0	0	0	0	0.02450532497446031	0	0	0	0	0	0	0	0.028310565672871563	0.00012371210725636424	0	0.0002861442970074005	0.0002861442970074005	0.00028614429700749765	0	0	0
1.5488166189124826e-7	0	0	0	0	0	0	0.02610787865373508	0	0	0	0	0	0	0	0.030756270723984885	0.00012755528963213512	0	0.0002822501826811736	0.0002822501826811736	0.00028225018268131734	0	0	0
1.659586907437563e-7	0	0	0	0	0	0	0.026149573056777703	0	0	0	0	0	0	0	0.030051839945476902	0.00012560976886570718	0	0.0002730317204194584	0.0002730317204194584	0.0002730317204197431	0	0	0
1.7782794100389227e-7	0	0	0	0	0	0	0.026191334045975123	0	0	0	0	0	0	0	0.029363543201103563	0.00012369392190632908	0	0.0002641143387298224	0.0002641143387298224	0.0002641143387302388	0	0	0
1.9054607179632522e-7	0	0	0	0	0	0	0.027978560689258157	0	0	0	0	0	0	0	0.030733042171861708	0.00012938486220024086	0	0.00026365335762989556	0.00026365335762989556	0.000263653357630706	0	0	0
2.0417379446695318e-7	0	0	0	0	0	0	0.029887742902611005	0	0	0	0	0	0	0	0.03216641379647728	0.00013533763267084878	0	0.00026319318111928445	0.00026319318111928445	0.00026319318112048693	0	0	0
2.1877616239495564e-7	0	0	0	0	0	0	0.032808095826924545	0	0	0	0	0	0	0	0.034955211410093105	0.00015178729832805019	0	0.0002912774829601272	0.0002912774829601272	0.000291277482962364	0	0	0
2.3442288153199275e-7	0	0	0	0	0	0	0.03601379854263364	0	0	0	0	0	0	0	0.03798579513573609	0.00017023634505091364	0	0.00032235854940761035	0.00032235854940761035	0.0003223585494110886	0	0	0
2.5118864315095823e-7	0	0	0	0	0	0	0.03683728045313509	0	0	0	0	0	0	0	0.041720283536967204	0.00016135619617062928	0	0.00031997856307947243	0.00031997856307947243	0.000319978563086265	0	0	0
2.6915348039269196e-7	0.00020367820683590856	0.00003403341108297033	0	0	0	0	0.03767959188133142	0	0	0	0	0	0	0	0.04582191980410681	0.0001529392682559524	0	0.0003176161482875403	0.00031761614828753964	0.0003176161482975974	0	0	0
2.8840315031266115e-7	0.00021596795139422608	0.000036956462207108446	0	0	0	0	0.03882876306981264	0	0	0	0	0	0	0	0.04845989920868355	0.00016186874460096733	0	0.0003397140553025334	0.0003397140553025327	0.00033971405532150776	0	0	0
3.090295432513592e-7	0.00022899924716538397	0.000040130567445495604	0	0	0	0	0.040012982260527664	0	0	0	0	0	0	0	0.05124974774857146	0.00017131957526332167	0	0.00036334940774363324	0.0003633494077436318	0.00036334940777271697	0	0	0
3.3113112148259143e-7	0.0002489873377898434	0.00004094221576940864	0	0	0	0	0.04163182624193686	0	0	0	0	0	0	0	0.049789936324257836	0.0001893096927409973	0	0.00038623390343834956	0.00038623390343834723	0.00038623390349336697	0	0	0
3.5481338923357606e-7	0.00027072007941973783	0.000041770279834329945	0	0	0	0	0.043316165362375356	0	0	0	0	0	0	0	0.04837170655620915	0.0002091889365859473	0	0.0004105597119081511	0.00041055971190814773	0.0004105597119922526	0	0	0
3.8018939632056126e-7	0.0002782947413378625	0.00004175050678432669	0	0	0	0	0.04497501581900991	0	0	0	0	0	0	0	0.04876738145445969	0.0002159313257173927	0	0.0004181048303458149	0.0004181048303458081	0.00041810483050804285	0	0	0
4.0738027780411303e-7	0.00028608133989288856	0.00004173074309441178	0	0	0	0	0.0466973941713954	0	0	0	0	0	0	0	0.049166292927068485	0.00022289102945419794	0	0.000425788610251195	0.00042578861025118365	0.0004257886104943925	0	0	0
4.365158322401665e-7	0.0002975794628868532	0.000043814063482482384	0	0	0	0	0.047968691322135645	0	0	0	0	0	0	0	0.051219471026558556	0.0002313353509019455	0	0.0004442655871352786	0.0004442655871352577	0.0004442655875991574	0	0	0
4.677351412871981e-7	0.00030953971610026405	0.00004600138929958471	0	0	0	0	0.04927459846502113	0	0	0	0	0	0	0	0.05335838958068244	0.00024009958905916093	0	0.000463544367230054	0.00046354436723002176	0.000463544367933308	0	0	0
5.011872336272736e-7	0.0003178105556742928	0.00004847256601866929	0	0	0	0	0.05058729105950752	0	0	0	0	0	0	0	0.054796380822445964	0.0002443006759871348	0	0.00048012446798430345	0.0004801244679842416	0.00048012446933019267	0	0	0
5.370317963702533e-7	0.00032630239043472594	0.00005107649338876511	0	0	0	0	0.05193495424535937	0	0	0	0	0	0	0	0.056273125460397644	0.00024857527046022953	0	0.0004972976074214805	0.0004972976074213859	0.0004972976094550779	0	0	0
5.754399373371578e-7	0.00033792075567829405	0.000053610356103607936	0	0	0	0	0.0556903504765333	0	0	0	0	0	0	0	0.059049415565454524	0.00025654572745118854	0	0.0005174094771352844	0.0005174094771351046	0.0005174094810191941	0	0	0
6.165950018614835e-7	0.0003499528059419268	0.00005626992165808839	0	0	0	0	0.05971729794055347	0	0	0	0	0	0	0	0.061962676679041574	0.0002647717536487198	0	0.000538334717549753	0.00053833471754948	0.0005383347234303119	0	0	0
6.606934480075964e-7	0.00036930302577109866	0.000059127531078012884	0	0	0	0	0.06384804277149453	0	0	0	0	0	0	0	0.0629200456518398	0.00028026840568189283	0	0.0005672528985698602	0.0005672528985693416	0.0005672529097370467	0	0	0
7.079457843841387e-7	0.00038972319275051555	0.00006213026121885219	0	0	0	0	0.06826451809337876	0	0	0	0	0	0	0	0.06389220668010118	0.00029667205108172305	0	0.0005977245019613115	0.0005977245019605218	0.000597724518966128	0	0	0
7.585775750291852e-7	0.00040638625237927233	0.00006421110628096728	0	0	0	0	0.06952425806690987	0	0	0	0	0	0	0	0.0661569192950716	0.0003105048957359676	0	0.0006213594676842237	0.0006213594676827141	0.0006213595001740463	0	0	0
8.128305161640995e-7	0.00042376176012853123	0.00006636164228092117	0	0	0	0	0.07080724503383114	0	0	0	0	0	0	0	0.06850190653968609	0.0003249827205645515	0	0.000645928997078007	0.0006459289970757204	0.0006459290462508499	0	0	0
8.709635899560814e-7	0.00043455377481699383	0.00006793168456987955	0	0	0	0	0.0726647824307349	0	0	0	0	0	0	0	0.07054081618680179	0.0003337547157117518	0	0.0006619774725894893	0.0006619774725850934	0.0006619775671597391	0	0	0
9.332543007969924e-7	0.0004456206316266519	0.0000695388723046763	0	0	0	0	0.07457104994246257	0	0	0	0	0	0	0	0.07264041250322446	0.0003427634862134337	0	0.0006784246816574536	0.0006784246816508453	0.0006784248238506093	0	0	0
1.e-6	0.0004639812096039951	0.00007317255453474944	0	0	0	0	0.07719725523005042	0	0	0	0	0	0	0	0.07394075618369571	0.00035626362106297915	0	0.0007089591316118671	0.0007089591315992734	0.000708959402643741	0	0	0
1.0715193052376091e-6	0.0004830982849240022	0.00007699611109139027	0	0	0	0	0.0799159488789774	0	0	0	0	0	0	0	0.07526437745344611	0.0003702954742789375	0	0.0007408678721238408	0.0007408678721047362	0.0007408682833039258	0	0	0
1.148153621496884e-6	0.0005015659717133189	0.00008044937116992908	0	0	0	0	0.08080274405989432	0	0	0	0	0	0	0	0.07912567028851746	0.0003849435853105868	0	0.0007709000131428325	0.0007709000131063458	0.0007709007984113271	0	0	0
1.2302687708123837e-6	0.0005207396337999832	0.00008405750926764274	0	0	0	0	0.08169937965069062	0	0	0	0	0	0	0	0.08318505925967073	0.00040017114484133657	0	0.0008021495500405187	0.0008021495499852722	0.0008021507390503633	0	0	0
1.3182567385564101e-6	0.00053171759684403	0.00008621108831763128	0	0	0	0	0.08640640369886009	0	0	0	0	0	0	0	0.08685180878749622	0.00040811829780281047	0	0.0008203391555990443	0.0008203391554926893	0.0008203414445960058	0	0	0
1.4125375446227554e-6	0.0005429269916147479	0.00008841984272036239	0	0	0	0	0.09138461799944933	0	0	0	0	0	0	0	0.09068018652379363	0.00041622327633718465	0	0.0008389412300673345	0.00083894122990758	0.0008389446683282409	0	0	0
1.5135612484362104e-6	0.0005632886089356814	0.00009101842063800441	0	0	0	0	0.09446595939059357	0	0	0	0	0	0	0	0.09361812134979217	0.000431718637192339	0	0.0008680085136949564	0.0008680085133890698	0.0008680150971112867	0	0	0
1.6218100973589331e-6	0.0005844138564800654	0.00009369336837249168	0	0	0	0	0.09765119862556142	0	0	0	0	0	0	0	0.09665124192002778	0.0004477908668140466	0	0.0008980829083658898	0.0008980829079039329	0.0008980928507651281	0	0	0
1.7378008287493763e-6	0.0006059103676428915	0.00009513220441936828	0	0	0	0	0.10180103805934694	0	0	0	0	0	0	0	0.09953250435210717	0.0004663019397860928	0	0.0009244418634683437	0.000924441862581708	0.0009244609458543444	0	0	0
1.8620871366628694e-6	0.0006281975855746498	0.00009659313647160568	0	0	0	0	0.10612723136864728	0	0	0	0	0	0	0	0.1024996598677896	0.00048557823565117345	0	0.0009515744604112385	0.000951574459075395	0.0009516032108281612	0	0	0
1.995262314968883e-6	0.0006443742271804593	0.00009930492470092963	0	0	0	0	0.10903273216520595	0	0	0	0	0	0	0	0.10612802466286726	0.0004971860806893968	0	0.0009768301227511002	0.000976830120874339	0.0009768830409753585	0	0	0
2.1379620895022326e-6	0.0006609674315678738	0.00010209284458586972	0	0	0	0	0.11201777837880783	0	0	0	0	0	0	0	0.10988482921182491	0.0005090714135895943	0	0.0010027560936235736	0.0010027560911781222	0.001002834442850145	0	0	0
2.2908676527677747e-6	0.0006814717473322021	0.00010587387209242512	0	0	0	0	0.11559576663493619	0	0	0	0	0	0	0	0.11426231416817285	0.0005238163583552261	0	0.001035922183924788	0.0010359221807173837	0.001035976811327119	0	0	0
2.4547089156850335e-6	0.0007026121412826599	0.00010979493065662555	0	0	0	0	0.11928804032098726	0	0	0	0	0	0	0	0.1188141851128369	0.0005389883815038452	0	0.0010701852404303115	0.0010701852364132243	0.0010702144917931209	0	0	0
2.6302679918953817e-6	0.0007272738399174877	0.00011435804968042696	0	0	0	0	0.1219363025848092	0	0	0	0	0	0	0	0.12243595074021414	0.0005570369058563378	0	0.0011101271964254744	0.001110127189914827	0.0011101476524677447	0	0	0
2.8183829312644606e-6	0.0007528011646122994	0.00011911081366416333	0	0	0	0	0.12464335777539198	0	0	0	0	0	0	0	0.12616811721112045	0.0005756898017360872	0	0.0011515598848550366	0.0011515598756702931	0.0011515708483957657	0	0	0
3.0199517204020193e-6	0.0007691695573391932	0.00012306898718894807	0	0	0	0	0.12978418297043368	0	0	0	0	0	0	0	0.1282115572298212	0.0005858712654476629	0	0.0011811930307781902	0.0011811930140645396	0.0011812007171178994	0	0	0
3.2359365692962877e-6	0.0007858938531824149	0.00012715869484711934	0	0	0	0	0.13513703778468353	0	0	0	0	0	0	0	0.13028809314629958	0.0005962327952347481	0	0.001211588727871152	0.0012115887032471929	0.0012115929610961545	0	0	0
3.4673685045253236e-6	0.0008160412704538515	0.00013258549222147384	0	0	0	0	0.1407041511292674	0	0	0	0	0	0	0	0.1355072197396726	0.0006187989560467257	0	0.001259897196952922	0.0012598971506534563	0.0012599003562039845	0	0	0
3.7153522909717276e-6	0.00084734516294704	0.00013824389098004826	0	0	0	0	0.14650060760212583	0	0	0	0	0	0	0	0.14093541595514014	0.0006422191987170974	0	0.0013101318214464503	0.0013101317517821304	0.001310133814351979	0	0	0
3.981071705534978e-6	0.0008794775365100337	0.00014234151894412144	0	0	0	0	0.15043804619617057	0	0	0	0	0	0	0	0.14756071860983133	0.0006689058908773949	0	0.0013559649627305878	0.001355964829952821	0.0013559669329214275	0	0	0
4.265795188015934e-6	0.0009128284093056124	0.0001465606029437043	0	0	0	0	0.15448130976210803	0	0	0	0	0	0	0	0.15449747339292208	0.000696701518335607	0	0.0014034015127752616	0.001403401312553434	0.0014034034562231085	0	0	0
4.570881896148752e-6	0.0009490947395670344	0.00015078395164754924	0	0	0	0	0.16027359794887772	0	0	0	0	0	0	0	0.16017646228289553	0.0007269186515931138	0	0.001453746366993806	0.0014537459842973574	0.001453749405385095	0	0	0
4.897788193684467e-6	0.0009868019175247186	0.00015512900204964032	0	0	0	0	0.1662830684115499	0	0	0	0	0	0	0	0.16606419837179792	0.0007584463534632502	0	0.0015058972648308085	0.0015058966868254382	0.0015059014742240555	0	0	0
5.248074602497734e-6	0.0010272150062299442	0.0001607703979542658	0	0	0	0	0.1709879942599526	0	0	0	0	0	0	0	0.1707833699141389	0.0007902398184721223	0	0.001564972824883979	0.001564971917478715	0.0015649808285919614	0	0	0
5.623413251903491e-6	0.0010692831563104029	0.00016661694793925313	0	0	0	0	0.1758260444694257	0	0	0	0	0	0	0	0.17563664971259155	0.0008233660401257558	0	0.0016263658881806417	0.001626364626420702	0.0016263779774320078	0	0	0
6.0255958607435935e-6	0.0011057039449929946	0.00017332354757600612	0	0	0	0	0.18191226512421563	0	0	0	0	0	0	0	0.18060951012950532	0.0008497224724578419	0	0.001684586279217198	0.0016845845167423055	0.0016845965990936677	0	0	0
6.4565422903465625e-6	0.001143365259948203	0.0001803000986147274	0	0	0	0	0.1882091603805456	0	0	0	0	0	0	0	0.18572316884089074	0.0008769225897264284	0	0.0017448908346826204	0.001744888537260799	0.00174489924301536	0	0	0
6.9183097091893625e-6	0.0011860953793725937	0.00018771705513478346	0	0	0	0	0.19501698385854044	0	0	0	0	0	0	0	0.19350065282481893	0.0009089655711760756	0	0.0018105504292206974	0.0018105467873354589	0.0018105595093483664	0	0	0
7.413102413009192e-6	0.001230422419020113	0.00019543912099445398	0	0	0	0	0.20207105709618634	0	0	0	0	0	0	0	0.20160383261448916	0.0009421794115729297	0	0.0018786807699334	0.0018786756856554606	0.0018786905605087522	0	0	0
7.943282347242822e-6	0.0012692949365547346	0.0002023821618625762	0	0	0	0	0.20797399609527695	0	0	0	0	0	0	0	0.20780253461150003	0.0009708319270200624	0	0.0019352610948801209	0.0019352521768801507	0.0019352661664059523	0	0	0
8.511380382023777e-6	0.0013093955466501911	0.0002095718566055788	0	0	0	0	0.21404937289584078	0	0	0	0	0	0	0	0.21419182775923223	0.001000355790993138	0	0.001993545452370485	0.001993532474346514	0.0019935455117320497	0	0	0
9.120108393559115e-6	0.0013520321244096557	0.0002200124368370237	0	0	0	0	0.22037156239372815	0	0	0	0	0	0	0	0.21968150714645746	0.0010299108969472985	0	0.0020552301074673123	0.0020552077291354025	0.002055223681546156	0	0	0
9.772372209558111e-6	0.0013960570357156041	0.0002309731523449059	0	0	0	0	0.22688048488459858	0	0	0	0	0	0	0	0.22531188555142612	0.0010603391965149911	0	0.0021188234206636425	0.002118791072757659	0.002118810108086383	0	0	0
0.000010471285480509006	0.0014460049139969728	0.0002384673332599027	0	0	0	0	0.23426236580747206	0	0	0	0	0	0	0	0.23254970306608833	0.0010993552396632847	0	0.0021969767836545434	0.002196937168448659	0.002196963795744452	0	0	0
0.000011220184543019652	0.0014977398185107755	0.00024620467121292013	0	0	0	0	0.24188442677926802	0	0	0	0	0	0	0	0.24002002497015293	0.0011398069098523807	0	0.002278012854136399	0.0022779654795455247	0.0022780002329567226	0	0	0
0.000012022644346174132	0.0015415715202662997	0.0002498062148200881	0	0	0	0	0.24921346252265017	0	0	0	0	0	0	0	0.24889659775484738	0.0011765115209000246	0	0.0023497236868364473	0.0023496511682287685	0.0023497044089818933	0	0	0
0.000012882495516931348	0.0015866859668984881	0.00025346044270936196	0	0	0	0	0.2567645661587144	0	0	0	0	0	0	0	0.25810144958380665	0.0012143981115097402	0	0.002423691944694202	0.002423592746216794	0.002423665603590749	0	0	0
0.000013803842646028866	0.0016355508200718604	0.00025999913209854566	0	0	0	0	0.26394965077051846	0	0	0	0	0	0	0	0.2656945420693091	0.0012530620879931172	0	0.0024985714871160847	0.0024984137793236565	0.0024984752346862847	0	0	0
0.000014791083881682102	0.001685920554441293	0.0002667065044524981	0	0	0	0	0.2713357967735056	0	0	0	0	0	0	0	0.2735110159173956	0.0012929570471858093	0	0.0025757644200187766	0.0025755446835934374	0.0025755939635782816	0	0	0
0.00001584893192461114	0.0017438321494111515	0.0002751300223333346	0	0	0	0	0.27984136908643764	0	0	0	0	0	0	0	0.28038309303242687	0.0013383503851185415	0	0.0026628709644118034	0.0026626528216652165	0.0026627090903002704	0	0	0
0.00001698243652461746	0.0018037330153600803	0.0002838195841699966	0	0	0	0	0.2886135658596549	0	0	0	0	0	0	0	0.28742783392012844	0.0013853373994484634	0	0.0027529232557128767	0.002752707065765244	0.0027527707394210273	0	0	0
0.000018197008586099864	0.0018629529808068211	0.0002923764002434085	0	0	0	0	0.29754473825964944	0	0	0	0	0	0	0	0.2950365239185433	0.001431667194433601	0	0.0028408263165980593	0.002840614246252858	0.002840678083087532	0	0	0
0.000019498445997580493	0.0019241172496940763	0.00030119119393851577	0	0	0	0	0.3067522865818962	0	0	0	0	0	0	0	0.30284662852146227	0.0014795463952921608	0	0.0029315361931461885	0.0029313287259541913	0.002931392671454762	0	0	0
0.00002089296130854041	0.001990552558165659	0.00030988129410046243	0	0	0	0	0.3154426020433343	0	0	0	0	0	0	0	0.31186049058071463	0.0015331448737733392	0	0.0030264320963903067	0.0030262271041335306	0.0030262999438924153	0	0	0
0.000022387211385683423	0.0020592817238397803	0.00031882212483602836	0	0	0	0	0.32437911479856113	0	0	0	0	0	0	0	0.321142639295891	0.0015886850263410206	0	0.0031243998472458	0.0031241977075810185	0.003124279950477675	0	0	0
0.000023988329190194948	0.0021281357383993622	0.00032953949938720954	0	0	0	0	0.33383280077585037	0	0	0	0	0	0	0	0.329827590137217	0.0016424306623007983	0	0.0032271015635298105	0.0032268489553522227	0.0032269735860116825	0	0	0
0.000025703957827688645	0.002199291951471229	0.00034061714415906504	0	0	0	0	0.34356200442514906	0	0	0	0	0	0	0	0.33874741595896346	0.001697994527385192	0	0.003333179173759351	0.0033328729982072557	0.003333042713801956	0	0	0
0.00002754228703338169	0.0022682556447664185	0.00035213173322690063	0	0	0	0	0.35289878990666235	0	0	0	0	0	0	0	0.34820438984186486	0.0017513626955249072	0	0.0034347233286228383	0.003434363663719501	0.0034345779104598922	0	0	0
0.0000295120922666639	0.002339381848132071	0.00036403557387433284	0	0	0	0	0.3624893157960369	0	0	0	0	0	0	0	0.35792537859487067	0.0018064082314798158	0	0.0035393609911705775	0.003538944862591919	0.003539206195639541	0	0	0
0.000031622776601683856	0.0024117789594911873	0.0003745052670041875	0	0	0	0	0.37060564399058127	0	0	0	0	0	0	0	0.3677042350611085	0.0018635700589876604	0	0.003645840632784564	0.0036454782025289283	0.003645826057446906	0	0	0
0.000033884415613920276	0.0024864165523421572	0.00038527606937198373	0	0	0	0	0.37890370108164867	0	0	0	0	0	0	0	0.377750259041877	0.0019225407104739847	0	0.003755523653230624	0.0037552185301299836	0.0037556578810059712	0	0	0
0.000036307805477010174	0.0025596051859346526	0.0003962505610656328	0	0	0	0	0.38829048950753475	0	0	0	0	0	0	0	0.3870216936438866	0.001979908489626169	0	0.0038103818361128012	0.0038100765300487834	0.0038104776132885203	0	0	0
0.00003890451449942813	0.00263494815528479	0.0004075376583880957	0	0	0	0	0.39790982197218305	0	0	0	0	0	0	0	0.3965206846737763	0.002038988098372857	0	0.0038660413507151147	0.0038657359214527565	0.003866097525763909	0	0	0
0.00004168693834703355	0.0027149195785199985	0.0004193250797642161	0	0	0	0	0.4072968113018806	0	0	0	0	0	0	0	0.40601854788490627	0.0021024613667620772	0	0.003981846011732265	0.003981505982295774	0.0039818453641369145	0	0	0
0.00004466835921509635	0.0027973181571136155	0.0004314534347935529	0	0	0	0	0.41690524670757195	0	0	0	0	0	0	0	0.4157439134914052	0.0021679105445757832	0	0.004101119523259963	0.0041007430950171005	0.004101058599334151	0	0	0
0.0000478630092322639	0.0028779542216539294	0.00044242726907656865	0	0	0	0	0.42649209631632434	0	0	0	0	0	0	0	0.42432174713003	0.0022331629021366934	0	0.004222554574395782	0.004222181011447358	0.00422252370919985	0	0	0
0.00005128613839913659	0.002960914717860324	0.0004536802181589075	0	0	0	0	0.4362993981408875	0	0	0	0	0	0	0	0.43307656286639135	0.0023003793029916777	0	0.004347585344105666	0.0043472151462227125	0.004347586371394346	0	0	0
0.00005495408738576248	0.003010782344375458	0.00046453766535464443	0.0030052192581008566	0.0004586803538737738	0	0	0.4456024291604194	0	0	0	0	0	0	0	0.4422703951262272	0.002368736393590797	0	0.004467037671956317	0.0044666665026945815	0.004467046966315768	0	0	0
0.00005888436553555896	0.00306148983978627	0.00047565495231171695	0.003056271491223561	0.0004701656155446408	0	0	0.45510382484999173	0	0	0	0	0	0	0	0.4516594043105846	0.002439124754350066	0	0.004589772019019849	0.004589400104485145	0.004589790033974928	0	0	0
0.00006309573444801943	0.0031504088614153613	0.00048691150187565424	0.003145568267436405	0.00048182485417573855	0	0	0.46281484428745395	0	0	0	0	0	0	0	0.45982115641653726	0.0025077337536163866	0	0.004718281819704503	0.004717885278701529	0.004718263288054856	0	0	0
0.00006760829753919819	0.0032419104793688872	0.0004984344418292446	0.0032374740769975526	0.0004937732203843618	0	0	0.470656514836859	0	0	0	0	0	0	0	0.4681303962019321	0.0025782726233298686	0	0.004850389787967789	0.0048499675330629655	0.004850332649340523	0	0	0
0.00007244359600749906	0.003327064611727336	0.0005112229720381099	0.0033215367793484204	0.0005054087923017737	0	0	0.47894067287379094	0	0	0	0	0	0	0	0.4760433611267907	0.002649249214432247	0	0.0049765108444826435	0.0049760719752529135	0.004976460082032308	0	0	0
0.00007762471166286927	0.00341445545799381	0.0005243396226399091	0.003407782213594137	0.0005173185518993954	0	0	0.4873706427123631	0	0	0	0	0	0	0	0.48409008154885985	0.0027221797015031792	0	0.005105911332464235	0.005105455270390187	0.0051058673164258925	0	0	0
0.00008317637711026725	0.0035026912521393767	0.0005341989093544264	0.0034972525277623505	0.0005284933865400297	0	0	0.49455473116580884	0	0	0	0	0	0	0	0.49127098820775505	0.00279371457519327	0	0.00523539697270018	0.005234921729569651	0.0052353635589815276	0	0	0
0.00008912509381337459	0.0035932072211076354	0.0005442435826587077	0.0035890718585682613	0.0005399096138946649	0	0	0.501844716697134	0	0	0	0	0	0	0	0.4985584151660938	0.0028671292800168595	0	0.005368166361896032	0.005367671258165025	0.005368144116580388	0	0	0
0.00009549925860214369	0.0036858042063241695	0.000556257706033655	0.0036810620334871117	0.0005512791568132389	0	0	0.5080828038208338	0	0	0	0	0	0	0	0.5046738513932061	0.0029423039042426836	0	0.005500356271524377	0.00549986325693676	0.005500331777006047	0	0	0
0.00010232929922807557	0.0037807874167549937	0.0005685370399964112	0.0037754099745959543	0.0005628881222255976	0	0	0.5143984323227093	0	0	0	0	0	0	0	0.5108643010171644	0.003019449567642389	0	0.005635801328446885	0.005635310806150912	0.005635774487443281	0	0	0
0.00010964781961431851	0.0039020428108646147	0.0005808258466215543	0.0038961408139340115	0.0005746178737018621	0	0	0.519543044933674	0	0	0	0	0	0	0	0.5159280951216131	0.0030966818633104114	0	0.005769169769209947	0.005768677728316576	0.005769134793550603	0	0	0
0.00011748975549395303	0.004027187043192295	0.0005933802731758232	0.004020732408968886	0.0005865920557572448	0	0	0.5247391099543921	0	0	0	0	0	0	0	0.5210420826153447	0.0031758896274737707	0	0.005905694307918067	0.00590520095126843	0.005905650827638987	0	0	0
0.00012589254117941688	0.0041168411592688425	0.0006071604093656352	0.004107815154814018	0.0005976524084616837	0	0	0.5286953373623793	0	0	0	0	0	0	0	0.5248354017834272	0.003249383212461183	0	0.00606850571592161	0.006068028901586632	0.006068524416989573	0	0	0
0.0001348962882591656	0.004208491174826397	0.0006212605631933643	0.004196783976093307	0.0006089213071236492	0	0	0.532681392421872	0	0	0	0	0	0	0	0.5286563372819183	0.003324577519976085	0	0.006235805597793569	0.006235346612985532	0.006235889942433575	0	0	0
0.0001445439770745928	0.004297440101908226	0.0006333014419427687	0.004284199096769577	0.0006193389256392741	0	0	0.5355291956715381	0	0	0	0	0	0	0	0.5319287140450845	0.0033999471667785826	0	0.006358119453461581	0.006357647423568375	0.006358246035209107	0	0	0
0.00015488166189124827	0.004388269016686424	0.0006455756893777875	0.004373434993393884	0.0006299347720708321	0	0	0.538392223750649	0	0	0	0	0	0	0	0.5352213467834919	0.0034770254768999426	0	0.006482832466552582	0.006482347056413625	0.006483002910162859	0	0	0
0.00016595869074375631	0.004473847051787388	0.0006547402406872572	0.004459750349965177	0.0006398826088207882	0	0	0.540155081506228	0	0	0	0	0	0	0	0.5370413009260686	0.003552301425632004	0	0.006580347705566871	0.006579859040109797	0.006580511620964483	0	0	0
0.00017782794100389227	0.004561093990974181	0.0006640348913825684	0.004547769250956639	0.0006499875403373615	0	0	0.541923711387274	0	0	0	0	0	0	0	0.538867443598121	0.0036292070628708385	0	0.006679329775922082	0.006678837867046766	0.006679486928158825	0	0	0
0.00019054607179632481	0.004628776378039454	0.0006719903654465967	0.004616947755481583	0.0006595290474051426	0	0	0.5420839906970895	0	0	0	0	0	0	0	0.5390615651125323	0.003691799355964741	0	0.006797415172664656	0.006796912483455387	0.006797518552561749	0	0	0
0.00020417379446695317	0.004697463108695982	0.0006800411501161451	0.004687178570540394	0.0006692106192456702	0	0	0.5422443174111009	0	0	0	0	0	0	0	0.5392557565572457	0.0037554711672803773	0	0.006917588228108291	0.00691707453113839	0.006917635885718825	0	0	0
0.00021877616239495564	0.004777611714247573	0.000688062248260548	0.004768214746566454	0.0006781745961432514	0	0	0.5413383820902451	0	0	0	0	0	0	0	0.5376655454692052	0.0038283166781277658	0	0.007028286814270711	0.007027758892494174	0.0070283071849716935	0	0	0
0.00023442288153199226	0.004859127823667374	0.0006961779554082912	0.004850651949185835	0.0006872586441806362	0	0	0.5404339603284621	0	0	0	0	0	0	0	0.5360800237540171	0.003902575185697616	0	0.0071407568526465895	0.007140214382351424	0.007140749051031024	0	0	0
0.0002511886431509582	0.004933873941404602	0.0007044128465541586	0.00492481559178832	0.0006948767623521224	0	0	0.537742225929903	0	0	0	0	0	0	0	0.5332488291890765	0.003971110403069185	0	0.007240915443824419	0.007240354272051643	0.0072409160326540505	0	0	0
0.00026915348039269194	0.005009769850281208	0.0007127451458866218	0.005000113153282881	0.0007025793257684457	0	0	0.5350638982278215	0	0	0	0	0	0	0	0.5304325869863008	0.004040849204176279	0	0.007342478892161474	0.0073418986010266776	0.007342488108355549	0	0	0
0.00028840315031266115	0.005077549485842359	0.0007206158480503224	0.00506616041209129	0.0007086149872625408	0	0	0.5307484860547167	0	0	0	0	0	0	0	0.5264014820004881	0.004104573646625669	0	0.007430576127686319	0.007429981004641162	0.007430576374722323	0	0	0
0.0003090295432513592	0.00514624614536551	0.0007285734648046138	0.0051330800992353005	0.0007147024994279208	0	0	0.5264678786634068	0	0	0	0	0	0	0	0.522401012024299	0.004169303027482879	0	0.0075197303799246175	0.007519120152600413	0.007519721441257783	0	0	0
0.0003311311214825914	0.0052033659103057905	0.0007332786663440253	0.005190644572273641	0.0007198790035601376	0	0	0.5209176891426884	0	0	0	0	0	0	0	0.5170242052522939	0.004227656677842924	0	0.007595367914765094	0.00759477671716889	0.007595377634206638	0	0	0
0.000354813389233576	0.005261119665042649	0.0007380142545535483	0.005248854597006512	0.000725093000488382	0	0	0.5154260114608964	0	0	0	0	0	0	0	0.5117027392058967	0.004286827047085697	0	0.007671766253037039	0.007671194529815093	0.007671795006884857	0	0	0
0.00038018939632056124	0.005307381971850375	0.0007403220882553764	0.00529643794512308	0.0007288035190293218	0	0	0.5088094212671942	0	0	0	0	0	0	0	0.5050914504401587	0.004338878349545869	0	0.007732301393655852	0.007731725258051873	0.007732330573996422	0	0	0
0.00040738027780411304	0.005354051074391236	0.0007426371387505975	0.0053444526587835385	0.0007325330254074553	0	0	0.5022777690952801	0	0	0	0	0	0	0	0.4985655806800178	0.0043915616667941524	0	0.007793314195236824	0.007792733613214518	0.007793343807010472	0	0	0
0.00043651583224016654	0.005388544580111287	0.0007446054125194891	0.0053788633451748126	0.000734414131136599	0	0	0.49425459307573116	0	0	0	0	0	0	0	0.4909438534720582	0.004434712470576807	0	0.007834487471748018	0.007833901599797225	0.007834500720297947	0	0	0
0.00046773514128719906	0.0054232603104460006	0.0007465789029701597	0.005413495587525797	0.0007363000674448998	0	0	0.486359575930418	0	0	0	0	0	0	0	0.4834386419801526	0.004478287267464506	0	0.00787587827300623	0.007875287071437611	0.007875874984642092	0	0	0
0.0005011872336272725	0.005444501333506303	0.0007466876610166027	0.0054348084000968855	0.0007364843356332676	0	0	0.4774358770234708	0	0	0	0	0	0	0	0.4742243118816851	0.004512965690698152	0	0.007897773960768975	0.007897194823974758	0.007897776968200838	4.332657066702459e-11	4.332657066702459e-11	4.332657066702459e-11
0.0005370317963702533	0.005465825550260951	0.0007467964349063977	0.005456205120740371	0.0007366686499370259	0	0	0.46867590965615524	0	0	0	0	0	0	0	0.4651856067163334	0.004547912652541792	0	0.007919730520618099	0.007919163520273937	0.007919739858882247	4.0434708413785443e-11	4.0434708413785443e-11	4.0434708413785443e-11
0.0005754399373371578	0.005471794464917732	0.0007447348981847107	0.005462541193613882	0.000734996345616077	0	0	0.4585756171670851	0	0	0	0	0	0	0	0.4550200848670983	0.004572190273294438	0	0.00792045969314707	0.007919895955627037	0.007920454289069396	3.773586552863752e-11	3.773586552863752e-11	3.773586552863752e-11
0.0006165950018614823	0.005477769897883932	0.0007426790523493974	0.005468884624315511	0.000733327837576865	0	0	0.4486929930203879	0	0	0	0	0	0	0	0.445076706250533	0.004596597492593588	0	0.007921188932811223	0.00792062845872234	0.007921168783704424	3.5217158798897934e-11	3.5217158798897934e-11	3.5217158798897934e-11
0.0006606934480075965	0.005468360273606843	0.0007383827847608666	0.005459995194682685	0.0007295825696253421	0	0	0.43751454793111755	0.43705457569236195	0	0	0	0	0	0	0.4340645041073932	0.004610912801859373	0	0.007899831336814904	0.007899278551835899	0.007899792583831368	3.286656491092208e-11	3.286656491092208e-11	3.286656491092208e-11
0.0007079457843841388	0.005458966813029703	0.0007341113703240886	0.005451120214423836	0.0007258564295881151	0	0	0.4266145953446441	0.4263441687173682	0	0	0	0	0	0	0.4233247686971517	0.00462527269368425	0	0.007878531326480347	0.007877986193226898	0.00787847407013234	3.067286305554149e-11	3.067286305554149e-11	3.067286305554149e-11
0.0007585775750291852	0.005433070010788973	0.0007281223095246293	0.005425318933674815	0.0007199668385399344	0	0	0.4147940418538744	0.4145590533009777	0	0	0	0	0	0	0.411466518452954	0.004628192836855104	0	0.007833059188798869	0.007832538326669566	0.00783301531245059	2.8625581364341214e-11	2.8625581364341214e-11	2.8625581364341214e-11
0.0008128305161640995	0.005407296060433831	0.0007221821089536178	0.00539963977573031	0.0007141250355684329	0	0	0.4033010099396124	0.40309970508294185	0	0	0	0	0	0	0.39994044366659	0.004631114823643993	0	0.0077878495004521375	0.0077873526474941425	0.007787818851583128	2.6714946921085677e-11	2.6714946921085677e-11	2.6714946921085677e-11
0.0008709635899560814	0.0053654213599936525	0.0007140927914453829	0.005357916156015362	0.0007061942450833299	0	0	0.3908895760982223	0.3907003000557726	0	0	0	0	0	0	0.3876115448059231	0.004623238827132329	0	0.007719878141159591	0.007719401860074935	0.007719870291027598	2.4931839109666523e-11	2.4931839109666523e-11	2.4931839109666523e-11
0.0009332543007969925	0.005323870941878198	0.0007060940841266532	0.0053165149393706946	0.0006983515308237979	0.005324209018656257	0.0007064511050515273	0.3788600993712522	0.3786823025143671	0	0	0	0	0	0	0.3756627069006401	0.004615376225089043	0	0.00765250002724034	0.007652043996813636	0.007652514580276299	2.3267746075874895e-11	2.3267746075874895e-11	2.3267746075874895e-11
0.001	0.005265206411587981	0.0006955086021175347	0.005258411011518698	0.0006883593212363272	0.005266223720362339	0.000696585675973612	0.36595988815867403	0.36593704796836285	0	0	0	0	0	0	0.3629929673847738	0.004596490922179058	0	0.007561399743128898	0.007560955336318483	0.007561411856583159	2.1714724095162588e-11	2.1714724095162588e-11	2.1714724095162588e-11
0.001071519305237607	0.00520718831453248	0.0006850818134495512	0.00520094209860982	0.0006785100829864037	0.005208869932740984	0.0006868580153699703	0.35349892998331245	0.3536207585795992	0	0	0	0	0	0	0.3507505321939073	0.004577682894587188	0	0.007471383975415444	0.007470950980105195	0.007471393705310917	2.0265359652430525e-11	2.0265359652430525e-11	2.0265359652430525e-11
0.001148153621496884	0.005133550474889653	0.000673640936788576	0.00512713698916761	0.0006668909831733068	0.005134431727542962	0.000674569131321164	0.34055479767964253	0.3407295242963978	0	0	0	0	0	0	0.3379768210801598	0.004547894562076394	0	0.00735885582049849	0.007358432362527029	0.00735885876120038	1.8912734052828595e-11	1.8912734052828595e-11	1.8912734052828595e-11
0.0012302687708123836	0.005060953990216096	0.0006623911229411243	0.0050543792273167595	0.0006554708538454716	0.005061057293655156	0.0006625001131948411	0.32808464293823225	0.3283082395772771	0	0	0	0	0	0	0.3256683058268343	0.004518300071029546	0	0.007248022476836143	0.00724760836713758	0.007248018830650291	1.7650390394631983e-11	1.7650390394631983e-11	1.7650390394631983e-11
0.0013182567385564075	0.004972276155574887	0.0006488347840514167	0.004965910802831044	0.0006421357383006262	0.004972322254044787	0.0006488835051761231	0.31512515949927056	0.3152518072217759	0	0	0	0	0	0	0.31264901096907105	0.0044784995998202815	0	0.007115016595578357	0.0071146082412555725	0.007115008402531879	1.647230274653622e-11	1.647230274653622e-11	1.647230274653622e-11
0.0014125375446227555	0.004885152130427278	0.0006355558859632651	0.004878990869619725	0.0006290719167508551	0.004885142997504597	0.0006355467643004325	0.3026775811879021	0.30271461381706444	0	0	0	0	0	0	0.30015019058045506	0.0044390497200909075	0	0.006984451457917287	0.006984048787190886	0.006984438886116604	1.5372847382235007e-11	1.5372847382235007e-11	1.5372847382235007e-11
0.0015135612484362103	0.004784247292475879	0.0006212709391887707	0.004777672085932192	0.0006143475587470406	0.004783814625994107	0.0006208131406830033	0.28990110655710044	0.28986404730836124	0	0	0	0	0	0	0.28734608337486045	0.004390215265991038	0	0.006833868162698017	0.00683347828725454	0.006833860361584856	1.4346775934966578e-11	1.4346775934966578e-11	1.4346775934966578e-11
0.0016218100973589332	0.004685426685690703	0.0006073070652087504	0.004678457322564071	0.0005999678461054677	0.004684588022820432	0.0006064210807035221	0.2776639460814829	0.2775590014057243	0	0	0	0	0	0	0.27508818658817413	0.0043419180448706594	0	0.006686531411453706	0.006686153966739598	0.00668652818116462	1.3389190343878325e-11	1.3389190343878325e-11	1.3389190343878325e-11
0.0017378008287493763	0.004571875765350852	0.0005907660400947161	0.004565353927503435	0.0005838997335454554	0.004571585974524504	0.0005904613749635286	0.26503246692534776	0.26494724780956297	0	0	0	0	0	0	0.2625032045068103	0.00428530154952675	0	0.006519641367650813	0.006519274749390036	0.006519636425512336	1.2495519472614007e-11	1.2495519472614007e-11	1.2495519472614007e-11
0.0018620871366628695	0.004461076741983238	0.0005746755375046198	0.00445498484785752	0.0005682619511154941	0.004461309771672579	0.000574921694541605	0.2529756186059613	0.2529085483314977	0	0	0	0	0	0	0.2504939715186827	0.004229423305691018	0	0.006356916755071763	0.006356560657959152	0.0063569101885492686	1.1661497288509565e-11	1.1661497288509565e-11	1.1661497288509565e-11
0.001995262314968883	0.00433787732422714	0.0005575831583144536	0.004331684479207361	0.0005510612397747661	0.004338007699276513	0.0005577202987540608	0.24073006363808142	0.24075368276787024	0	0	0	0	0	0	0.23839415280943893	0.00416651292591495	0	0.006175992999011445	0.006175651684573612	0.006175992036108422	1.0883142498233994e-11	1.0883142498233994e-11	1.0883142498233994e-11
0.0021379620895022326	0.004218080245729771	0.0005409991519491502	0.0042117966880245725	0.0005343811764732863	0.004218113460417073	0.0005410335609101105	0.22907726783528543	0.22918298392317984	0	0	0	0	0	0	0.2268788017099705	0.004104538303947341	0	0.006000218501116396	0.005999891416346806	0.006000222828188076	1.01567395426634e-11	1.01567395426634e-11	1.01567395426634e-11
0.0022908676527677745	0.004086458434305742	0.0005227210130490226	0.004080328444877895	0.0005162641225766166	0.004086185173517128	0.000522430507867788	0.21745319679472833	0.2175285514321294	0	0	0	0	0	0	0.21535245445287773	0.00403442662465458	0	0.005808160809906017	0.005807851464352531	0.0058081694528533175	9.478820860265478e-12	9.478820860265478e-12	9.478820860265478e-12
0.0024547089156850338	0.003958943775954506	0.0005050604173750692	0.003952963889595641	0.0004987612887467182	0.003958383156108908	0.0005044671075337252	0.2064189661553282	0.20646677112826736	0	0	0	0	0	0	0.20441169156986375	0.0039655125581526465	0	0.005622250587616343	0.005621958180789871	0.00562226326572034	8.846150334326984e-12	8.846150334326984e-12	8.846150334326984e-12
0.002630267991895387	0.003821270695824537	0.000486120596766371	0.0038154922688886077	0.0004800331891497312	0.0038211056860355075	0.00048594613108726177	0.1952753125217023	0.1953434814995989	0.19547295842697357	0	0	0	0	0	0.1933716002418773	0.003889076663685444	0	0.005422224791348002	0.00542194995640052	0.0054222413801571796	8.255707845007393e-12	8.255707845007393e-12	8.255707845007393e-12
0.002818382931264455	0.0036883852252351792	0.0004678910214913982	0.003682801477712951	0.0004620083151687424	0.003688589024364572	0.0004681051327075707	0.18473325581794794	0.18481945329923294	0.18497870794125215	0	0	0	0	0	0.18292777430162044	0.003814114083418447	0	0.005229315419107603	0.005229057275837188	0.00522933562431143	7.704674852476621e-12	7.704674852476621e-12	7.704674852476621e-12
0.003019951720402019	0.0035469833175545687	0.00044884324467461736	0.003541449059979315	0.00044301187080890864	0.0035469078769777927	0.0004487620794357461	0.17426992253904386	0.17434416277504064	0.17450315858499169	0	0	0	0	0	0.17254130135009724	0.0037337923714847263	0	0.0050243523704205295	0.0050241019401022855	0.0050243650850050605	7.190420942316224e-12	7.190420942316224e-12	7.190420942316224e-12
0.0032359365692962876	0.003411002345669634	0.000430570900137998	0.003405521997405351	0.0004247965052445605	0.0034106687962978896	0.0004302183203475007	0.16439923481721974	0.16446259606945843	0.16462085120526354	0	0	0	0	0	0.16274456290326908	0.003655162160451834	0	0.00482742284963533	0.00482717992422416	0.004827428629758666	6.710491268957367e-12	6.710491268957367e-12	6.710491268957367e-12
0.0034673685045253167	0.0032671844320008013	0.00041114187138685965	0.003262019150458715	0.00040569999249132283	0.00326669954486527	0.0004106288691887278	0.154747263955485	0.1547030509881332	0.15487597216719853	0	0	0	0	0	0.15311734345980602	0.003570333742834801	0	0.004620081314308111	0.0046198470305512255	0.0046200850624630455	6.262594837215129e-12	6.262594837215129e-12	6.262594837215129e-12
0.003715352290971728	0.0031294303055112134	0.0003925895557579766	0.0031245632669724445	0.0003874619538423491	0.0031288074432809622	0.00039193139909759464	0.1456619656918272	0.1455226571695921	0.14570794999004277	0	0	0	0	0	0.1440596260172647	0.0034874740095386042	0	0.004421645257869087	0.004421419321576925	0.0044216471379425115	5.844593565980047e-12	5.844593565980047e-12	5.844593565980047e-12
0.003981071705534978	0.0029852924116274826	0.00037316167084664164	0.002980838112143875	0.00036847005455524414	0.0029849575884936283	0.00037280870573688676	0.13670367667031302	0.1365552790074486	0.13667865217306716	0	0	0	0	0	0.13516442259567962	0.0033980777667821974	0	0.004214208484282125	0.004213992967880428	0.004214210684116654	5.454492081861298e-12	5.454492081861298e-12	5.454492081861298e-12
0.004265795188015935	0.0028477933402849195	0.0003546952040540318	0.002843724095693858	0.000350409065348354	0.0028477213656083722	0.00035461902616943324	0.12829632722874904	0.12814048745049045	0.1282088860705465	0	0	0	0	0	0.1268184684405191	0.0033109730646070537	0	0.004016503385790446	0.004016297808870186	0.004016505871245729	5.090428194060187e-12	5.090428194060187e-12	5.090428194060187e-12
0.004570881896148752	0.0027051912942299334	0.0003360326587443512	0.002701239202736531	0.0003318693198918375	0.002705082890126345	0.0003359178115884402	0.12004166324132383	0.11993625876833057	0.11991892437161424	0	0	0	0	0	0.11868874391006265	0.003216867596922236	0	0.003812057708314395	0.00381186255183443	0.0038120596665973255	4.750664005004936e-12	4.750664005004936e-12	4.750664005004936e-12
0.004897788193684466	0.0025697299852682604	0.00031835205678618696	0.00256589352020816	0.0003143104912995881	0.0025695889811505578	0.00031820282561052576	0.11231810937230273	0.11225730800268527	0.11216498998776156	0	0	0	0	0	0.11108017707653957	0.003125436823013344	0	0.003618018603676423	0.0036178333394467966	0.0036180200820149742	4.4335776143123136e-12	4.4335776143123136e-12	4.4335776143123136e-12
0.005248074602497733	0.0024299615827228045	0.0003000331870208742	0.00242634757852618	0.00029622618601964323	0.0024298273096224595	0.00029989149048908673	0.1048367994649833	0.10484677992399134	0.10468150062783484	0	0	0	0	0	0.10370095611441389	0.003025667377070987	0	0.003418045007358193	0.003417870257838662	0.0034180457835472724	4.1376553764742274e-12	4.1376553764742274e-12	4.1376553764742274e-12
0.005623413251903491	0.002297795226486536	0.0002827684363740817	0.0022943908332338993	0.00027918238720229236	0.002297667369332946	0.000282633901491009	0.09785380633171006	0.09792544873931003	0.09769729908495572	0	0	0	0	0	0.09681194774863985	0.0029290827474942535	0	0.0032291242672037846	0.003228959436037594	0.0032291244143450694	3.8614846753103705e-12	3.8614846753103705e-12	3.8614846753103705e-12
0.0060255958607435805	0.0021626686259291787	0.0002650884013714356	0.0021595740192602506	0.0002618292965579078	0.0021625080008408596	0.0002649188424895429	0.09113041906531759	0.09120772694606268	0.0909825469741351	0	0	0	0	0	0.0901453057355355	0.0028235427379614693	0	0.0030363139246990076	0.0030361589212437668	0.00303631365175535	3.6037471806950754e-12	3.6037471806950754e-12	3.6037471806950754e-12
0.006456542290346563	0.0020354884245842968	0.00024851380671320346	0.002032678947766885	0.0002455548189232113	0.0020352993284046953	0.0002483141361873456	0.08486898558517487	0.08495084333811283	0.08472930092675804	0	0	0	0	0	0.08393774048686398	0.00272180552082904	0	0.002855016247889503	0.002854870486189897	0.002855015604502726	3.3632125553687075e-12	3.3632125553687075e-12	3.3632125553687075e-12
0.006918309709189377	0.0019062530571136002	0.00023186349448167226	0.0019037100405422803	0.00022918595580662327	0.0019061928561600325	0.000231800648227326	0.07883045939287406	0.07887546606060956	0.0786612558019235	0	0	0	0	0	0.07794311516192341	0.002610199609991027	0	0.0026711566172262155	0.0026710191255830927	0.0026711554798860416	3.1387325817922827e-12	3.1387325817922827e-12	3.1387325817922827e-12
0.007413102413009177	0.00178522298327345	0.0002163287456108823	0.0017829239203972524	0.0002139082530301361	0.0017852760791325995	0.00021638534697867464	0.0732215813025707	0.07323457780774273	0.07302778491804572	0	0	0	0	0	0.07237661111565911	0.002503170028813112	0	0.0024991373268106044	0.0024990076445646956	0.002499135761805406	2.9292356810092956e-12	2.9292356810092956e-12	2.9292356810092956e-12
0.00794328234724282	0.0016633185696468835	0.00020090108069557554	0.001661138195585247	0.00019860521656712624	0.0016633693181050118	0.00020095503104801288	0.0678332052560333	0.06784930295066084	0.06762121603911886	0	0	0	0	0	0.06706127792421077	0.002386135974373583	0	0.002325977992602906	0.0023258552128670273	0.0023259752417430063	2.733721797349927e-12	2.733721797349927e-12	2.733721797349927e-12
0.008511380382023776	0.0015497384304671922	0.00018657365257065397	0.0015476712568965893	0.00018439696219723763	0.0015497869045315474	0.00018662504216372682	0.062841359793818	0.06286003208724507	0.06261491929052408	0	0	0	0	0	0.06213630242567736	0.0022745737695251283	0	0.0021648164604773836	0.002164700249311573	0.002164812695606849	2.5512576245592977e-12	2.5512576245592977e-12	2.5512576245592977e-12
0.009120108393559097	0.001435943799931823	0.00017225730260502674	0.0014340372865270202	0.00017024988077869943	0.0014360033989152313	0.00017232058834486805	0.058098081309118935	0.05808845266531532	0.057824757253355265	0	0	0	0	0	0.057452700389799875	0.0021533871741328857	0	0.002003870772972841	0.00200376092268433	0.0020038666259817833	2.3809721505610834e-12	2.3809721505610834e-12	2.3809721505610834e-12
0.009772372209558112	0.0013305049136201883	0.00015903948865193	0.001328746612037895	0.00015718817468455824	0.0013305737425361726	0.000159112543650334	0.053712826439077765	0.05367907430221059	0.05340105184668789	0	0	0	0	0	0.053122130754855904	0.0020386572569541703	0	0.001854890771612698	0.0018547869787300267	0.0018548863201294044	2.2220524995889906e-12	2.2220524995889906e-12	2.2220524995889906e-12
0.010471285480509006	0.0012261818038670018	0.00014607091402072674	0.001224504172826477	0.0001443043696360181	0.0012262511640814744	0.00014614468373497997	0.049519214089354356	0.04947186057632645	0.04917000954869891	0	0	0	0	0	0.04897810742002388	0.0019163374535836348	0	0.0017076096096228927	0.0017075111267822953	0.001707605853259134	2.0737400518381286e-12	2.0737400518381286e-12	2.0737400518381286e-12
0.011220184543019653	0.0011300385295410758	0.00013415983730649173	0.0011284397308602072	0.00013247657553017066	0.0011301079146090933	0.00013423371969298843	0.045653016729786035	0.045594396339705356	0.04527419882964526	0	0	0	0	0	0.04515735668656548	0.0018013568604925941	0	0.001572022796976476	0.0015719294353045612	0.0015720196534100422	1.9353268221129076e-12	1.9353268221129076e-12	1.9353268221129076e-12
0.012022644346174132	0.0010357153389652903	0.00012259833428928467	0.0010341955421793402	0.0001209979756635568	0.0010358649919063208	0.00012275716915419565	0.041977177602239304	0.041926771883538765	0.04157320039328843	0	0	0	0	0	0.0415507557983156	0.0016808521706048517	0	0.0014394300374483337	0.0014393419780047172	0.0014394271847688776	1.8061520801846466e-12	1.8061520801846466e-12	1.8061520801846466e-12
0.01288249551693135	0.0009492652111637509	0.0001120331678412068	0.0009478223694306592	0.00011051395355056094	0.000949481255361562	0.00011226182670954418	0.03859730562559467	0.03855417204073137	0.038174744901478264	0	0	0	0	0	0.038232204763324534	0.001568408837466247	0	0.001318020856118355	0.001317937868658292	0.0013180182676197168	1.6855991967257525e-12	1.6855991967257525e-12	1.6855991967257525e-12
0.013803842646028866	0.0008653209412099141	0.00010191204169960767	0.0008639491604939945	0.00010046750721698762	0.0008654808146983374	0.00010208109335448376	0.03540189743541563	0.03538635045771143	0.034957810968842984	0	0	0	0	0	0.03507650065545075	0.0014531587151506526	0	0.0012004367000854623	0.0012003587801782253	0.0012004347013304716	1.573092699764261e-12	1.573092699764261e-12	1.573092699764261e-12
0.014791083881682071	0.0007887999291351322	0.00009270526258887508	0.0007874979278729557	0.00009133434903111615	0.000788911878334721	0.00009282362425304214	0.032471031894946704	0.032478814417103014	0.032011963691892	0	0	0	0	0	0.0321812698443199	0.001346377424670527	0	0.001093342540235702	0.001093269444194519	0.0010933410466008508	1.4680955276073484e-12	1.4680955276073484e-12	1.4680955276073484e-12
0.01584893192461114	0.0007155903559451228	0.00008394252776860341	0.000714344677396116	0.00008263067784583427	0.0007156471111970925	0.00008400253010446893	0.029730653427136974	0.02974327053084771	0.02922337871083173	0	0	0	0	0	0.02947697956232163	0.0012394047611676703	0	0.0009910471374008775	0.0009909785168598305	0.0009910448301935378	1.370106465120385e-12	1.370106465120385e-12	1.370106465120385e-12
0.01698243652461746	0.0006491754608587734	0.00007600806870513443	0.000647986870901943	0.0000747564196131283	0.00064918630563127	0.00007601971072273596	0.027221547995895063	0.027238129154287697	0.02667770935567429	0	0	0	0	0	0.026999939042830812	0.0011409313123183083	0	0.000898322705287527	0.0008982583626502423	0.0008983197498226747	1.278657751123361e-12	1.278657751123361e-12	1.278657751123361e-12
0.018197008586099864	0.0005861054970320912	0.0000685290389362398	0.0005849759267748298	0.00006733931636822975	0.0005860767175686387	0.00006849868103097464	0.024863548627849247	0.024883337958988495	0.02428251164084825	0	0	0	0	0	0.024681900732329634	0.0010440381806767825	0	0.0008104759307636324	0.0008104166374073463	0.0008104741254736728	1.1933128454832846e-12	1.1933128454832846e-12	1.1933128454832846e-12
0.019498445997580455	0.0005291630296635128	0.00006178592954049687	0.0005280922350012477	0.000060658115415471486	0.0005291022251956232	0.00006172174635202763	0.022709805131679067	0.02273212321132455	0.022102361328204412	0	0	0	0	0	0.022562874041833565	0.0009553736591697514	0	0.0007312196724861065	0.0007311650561747826	0.0007312188206838164	1.1136643452435723e-12	1.1136643452435723e-12	1.1136643452435723e-12
0.02089296130854041	0.000475644975926614	0.00005548096744619928	0.0004746170002611521	0.00005439800928410107	0.00047558933599104635	0.00005542222357947094	0.02070052263329239	0.02071679698796247	0.020047295193104785	0	0	0	0	0	0.020582123140805555	0.0008699792017061944	0	0.0006567451286144671	0.0006566952581247723	0.0006567445826045406	1.039332039842828e-12	1.039332039842828e-12	1.039332039842828e-12
0.022387211385683423	0.0004275395869361681	0.000049819396934842524	0.00042655673006887214	0.00004878396557170964	0.0004274886888347106	0.00004976565065048524	0.018869014278493215	0.01888014038330753	0.01818330804530975	0	0	0	0	0	0.018775258515287004	0.0007922175832847281	0	0.0005898557987265155	0.000589810273893168	0.0005898555050553267	9.699610961394286e-13	9.699610961394286e-13	9.699610961394286e-13
0.02398832919019495	0.00038252695470875644	0.00004455932695846962	0.00038158052313864017	0.00004356203082764454	0.00038240408659957656	0.00004442945809571109	0.0171598072502343	0.017173035459978718	0.016431698743067324	0	0	0	0	0	0.01708205613563437	0.0007180606069219935	0	0.0005274201331495447	0.0005273776947526267	0.000527419870172698	9.052203645778849e-13	9.052203645778849e-13	9.052203645778849e-13
0.025703957827688646	0.0003422533855341032	0.000039854629745691834	0.0003413466143536163	0.000038899062583160064	0.0003420742800158584	0.00003966544636464639	0.015605424879073685	0.015620283584884164	0.014848823047496344	0	0	0	0	0	0.015541551216638696	0.0006508452300128624	0	0.0004715932223639254	0.00047155372707694264	0.00047159298687378517	8.448007984113324e-13	8.448007984113324e-13	8.448007984113324e-13
0.02754228703338169	0.00030490649215802687	0.00003545799884030283	0.0003040812840397103	0.000034588380138581266	0.0003047802388148327	0.00003532460584598996	0.014158604699335928	0.014177642719934585	0.013360487085118182	0	0	0	0	0	0.014112640836558039	0.000587601636424707	0	0.00041988923764636705	0.0004198527654841401	0.0004198898697265815	7.884139784341075e-13	7.884139784341075e-13	7.884139784341075e-13
0.0295120922666639	0.00027163491404192194	0.00003154638971134398	0.00027088426665175546	0.00003075539514746351	0.00027155211425927754	0.00003145881094348983	0.012845923041856756	0.012868239683473367	0.012021330888019903	0	0	0	0	0	0.012815106330470978	0.0005305035163615929	0	0.0003738539137765476	0.00037382027659367333	0.0003738552260239433	7.357907361820966e-13	7.357907361820966e-13	7.357907361820966e-13
0.03162277660168379	0.00024084713000192823	0.000027911474460824925	0.00024019585630059745	0.00002722534921499743	0.00024083227645774235	0.000027895758272575416	0.011622529798788889	0.011652382894585502	0.010776963567146244	0	0	0	0	0	0.011607907269487867	0.0004766677195580384	0	0.0003313371293251924	0.00033130577667062224	0.0003313382233543091	6.866798690285269e-13	6.866798690285269e-13	6.866798690285269e-13
0.03388441561392028	0.00021354891080464406	0.00002469539030316158	0.00021298412822974187	0.000024100475260506913	0.00021358767742253617	0.00002473626008941682	0.010515647531406222	0.010551406444224662	0.009661404782006435	0	0	0	0	0	0.01051442787147571	0.00042829520985454014	0	0.00029365559440171305	0.00029362644171020195	0.0002936565028746141	6.408469410415868e-13	6.408469410415868e-13	6.408469410415868e-13
0.03630780547701017	0.00018853292167194253	0.000021789922124979494	0.0001880091769642421	0.000021238229598178725	0.00018855929846068594	0.000021817747697023776	0.009497811647964169	0.009529724496452324	0.00861892309737616	0	0	0	0	0	0.009508950566253244	0.0003832395811173564	0	0.000259108749778065	0.0002590819567375767	0.0002591093896338327	5.980731638796564e-13	5.980731638796564e-13	5.980731638796564e-13
0.038904514499428125	0.00016644740738891092	0.000019226288808720925	0.0001659628391869796	0.00001871591292658464	0.0001664637654430272	0.00001924357654917463	0.008578494651022268	0.008606970971911675	0.007688926924667875	0	0	0	0	0	0.008599625388723817	0.0003429236964496715	0	0.0002286261371874624	0.0002286015520809934	0.00022862655905523668	5.581543523819527e-13	5.581543523819527e-13	5.581543523819527e-13
0.04168693834703355	0.00014626979805052004	0.000016901692557235487	0.00014580693731693704	0.000016414070240933715	0.00014624652467592502	0.00001687710029805612	0.007729263760870381	0.007756201534552411	0.006830304609028817	0	0.005798428209346566	0.005752046086259502	0	0	0.007756422644365244	0.00030557394079563433	0	0.00020076610344463094	0.00020074360548481146	0.0002007661357600441	5.208999498690173e-13	5.208999498690173e-13	5.208999498690173e-13
0.04466835921509635	0.0001285382221169112	0.000014858156669826542	0.00012809893512241762	0.000014395327811747328	0.00012848469408861224	0.00001480164114725657	0.0069641027610811415	0.006989527725946459	0.006067564630175666	0	0.005228379574235621	0.005184088395274222	0	0	0.006995896858124629	0.00027229215787681106	0	0.00017630105108800532	0.00017628049668168456	0.00017630078252755423	4.861321185001972e-13	4.861321185001972e-13	4.861321185001972e-13
0.0478630092322639	0.00011237553181937388	0.000012997822638731755	0.00011195869080982113	0.00001255860139057963	0.00011231737374448553	0.000012936415043998267	0.006260079743377694	0.006287009637133561	0.005369018074772723	0	0.0046949094837162395	0.004652765750018069	0.004657672226438298	0.004676673225659612	0.006294311096414543	0.00024157161940244155	0	0.00015403165874823638	0.00015401284116491507	0.00015403114801534066	4.536848903458612e-13	4.536848903458612e-13	4.536848903458612e-13
0.05128613839913648	0.00009824517519933649	0.000011370414049477163	0.00009785208937037887	0.000010956226280499346	0.00009818439880596333	0.000011306235067156952	0.0056272286233990075	0.0056551017074702396	0.0047508937842828955	0	0.004215871236454993	0.004175898918752165	0.004170292147961971	0.00419479963878201	0.005663084087987507	0.0002143170326892768	0	0.0001345752152373154	0.00013455802366226226	0.0001345745277972081	4.2340337512188683e-13	4.2340337512188683e-13	4.2340337512188683e-13
0.05495408738576248	0.00008544225389968247	9.896853951875214e-6	0.00008506946079826881	9.503975766561069e-6	0.00008539519763677929	9.847143235286017e-6	0.005047382944500011	0.005074877835902383	0.004193698338448205	0	0.0037698421350595293	0.0037321787165184093	0.0037188856352565053	0.0037482922261702035	0.005083418098856542	0.00018936760620695737	0	0.00011691421284694421	0.00011689864093330897	0.00011691397388816709	3.951430208044624e-13	3.951430208044624e-13	3.951430208044624e-13
0.05888436553555896	0.00007430775848936666	8.614261338113004e-6	0.00007395665444726703	8.244221418842714e-6	0.00007427187891465393	8.576350068814027e-6	0.004527286217321187	0.004554186004349383	0.003701852020368386	0	0.0033710018466361928	0.0033356070736011226	0.003316340888701522	0.00334931243983024	0.004563085973347333	0.000167322633346386	0	0.00010157095525737211	0.00010155687397991439	0.00010157105890737969	3.6876892359567925e-13	3.6876892359567925e-13	3.6876892359567925e-13
0.06309573444801943	0.00006425540581975237	7.45747273304398e-6	0.00006392576385899447	7.110007946803164e-6	0.00006421445417776371	7.4142212441912936e-6	0.004047883255498425	0.004074309120029153	0.003264353889984162	0	0.0029978292785157734	0.0029654473577487815	0.0029428309498201657	0.0029791934813398536	0.004085378622972951	0.00014717552795139475	0.0032681642993919262	0.00008774162318414306	0.00008772887794153597	0.00008774152435134756	3.441551839459444e-13	3.441551839459444e-13	3.441551839459444e-13
0.06760829753919818	0.00005556293529769044	6.456026510135711e-6	0.00005525538324438028	6.131835916981073e-6	0.00005551894183377882	6.409565399820404e-6	0.0036192451865435325	0.0036449971058931945	0.0028785608555996116	0	0.0026659672085597446	0.0026363650866363542	0.002611388361408866	0.002649974870576054	0.0036576822331491022	0.00012945430988365274	0.0028755122617769215	0.00007579521546765618	0.00007578370348818645	0.00007579496736878862	3.2118430555913265e-13	3.2118430555913265e-13	3.2118430555913265e-13
0.07244359600749906	0.00004773181979694771	5.5463338812871155e-6	0.000047454089973772834	5.253538838071286e-6	0.00004770024202730186	5.512981839845407e-6	0.003223771928665776	0.003250869711594243	0.002543946161922501	0	0.002359510363450634	0.002332895977882841	0.002305355518880106	0.0023460831240862596	0.0032659089369411675	0.00011343935767739955	0.0025172227808601395	0.00006505208456267247	0.0000650420609701003	0.00006505189506396263	2.9974663451155537e-13	2.9974663451155537e-13	2.9974663451155537e-13
0.07762471166286927	0.00004100443234184186	4.76482236781688e-6	0.000040754231045315404	4.501045151369887e-6	0.00004098264509931322	4.741814283900873e-6	0.0028715118518894086	0.002899358648234411	0.0022482283333253184	0	0.002088281182662632	0.0020643588671422223	0.0020351871621131267	0.002077040837721548	0.0029160983662621467	0.00009940563494430235	0.002203576250641918	0.000055831673276987914	0.00005582294742164064	0.0000558315307508844	2.7973983580733263e-13	2.7973983580733263e-13	2.7973983580733263e-13
0.08317637711026708	0.000034974944401288584	4.059972415657595e-6	0.00003475473730735016	3.827812092195866e-6	0.00003496398074864273	4.048409352628055e-6	0.002547669778956195	0.002577400623918842	0.0019949952206055376	0	0.001835431500136449	0.0018151522514034328	0.0017866391719745928	0.0018295047726884027	0.002594332949857668	0.0000867559960445411	0.001916073350177702	0.00004757744926955033	0.00004756962246883455	0.000047577158420460915	2.6106840487143773e-13	2.6106840487143773e-13	2.6106840487143773e-13
0.08912509381337459	0.000029832061219025642	3.459389404993233e-6	0.000029638438373670527	3.2552762570491992e-6	0.000029829210555566104	3.4564024032091e-6	0.002260349821762344	0.002291194288855061	0.001770285460441716	0.0016185847254118308	0.001613196929446911	0.001596029521909645	0.0015684451976985358	0.0016114693811033998	0.002308071474058126	0.00007571605828882446	0.001666081254139356	0.00004054354000401444	0.00004053653714727002	0.000040543147804160256	2.436432116484792e-13	2.436432116484792e-13	2.436432116484792e-13
0.09549925860214369	0.000025285204449687106	2.9407147974189093e-6	0.000025099663570454567	2.74508562608554e-6	0.000025271125328125667	2.9258741934159187e-6	0.0019984979552487465	0.0020298027689154194	0.0015742530562083282	0.0013831448970405224	0.0014091135510479356	0.0013952504469009483	0.0013672535797596636	0.0014099741601697998	0.002045163662665827	0.00006584210268366104	0.0014344337153876473	0.00003429614746426025	0.000034289793513945866	0.000034295825826563366	2.273810751309346e-13	2.273810751309346e-13	2.273810751309346e-13
0.10232929922807536	0.000021431357336271953	2.4998063263061567e-6	0.000021255948218569587	2.314855790879069e-6	0.00002140954331192212	2.476777526757032e-6	0.0017669805083619346	0.0017982321712034222	0.0013999282829577663	0.0011819522179924693	0.0012308484869405863	0.0012197291985226273	0.001191869728128638	0.0012336735377406329	0.0018122031549285453	0.00005725578673507948	0.0012349938388231294	0.000029011421567377304	0.000029005682822816895	0.000029011158058262093	2.122043662857888e-13	2.122043662857888e-13	2.122043662857888e-13
0.10964781961431873	0.000018010550488751834	2.0970488650077695e-6	0.000017856069534702215	1.9341370006608642e-6	0.000017995567728201063	2.081242166611408e-6	0.001554875420163252	0.001587169819128092	0.0012400260075474733	0.0009913223682526575	0.0010669465539009263	0.0010588302606909692	0.0010297533580343981	0.0010702790787436565	0.0015996849415670213	0.00004960014013048148	0.001049263610183468	0.000024336342678143466	0.000024331292941894125	0.000024336053649149344	1.9804063748411188e-13	1.9804063748411188e-13	1.9804063748411188e-13
0.11748975549395303	0.0000151357622299955	1.7591818597917395e-6	0.00001499999980944534	1.6160341184384719e-6	0.000015125986254921232	1.748872843558515e-6	0.0013682310363848438	0.0014008803062761743	0.0010983880518117418	0.0008314380419431893	0.00092487008836533	0.0009191560899852617	0.0008896878185236373	0.0009285254740036493	0.0014120888738752937	0.00004296812673881435	0.0008914652762190253	0.00002041463475247327	0.00002041020098856544	0.00002041433527144622	1.8482227666462552e-13	1.8482227666462552e-13	1.8482227666462552e-13
0.12589254117941662	0.000012613435952923275	1.4635864719640173e-6	0.000012493343878042666	1.3369268084001603e-6	0.000012602805507005092	1.4523657881407799e-6	0.001197777672731953	0.00123025720968335	0.0009559489352298929	0.0006845207946725777	0.0007958969302406654	0.0007926186659333077	0.0007623115132980343	0.0007988926634882493	0.0012419641588603085	0.00003703540642909533	0.0007434892754957421	0.000016973089943633564	0.000016969217334680217	0.00001697282955765827	1.7248618458035337e-13	1.7248618458035337e-13	1.7248618458035337e-13
0.1348962882591656	0.000010511447267795984	1.2176599872224967e-6	0.00001040557621585703	1.1060244772221202e-6	0.000010500519038599589	1.2061290735521618e-6	0.0010485592821267	0.0010804155038777936	0.0008319813432600828	0.0005635642040675216	0.0006849090824054106	0.0006835012642912095	0.0006531716307761214	0.0006873580807895371	0.001092335617417947	0.00003192183214562248	0.0006200760899198112	0.000014111728459886817	0.000014108353813513692	0.000014111502498749099	1.6097347358767797e-13	1.6097347358767797e-13	1.6097347358767797e-13
0.1445439770745928	8.663776589137664e-6	9.98438137096928e-7	8.575656772968576e-6	9.055193954871366e-7	8.660186481931929e-6	9.946704064139789e-7	0.0009134806704096518	0.0009439158867820312	0.0007021599845237062	0.0004564372865493642	0.0005842536310656947	0.0005843820257708763	0.0005534883340385505	0.0005848170626132399	0.0009554523225105437	0.00002738165791709728	0.0005061961128753459	0.000011610130739112886	0.000011607227073950147	0.000011609971373599558	1.5022918653993156e-13	1.5022918653993156e-13	1.5022918653993156e-13
0.15488166189124797	7.140883921518104e-6	8.186839709527443e-7	7.06754605051967e-6	7.413627749566668e-7	7.142392640415488e-6	8.202846934797485e-7	0.0007958032983310502	0.0008246616214980626	0.0005925957929950926	0.0003696739343075543	0.0004983906830591505	0.0004996367525350677	0.0004690181285931767	0.000497573253711843	0.0008357222139736417	0.00002348722300363802	0.00041323074515459243	9.551993305600697e-6	9.549499688418075e-6	9.551884025655629e-6	1.4020203444362473e-13	1.4020203444362473e-13	1.4020203444362473e-13
0.1659586907437563	5.823383468275861e-6	6.67616643717739e-7	5.759673900104762e-6	6.004312487999728e-7	5.82094398117491e-6	6.650371474857274e-7	0.0006886343657442369	0.0007163320604720467	0.0004828689837002681	0.0002944106990847686	0.00042210262872240594	0.00042392016332396285	0.0003938441258672752	0.0004192821249574711	0.0007271499583345621	0.00002004618091421649	0.0003299321241083492	7.771966685494625e-6	7.769842025427932e-6	7.77184115112043e-6	1.3084415162500033e-13	1.3084415162500033e-13	1.3084415162500033e-13
0.1778279410038923	4.748963208378201e-6	5.444249536854192e-7	4.693827701781881e-6	4.862905135162354e-7	4.743982939308938e-6	5.391718400349225e-7	0.0005958976177637044	0.0006222329346768776	0.00039345951857215264	0.00023447057444810475	0.0003574918938707789	0.00035967791392608545	0.00033071897656796926	0.0003533097870462763	0.0006326827898852952	0.00001710927550622979	0.00026342475189721176	6.3236503866708225e-6	6.321843768771022e-6	6.323518451021359e-6	1.2211086723816534e-13	1.2211086723816534e-13	1.2211086723816534e-13
0.1905460717963252	3.822636430449358e-6	4.3794339600901423e-7	3.7757966113050932e-6	3.885462675092769e-7	3.821108729861717e-6	4.363328363923937e-7	0.000512802679789336	0.000537276735648636	0.00031199279175125617	0.00018352578214804823	0.0003004268090021287	0.00030274558980195076	0.00027492203667340794	0.0002947398065373601	0.0005470995871395643	0.000014449807517985144	0.00020612401148217634	5.078141049604456e-6	5.076604027534288e-6	5.078002287767475e-6	1.139604920240679e-13	1.139604920240679e-13	1.139604920240679e-13
0.20417379446695316	3.07699778629977e-6	3.5228807351606746e-7	3.037316441021275e-6	3.104485853605952e-7	3.077766533357839e-6	3.531088420751025e-7	0.00044129491469691127	0.0004639199800942066	0.0002473939440021296	0.00014365006266706655	0.00025247080875021743	0.00025482491027616235	0.00022853882481437189	0.000245879272929122	0.00047309325152111405	0.000012203727576354447	0.0001612874561084656	4.077947853352843e-6	4.076644313750223e-6	4.077810072714679e-6	1.0635411930240273e-13	1.0635411930240273e-13	1.0635411930240273e-13
0.21877616239495518	2.440233342443272e-6	2.8057065599268113e-7	2.4059235366872986e-6	2.443881409122604e-7	2.4426925554721363e-6	2.831615612218642e-7	0.00037703467040114497	0.00039838550716764335	0.00019158619543533333	0.00011032330949913684	0.00020977532139616857	0.00021195427936108164	0.00018801000019147887	0.00020284443718245643	0.0004067176088425737	0.000010191141120286268	0.0001233401550016533	3.2251627837310778e-6	3.224104340912424e-6	3.2250498171756948e-6	9.925543924644379e-14	9.925543924644379e-14	9.925543924644379e-14
0.23442288153199276	1.935243110048716e-6	2.234531876668028e-7	1.9057836668607082e-6	1.9238471758270985e-7	1.9386613168638246e-6	2.2707012739304e-7	0.00032213183961599286	0.0003421085944368898	0.0001483676992556826	0.00008472834882815917	0.0001743000930868108	0.00017629601631484376	0.00015466851289145414	0.0001673417413582797	0.0003496545613592136	8.51046179814953e-6	0.00009432099806696076	2.5507130928640274e-6	2.5498542431158682e-6	2.550620587471531e-6	9.263056555423787e-14	9.263056555423787e-14	9.263056555423787e-14
0.25118864315095824	1.5041893553296673e-6	1.7365087359672506e-7	1.4804901542895782e-6	1.4865586047063485e-7	1.508843668690414e-6	1.7856477943789335e-7	0.00027321970165513677	0.00029147429761368403	0.00011200514410385176	0.00006372898008954469	0.00014297233855801187	0.00014459908931177383	0.00012574303648641357	0.00013624549253837975	0.0002981563497867472	7.032445157467174e-6	0.00007049714810932854	1.978875462003684e-6	1.978169438593608e-6	1.9787533396995237e-6	8.644787368875023e-14	8.644787368875023e-14	8.644787368875023e-14
0.2691534803926914	1.1691480026145794e-6	1.3494829147781162e-7	1.1501048807700698e-6	1.1486652957641653e-7	1.174320236723981e-6	1.404208506939027e-7	0.00023173432797425318	0.00024833420601207075	0.0000845544708764777	0.00004793416795470236	0.00011727526492235451	0.00011860107259856374	0.00010222708506882637	0.00011092769853089176	0.0002542429550256308	5.811116490004902e-6	0.00005269078989198563	1.5352365991595463e-6	1.534658045004158e-6	1.5351027897306682e-6	8.067784991478131e-14	8.067784991478131e-14	8.067784991478131e-14
0.28840315031266117	8.909287211307644e-7	1.0501539882770154e-7	8.736093513125721e-7	8.677242326446422e-8	8.914249803142173e-7	1.0556775378450937e-7	0.00019488666599036154	0.00020950095225628042	0.00006160676190203742	0.00003526302135190379	0.00009463429259383974	0.00009565027719267506	0.0000818038076519278	0.00008883914499489736	0.000214713158838166	4.719547739641989e-6	0.00003800897411354656	1.1645812258203082e-6	1.164111639128824e-6	1.1644595060385727e-6	7.529295041202362e-14	7.529295041202362e-14	7.529295041202362e-14
0.30902954325135923	6.789165994045497e-7	8.172192378407892e-8	6.635858272245377e-7	6.554958582759648e-8	6.766795552676766e-7	7.936535481757256e-8	0.00016389808498747322	0.00017674024735100471	0.00004488695952694142	0.0000259414260833719	0.0000763643496407016	0.000077140748617028	0.000065460762593869	0.00007114898972889613	0.00018132947114942228	3.833020884209007e-6	0.00002741811455333714	8.834139521397691e-7	8.830344406473608e-7	8.833062842922202e-7	7.026746979171573e-14	7.026746979171573e-14	7.026746979171573e-14
0.3311311214825908	5.029761097046474e-7	6.172076435524761e-8	4.901238817423641e-7	4.817456390358841e-8	4.999173756275643e-7	5.8506408379838206e-8	0.00013542069507683398	0.00014711281899814325	0.00003139291958216987	0.000018543680103246674	0.00006045522059379216	0.00006088434343251368	0.00005145569996131185	0.00005582436553124987	0.00015096844492743322	3.121696176198959e-6	0.000019133053720590694	6.517116672802733e-7	6.51405445667158e-7	6.516440349104213e-7	6.557741838924143e-14	6.557741838924143e-14	6.557741838924143e-14
0.354813389233576	3.7263040431696593e-7	4.6614819820701535e-8	3.620050483280061e-7	3.540508422745559e-8	3.6932899850282354e-7	4.3129648060874647e-8	0.00011189126862888169	0.00012245191368663773	0.000021955494653208838	0.000013255557757942796	0.00004786047041898758	0.00004805376330493586	0.00004044696324323745	0.00004380047838825309	0.00012569093826466938	2.5423777513557922e-6	0.000013351528748005977	4.807803818815261e-7	4.805351129155748e-7	4.807391906812755e-7	6.12004077469231e-14	6.12004077469231e-14	6.12004077469231e-14
0.38018939632056126	2.6529119527474203e-7	3.2890039634321184e-8	2.579204428893304e-7	2.5115840879113344e-8	2.6430153704189724e-7	3.182933676468068e-8	0.00009036165902389562	0.00009988197851911756	0.0000146258245210051	9.152006631501412e-6	0.00003677265414822002	0.000036870138992606864	0.00003090695313037587	0.00003345663424673639	0.00010253796384266495	2.016921285287494e-6	8.953731397984397e-6	3.421856878258582e-7	3.4200451004441377e-7	3.4218054548980895e-7	5.711554374034557e-14	5.711554374034557e-14	5.711554374034557e-14
0.40738027780411384	1.8887191564334549e-7	2.320624023235604e-8	1.8376250598569476e-7	1.781680447396753e-8	1.8914112557065816e-7	2.348979702893701e-8	0.00007297467909344117	0.00008147205978686126	9.743107422449455e-6	6.31880052975175e-6	0.00002825354789175065	0.00002828929631811984	0.00002361709446661478	0.00002555557419254293	0.00008364989691508198	1.600065713632188e-6	6.004503863216617e-6	2.435437246724155e-7	2.434100687898468e-7	2.4355727176261875e-7	5.330332683803602e-14	5.330332683803602e-14	5.330332683803602e-14
0.43651583224016655	1.2870418909600762e-7	1.5759923132799128e-8	1.2522836577192772e-7	1.2093557607851539e-8	1.2980865575810665e-7	1.6904146669686533e-8	0.00005693956084027713	0.00006418695285997018	6.065289614940692e-6	4.219650522124301e-6	0.000020928110951492684	0.00002085864460215779	0.000017397621030412855	0.000018757399210438422	0.00006610402645176657	1.2423158542732872e-6	3.831458856074999e-6	1.6580594158346458e-7	1.657157337936254e-7	1.6582189606254159e-7	4.974555901838486e-14	4.974555901838486e-14	4.974555901838486e-14
0.4677351412871981	8.770371303979798e-8	1.0702947770291204e-8	8.533919098343464e-8	8.208774801795606e-9	8.908843626095386e-8	1.2164863505557737e-8	0.00004442792526065412	0.00005056905309901656	3.7757705543042153e-6	2.817852920823797e-6	0.000015501976235907342	0.000015379776497319504	0.000012816022646042668	0.000013767643117266468	0.00005223846620602349	9.645533109232935e-7	2.444844286923558e-6	1.1288162033884307e-7	1.1282074140683728e-7	1.1289706529713494e-7	4.642525689945829e-14	4.642525689945829e-14	4.642525689945829e-14
0.5011872336272735	5.741096299026342e-8	7.790289431170189e-9	5.498018357700152e-8	5.275094189530919e-9	5.7764281060059547e-8	8.205829495969171e-9	0.00003312767123345038	0.000038244996588304036	2.2075077026936863e-6	1.7945708772860433e-6	0.000010922011032855193	0.000010785557507696335	8.980830993524045e-6	9.611921140274214e-6	0.000039526087606988376	7.395915378502264e-7	1.4743492387717295e-6	7.267922935972276e-8	7.264032484362844e-8	7.268998886116352e-8	4.3326570667024515e-14	4.3326570667024515e-14	4.3326570667024515e-14
0.5370317963702532	3.758128997313729e-8	5.670270538912664e-9	3.542124727603314e-8	3.3898626019484216e-9	3.745393124436353e-8	5.535256329522771e-9	0.000024701639676239857	0.000028924404836598675	1.290621394326248e-6	1.1428859930211589e-6	7.695168873082107e-6	7.5637152966495655e-6	6.2933195080728385e-6	6.710591436742275e-6	0.000029907302319209306	5.670973669004077e-7	8.890978004174221e-7	4.679477814428271e-8	4.67699177260344e-8	4.680223056932097e-8	4.043470841378545e-14	4.043470841378545e-14	4.043470841378545e-14
0.5754399373371566	2.311761491800245e-8	3.5790632985228983e-9	2.168856297251347e-8	2.0701658874082064e-9	2.303510998459903e-8	3.4913917538723985e-9	0.00001764041813749142	0.000021011085850719806	7.223964190952262e-7	6.912035103136539e-7	5.189218181816383e-6	5.074589886180235e-6	4.213867534788267e-6	4.475816658800845e-6	0.000021728052755155156	4.3557002032768157e-7	5.120824430866731e-7	2.8632155060944045e-8	2.8619118334706106e-8	2.8640292043560182e-8	3.77358655286376e-14	3.77358655286376e-14	3.77358655286376e-14
0.6165950018614835	1.37028751718947e-8	2.1380619939741466e-9	1.2832875083642238e-8	1.2194623070231484e-9	1.3630362644862007e-8	2.061017351987853e-9	0.000012164089865548145	0.000014744052425602813	3.9374498292871434e-7	4.035431755831742e-7	3.367409626244993e-6	3.261418954187667e-6	2.7321283506723466e-6	2.873778634482354e-6	0.000015233161016547241	3.34952138213206e-7	2.9110051976612974e-7	1.6923518270036474e-8	1.6915422807154512e-8	1.6930530009622725e-8	3.521715879889786e-14	3.521715879889786e-14	3.521715879889786e-14
0.6606934480075964	7.982649673585787e-9	1.4094517398102094e-9	7.3024962085881605e-9	6.912471069218666e-10	7.893230781277039e-9	1.3146595510017264e-9	8.02528004093229e-6	9.927882224864745e-6	2.1075746970667312e-7	2.26765414364413e-7	2.107293537253799e-6	2.0308793754655773e-6	1.6992648405339394e-6	1.7801934827901775e-6	0.000010256244465117352	2.4890638860159636e-7	1.6107742592628832e-7	9.622094897655961e-9	9.616671305674398e-9	9.62730114198081e-9	3.2866564910922076e-14	3.2866564910922076e-14	3.2866564910922076e-14
0.7079457843841374	4.7375172767740265e-9	1.1681521638664215e-9	3.987979764331955e-9	3.7649504725071036e-10	4.601646726782879e-9	1.0243915642403774e-9	5.0502324483956655e-6	6.383769136651433e-6	1.1172121139592744e-7	1.236827706358819e-7	1.2562499689764117e-6	1.2053983334722473e-6	1.0127478415241853e-6	1.0564569403450004e-6	6.628926347263016e-6	1.7774248023925176e-7	8.701947040832449e-8	5.251415089740275e-9	5.248419705127819e-9	5.254942031797604e-9	3.067286305554155e-14	3.067286305554155e-14	3.067286305554155e-14
0.7585775750291851	2.481823477867096e-9	6.081887855838935e-10	2.0921609343850686e-9	1.966331210334591e-10	2.5998522770705764e-9	7.327606630870326e-10	3.032786065478676e-6	3.8932507003200336e-6	5.967729236904679e-8	6.665491321913723e-8	7.171732521939118e-7	6.848933907838047e-7	5.774593964880534e-7	5.997182364949819e-7	4.056428521990769e-6	1.188614375150295e-7	4.6643685621436686e-8	2.752069502905816e-9	2.750454426540564e-9	2.7539692263048103e-9	2.862558136434121e-14	2.862558136434121e-14	2.862558136434121e-14
0.8128305161640995	1.2455189766401275e-9	3.1403760995673627e-10	1.040351315953976e-9	9.733852005027828e-11	1.307646414525844e-9	3.7961629562902166e-10	1.7508035792110111e-6	2.259916161931868e-6	3.134005288341094e-8	3.534839448604004e-8	4.009697864159079e-7	3.7887431407155404e-7	3.171801584796003e-7	3.266777780813873e-7	2.3595038850495756e-6	7.456176243782015e-8	2.3968832509334156e-8	1.3670083481251382e-9	1.366223752644036e-9	1.3678944293362556e-9	2.6714946921085674e-14	2.6714946921085674e-14	2.6714946921085674e-14
0.8709635899560796	5.757422832778955e-10	1.6034754987571008e-10	4.6499604322751196e-10	4.337636494209685e-11	6.092643551182604e-10	1.9573634758041157e-10	9.839217388063054e-7	1.2807110282273892e-6	1.6775074248923386e-8	1.888541362217327e-8	2.224836120779848e-7	2.0638030549678746e-7	1.7359397469783712e-7	1.758091552267112e-7	1.3250582614455443e-6	4.151774224785706e-8	1.236452162821136e-8	6.106286928023659e-10	6.102125693380095e-10	6.110343486351466e-10	2.493183910966658e-14	2.493183910966658e-14	2.493183910966658e-14
0.9332543007969925	2.0796862349183711e-10	7.989759886105235e-11	1.4509241841039853e-10	1.3479151925777652e-11	2.2697983183742342e-10	9.997681671062786e-11	5.645591757769426e-7	7.371793816787551e-7	9.319538860034203e-9	1.0442778452739322e-8	1.2642914105840777e-7	1.1165286255041097e-7	9.795857679556227e-8	9.445188127633278e-8	7.616998119657828e-7	2.3154725399236307e-8	5.794621878112457e-9	1.9032636181488368e-10	1.9021827485756695e-10	1.9040726502086967e-10	2.3267746075874895e-14	2.3267746075874895e-14	2.3267746075874895e-14