1.e-9	0	0	0	0	0	0	7.790026637333204e-10	0	0	0	0	0	0	0	6.3779334978834e-21	2.3735614811156522e-17	0	1.1354740079326893e-17	1.1354740079326893e-17	1.1354740079326893e-17	0	0	0
1.0715193052376092e-9	0	0	0	0	0	0	1.2291654315540514e-9	0	0	0	0	0	0	0	1.0032396252156198e-20	4.035543985507742e-17	0	1.9304907580450378e-17	1.9304907580450378e-17	1.9304907580450378e-17	0	0	0
1.148153621496884e-9	0	0	0	0	0	0	1.9394640461005923e-9	0	0	0	0	0	0	0	1.578081279675826e-20	6.861256971237979e-17	0	3.2821487245509885e-17	3.2821487245509885e-17	3.2821487245509885e-17	0	0	0
1.2302687708123811e-9	0	0	0	0	0	0	3.0602233755966977e-9	0	0	0	0	0	0	0	2.4822988074541243e-20	1.1665551755705062e-16	0	5.580187423938482e-17	5.580187423938482e-17	5.580187423938482e-17	0	0	0
1.31825673855641e-9	0	0	0	0	0	0	5.099084843630396e-9	0	0	0	0	0	0	0	4.132274931324545e-20	1.9836240619969256e-16	0	9.488543616264058e-17	9.488543616264058e-17	9.488543616264058e-17	0	0	0
1.4125375446227555e-9	0	0	0	0	0	0	8.49632953263409e-9	0	0	0	0	0	0	0	6.878984937983806e-20	3.3729775511120625e-16	0	1.6134307527289905e-16	1.6134307527289905e-16	1.6134307527289905e-16	0	0	0
1.5135612484362133e-9	0	0	0	0	0	0	1.436221479600364e-8	0	0	0	0	0	0	0	1.1624998540794382e-19	5.735659112177982e-16	0	2.743590034515223e-16	2.743590034515223e-16	2.743590034515223e-16	0	0	0
1.6218100973589331e-9	0	0	0	0	0	0	2.4277920607276223e-8	0	0	0	0	0	0	0	1.964542622084589e-19	9.753336615081868e-16	0	4.665391597847881e-16	4.665391597847881e-16	4.665391597847881e-16	0	0	0
1.7378008287493762e-9	0	0	0	0	0	0	4.121123809089412e-8	0	0	0	0	0	0	0	3.334487110046761e-19	1.6585472628521012e-15	0	7.933456450569781e-16	7.933456450569781e-16	7.933456450569781e-16	0	0	0
1.8620871366628732e-9	0	0	0	0	0	0	6.99551733633788e-8	0	0	0	0	0	0	0	5.659741948112951e-19	2.8203466482029894e-15	0	1.3490771338920564e-15	1.3490771338920564e-15	1.3490771338920564e-15	0	0	0
1.9952623149688828e-9	0	0	0	0	0	0	1.1889523180845376e-7	0	0	0	0	0	0	0	9.619006368037994e-19	4.795993239247807e-15	0	2.294102206821373e-15	2.294102206821373e-15	2.294102206821373e-15	0	0	0
2.1379620895022324e-9	0	0	0	0	0	0	2.0207334879090789e-7	0	0	0	0	0	0	0	1.634796857464654e-18	8.1555758990006e-15	0	3.9011149200635434e-15	3.9011149200635434e-15	3.9011149200635434e-15	0	0	0
2.2908676527677795e-9	0	0	0	0	0	0	3.4357050826612615e-7	0	0	0	0	0	0	0	2.77950406912616e-18	1.3868552564821633e-14	0	6.6338434730145025e-15	6.6338434730145025e-15	6.6338434730145025e-15	0	0	0
2.4547089156850337e-9	0	0	0	0	0	0	5.841477604866007e-7	0	0	0	0	0	0	0	4.72575099163686e-18	2.358346640692495e-14	0	1.12808466620966e-14	1.12808466620966e-14	1.12808466620966e-14	0	0	0
2.6302679918953816e-9	0	0	0	0	0	0	9.932952792189311e-7	0	0	0	0	0	0	0	8.03573284802468e-18	4.010368433401329e-14	0	1.9183079248328517e-14	1.9183079248328517e-14	1.9183079248328517e-14	0	0	0
2.818382931264461e-9	0	0	0	0	0	0	1.689017023529679e-6	0	0	0	0	0	0	0	1.366407212718087e-17	6.819631471520742e-14	0	3.262082541056877e-14	3.262082541056877e-14	3.262082541056877e-14	0	0	0
3.019951720402019e-9	0	0	0	0	0	0	2.872131903740558e-6	0	0	0	0	0	0	0	2.3235402449727505e-17	1.159678427858816e-13	0	5.547171789401498e-14	5.547171789401498e-14	5.547171789401498e-14	0	0	0
3.2359365692962944e-9	0	0	0	0	0	0	4.883989656448809e-6	0	0	0	0	0	0	0	3.9511202954417666e-17	1.9720333300375605e-13	0	9.432966356260403e-14	9.432966356260403e-14	9.432966356260403e-14	0	0	0
3.4673685045253237e-9	0	0	0	0	0	0	8.305188935012633e-6	0	0	0	0	0	0	0	6.71884995984346e-17	3.353443046749989e-13	0	1.6040761026571595e-13	1.6040761026571595e-13	1.6040761026571595e-13	0	0	0
3.715352290971728e-9	0	0	0	0	0	0	0.000014122913457684697	0	0	0	0	0	0	0	1.142535316754745e-16	5.702530528518652e-13	0	2.727731708072962e-13	2.727731708072962e-13	2.727731708072962e-13	0	0	0
3.9810717055349855e-9	0	0	0	0	0	0	0.00002397350375751153	0	0	0	0	0	0	0	1.942878849647249e-16	9.697154310146088e-13	0	4.63850831555609e-13	4.63850831555609e-13	4.63850831555609e-13	0	0	0
4.265795188015934e-9	0	0	0	0	0	0	0.000040694781861648735	0	0	0	0	0	0	0	3.303861306562037e-16	1.6490012853857125e-12	0	7.887784319038892e-13	7.887784319038892e-13	7.887784319038892e-13	0	0	0
4.570881896148752e-9	0	0	0	0	0	0	0.00006790630115188186	0	0	0	0	0	0	0	5.618214490277224e-16	2.804127024210147e-12	0	1.3413178851194802e-12	1.3413178851194802e-12	1.3413178851194802e-12	0	0	0
4.8977881936844766e-9	0	0	0	0	0	0	0.00011331344032772898	0	0	0	0	0	0	0	9.553770915282477e-16	4.768418580138379e-12	0	2.2809113385602163e-12	2.2809113385602163e-12	2.2809113385602163e-12	0	0	0
5.248074602497734e-9	0	0	0	0	0	0	0.00019225465432192763	0	0	0	0	0	0	0	1.624618737646923e-15	8.108696780126043e-12	0	3.878690202011558e-12	3.878690202011558e-12	3.878690202011558e-12	0	0	0
5.623413251903491e-9	0	0	0	0	0	0	0.00032619124440616017	0	0	0	0	0	0	0	2.7626641523207687e-15	1.3788840548918645e-11	0	6.5957134890992095e-12	6.5957134890992095e-12	6.5957134890992095e-12	0	0	0
6.025595860743593e-9	0	0	0	0	0	0	0.0005545409677050953	0	0	0	0	0	0	0	4.6979107850432956e-15	2.344792620584748e-11	0	1.1216012152469542e-11	1.1216012152469542e-11	1.1216012152469542e-11	0	0	0
6.456542290346562e-9	0	0	0	0	0	0	0.0009427465946338437	0	0	0	0	0	0	0	7.988797959999741e-15	3.987320336356659e-11	0	1.907283098519115e-11	1.907283098519115e-11	1.907283098519115e-11	0	0	0
6.918309709189363e-9	0	0	0	0	0	0	0.0016030906009390604	0	0	0	0	0	0	0	1.3584952429913388e-14	6.780439057262768e-11	0	3.2433353037839786e-11	3.2433353037839786e-11	3.2433353037839786e-11	0	0	0
7.413102413009192e-9	0	0	0	0	0	0	0.002725970573054648	0	0	0	0	0	0	0	2.310121415600659e-14	1.1530138020278967e-10	0	5.515292355361255e-11	5.515292355361255e-11	5.515292355361255e-11	0	0	0
7.943282347242822e-9	0	0	0	0	0	0	0.004635496263593035	0	0	0	0	0	0	0	3.928361931990354e-14	1.9607002090367588e-10	0	9.378755792014549e-11	9.378755792014549e-11	9.378755792014549e-11	0	0	0
8.511380382023759e-9	0	0	0	0	0	0	0.00788263300498771	0	0	0	0	0	0	0	6.680180255676785e-14	3.334171111356657e-10	0	1.5948576165821011e-10	1.5948576165821011e-10	1.5948576165821011e-10	0	0	0
9.120108393559115e-9	0	0	0	0	0	0	0.013404413001917154	0	0	0	0	0	0	0	1.1359647896004053e-13	5.669758665112328e-10	0	2.712055707169137e-10	2.712055707169137e-10	2.712055707169137e-10	0	0	0
9.772372209558111e-9	0	0	0	0	0	0	0.022794196788341655	0	0	0	0	0	0	0	1.931708357892453e-13	9.64142578379435e-10	0	4.611851291497457e-10	4.611851291497457e-10	4.611851291497457e-10	0	0	0
1.0471285480509006e-8	0	0	0	0	0	0	0.03876153415067473	0	0	0	0	0	0	0	3.284870461488954e-13	1.639524654136924e-9	0	7.842454075964195e-10	7.842454075964195e-10	7.842454075964195e-10	0	0	0
1.1220184543019653e-8	0	0	0	0	0	0	0.06591399309504951	0	0	0	0	0	0	0	5.585922898079413e-13	2.788012013784309e-9	0	1.3336094779768627e-9	1.3336094779768627e-9	1.3336094779768627e-9	0	0	0
1.202264434617413e-8	0	0	0	0	0	0	0.11208675804255663	0	0	0	0	0	0	0	9.49886304373191e-13	4.7410150066341886e-9	0	2.267803193392831e-9	2.267803193392831e-9	2.267803193392831e-9	0	0	0
1.288249551693135e-8	0	0	0	0	0	0	0.1906035537912839	0	0	0	0	0	0	0	1.61528185708756e-12	8.062097000299986e-9	0	3.856399799861067e-9	3.856399799861067e-9	3.856399799861067e-9	0	0	0
1.3803842646028866e-8	0	0	0	0	0	0	0.1519235428134952	0	0	0	0	0	0	0	2.7467871323074624e-12	1.3709597618084864e-8	0	6.557808658043998e-9	6.557808658043998e-9	6.557808658043998e-9	0	0	0
1.4791083881682102e-8	0	0	0	0	0	0	0.121093035265638	0	0	0	0	0	0	0	4.6709120870172645e-12	2.3313173587815627e-8	0	1.1151554980649742e-8	1.1151554980649742e-8	1.1151554980649742e-8	0	0	0
1.5848931924611173e-8	0	0	0	0	0	0	0.09802715097805564	0	0	0	0	0	0	0	7.942886970912612e-12	3.964405651254809e-8	0	1.8963221553273226e-8	1.8963221553273226e-8	1.8963221553273226e-8	0	0	0
1.698243652461746e-8	0	0	0	0	0	0	0.07935487212617141	0	0	0	0	0	0	0	1.3506880938317507e-11	6.741472630699373e-8	0	3.2246962177247334e-8	3.2246962177247334e-8	3.2246962177247334e-8	0	0	0
1.8197008586099862e-8	0	0	0	0	0	0	0.04064640559244738	0	0	0	0	0	0	0	2.296845383184612e-11	1.1463875604174761e-7	0	5.483596585841825e-8	5.483596585841825e-8	5.483596585841825e-8	0	0	0
1.9498445997580494e-8	0	0	0	0	0	0	0.020819519247147665	0	0	0	0	0	0	0	3.905786049605562e-11	1.949432283823679e-7	0	9.324857129479327e-8	9.324857129479327e-8	9.324857129479327e-8	0	0	0
2.0892961308540408e-8	0	0	0	0	0	0	0.010665047771931268	0	0	0	0	0	0	0	6.641789985954295e-11	3.315010002228269e-7	0	1.5856921479181506e-7	1.5856921479181506e-7	1.5856921479181506e-7	0	0	0
2.2387211385683424e-8	0	0	0	0	0	0	0.005463298293651072	0	0	0	0	0	0	0	1.12943652461396e-10	5.637175195087296e-7	0	2.6964698258166445e-7	2.6964698258166445e-7	2.6964698258166445e-7	0	0	0
2.3988329190194947e-8	0	0	0	0	0	0	0.0028024259771427078	0	0	0	0	0	0	0	1.9206070439300134e-10	9.586017586296284e-7	0	4.5853474970446347e-7	4.5853474970446347e-7	4.5853474970446347e-7	0	0	0
2.5703957827688646e-8	0	0	0	0	0	0	0.0014375183149876888	0	0	0	0	0	0	0	3.2659926758206447e-10	1.6301024890065807e-6	0	7.797384368017295e-7	7.797384368017295e-7	7.797384368017295e-7	0	0	0
2.754228703338169e-8	0	0	0	0	0	0	0.0007445839908368539	0	0	0	0	0	0	0	5.553821221382948e-10	2.771989626203977e-6	0	1.3259453751166316e-6	1.3259453751166316e-6	1.3259453751166316e-6	0	0	0
2.95120922666639e-8	0	0	0	0	0	0	0.00038566835193003197	0	0	0	0	0	0	0	9.444274136754783e-10	4.71376894373383e-6	0	2.254770388137528e-6	2.254770388137528e-6	2.254770388137528e-6	0	0	0
3.162277660168386e-8	0	0	0	0	0	0	0.00020162704288087223	0	0	0	0	0	0	0	1.6059990124775461e-9	7.21621132345897e-6	0	3.4625517614377355e-6	3.4625517614377355e-6	3.4625517614377355e-6	0	0	0
3.3884415613920346e-8	0	0	0	0	0	0	0.00010541042379401443	0	0	0	0	0	0	0	2.73100165320402e-9	0.000011047148573975274	0	5.317288520246631e-6	5.317288520246631e-6	5.317288520246631e-6	0	0	0
3.6307805477010175e-8	0	0	0	0	0	0	0.000055107975277195144	0	0	0	0	0	0	0	4.644068876665707e-9	8.271609973290577e-6	0	4.243904909801858e-6	4.243904909801858e-6	4.243904909801858e-6	0	0	0
3.890451449942813e-8	0	0	0	0	0	0	0.000028810138787471753	0	0	0	0	0	0	0	7.89724008622024e-9	6.19341100484718e-6	0	3.3872017316459448e-6	3.3872017316459448e-6	3.3872017316459448e-6	0	0	0
4.1686938347033635e-8	0	0	0	0	0	0	0.000017295996134125147	0	0	0	0	0	0	0	1.3429258401563185e-8	7.531275240692027e-6	0	4.401825504624471e-6	4.401825504624471e-6	4.401825504624471e-6	0	0	0
4.4668359215096346e-8	0	0	0	0	0	0	0.000010383548808232883	0	0	0	0	0	0	0	2.2836456692083225e-8	9.15813704381471e-6	0	5.720376082751604e-6	5.720376082751604e-6	5.720376082751604e-6	0	0	0
4.78630092322639e-8	0	0	0	0	0	0	0.000010220134280074861	0	0	0	0	0	0	0	3.883339933266274e-8	0.00001389734771479736	0	8.958763681874501e-6	8.958763681874501e-6	8.958763681874501e-6	0	0	0
5.128613839913659e-8	0	0	0	0	0	0	0.000010059291542015501	0	0	0	0	0	0	0	6.603620360477438e-8	0.000021089035093269295	0	0.000014030449317777322	0.000014030449317777322	0.000014030449317777322	0	0	0
5.495408738576248e-8	0	0	0	0	0	0	0.000011610259332122324	0	0	0	0	0	0	0	1.1229457790122749e-7	0.000022128043630971207	0	0.000016470495659353483	0.000016470495659353483	0.000016470495659353483	0	0	0
5.888436553555896e-8	0	0	0	0	0	0	0.000013400359378800292	0	0	0	0	0	0	0	1.9095695296910333e-7	0.000023218241743570136	0	0.000019334892355945987	0.000019334892355945987	0.000019334892355945987	0	0	0
6.309573444801943e-8	0	0	0	0	0	0	0.00001445709317409706	0	0	0	0	0	0	0	3.247223380573038e-7	0.000015688148817911342	0	0.000015630311626834747	0.000015630311626834747	0.000015630311626834747	0	0	0
6.760829753919818e-8	0	0	0	0	0	0	0.000015597159534032997	0	0	0	0	0	0	0	5.521904030928919e-7	0.000010600200310219424	0	0.000012635531507204917	0.000012635531507204917	0.000012635531507204917	0	0	0
7.244359600749906e-8	0	0	0	0	0	0	0.000017467508335090303	0	0	0	0	0	0	0	9.389998947780623e-7	0.000012335869325142059	0	0.000015597571888366727	0.000015597571888366727	0.000015597571888366727	0	0	0
7.762471166286928e-8	0	0	0	0	0	0	0.000019562141861195202	0	0	0	0	0	0	0	1.5967695154688647e-6	0.000014355735510042412	0	0.000019253978249671705	0.000019253978249671705	0.000019253978249671705	0	0	0
8.317637711026726e-8	0	0	0	0	0	0	0.00002584367264360315	0	0	0	0	0	0	0	2.71530689163012e-6	0.000019707521760469725	0	0.000021348670192667502	0.000021348670192667502	0.000021348670192667502	0	0	0
8.912509381337478e-8	0	0	0	0	0	0	0.00003414224375064908	0	0	0	0	0	0	0	4.617379931360146e-6	0.0000270544420150174	0	0.000023671249291197674	0.000023671249291197674	0.000023671249291197674	0	0	0
9.549925860214369e-8	0	0	0	0	0	0	0.00004871283344248916	0	0	0	0	0	0	0	7.851855529202322e-6	0.00002121815439819348	0	0.00001687558725949289	0.00001687558725949289	0.00001687558725949289	0	0	0
1.0232929922807557e-7	0	0	0	0	0	0	0.00006950158751504666	0	0	0	0	0	0	0	0.000013352081952958805	0.000016640893048752275	0	0.00001203085827238765	0.00001203085827238765	0.00001203085827238765	0	0	0
1.0964781961431874e-7	0	0	0	0	0	0	0.00011224953707583825	0	0	0	0	0	0	0	0.000022705218125254618	0.000021782586363880044	0	0.000013965515702550587	0.000013965515702550587	0.000013965515702550587	0	0	0
1.1748975549395303e-7	0	0	0	0	0	0	0.00018129022694642757	0	0	0	0	0	0	0	0.00003861022812259936	0.00002851295704562349	0	0.00001621128139177061	0.00001621128139177061	0.00001621128139177061	0	0	0
1.2589254117941688e-7	0	0	0	0	0	0	0.00029827465108436596	0	0	0	0	0	0	0	0.00006565670091585957	0.00004321924450235281	0	0.00002393127977706938	0.00002393127977706938	0.00002393127977706938	0	0	0
1.3489628825916562e-7	0	0	0	0	0	0	0.0004907477307411101	0	0	0	0	0	0	0	0.00011164923350016242	0.00006551067615909836	0	0.00003532763005761468	0.00003532763005761468	0.00003532763005761468	0	0	0
1.445439770745928e-7	0	0	0	0	0	0	0.0008184247894233218	0	0	0	0	0	0	0	0.00018985954468148192	0.00007323083097793647	0	0.00004352472262453429	0.00004352472262453429	0.00004352472262453429	0	0	0
1.5488166189124826e-7	0	0	0	0	0	0	0.0013648950244377165	0	0	0	0	0	0	0	0.0003228561950370133	0.00008186077323786522	0	0.000053623791815447456	0.000053623791815447456	0.000053623791815447456	0	0	0
1.659586907437563e-7	0	0	0	0	0	0	0.002303576888631897	0	0	0	0	0	0	0	0.0005490170265005425	0.00008893759873983873	0	0.0000575084170283022	0.0000575084170283022	0.0000575084170283022	0	0	0
1.7782794100389227e-7	0	0	0	0	0	0	0.0038878202256068584	0	0	0	0	0	0	0	0.0009336035672257981	0.0000966262124915988	0	0.00006167445302046719	0.00006167445302046719	0.00006167445302046719	0	0	0
1.9054607179632522e-7	0	0	0	0	0	0	0.006587551143713894	0	0	0	0	0	0	0	0.0015875930593490877	0.000087782343884446	0	0.00005664452366700908	0.00005664452366700908	0.00005664452366700908	0	0	0
2.0417379446695318e-7	0	0	0	0	0	0	0.01116199503907676	0	0	0	0	0	0	0	0.002699702326098564	0.00007974792449323325	0	0.00005202481585685991	0.00005202481585685991	0.00005202481585685991	0	0	0
2.1877616239495564e-7	0	0	0	0	0	0	0.01521805697669382	0	0	0	0	0	0	0	0.004590844364443229	0.00006326087588073278	0	0.000047238517006851844	0.000047238517006851844	0.000047238517006851844	0	0	0
2.3442288153199275e-7	0	0	0	0	0	0	0.020748016580828997	0	0	0	0	0	0	0	0.007806731792166656	0.00005018235198756886	0	0.000042892559103837936	0.000042892559103837936	0.000042892559103837936	0	0	0
2.5118864315095823e-7	0	0	0	0	0	0	0.016653693882719027	0	0	0	0	0	0	0	0.009917886092726695	0.00004833584839491557	0	0.0000520036605895578	0.0000520036605895578	0.0000520036605895578	0	0	0
2.6915348039269196e-7	0	0	0	0	0	0	0.013367326889240016	0	0	0	0	0	0	0	0.01259995439410394	0.00004655728851917916	0	0.0000630501133813662	0.0000630501133813662	0.0000630501133813662	0	0	0
2.8840315031266115e-7	0	0	0	0	0	0	0.010960761223237808	0	0	0	0	0	0	0	0.007557564486975465	0.00004377784436872064	0	0.00006002399242798178	0.00006002399242798178	0.00006002399242798178	0	0	0
3.090295432513592e-7	0	0	0	0	0	0	0.008987457820721051	0	0	0	0	0	0	0	0.004533094262747695	0.00004116433148340311	0	0.00005714311162617535	0.00005714311162617535	0.00005714311162617535	0	0	0
3.3113112148259143e-7	0	0	0	0	0	0	0.00975539842042243	0	0	0	0	0	0	0	0.004635135204645461	0.00003965084968810204	0	0.000051936952714322816	0.000051936952714322816	0.000051936952714322816	0	0	0
3.5481338923357606e-7	0	0	0	0	0	0	0.010588956325532379	0	0	0	0	0	0	0	0.0047394731104314055	0.00003819301381396998	0	0.00004720511327587916	0.00004720511327587916	0.00004720511327587916	0	0	0
3.8018939632056126e-7	0	0	0	0	0	0	0.014534932475904982	0	0	0	0	0	0	0	0.007385803340346415	0.00003942543356971517	0	0.000047537152297698415	0.000047537152297698415	0.000047537152297698415	0	0	0
4.0738027780411303e-7	0	0	0	0	0	0	0.01995137722588481	0	0	0	0	0	0	0	0.011509737414103868	0.000040697621290925255	0	0.00004787152686972324	0.00004787152686972324	0.00004787152686972324	0	0	0
4.365158322401665e-7	0	0	0	0	0	0	0.02090540192636368	0	0	0	0	0	0	0	0.012399498636052731	0.00004167071920967918	0	0.000049784053241834955	0.000049784053241834955	0.000049784053241834955	0	0	0
4.677351412871981e-7	0	0	0	0	0	0	0.021905045689567856	0	0	0	0	0	0	0	0.013358042924339283	0.00004266708432512528	0	0.00005177298739458803	0.00005177298739458803	0.00005177298739458803	0	0	0
5.011872336272736e-7	0	0	0	0	0	0	0.023498812591396377	0	0	0	0	0	0	0	0.015678875300449927	0.000048725656539216424	0	0.0000547349094087342	0.0000547349094087342	0.0000547349094087342	0	0	0
5.370317963702533e-7	0	0	0	0	0	0	0.025208538755458736	0	0	0	0	0	0	0	0.018402930135756612	0.00005564452417433114	0	0.00005786628237518903	0.00005786628237518903	0.00005786628237518903	0	0	0
5.754399373371578e-7	0	0	0	0	0	0	0.02499603097659239	0	0	0	0	0	0	0	0.01616602765270419	0.000059454115346755656	0	0.000060722988848875286	0.000060722988848875286	0.000060722988848875286	0	0	0
6.165950018614835e-7	0	0	0	0	0	0	0.024785314636591928	0	0	0	0	0	0	0	0.014201023866314506	0.00006352452256741477	0	0.00006372072342289684	0.00006372072342289684	0.00006372072342289684	0	0	0
6.606934480075964e-7	0	0	0	0	0	0	0.021280968211712676	0	0	0	0	0	0	0	0.016008846797187035	0.00006865860921322351	0	0.00007063631244669099	0.00007063631244669085	0.00007063631244669085	0	0	0
7.079457843841387e-7	0	0	0	0	0	0	0.01827209436991835	0	0	0	0	0	0	0	0.018046809736283958	0.00007420763554879862	0	0.00007830244805842371	0.0000783024480584234	0.0000783024480584234	0	0	0
7.585775750291852e-7	0	0	0	0	0	0	0.01799396903155726	0	0	0	0	0	0	0	0.017655964680735325	0.00007740346506732058	0	0.00008113777842937218	0.00008113777842937203	0.00008113777842937203	0	0	0
8.128305161640995e-7	0	0	0	0	0	0	0.01772007712710224	0	0	0	0	0	0	0	0.017273584271275375	0.0000807369263300145	0	0.00008407577606694847	0.00008407577606694847	0.00008407577606694847	0	0	0
8.709635899560814e-7	0	0	0	0	0	0	0.021671155934212826	0	0	0	0	0	0	0	0.016989643238460844	0.00008659030642625896	0	0.0000884552626361947	0.0000884552626361947	0.0000884552626361947	0	0	0
9.332543007969924e-7	0	0	0	0	0	0	0.026503214187858563	0	0	0	0	0	0	0	0.016710369593077295	0.0000928680531674636	0	0.00009306287558746711	0.00009306287558746711	0.00009306287558746711	0	0	0
1.e-6	0	0	0	0	0	0	0.02410088881099902	0	0	0	0	0	0	0	0.018374338684376754	0.00009488578013422215	0	0.00009791733068811568	0.00009791733068811547	0.00009791733068811547	0	0	0
1.0715193052376091e-6	0	0	0	0	0	0	0.02191631691775089	0	0	0	0	0	0	0	0.02020400088745188	0.00009694734588055548	0	0.00010302500958155415	0.00010302500958155373	0.00010302500958155373	0	0	0
1.148153621496884e-6	0	0	0	0	0	0	0.02498095153199401	0	0	0	0	0	0	0	0.023616983141818447	0.00009841888424713566	0	0.00010750411551969222	0.00010750411551969135	0.00010750411551969135	0	0	0
1.2302687708123837e-6	0	0	0	0	0	0	0.028474124634435626	0	0	0	0	0	0	0	0.027606507039273687	0.0000999127587090941	0	0.00011217795465986034	0.00011217795465985919	0.00011217795465985919	0	0	0
1.3182567385564101e-6	0	0	0	0	0	0	0.027391594354502724	0	0	0	0	0	0	0	0.030956759522232324	0.00010460085279971609	0	0.00011502769937974831	0.00011502769937974595	0.00011502769937974595	0	0	0
1.4125375446227554e-6	0	0	0	0	0	0	0.026350219749134696	0	0	0	0	0	0	0	0.034713589761789974	0.00010950892106066827	0	0.00011794983840378516	0.00011794983840378179	0.00011794983840378179	0	0	0
1.5135612484362104e-6	0	0	0	0	0	0	0.0284947872539537	0	0	0	0	0	0	0	0.03597507091049355	0.00010459441819383446	0	0.00011662782284681855	0.00011662782284681234	0.00011662782284681234	0	0	0
1.6218100973589331e-6	0	0	0	0	0	0	0.030813894850905087	0	0	0	0	0	0	0	0.0372823938951886	0.00009990046665920435	0	0.00011532062481869738	0.00011532062481868842	0.00011532062481868842	0	0	0
1.7378008287493763e-6	0	0	0	0	0	0	0.02810133565744711	0	0	0	0	0	0	0	0.041109260269170715	0.00010277101893206763	0	0.00011600669758097252	0.00011600669758095472	0.00011600669758095472	0	0	0
1.8620871366628694e-6	0	0	0	0	0	0	0.025627564108771306	0	0	0	0	0	0	0	0.04532893688719176	0.00010572405400633176	0	0.00011669685197076208	0.00011669685197073536	0.00011669685197073536	0	0	0
1.995262314968883e-6	0	0	0	0	0	0	0.025651232092705024	0	0	0	0	0	0	0	0.040904789502047734	0.00011223842147651362	0	0.0001211037634152251	0.00012110376341517456	0.00012110376341517456	0	0	0
2.1379620895022326e-6	0	0	0	0	0	0	0.02567492193487964	0	0	0	0	0	0	0	0.03691244311268264	0.00011915418278214277	0	0.00012567709638821648	0.00012567709638814013	0.00012567709638814013	0	0	0
2.2908676527677747e-6	0	0	0	0	0	0	0.030579355749396443	0	0	0	0	0	0	0	0.03918883424457574	0.00012200891807098958	0	0.000127845081085041	0.0001278450810848935	0.0001278450810848935	0	0	0
2.4547089156850335e-6	0	0	0	0	0	0	0.03642063646463534	0	0	0	0	0	0	0	0.04160561046475868	0.00012493204805131178	0	0.00013005046446293577	0.00013005046446271475	0.00013005046446271475	0	0	0
2.6302679918953817e-6	0.00008863557499258739	0.000013611683119453076	0	0	0	0	0.04019988004924928	0	0	0	0	0	0	0	0.047647211251854116	0.00012781265133410795	0	0.00013421149298575106	0.000134211492985327	0.000134211492985327	0	0	0
2.8183829312644606e-6	0.00009083469979428294	0.000014239376427699016	0	0	0	0	0.044371282680444435	0	0	0	0	0	0	0	0.054566120163091966	0.00013075967372555016	0	0.0001385056556610601	0.0001385056556604202	0.00013850565566042046	0	0	0
3.0199517204020193e-6	0.00009472741151083278	0.000015164481748543705	0	0	0	0	0.04944966735729185	0	0	0	0	0	0	0	0.056388606280398955	0.0001361131067513018	0	0.00014550273554309918	0.0001455027355418827	0.000145502735541883	0	0	0
3.2359365692962877e-6	0.0000987869449875961	0.000016149689410175622	0	0	0	0	0.05510928361835488	0	0	0	0	0	0	0	0.05827196268934201	0.00014168571472866217	0	0.00015285329649161115	0.00015285329648976118	0.00015285329648976183	0	0	0
3.4673685045253236e-6	0.00010296503412957464	0.000016829371924602963	0	0	0	0	0.05729039651531683	0	0	0	0	0	0	0	0.053235944613097344	0.0001471658728768857	0	0.00015930684520853793	0.00015930684520500723	0.00015930684520500853	0	0	0
3.7153522909717276e-6	0.00010731983112379463	0.000017537659838718385	0	0	0	0	0.05955783340629422	0	0	0	0	0	0	0	0.04863515261975434	0.00015285799405459965	0	0.00016603286623713526	0.00016603286623178523	0.00016603286623178762	0	0	0
3.981071705534978e-6	0.00011276160170695974	0.000018418276314980603	0	0	0	0	0.060943863281581905	0	0	0	0	0	0	0	0.04868938864546461	0.00016049584677020525	0	0.00017442279202717486	0.00017442279201700177	0.00017442279201700605	0	0	0
4.265795188015934e-6	0.00011847930327855108	0.000019343111084070556	0	0	0	0	0.06236214884357434	0	0	0	0	0	0	0	0.048743685153075554	0.0001685153399388727	0	0.00018323667517190862	0.00018323667515643828	0.00018323667515644467	0	0	0
4.570881896148752e-6	0.0001242170728430435	0.000020270529784476208	0	0	0	0	0.06274633259858815	0	0	0	0	0	0	0	0.052563022701711794	0.0001773501609704654	0	0.0001920792859128605	0.00019207928588341376	0.00019207928588342552	0	0	0
4.897788193684467e-6	0.00013023271372062008	0.000021242414209248824	0	0	0	0	0.06313288312832602	0	0	0	0	0	0	0	0.05668162648893119	0.0001866481686928886	0	0.00020134862216955788	0.00020134862212482175	0.00020134862212483945	0	0	0
5.248074602497734e-6	0.00013626350173742723	0.000022249671160334906	0	0	0	0	0.06174011501500508	0	0	0	0	0	0	0	0.06048094570289177	0.00019641047953519746	0	0.0002107515583388929	0.0002107515582536849	0.000210751558253719	0	0	0
5.623413251903491e-6	0.00014257356216640135	0.000023304689470159272	0	0	0	0	0.06037807261737109	0	0	0	0	0	0	0	0.06453492991825999	0.00020668339122427331	0	0.0002205936095498516	0.00022059360942048933	0.0002205936094205412	0	0	0
6.0255958607435935e-6	0.0001480276618575742	0.000024285126573585518	0	0	0	0	0.06081092299226466	0	0	0	0	0	0	0	0.06675673483698535	0.0002159609103443147	0	0.00022933039528859185	0.00022933039504143606	0.000229330395041535	0	0	0
6.4565422903465625e-6	0.00015369040614588895	0.000025306811036905056	0	0	0	0	0.061246876471297514	0	0	0	0	0	0	0	0.06905503192984251	0.00022565487492963028	0	0.00023841320839050245	0.00023841320801642593	0.00023841320801657563	0	0	0
6.9183097091893625e-6	0.00015716640573902065	0.00002609063646209027	0	0	0	0	0.06318310166427293	0	0	0	0	0	0	0	0.07111513554139029	0.00023040937937293747	0	0.00024451517839576664	0.0002445151776765795	0.0002445151776768675	0	0	0
7.413102413009192e-6	0.00016072102164578345	0.00002689873923681095	0	0	0	0	0.06518053761955891	0	0	0	0	0	0	0	0.07323669777183583	0.00023526406030261094	0	0.0002507733227933684	0.0002507733217116501	0.0002507733217120835	0	0	0
7.943282347242822e-6	0.00016505127188976002	0.000027418000666444778	0	0	0	0	0.06932875450463787	0	0	0	0	0	0	0	0.07603594191182488	0.00024185457493086535	0	0.00025684361407979687	0.0002568436119988064	0.00025684361199964	0	0	0
8.511380382023777e-6	0.00016949819055074575	0.00002794728607638241	0	0	0	0	0.07374097202478516	0	0	0	0	0	0	0	0.07894217842030757	0.0002486297113964267	0	0.00026306084458564433	0.0002630608414576381	0.0002630608414588911	0	0	0
9.120108393559115e-6	0.00017747598238114027	0.00002882755267944485	0	0	0	0	0.07492369382796903	0	0	0	0	0	0	0	0.08114168669156703	0.0002618932184803284	0	0.00027399263212884366	0.000273992626157662	0.00027399262616005293	0	0	0
9.772372209558111e-6	0.00018582926590429079	0.00002973554538408096	0	0	0	0	0.07612538515142502	0	0	0	0	0	0	0	0.08340247825563801	0.00027586428629450743	0	0.0002853787023269844	0.00028537869328172584	0.0002853786932853478	0	0	0
0.000010471285480509006	0.00019324732858934542	0.00003126419611140083	0	0	0	0	0.07862095492633853	0	0	0	0	0	0	0	0.08586420806470396	0.00028626232075402503	0	0.0002979185220470792	0.00029791850479810516	0.00029791850480501256	0	0	0
0.000011220184543019652	0.00020096151069203487	0.000032871432014003155	0	0	0	0	0.08119833536781268	0	0	0	0	0	0	0	0.08839859894787169	0.00029705228387554114	0	0.00031100935372892707	0.0003110093275727439	0.00031100932758321896	0	0	0
0.000012022644346174132	0.00020747412553505005	0.00003387800099503648	0	0	0	0	0.08321253426114925	0	0	0	0	0	0	0	0.09035890906945075	0.0003058791347314053	0	0.00032089190134423147	0.0003208918511973257	0.00032089185121740983	0	0	0
0.000012882495516931348	0.00021419779647506194	0.0000349153925186698	0	0	0	0	0.08527669719824997	0	0	0	0	0	0	0	0.09236269064666898	0.0003149682737441375	0	0.0003310884740722767	0.0003310883984364154	0.00033108839846670803	0	0	0
0.000013803842646028866	0.000220799001230136	0.0000357811233286201	0	0	0	0	0.08939450541979532	0	0	0	0	0	0	0	0.09563986114325661	0.0003240760426373106	0	0.0003405893429184398	0.00034058919770772587	0.00034058919776588356	0	0	0
0.000014791083881682102	0.00022760364367194224	0.000036668320024565755	0	0	0	0	0.09371115277449751	0	0	0	0	0	0	0	0.09903331069568869	0.00033344717600597423	0	0.00035036284737683385	0.00035036262866054214	0.0003503626287481392	0	0	0
0.00001584893192461114	0.000235061748539583	0.00003753710392706684	0	0	0	0	0.10125304593862054	0	0	0	0	0	0	0	0.10396322244526372	0.0003460494776712219	0	0.00036073272071532656	0.00036073230097993965	0.0003607323011480469	0	0	0
0.00001698243652461746	0.00024276424021632515	0.00003842647195964928	0	0	0	0	0.10940191224110586	0	0	0	0	0	0	0	0.1091385468715222	0.0003591280706914141	0	0.000371409516645247	0.00037140888418313577	0.00037140888443644123	0	0	0
0.000018197008586099864	0.0002505182668241578	0.00003959803124187808	0	0	0	0	0.11328748917624243	0	0	0	0	0	0	0	0.11172051499842875	0.0003706074694574956	0	0.00038308592629622134	0.00038308471354959247	0.0003830847140353058	0	0	0
0.000019498445997580493	0.0002585199614105272	0.00004080530942000825	0	0	0	0	0.11731106834378677	0	0	0	0	0	0	0	0.11436356657934436	0.00038245380304930153	0	0.0003951294200853993	0.0003951275911941092	0.0003951275919265922	0	0	0
0.00002089296130854041	0.0002679999338681296	0.00004222424966143219	0	0	0	0	0.12010896876887389	0	0	0	0	0	0	0	0.11660055085398492	0.00039649999043072384	0	0.00040935961393412726	0.00040935795502251144	0.00040935795642418866	0	0	0
0.000022387211385683423	0.00027782753858324617	0.00004369253131056421	0	0	0	0	0.122973599869074	0	0	0	0	0	0	0	0.11888129118481315	0.0004110620450316183	0	0.0004241022940890634	0.00042410081977264913	0.00042410082189077284	0	0	0
0.000023988329190194948	0.0002885536951026803	0.000045521815538115155	0	0	0	0	0.12627354882273292	0	0	0	0	0	0	0	0.12426780058490709	0.0004262973357491094	0	0.00044095221614582367	0.0004409511977866016	0.0004409512018332026	0	0	0
0.000025703957827688645	0.00029969395900062145	0.000047427686786028694	0	0	0	0	0.12966205062926742	0	0	0	0	0	0	0	0.12989837263967247	0.0004420972956839421	0	0.0004584715990314369	0.00045847107518837913	0.0004584710813133582	0	0	0
0.00002754228703338169	0.0003105748803709286	0.00004941739662511147	0	0	0	0	0.1351860232331753	0	0	0	0	0	0	0	0.1341611067384973	0.0004567222778510549	0	0.0004760132618932789	0.00047601290031555697	0.0004760129120246761	0	0	0
0.0000295120922666639	0.00032185085291364384	0.00005149057975821369	0	0	0	0	0.14094533280098812	0	0	0	0	0	0	0	0.13856372636189107	0.0004718310677805687	0	0.0004942260894174656	0.0004942259032889414	0.0004942259210005501	0	0	0
0.000031622776601683856	0.0003321430281508481	0.000053430215614155	0	0	0	0	0.14537278594079242	0	0	0	0	0	0	0	0.14424005966279893	0.00048593915248459376	0	0.0005110077677988893	0.0005110076395928034	0.0005110076735166591	0	0	0
0.000033884415613920276	0.00034276432748436624	0.000055442917014731865	0	0	0	0	0.14993931669966729	0	0	0	0	0	0	0	0.15014892683522488	0.0005004690789612508	0	0.0005283592759309609	0.0005283592097954897	0.000528359261012165	0	0	0
0.000036307805477010174	0.00035355940581844686	0.00005716046851723137	0	0	0	0	0.1542316408124881	0	0	0	0	0	0	0	0.15489945801200644	0.0005164877072608729	0	0.0005448876166779019	0.0005448875711804405	0.0005448876693952728	0	0	0
0.00003890451449942813	0.0003646944661952722	0.00005893122759470269	0	0	0	0	0.15864684161099024	0	0	0	0	0	0	0	0.1598002902727659	0.0005330190474609631	0	0.0005619330034204181	0.0005619329799168993	0.0005619331280202071	0	0	0
0.00004168693834703355	0.00037647307325149737	0.000060426441441438736	0	0	0	0	0.16432271679606067	0	0	0	0	0	0	0	0.16461705565503398	0.0005515533256981857	0	0.0005786716293912451	0.0005786716132281458	0.0005786718974267757	0	0	0
0.00004466835921509635	0.00038863209623679184	0.0000619595921263962	0	0	0	0	0.17020165659174172	0	0	0	0	0	0	0	0.16957900993970074	0.0005707320827235668	0	0.0005959088585722138	0.0005959088502076942	0.0005959092784781714	0	0	0
0.0000478630092322639	0.0004031752977399009	0.00006386955392083953	0	0	0	0	0.1762487601510208	0	0	0	0	0	0	0	0.17508090247458874	0.0005924859836897756	0	0.0006167090472630776	0.0006167090414805166	0.000616709861420388	0	0	0
0.00005128613839913659	0.00041826272786439	0.0000658383920559917	0	0	0	0	0.18251071156894397	0	0	0	0	0	0	0	0.180761300718857	0.0006150690516531967	0	0.000638235266190529	0.0006382352631803641	0.0006382365016105093	0	0	0
0.00005495408738576248	0.0004328774332742239	0.00006851120708774654	0	0	0	0	0.1888435713204359	0	0	0	0	0	0	0	0.1871649525532296	0.00063577176714045	0	0.0006613958572133632	0.0006613958550847793	0.0006613982246519127	0	0	0
0.00005888436553555896	0.00044800279765505423	0.0000712925293289107	0	0	0	0	0.19539617221636474	0	0	0	0	0	0	0	0.19379546022816607	0.0006571713189055084	0	0.0006853969110011749	0.0006853969098221184	0.0006854004909917559	0	0	0
0.00006309573444801943	0.0004635854504255763	0.00007410138519974176	0	0	0	0	0.2023528557063557	0	0	0	0	0	0	0	0.2002837175908916	0.0006793897628479406	0	0.0007092140388387956	0.0007092140378725967	0.0007092208940830473	0	0	0
0.00006760829753919819	0.0004797101066582173	0.00007702090724243408	0	0	0	0	0.20955721776973513	0	0	0	0	0	0	0	0.2069892013197849	0.0007023593948550713	0	0.0007338587974540425	0.0007338587967169181	0.000733869151269705	0	0	0
0.00007244359600749906	0.0004962322745944792	0.00008028083674001898	0	0	0	0	0.21585390523888132	0	0	0	0	0	0	0	0.21453036188764188	0.0007255341949825494	0	0.0007579125788835462	0.0007579125779261318	0.000757927478928977	0	0	0
0.00007762471166286927	0.0005133234987785182	0.00008367874358310363	0	0	0	0	0.2223397929346117	0	0	0	0	0	0	0	0.22234626675301722	0.0007494736625507779	0	0.0007827547741101834	0.0007827547729188299	0.0007827745073106608	0	0	0
0.00008317637711026725	0.0005323042221495689	0.00008857436339219105	0	0	0	0	0.22928594501202568	0	0	0	0	0	0	0	0.2297467196855841	0.0007744138959610637	0	0.0008084046488214443	0.0008084046466902012	0.0008084197286013035	0	0	0
0.00008912509381337459	0.0005519867794723986	0.000093756401140756	0	0	0	0	0.23644910290763263	0	0	0	0	0	0	0	0.23739348529255314	0.0008001840654633595	0	0.0008348950371832954	0.0008348950340518422	0.0008349051374158176	0	0	0
0.00009549925860214369	0.0005773644444724867	0.00010315294914873405	0	0	0	0	0.24363702419679098	0	0	0	0	0	0	0	0.24459589882698665	0.0008267339952635201	0	0.0008640854419865417	0.0008640854360355975	0.000864096619401981	0	0	0
0.00010232929922807557	0.0006039088509685801	0.0001134912474094085	0	0	0	0	0.25104345429746	0	0	0	0	0	0	0	0.25201683040818573	0.000854164845845308	0	0.0008942964298506881	0.0008942964208869237	0.0008943087474260715	0	0	0
0.00010964781961431851	0.0006164767002398322	0.00010878745550965139	0	0	0	0	0.25822864029335696	0	0	0	0	0	0	0	0.2590474114808729	0.000882932000443268	0	0.0009241072649224819	0.0009241072477609015	0.0009241180467119453	0	0	0
0.00011748975549395303	0.0006293060969864204	0.00010427861836403822	0	0	0	0	0.26561947553806625	0	0	0	0	0	0	0	0.26627412655833826	0.0009126679951751765	0	0.0009549118263002455	0.000954911800404271	0.0009549209562319493	0	0	0
0.00012589254117941688	0.0006469462742258735	0.00010518589178247182	0	0	0	0	0.2737022078292603	0	0	0	0	0	0	0	0.2738733890759841	0.00094059869056056	0	0.0009840636213136673	0.0009840635716409935	0.000984069997351798	0	0	0
0.0001348962882591656	0.0006650809260215539	0.00010610105890978563	0	0	0	0	0.28203089558421895	0	0	0	0	0	0	0	0.28168952880794385	0.0009693841587097871	0	0.0010141053698590242	0.001014105294982064	0.001014108815361197	0	0	0
0.0001445439770745928	0.0006856671839032768	0.00010885020016015924	0	0	0	0	0.2909484228029489	0	0	0	0	0	0	0	0.289861200537706	0.0009999718934102827	0	0.0010460829222777377	0.0010460827787080653	0.0010460853937218693	0	0	0
0.00015488166189124827	0.0007068906484721723	0.00011167057328787829	0	0	0	0	0.30014791307232896	0	0	0	0	0	0	0	0.29826992835947574	0.0010315247867691902	0	0.0010790688155346735	0.001079068599014599	0.0010790702480665026	0	0	0
0.00016595869074375631	0.0007298985150991035	0.00011493856354554313	0	0	0	0	0.3075347277359643	0	0	0	0	0	0	0	0.3072863624252994	0.0010654191251734642	0	0.0011135419856477277	0.00111354157056525	0.0011135433151592997	0	0	0
0.00017782794100389227	0.000753655241437032	0.00011830219010209786	0	0	0	0	0.3151033362035814	0	0	0	0	0	0	0	0.3165753552559643	0.0011004271800783927	0	0.0011491164751952145	0.0011491158490843478	0.001149117693642075	0	0	0
0.00019054607179632481	0.0007771629987521797	0.00012156894146112022	0	0	0	0	0.3240545762684001	0	0	0	0	0	0	0	0.3259335593267657	0.001134985400042818	0	0.001183558053437824	0.0011835568520798289	0.001183559746751014	0	0	0
0.00020417379446695317	0.0008014040020180028	0.0001249258996407646	0	0	0	0	0.33326009703891885	0	0	0	0	0	0	0	0.33556839890307016	0.0011706288990595353	0	0.0012190319224337659	0.0012190301119084953	0.0012190341179844797	0	0	0
0.00021877616239495564	0.0008257997450688799	0.00012857902452720406	0	0	0	0	0.34188700609618816	0	0	0	0	0	0	0	0.3431314828613907	0.0012054009583796314	0	0.0012552464666557117	0.0012552431511197734	0.0012552474120461024	0	0	0
0.00023442288153199226	0.0008509381251386713	0.0001323389753118304	0	0	0	0	0.3507372348984374	0	0	0	0	0	0	0	0.35086502458375524	0.0012412058779941696	0	0.0012925368590068764	0.0012925319506392771	0.0012925364780221056	0	0	0
0.0002511886431509582	0.0008775492374207491	0.00013645570448420167	0	0	0	0	0.35950406460322243	0	0	0	0	0	0	0	0.3594204513275477	0.0012788542296547783	0	0.001331635538165572	0.0013316298101526721	0.0013316358683485982	0	0	0
0.00026915348039269194	0.0009049925503951793	0.00014070049463814452	0	0	0	0	0.36849002502874484	0	0	0	0	0	0	0	0.3681844919873472	0.001317644533998574	0	0.0013719169354040688	0.0013719103426497199	0.0013719180201289436	0	0	0
0.00028840315031266115	0.0009326637830584784	0.00014532650362887782	0	0	0	0	0.3775731083371677	0	0	0	0	0	0	0	0.3765485500430632	0.0013558263478044479	0	0.0014113020352984115	0.0014112951240261335	0.0014113058332671678	0	0	0
0.0003090295432513592	0.0009611810968489325	0.00015010460845436507	0	0	0	0	0.3868800848225656	0	0	0	0	0	0	0	0.38510261465440937	0.0013951145684354446	0	0.001451817805755712	0.0014518105631108828	0.001451824471863653	0	0	0
0.0003311311214825914	0.0009910467416367429	0.00015656287591726207	0	0	0	0	0.3955062473265671	0	0	0	0	0	0	0	0.393690640920831	0.0014326234733074102	0	0.0014924224935809187	0.0014924150579142894	0.001492428942162998	0	0	0
0.000354813389233576	0.0010218403663250265	0.0001632990110555872	0	0	0	0	0.4043247450849906	0	0	0	0	0	0	0	0.40247018547963964	0.00147114083868615	0	0.0015341628202354925	0.0015341551864154605	0.0015341690339098683	0	0	0
0.00038018939632056124	0.0010489253579460717	0.00016680481879525235	0	0	0	0	0.4123584770918892	0	0	0	0	0	0	0	0.4111804489014102	0.0015088012449707047	0	0.0015743845595373343	0.001574377433834314	0.0015743885667636518	0	0	0
0.00040738027780411304	0.001076728266763668	0.00017038589146045526	0	0	0	0	0.42055183536639446	0	0	0	0	0	0	0	0.42007921992352987	0.001547425737197424	0	0.0016156608077160263	0.00161565422202046	0.0016156624885323633	0	0	0
0.00043651583224016654	0.0011038113914709558	0.00017222014084039973	0	0	0	0	0.428576625946082	0	0	0	0	0	0	0	0.4283595377949098	0.0015873843502176247	0	0.001657416045233249	0.0016574079973626214	0.0016574146543103768	0	0	0
0.00046773514128719906	0.001131575742506698	0.00017407413640213804	0	0	0	0	0.43675454215365245	0	0	0	0	0	0	0	0.4368030716998357	0.001628374799994909	0	0.0017002504076830012	0.0017002408264599489	0.0017002457851318475	0	0	0
0.0005011872336272725	0.0011616514006879055	0.00017861699960890939	0	0	0	0	0.44377202922052283	0	0	0	0	0	0	0	0.44322977401110414	0.001667916709809137	0	0.0017423716747653134	0.0017423611482986084	0.0017423660351017448	0	0	0
0.0005370317963702533	0.0011925264266719495	0.0001832784192338946	0.001187794676353269	0.00017854280100863246	0	0	0.45090226869173183	0	0	0	0	0	0	0	0.44975103266886707	0.001708418817872415	0	0.0017855364358721514	0.0017855249232082556	0.0017855297315386412	0	0	0
0.0005754399373371578	0.0012206488578053686	0.00018570516551454094	0.001217176993163523	0.0001822402131915533	0	0	0.45743780048538285	0	0	0	0	0	0	0	0.45672192875973977	0.0017474287871478093	0	0.0018272994633963047	0.0018272886850551422	0.0018272950114342431	0	0	0
0.0006165950018614823	0.001249434478546301	0.0001881640437697826	0.0012472861363843713	0.00018601419444795814	0	0	0.46406806051349053	0	0	0	0	0	0	0	0.4638008699439641	0.0017873295085543243	0	0.0018700393124699577	0.0018700293091014478	0.001870037221914616	0	0	0
0.0006606934480075965	0.0012782190428479304	0.00019219976828975166	0.001275563981288199	0.00018954148677633866	0	0	0.47041830609628044	0	0	0	0	0	0	0	0.47008639682734776	0.001824668968896822	0	0.001910127970639406	0.0019101187123302568	0.001910126466502994	0	0	0
0.0007079457843841388	0.0013076667480795246	0.00019632205064550428	0.0013044829272907045	0.00019313566535072193	0	0	0.4768554475945463	0	0	0	0	0	0	0	0.4764571064923124	0.0018627884954173762	0	0.0019510760227815403	0.001951067546073556	0.001951075131167521	0	0	0
0.0007585775750291852	0.0013365232024971302	0.00020044713068832957	0.0013323957334348492	0.00019631362513895958	0	0	0.4820130214597586	0	0	0	0	0	0	0	0.48166625264046936	0.0018990202395128667	0	0.0019896333044248523	0.001989624787997477	0.0019896337261149943	0	0	0
0.0008128305161640995	0.001366016436096267	0.0002046588860959641	0.0013609058066880845	0.00019954387681433945	0	0	0.4872263786201173	0	0	0	0	0	0	0	0.4869323508273793	0.0019359567009090228	0	0.002028952557385716	0.002028944002979569	0.0020289543446363307	0	0	0
0.0008709635899560814	0.0013939122155694878	0.00020884370335982758	0.0013874064966009215	0.0002023288516576817	0	0	0.4904617064581303	0	0	0	0	0	0	0	0.48994261149075313	0.001969306698129971	0	0.002064784520465029	0.0020647750031083287	0.002064786669640098	0	0	0
0.0009332543007969925	0.0014223776620627048	0.0002131140907929908	0.0014144232299918645	0.00020515269557083398	0	0	0.4937185178337322	0	0	0	0	0	0	0	0.4929714818629419	0.0020032312031971517	0	0.0021012492876843133	0.002101238776033349	0.002101251811009877	0	0	0
0.001	0.001446384029092196	0.00021509933707275362	0.0014389777674400335	0.00020769073931597534	0	0	0.49579665838793635	0	0	0	0	0	0	0	0.4949345246618431	0.0020326336609286094	0	0.0021343064773870243	0.002134295906189769	0.0021343089619761087	0	0	0
0.001071519305237607	0.0014707955667548622	0.00021710307674625005	0.0014639585742653653	0.0002102601824343216	0	0	0.49788354616957264	0	0	0	0	0	0	0	0.4969053844180575	0.0020624676736993785	0	0.0021678837280827102	0.002167873098067226	0.0021678861720919743	0	0	0
0.001148153621496884	0.0014923728642256037	0.00021871339320287555	0.0014859482646164671	0.00021228635110835298	0	0	0.49922112196457324	0	0	0	0	0	0	0	0.49766387884511526	0.002087348265288166	0	0.0021966630705126567	0.002196652848683819	0.0021966656417496716	0	0	0
0.0012302687708123836	0.0015142667113084488	0.00022033565384347732	0.0015082682556265064	0.00021433204492237086	0	0	0.5005622911882399	0	0	0	0	0	0	0	0.4984235310656157	0.0021125290040480806	0	0.0022258244678194238	0.0022258146668883544	0.0022258271692314527	0	0	0
0.0013182567385564075	0.0015343132585531752	0.0002227649893682636	0.0015273094733184401	0.00021575124900040705	0	0	0.5000463146156339	0	0	0	0	0	0	0	0.4986335613620866	0.002132331825403669	0	0.002249624930059871	0.002249615801295344	0.0022496289059571184	0	0	0
0.0014125375446227555	0.0015546251910523198	0.00022522110980501993	0.001546591077937462	0.00021717985036766288	0	0	0.49953086990854884	0	0	0	0	0	0	0	0.49884368016305813	0.002152320278167345	0	0.002273679887661949	0.0022736714465596375	0.002273685164992061	0	0	0
0.0015135612484362103	0.0015706154210321482	0.00022672610008917185	0.001561786714504576	0.00021788577702215616	0	0	0.49726258036150245	0	0	0	0	0	0	0	0.49635205928063625	0.002166258651807468	0	0.002291249264614329	0.0022912410106130277	0.0022912547914793187	0	0	0
0.0016218100973589332	0.0015867701198860665	0.00022824114713823932	0.0015771316519269517	0.00021859399823777299	0	0	0.4950045907534168	0	0	0	0	0	0	0	0.4938728835285598	0.0021802872900154144	0	0.0023089544051841655	0.0023089463416794955	0.0023089601851253934	0	0	0
0.0017378008287493763	0.0015985104975452735	0.00022993321959051944	0.0015871262826356216	0.00021853326006476072	0	0	0.4915375743062689	0	0	0	0	0	0	0	0.4905114392944935	0.0021861804633512556	0	0.0023187584225125776	0.0023187485222650366	0.002318761453399997	0	0	0
0.0018620871366628695	0.001610337741263935	0.00023163783627165376	0.0015971842515208317	0.00021847253876835802	0	0	0.48809484087238775	0	0	0	0	0	0	0	0.4871728740394421	0.0021920895655475336	0	0.0023286040685347197	0.0023285923160931594	0.002328604326922018	0	0	0
0.001995262314968883	0.001616059117406073	0.00023189593853555377	0.0016018789448222662	0.0002176985420402835	0	0	0.4832225702917391	0	0	0	0	0	0	0	0.4826591096792886	0.0021902578658941174	0	0.0023307189998220536	0.0023307063330546413	0.0023307183322443174	0	0	0
0.0021379620895022326	0.0016218008210510204	0.0002321543283896839	0.001606587437499179	0.0002169272874002467	0	0	0.47839893579289927	0	0	0	0	0	0	0	0.4781871663436311	0.0021884276968002513	0	0.0023328358519745123	0.0023328222692304405	0.0023328342567499032	0	0	0
0.0022908676527677745	0.0016193788567662965	0.00022943758914204237	0.0016052579103984401	0.00021531264594620405	0	0	0.4718789708234384	0	0	0	0	0	0	0	0.4721243252652115	0.002178123994114542	0	0.002326111793981444	0.0023260981801254683	0.002326110132568566	0	0	0
0.0024547089156850338	0.001616960509393663	0.00022675264198800905	0.0016039294835442704	0.00021371002265297621	0	0	0.4654478646285746	0	0	0	0	0	0	0	0.46613835375697155	0.002167868804015837	0	0.0023194071171016477	0.002319393472425971	0.002319405389895315	0	0	0
0.002630267991895387	0.001608049856434505	0.0002237104674653356	0.0015955535990851658	0.00021120615593348238	0	0	0.4578060674360468	0	0	0	0	0	0	0	0.458084976085837	0.0021478226322254094	0	0.002302658839883027	0.0023026455864389897	0.0023026571818552687	0	0	0
0.002818382931264455	0.0015991883077890884	0.00022070910757549423	0.0015872214543547689	0.0002087316249862244	0	0	0.4502897344872502	0	0	0	0	0	0	0	0.45017073498518945	0.002127961826358745	0	0.0022860315008074914	0.0022860186336564757	0.0022860299110492996	0	0	0
0.003019951720402019	0.0015833952848849722	0.00021678138652013934	0.0015719773864375528	0.00020535626307917343	0	0	0.441807443305757	0	0	0	0	0	0	0	0.44119876191561735	0.0020988926216072867	0	0.0022594981270453525	0.002259485024560079	0.0022594962753453	0	0	0
0.0032359365692962876	0.0015677582283365606	0.0002129235628643896	0.0015568797263237537	0.000202035483547957	0	0	0.43348493649902775	0	0	0	0	0	0	0	0.4324056016708367	0.0020702205192166022	0	0.002233272719259605	0.002233259388636482	0.002233270611912476	0	0	0
0.0034673685045253167	0.0015452297538893684	0.00020851057577688382	0.0015345708627404013	0.00019784250335809644	0	0	0.4236778309362035	0	0	0	0	0	0	0	0.42237191029663007	0.002032531777390777	0	0.0021969363944843797	0.002196923048407173	0.0021969346472961596	0	0	0
0.003715352290971728	0.0015230250105837159	0.00020418905087783907	0.0015125816676490771	0.0001937365429459689	0	0	0.4140926000255807	0	0	0	0	0	0	0	0.41257104421932916	0.001995529165978221	0	0.002161191277619764	0.002161177920120364	0.0021611898794284866	0	0	0
0.003981071705534978	0.00149414885574456	0.00020003468567477139	0.0014828907648417144	0.0001887627352806292	0	0	0.40342733039630807	0	0	0	0	0	0	0	0.40217271795850734	0.001962310995324306	0	0.0021148570029078284	0.0021148440465362153	0.0021148566207932597	0	0	0
0.004265795188015935	0.001465820185229363	0.00019596484385905587	0.0014537826733485226	0.00018391662042076465	0	0	0.3930367528920771	0	0	0	0	0	0	0	0.39203646823102783	0.0019296457841963158	0	0.0020695160993219534	0.002069503533018039	0.0020695166903594055	0	0	0
0.004570881896148752	0.0014271408488362274	0.00018784584540296003	0.001417580779701104	0.00017830019408074656	0	0	0.38172860666442	0	0	0	0	0	0	0	0.3807414035134556	0.0018749567525764505	0	0.0020145183074389257	0.002014505877959267	0.0020145183664017742	0	0	0
0.004897788193684466	0.001389482163597228	0.00018006322430227117	0.0013822803805670564	0.0001728552815754253	0	0	0.37074580958074266	0	0	0	0	0	0	0	0.36977176384511357	0.0018218176894554744	0	0.001960982092546285	0.001960969801493479	0.0019609816472972185	0	0	0
0.005248074602497733	0.0013472398137784668	0.00017343634923346955	0.0013405256615604717	0.00016671804695347661	0	0	0.35854570438234884	0	0	0	0	0	0	0	0.35771542911438703	0.0017610767584247111	0	0.0018986876370384947	0.0018986746008341606	0.0018986859965162567	4.137655376474227e-11	4.137655376474227e-11	4.137655376474227e-11
0.005623413251903491	0.0013062816949955273	0.00016705336335052305	0.001300032232653806	0.00016079871512548127	0	0	0.3467470671520499	0	0	0	0	0	0	0	0.34605218877688304	0.0017023609810214713	0	0.0018383720875093823	0.0018383583658999815	0.001838369328104446	3.8614846753103715e-11	3.8614846753103715e-11	3.8614846753103715e-11
0.0060255958607435805	0.0012602775771356385	0.00016067576753550823	0.0012539398611151771	0.00015433147923522112	0	0	0.33432738048080973	0	0	0	0	0	0	0	0.33372074374129884	0.0016373010810212757	0	0.0017706327467681912	0.0017706192998464025	0.0017706301279121833	3.6037471806950754e-11	3.6037471806950754e-11	3.6037471806950754e-11
0.006456542290346563	0.0012158936143067615	0.00015454164917921636	0.0012094816849916262	0.00014812435201577733	0	0	0.32235253857286816	0	0	0	0	0	0	0	0.3218287253055089	0.001574727604661673	0	0.0017053894286304908	0.0017053762547835768	0.0017053869437122118	3.363212555368707e-11	3.363212555368707e-11	3.363212555368707e-11
0.006918309709189377	0.0011665679815407572	0.00014820985787384144	0.001159804224016737	0.00014143891033895236	0	0	0.3099167223777649	0.3101544955176538	0	0	0	0	0	0	0.3092922725680804	0.0015063898315438489	0	0.0016333322465050852	0.0016333201251992528	0.0016333302257676493	3.138732581792283e-11	3.138732581792283e-11	3.138732581792283e-11
0.007413102413009177	0.0011192433610501195	0.00014213748906944144	0.0011121671826360734	0.0001350552092591731	0	0	0.2979606589562031	0.2981230211598027	0	0	0	0	0	0	0.29724416233981926	0.001441017683224168	0	0.0015643196695640969	0.0015643085353733042	0.001564318078218145	2.929235681009296e-11	2.929235681009296e-11	2.929235681009296e-11
0.00794328234724282	0.001067600585683706	0.00013522939810617859	0.0010606883548479444	0.0001283106266128132	0	0	0.2854910496168814	0.28565810896757554	0	0	0	0	0	0	0.2849471302190656	0.0013713154918479817	0	0.0014902627095881274	0.001490252268644542	0.001490261362378463	2.7337217973499268e-11	2.7337217973499268e-11	2.7337217973499268e-11
0.008511380382023776	0.0010183406488851643	0.00012865705052116967	0.0010115923250346294	0.00012190286470312171	0	0	0.27354329157705676	0.27371437100521984	0	0	0	0	0	0	0.27315882801848423	0.0013049848034999692	0	0.001419711703943353	0.0014197019155624707	0.0014197105813210514	2.551257624559298e-11	2.551257624559298e-11	2.551257624559298e-11
0.009120108393559097	0.0009663582904484334	0.00012214163471762946	0.0009594847613312457	0.0001152614778919903	0.0009659241251870666	0.00012170604746937475	0.2611499732029101	0.261303154166701	0	0	0	0	0	0	0.2607575563487888	0.001235434830089517	0	0.001345370982946949	0.0013453614977287308	0.001345370425453932	2.380972150561083e-11	2.380972150561083e-11	2.380972150561083e-11
0.009772372209558112	0.0009170294307123603	0.00011595617085159306	0.0009100612810554497	0.00010898192030351478	0.0009160476178178787	0.00011497343339226953	0.24931815403218888	0.24945470757238578	0	0	0	0	0	0	0.24891929609681368	0.0011695915655912435	0	0.0012749229838199996	0.0012749137968541726	0.0012749229353505637	2.2220524995889906e-11	2.2220524995889906e-11	2.2220524995889906e-11
0.010471285480509006	0.0008662538707524164	0.00011009668512045162	0.0008587172648374875	0.00010255463612215535	0.0008648864867876993	0.00010872949090302663	0.23721271047130713	0.23736867551175522	0	0	0	0	0	0	0.2366409690655755	0.0011018390394873668	0	0.001202062022105756	0.0012020532543525987	0.0012020619993444858	2.0737400518381284e-11	2.0737400518381284e-11	2.0737400518381284e-11
0.011220184543019653	0.000818289733635513	0.00010453329034144579	0.0008102699854176588	0.00009650640547401405	0.0008165826977530391	0.00010282464255630583	0.22569503704042065	0.22586820935361707	0	0	0	0	0	0	0.2249682893949477	0.0010380113063868791	0	0.0011333650136728449	0.0011333566472219658	0.0011333650138396374	1.9353268221129074e-11	1.9353268221129074e-11	1.9353268221129074e-11
0.012022644346174132	0.0007681134131379743	0.00009788923867951076	0.0007606431341194294	0.00009041245380014258	0.0007664597841223203	0.00009623391745998187	0.2140250158220455	0.2140431888057478	0	0	0	0	0	0	0.2133274559157012	0.0009728936533489465	0	0.0010633371503008205	0.0010633287491096399	0.001063336944131014	1.8061520801846467e-11	1.8061520801846467e-11	1.8061520801846467e-11
0.01288249551693135	0.0007210138306651013	0.00009166747758493712	0.0007140557936189565	0.00008470330815879363	0.0007194134804635538	0.00009006563640251273	0.20295841680126547	0.2028372510024472	0	0	0	0	0	0	0.20228896956927025	0.0009118610316696082	0	0.0009976361380220336	0.0009976277383244836	0.0009976357510131006	1.6855991967257526e-11	1.6855991967257526e-11	1.6855991967257526e-11
0.013803842646028866	0.0006732382641190558	0.00008518733842092301	0.0006670501658181848	0.00007899480353758015	0.0006717910045414429	0.00008373893580695716	0.19174963073984286	0.1916491351896592	0	0	0	0	0	0	0.19113265913201385	0.0008505479938481502	0	0.0009315195411998717	0.0009315112960503832	0.0009315190817876091	1.5730926997642612e-11	1.5730926997642612e-11	1.5730926997642612e-11
0.014791083881682071	0.0006286283854720768	0.00007916529197082812	0.0006231388747130757	0.00007367101854206699	0.0006273209580282042	0.00007785665710219836	0.18115987239331335	0.18107813450154284	0	0	0	0	0	0	0.18059162328356732	0.0007933576112080567	0	0.0008697847066342508	0.0008697766324408647	0.0008697841861152765	1.4680955276073488e-11	1.4680955276073488e-11	1.4680955276073488e-11
0.01584893192461114	0.0005849431634980196	0.00007401521294034815	0.0005793363496332146	0.00006840439259393018	0.0005832394728769024	0.00007231084675298226	0.17051358356613278	0.17050722985322656	0	0	0	0	0	0	0.16996590220126837	0.0007364646343209234	0	0.0008083500316538093	0.000808342495393779	0.0008083496823737699	1.3701064651203849e-11	1.3701064651203849e-11	1.3701064651203849e-11
0.01698243652461746	0.0005442937551509427	0.00006920017106263911	0.0005386128512057277	0.00006351426950168581	0.00054225556849072	0.00006716007022070886	0.16049294910873269	0.16055342911638693	0	0	0	0	0	0	0.1599653814824521	0.0006836515462170487	0	0.0007512546135735698	0.0007512475795374591	0.0007512544139393831	1.278657751123361e-11	1.278657751123361e-11	1.278657751123361e-11
0.018197008586099864	0.0005038822606076077	0.00006430920195120025	0.0004982695139102574	0.000058691992846136276	0.0005020993855446999	0.00006252414796595203	0.15054551178062148	0.150605693292738	0	0	0	0	0	0	0.1501772968644091	0.0006316667212423657	0	0.0006947665741087758	0.0006947601847468604	0.0006947664635800747	1.1933128454832847e-11	1.1933128454832847e-11	1.1933128454832847e-11
0.019498445997580455	0.00046647114752331386	0.0000597639195408449	0.00046094798506308776	0.000054235844185525695	0.0004649169277616746	0.00005820823394051254	0.14121462184569014	0.14127430959910445	0	0	0	0	0	0	0.14098813308537594	0.0005836348194236426	0	0.0006425259609425029	0.0006425201590755001	0.0006425259272480131	1.1136643452435723e-11	1.1136643452435723e-11	1.1136643452435723e-11
0.02089296130854041	0.0004295056337448589	0.000055089058507316966	0.0004243045159535376	0.00004988333281217622	0.0004285435105202383	0.0000541237167189763	0.1320553803679286	0.13212868294241129	0	0	0	0	0	0	0.13188593327695056	0.0005366446201817752	0	0.0005913107168708016	0.0005913052792605424	0.0005913106856062419	1.039332039842828e-11	1.039332039842828e-11	1.039332039842828e-11
0.022387211385683423	0.0003954694527154072	0.000050779875057366285	0.00039057405193760735	0.000045880117288087135	0.00039501581775734385	0.0000503258132598517	0.12349021125570174	0.12357511359026961	0	0	0	0	0	0	0.1233713718714135	0.0004934377435781476	0	0.0005441778000275229	0.00054417270546729	0.0005441777710195983	9.699610961394285e-12	9.699610961394285e-12	9.699610961394285e-12
0.02398832919019495	0.000362502654749963	0.000046844338804589785	0.00035762016340427363	0.000041958552018285216	0.00036180299978321416	0.000046145096054056364	0.1150633041267142	0.11516974095541956	0	0	0	0	0	0	0.11495680123499549	0.00045166623552370637	0	0.0004980951101508848	0.0004980901714516922	0.000498094863058845	9.05220364577885e-12	9.05220364577885e-12	9.05220364577885e-12
0.025703957827688646	0.0003322840077747722	0.00004321381404661173	0.0003274466919623477	0.000038372179312808184	0.0003313827061288591	0.00004231168364519678	0.10721144471234728	0.10733608771517966	0.10085556233326297	0	0	0	0	0	0.10711614817703397	0.0004134308551932818	0	0.0004559148475804681	0.0004559100748791405	0.0004559144195485246	8.448007984113325e-12	8.448007984113325e-12	8.448007984113325e-12
0.02754228703338169	0.0003025667080510956	0.00003926097679311454	0.00029820765444601023	0.00003489812003392676	0.00030177527749588554	0.00003846887630748013	0.09955184690609584	0.09968962195179573	0.0927228355890555	0	0	0	0	0	0.09944390199211296	0.0003770815170281024	0	0.0004150451059856452	0.0004150405692326813	0.0004150446809645149	7.884139784341075e-12	7.884139784341075e-12	7.884139784341075e-12
0.0295120922666639	0.000275507128477061	0.00003566971193717943	0.0002715794886711408	0.000031738587792323956	0.0002748131282152858	0.00003497507820226383	0.09243948021599009	0.09258787921600853	0.08524591049590013	0	0	0	0	0	0.09232118416985068	0.00034392805640435267	0	0.0003778390655992647	0.00037783476084544265	0.0003778386464887872	7.357907361820966e-12	7.357907361820966e-12	7.357907361820966e-12
0.03162277660168379	0.0002497183782107626	0.000032473758129821635	0.0002459485814123931	0.000028700934332220147	0.0002489989881744263	0.00003175399772131333	0.08554028405525628	0.08570434246759898	0.0779378012624376	0	0	0	0	0	0.0854669233404668	0.000312786725671646	0	0.0003420383236702976	0.0003420343928598249	0.00034203792816349876	6.8667986902852684e-12	6.8667986902852684e-12	6.8667986902852684e-12
0.03388441561392028	0.00022634357506798748	0.00002956415709023363	0.00022273664699331338	0.00002595401020777728	0.00022560965887815013	0.000028829567312301385	0.07915600757551862	0.07933256901442749	0.07125621428977928	0	0	0	0	0	0.07912154778957735	0.0002844651197672719	0	0.00030962974851114685	0.00030962615942804603	0.00030962937589776253	6.4084694104158685e-12	6.4084694104158685e-12	6.4084694104158685e-12
0.03630780547701017	0.0002037306230848975	0.000026590305530919833	0.00020046059653545	0.000023317330111017993	0.00020326236043396605	0.000026121146055612194	0.0730101435492085	0.07316240964711898	0.06476223036471544	0	0	0	0	0	0.07301442660442801	0.00025750416791921036	0	0.00027852632539938503	0.00027852304926538434	0.0002785260328492564	5.980731638796563e-12	5.980731638796563e-12	5.980731638796563e-12
0.038904514499428125	0.0001833768277720859	0.00002391559299558838	0.00018041238972478033	0.000020948511584666916	0.00018312862744720374	0.000023667170022613744	0.06734145928204496	0.06747213977653231	0.058860080115343195	0	0	0	0	0	0.06737869317915024	0.00023309851327295758	0	0.000250547353132289	0.000250544363290839	0.0002505471283201509	5.581543523819526e-12	5.581543523819526e-12	5.581543523819526e-12
0.04168693834703355	0.00016417707329305896	0.00002154595187907163	0.00016131791118046874	0.000018684648501385322	0.000163893804834312	0.000021262725644014797	0.06187600698066933	0.06206056934098656	0.053160106305604846	0	0	0	0	0	0.0619734784971309	0.0002111761451437782	0	0.00022387367833942017	0.00022387100538907745	0.00022387359345227203	5.208999498690173e-12	5.208999498690173e-12	5.208999498690173e-12
0.04466835921509635	0.00014698755411220703	0.000019411103143497352	0.0001442443532139251	0.0000166654365017442	0.0001466793020704071	0.000019102558581387773	0.05685413236794303	0.0570830313027511	0.048012114439622416	0	0	0	0	0	0.057001877831355914	0.00019131552428893015	0	0.0002000397259306069	0.0002000373362849817	0.00020003975372326007	4.8613211850019715e-12	4.8613211850019715e-12	4.8613211850019715e-12
0.0478630092322639	0.00013061684490977486	0.000017236417580109575	0.0001281398177911413	0.00001475708211471204	0.00013044310088101277	0.000017062325503272885	0.052061149285875664	0.05230971474375696	0.04318333637365881	0	0	0	0	0	0.05224961229835928	0.0001721337624446214	0	0.0001775462965516498	0.00017754414792172196	0.00017754634863151157	4.5368489034586115e-12	4.5368489034586115e-12	4.5368489034586115e-12
0.05128613839913648	0.00011606942014396991	0.000015305368726322858	0.00011383331504974185	0.00001306725284498628	0.00011600411460429933	0.000015239997843183575	0.04767222982888167	0.0479355457151652	0.0388402086041357	0	0	0	0	0	0.04789354472506727	0.00015487521090339412	0	0.0001575821366109131	0.0001575802050090438	0.00015758220716464042	4.2340337512188684e-12	4.2340337512188684e-12	4.2340337512188684e-12
0.05495408738576248	0.00010248769200636695	0.00001356477595984753	0.00010040503531933799	0.00001148024865154265	0.00010243264073634705	0.000013509657491091008	0.04354869882378729	0.04377130596431889	0.034859643039761606	0	0	0	0	0	0.04374745923294509	0.00014109441989232103	0	0.00013884084455676398	0.00013883912899428425	0.00013884093777589014	3.951430208044625e-12	3.951430208044625e-12	3.951430208044625e-12
0.05888436553555896	0.00009049521398283324	0.000012022130935297277	0.00008856081467075197	0.000010085984457843793	0.00009044891143742821	0.000011975778960377177	0.03978184314122363	0.03996882057432974	0.03128702848239097	0	0	0	0	0	0.03996029528247671	0.00012853984319781373	0	0.0001223284601403261	0.00012232693655135952	0.00012232856963571013	3.687689235956793e-12	3.687689235956793e-12	3.687689235956793e-12
0.06309573444801943	0.00007925458278072956	0.000010540231992431671	0.00007749613083867768	8.780064225574878e-6	0.00007910791590463523	0.000010393067345232395	0.036175823975719675	0.03639602828145631	0.028075136891991422	0	0	0	0	0	0.036367890389476625	0.00011751036159508416	0	0.0001068919178370539	0.00010689054719775271	0.00010689200991264099	3.441551839459444e-12	3.441551839459444e-12	3.441551839459444e-12
0.06760829753919818	0.00006941017779060769	9.24099821006761e-6	0.00006781385556685599	7.643232857182148e-6	0.00006918891846591375	9.019525928118374e-6	0.03289667187305706	0.033142606052162335	0.025192974524496144	0	0	0	0	0	0.033098440390178605	0.00010742727498863436	0	0.00009340330194442579	0.0000934020699148136	0.000093403379253024	3.2118430555913273e-12	3.2118430555913273e-12	3.2118430555913273e-12
0.07244359600749906	0.00006026710541055347	8.009009855488518e-6	0.0000588442884508976	6.58473018612896e-6	0.00006011959408147319	7.861332058255617e-6	0.029801477329106183	0.030045209011156374	0.02270418409632809	0	0	0	0	0	0.030008809576256623	0.00010016361377225144	0	0.00008089033189708881	0.00008088923510296229	0.00008089033455315922	2.9974663451155535e-12	2.9974663451155535e-12	2.9974663451155535e-12
0.07762471166286927	0.00005232840644096793	6.941267318440808e-6	0.00005106110328557716	5.672818352429878e-6	0.0000522390821053481	6.851861419622319e-6	0.026997504623700923	0.027237284331332056	0.02046125895053542	0	0	0	0	0	0.02720758566168718	0.00009339108271133388	0	0.00007005368823378819	0.0000700527125524076	0.00007005363485186958	2.797398358073327e-12	2.797398358073327e-12	2.797398358073327e-12
0.08317637711026708	0.000045145099995484815	6.061021947558004e-6	0.00004392033932043903	4.835433939314215e-6	0.000045034116987884376	5.950261486786058e-6	0.024358047956455325	0.02459096980220294	0.01854232585629402	0	0	0	0	0	0.024573233060567332	0.00008732462454174104	0	0.00006010986704969485	0.00006010901770528664	0.00006010981101319214	2.610684048714377e-12	2.610684048714377e-12	2.610684048714377e-12
0.08912509381337459	0.00003894787157146641	5.292403442118352e-6	0.000037778192829753565	4.12165874683024e-6	0.000038822881473846174	5.1672982847748435e-6	0.021976642231153073	0.022201765361652755	0.016803357456750823	0	0	0	0	0	0.022193949531481974	0.00008165222877784023	0	0.00005157752871874158	0.000051576789503924383	0.000051577471856840165	2.436432116484792e-12	2.436432116484792e-12	2.436432116484792e-12
0.09549925860214369	0.000033257175354628025	4.5503067668548465e-6	0.00003218205774781353	3.4741131585765452e-6	0.00003320817417941359	4.500537596445093e-6	0.019716868859049986	0.019945315262894694	0.015291781321919364	0	0	0	0	0	0.019957260207435004	0.00007619649093807664	0	0.00004381389894189067	0.00004381326377940757	0.00004381384768572316	2.273810751309346e-12	2.273810751309346e-12	2.273810751309346e-12
0.10232929922807536	0.000028397950078966068	3.912266307535611e-6	0.000027414885766264605	2.9283021666645236e-6	0.000028405486415870273	3.919812161162757e-6	0.01768945926843617	0.017918196794538464	0.013916181727328366	0	0	0	0	0	0.017945982729315264	0.00007110528785531552	0	0.00003721887783647687	0.000037218332150315385	0.00003721883178679255	2.1220436628578883e-12	2.1220436628578883e-12	2.1220436628578883e-12
0.10964781961431873	0.000023955950007767996	3.2963254386937253e-6	0.000023098037296862404	2.4374301359573436e-6	0.000023972261086231153	3.3126543051480307e-6	0.015784198356455264	0.01602901087408763	0.012638459969864393	0	0	0	0	0	0.016045190311502297	0.00006655205546536248	0	0.0000312590631888666	0.00003125857383511031	0.00003125899949065769	1.9804063748411187e-12	1.9804063748411187e-12	1.9804063748411187e-12
0.11748975549395303	0.00002020876644894715	2.77735730230082e-6	0.000019460935621470822	2.0288431075541113e-6	0.0000202309262785716	2.799541940846644e-6	0.014084145477554322	0.014339009251195085	0.011478052927132245	0	0	0	0	0	0.01434572494666342	0.00006229038964974246	0	0.00002625358657342206	0.000026253149503282412	0.000026253512059550724	1.848222766646255e-12	1.848222766646255e-12	1.848222766646255e-12
0.12589254117941662	0.000016924885914256748	2.3971234699444593e-6	0.000016194138225641648	1.6668175854355713e-6	0.000016867239960250454	2.3406793497825113e-6	0.012485914500698036	0.012753915758929845	0.010227885680658523	0	0	0	0	0	0.012758902557005304	0.00005813313409512712	0	0.000021775050863266507	0.00002177469305792897	0.000021775012975590126	1.7248618458035333e-12	1.7248618458035333e-12	1.7248618458035333e-12
0.1348962882591656	0.000014174628814393905	2.068945513563646e-6	0.000013475719665906008	1.3693916758633008e-6	0.000014062815511221056	1.9570272331198993e-6	0.011069046479759292	0.011344045068687076	0.009113884224156063	0	0	0	0	0	0.01134760321032208	0.00005425333343914939	0	0.00001806049770654378	0.000018060204841622275	0.000018060486117499163	1.6097347358767798e-12	1.6097347358767798e-12	1.6097347358767798e-12
0.1445439770745928	0.000011711408135269332	1.764982761182103e-6	0.000011054740035461546	1.1086622514090547e-6	0.000011546202787379829	1.6006698524304616e-6	0.009757860420600792	0.010030788167330313	0.007824187117220879	0	0	0	0	0	0.010035213155671102	0.00005073243693451659	0	0.000014766805446966978	0.000014766589872250745	0.000014766833033225446	1.5022918653993156e-12	1.5022918653993156e-12	1.5022918653993156e-12
0.15488166189124797	9.676237897078027e-6	1.5056772287368225e-6	9.068701359291743e-6	8.975751856564438e-7	9.479950775214435e-6	1.3092020045092453e-6	0.008601991161753435	0.0088695620167788	0.006716993823887844	0	0	0	0	0	0.008874605607301274	0.000047440037213592674	0	0.000012073783715803418	0.000012073626980837231	0.000012073836574081794	1.4020203444362472e-12	1.4020203444362472e-12	1.4020203444362472e-12
0.1659586907437563	7.79131322256032e-6	1.1898908107870985e-6	7.3164006822073745e-6	7.147143420044176e-7	7.708675097975443e-6	1.1064569644030141e-6	0.007540396252242279	0.007797033679227004	0.005551780976165197	0	0	0	0	0	0.0078006372537186034	0.00004341020220667747	0	9.709420136627267e-6	9.709294793952417e-6	9.709464184883349e-6	1.3084415162500034e-12	1.3084415162500034e-12	1.3084415162500034e-12
0.1778279410038923	6.273570614709172e-6	9.403344319575107e-7	5.902688469034087e-6	5.691073002349411e-7	6.268352354899559e-6	9.351093336699056e-7	0.006609815631249722	0.0068541979953458156	0.004588700364394552	0	0	0	0	0	0.00685663614324909	0.000039722685021096423	0	7.808060969830867e-6	7.807960735038013e-6	7.808097631527116e-6	1.2211086723816534e-12	1.2211086723816534e-12	1.2211086723816534e-12
0.1905460717963252	4.985666342213476e-6	7.650194559281444e-7	4.664677766823517e-6	4.439389732526097e-7	4.96892910131229e-6	7.484726138039822e-7	0.005752429217938956	0.005991081304193958	0.0036861342229316772	0	0	0	0	0	0.0059920954209953204	0.00003610788389193538	0	6.151085413560339e-6	6.151003377825468e-6	6.151101442934145e-6	1.1396049202406791e-12	1.1396049202406791e-12	1.1396049202406791e-12
0.20417379446695316	3.962156545683981e-6	6.223900221650567e-7	3.6863234071132607e-6	3.46299918998094e-7	3.938875005099179e-6	5.990863671694756e-7	0.005006257928126448	0.0052366528101223525	0.0029610967006909986	0	0	0	0	0	0.005236563058645736	0.00003282203301365617	0	4.845742356662826e-6	4.845675309846011e-6	4.845744859605067e-6	1.063541193024027e-12	1.063541193024027e-12	1.063541193024027e-12
0.21877616239495518	3.0796826024629345e-6	5.01295186035167e-7	2.8418234293339023e-6	2.6357001703674734e-7	3.0359311872351382e-6	4.5786297830144627e-7	0.004328696350493095	0.0045476266345139136	0.0023203651253444492	0	0	0	0	0	0.0045462866645562235	0.000029659958003123877	0	3.7243266995770633e-6	3.7242651881530203e-6	3.7243151535389115e-6	9.925543924644377e-13	9.925543924644377e-13	9.925543924644377e-13
0.23442288153199276	2.393758253253326e-6	4.0376107359154455e-7	2.1907899854709726e-6	2.0060401423637824e-7	2.339977318827034e-6	3.499303579374593e-7	0.003742837936794932	0.003949260865063337	0.0018182770976909496	0	0	0	0	0	0.003947001536092805	0.000026802517332824774	0	2.8624322847273198e-6	2.862377337479714e-6	2.8624130582083096e-6	9.263056555423785e-13	9.263056555423785e-13	9.263056555423785e-13
0.25118864315095824	1.7977154867268079e-6	3.0839648170506946e-7	1.6375720420285111e-6	1.4814577360150036e-7	1.7341946448625566e-6	2.443671213817741e-7	0.0032095560235702748	0.0034047840637894027	0.001387536511596126	0	0	0	0	0	0.003401118407391194	0.00002369989076471771	0	2.133616719522002e-6	2.133566142501046e-6	2.133591654659271e-6	8.644787368875022e-13	8.644787368875022e-13	8.644787368875022e-13
0.2691534803926914	1.350086612474395e-6	2.3555611511049094e-7	1.2240526068759344e-6	1.0940543896657017e-7	1.2852394089774834e-6	1.7064906961598162e-7	0.0027522564541646736	0.0029353732045371917	0.00105883617709163	0	0	0	0	0	0.0029307326879193882	0.00002095642044680865	0	1.5903678595692951e-6	1.590322989503148e-6	1.5903411758752578e-6	8.067784991478132e-13	8.067784991478132e-13	8.067784991478132e-13
0.28840315031266117	9.858332394105763e-7	1.8283837662408615e-7	8.806018990534892e-7	7.792401459676391e-8	9.218859722481754e-7	1.192026847386069e-7	0.0023400916266307532	0.002504121486481997	0.000782870956523967	0	0	0	0	0	0.0025028313582084855	0.000018537341508457454	0	1.1415190065518664e-6	1.141488030098582e-6	1.1414991769921504e-6	7.529295041202362e-13	7.529295041202362e-13	7.529295041202362e-13
0.30902954325135923	7.198554277533069e-7	1.4191893065841642e-7	6.33518282025295e-7	5.550137276751088e-8	6.612571478057368e-7	8.326608566262778e-8	0.0019896506420181786	0.0021362273149350794	0.0005788307462748539	0	0	0	0	0	0.0021374057188678305	0.000016397506008881025	0	8.193485767953604e-7	8.193272256382661e-7	8.19333857941932e-7	7.026746979171572e-13	7.026746979171572e-13	7.026746979171572e-13
0.3311311214825908	5.120506336696188e-7	1.1357196364138861e-7	4.3520262038450606e-7	3.766383278550406e-8	4.6888859025034205e-7	7.015347333806055e-8	0.001666947742404478	0.0018001524454866612	0.0004110867451881314	0	0	0	0	0	0.0018018641686963746	0.000014377317827581253	0	5.613135193041587e-7	5.613018943227692e-7	5.61305956653141e-7	6.557741838924144e-13	6.557741838924144e-13	6.557741838924144e-13
0.354813389233576	3.642340410765182e-7	9.088703575709858e-8	2.989674113019095e-7	2.5559084926359966e-8	3.3248262161929454e-7	5.910581459700908e-8	0.0013965842631994917	0.0015169494390113883	0.0002919546225851711	0	0	0	0	0	0.0015189977521682708	0.000012606018732563943	0	3.8454068985623446e-7	3.845347825771147e-7	3.845372358536407e-7	6.120040774692311e-13	6.120040774692311e-13	6.120040774692311e-13
0.38018939632056126	2.395595576645592e-7	6.200842760184795e-8	1.938747947648041e-7	1.6334982572266548e-8	2.412378780863413e-7	5.944989588007864e-8	0.0011468686239726501	0.0012542220756481786	0.000196415135125374	0	0	0	0	0	0.0012573043704898273	0.000010706088318868836	0	2.4856922847046906e-7	2.485659980148931e-7	2.4856735728370003e-7	5.711554374034556e-13	5.711554374034556e-13	5.711554374034556e-13
0.40738027780411384	1.5756018163162716e-7	4.2305759689750054e-8	1.257241914140822e-7	1.0439796902159473e-8	1.7503385151430747e-7	5.979598021361206e-8	0.0009418032805550961	0.001036997657659832	0.00013214007356593028	0	0.00028558961626643637	0.00028874021707474674	0	0	0.0010406956019495697	9.092508072777217e-6	0	1.6067652389530577e-7	1.6067481582565954e-7	1.6067554802551597e-7	5.330332683803602e-13	5.330332683803602e-13	5.330332683803602e-13
0.43651583224016655	1.0205203666144692e-7	3.1741651548489976e-8	7.604557000313743e-8	6.210186213212929e-9	1.2210840732943742e-7	5.0660306600905703e-8	0.0007491107896561549	0.0008331909715300541	0.00008349170400845843	0	0.0002091668031856902	0.00021118793138295768	0	0	0.0008359132801332323	7.609475566076772e-6	0	9.683932179900776e-8	9.683846372982427e-8	9.683889402170837e-8	4.974555901838486e-13	4.974555901838486e-13	4.974555901838486e-13
0.4677351412871981	6.609930300219186e-8	2.381549109186341e-8	4.599694499569753e-8	3.694172708934832e-9	8.518616834134517e-8	4.292038788777211e-8	0.000595843088217444	0.0006694395015373487	0.00005275360040387739	0	0.0001531944757897105	0.0001544652934518889	0.00011940693328234029	0.00012143434048801711	0.0006714268904318483	6.368332909605353e-6	0	5.8364806626027445e-8	5.836439276039229e-8	5.8364645464650626e-8	4.642525689945829e-13	4.642525689945829e-13	4.642525689945829e-13
0.5011872336272735	4.228140728700946e-8	1.798089402860876e-8	2.5934373206334432e-8	2.052691236351155e-9	5.3388439897289754e-8	2.9295523230891047e-8	0.0004533320404233349	0.0005161048492511071	0.00003108973964696677	0	0.00010584657579614137	0.00010657253483825831	0.000081738032687276	0.0000830010116996354	0.0005170001560122666	5.207713101350848e-6	0	3.280715147655327e-8	3.2807005415288093e-8	3.280709573266998e-8	4.332657066702452e-13	4.332657066702452e-13	4.332657066702452e-13
0.5370317963702532	2.7045934237925852e-8	1.3575724675210363e-8	1.4622530119519256e-8	1.140591316048102e-9	3.345995682356776e-8	1.999580440921863e-8	0.00034490613877757913	0.0003978913924392177	0.00001832238755110943	0	0.00007313251701809086	0.00007352917233403999	0.00005595241251015724	0.000056731628923722396	0.00039809123692498597	4.258614637604148e-6	0	1.844106491951553e-8	1.8441031481941163e-8	1.8441053172583443e-8	4.0434708413785445e-13	4.0434708413785445e-13	4.0434708413785445e-13
0.5754399373371566	1.4240462372825508e-8	6.986476217026269e-9	7.869038831114465e-9	6.090366187309201e-10	2.0095236794432438e-8	1.2846779019926688e-8	0.00025077368846251446	0.000294543872797054	0.0000103409461023577	0	0.00004823518309296926	0.000048422607532463124	0.00003640945866483192	0.00003685873399111469	0.0002944804250352148	3.415034581957088e-6	0	9.907992396832857e-9	9.907987511213624e-9	9.907993861760168e-9	3.773586552863761e-13	3.773586552863761e-13	3.773586552863761e-13
0.6165950018614835	7.390559859169959e-9	3.5931135693475644e-9	4.119374027836507e-9	3.1883887223561265e-10	1.0396490461903864e-8	6.601882566672955e-9	0.00017575341046529642	0.00021066008035663667	5.699177170265876e-6	0	0.00003064942510476698	0.00003072188068969002	0.000022720934491733452	0.000022966339907046167	0.00021039533795927942	2.739050036767955e-6	0	5.186791121842694e-9	5.186791121842694e-9	5.186791121842694e-9	3.5217158798897866e-13	3.5217158798897866e-13	3.5217158798897866e-13
0.6606934480075964	3.771142332300256e-9	1.847019947126953e-9	2.0883131493675757e-9	1.6260172775847913e-10	5.317513587549034e-9	3.394851386387733e-9	0.00011812045574228668	0.00014479515479992648	3.0958856179554783e-6	0	0.000018505942229608917	0.000018522996207792294	0.000013703365222787508	0.00001382841981404361	0.0001445093810318111	2.0992842873279667e-6	5.247913167180346e-7	2.6326754553416154e-9	2.6326754553416154e-9	2.6326754553416154e-9	3.2866564910922086e-13	3.2866564910922086e-13	3.2866564910922086e-13
0.7079457843841374	1.8436831898190178e-9	9.462734801126774e-10	9.74786546587593e-10	7.655636832803499e-11	2.6421223935732884e-9	1.7454666219370748e-9	0.00007608575568344628	0.00009528796386939104	1.6415632360683087e-6	0	0.00001070983526569613	0.00001070136244542463	7.83231045649978e-6	7.88900370290632e-6	0.00009480792933406467	1.544985546627183e-6	2.748847981116421e-7	1.23108395359884e-9	1.23108395359884e-9	1.23108395359884e-9	3.067286305554155e-13	3.067286305554155e-13	3.067286305554155e-13
0.7585775750291851	7.818171571942813e-10	4.783415858288298e-10	3.3011601738625515e-10	2.6213920516582406e-11	1.1968905738208604e-9	8.938069416903814e-10	0.00004660339573593556	0.000059487677476656956	8.622305028114636e-7	0	5.921884233051852e-6	5.90040280564816e-6	4.32012624453792e-6	4.337047172936694e-6	0.00005896671130797774	1.1198004847049607e-6	1.4278060888821695e-7	4.1787566433306933e-10	4.1787566433306933e-10	4.1787566433306933e-10	2.8625581364341214e-13	2.8625581364341214e-13	2.8625581364341214e-13
0.8128305161640995	2.378470775332271e-10	2.3807166816677563e-10	2.668645640277003e-103	2.6711655485360294e-103	4.5640751585492246e-10	4.568384854266526e-10	0.000027239551482563962	0.000035043608475444065	4.556964963690549e-7	0	3.2005768350490934e-6	3.1743293672631792e-6	2.337767310001075e-6	2.3343439123135016e-6	0.00003495991071818622	7.081337355346329e-7	7.508136856299869e-8	2.66754372483829e-103	2.66754372483829e-103	2.66754372483829e-103	2.6714946921085676e-13	2.6714946921085676e-13	2.6714946921085676e-13
0.8709635899560796	1.2838769257236565e-10	1.285089245568561e-10	2.490525021091656e-103	2.4928767363120063e-103	2.4636463243956735e-10	2.4659726590077035e-10	0.000015456362616065714	0.000019903062364974037	2.4598083057783685e-7	0	1.7419658156843687e-6	1.7276802059371984e-6	1.2672768886625292e-6	1.2654211039778834e-6	0.0000199646369581037	4.0497767591630854e-7	4.052824093931589e-8	2.4894966537693627e-103	2.4894966537693627e-103	2.4894966537693627e-103	2.4931839109666574e-13	2.4931839109666574e-13	2.4931839109666574e-13
0.9332543007969925	7.29202985663403e-11	7.2989154640686e-11	2.324293187176299e-103	2.326487935519941e-103	1.3992760671786404e-10	1.4005973543758417e-10	8.90615641416158e-6	0.00001149849084875022	1.3970961895138115e-7	2.5247563652485198e-8	9.893835213251902e-7	9.812697301424501e-7	7.197746702660581e-7	7.187206410941971e-7	0.00001151233416210251	2.3001498390412144e-7	2.3018806323649135e-8	2.3233334589499697e-103	2.3233334589499697e-103	2.3233334589499697e-103	2.32677460758749e-13	2.32677460758749e-13	2.32677460758749e-13