1.e-9	0	0	0	0	0	0	2.795560281268711e-10	0	0	0	0	0	0	0	1.9145371839247744e-13	7.745187255732293e-19	0	1.0953011360042354e-17	1.0953011360042354e-17	1.0953011360042354e-17	0	0	0
1.0715193052376092e-9	0	0	0	0	0	0	4.750358757851803e-10	0	0	0	0	0	0	0	3.0115390314111625e-13	1.3170676297329893e-18	0	1.8624316399335977e-17	1.8624316399335977e-17	1.8624316399335977e-17	0	0	0
1.148153621496884e-9	0	0	0	0	0	0	8.072052131909906e-10	0	0	0	0	0	0	0	4.737106917464122e-13	2.239671016354735e-18	0	3.1668474535500933e-17	3.1668474535500933e-17	3.1668474535500933e-17	0	0	0
1.2302687708123811e-9	0	0	0	0	0	0	1.3716443102866179e-9	0	0	0	0	0	0	0	7.45140000293237e-13	3.8085563324616404e-18	0	5.3848541761322573e-17	5.3848541761322573e-17	5.3848541761322573e-17	0	0	0
1.31825673855641e-9	0	0	0	0	0	0	2.3320538143607943e-9	0	0	0	0	0	0	0	1.2404321890227503e-12	6.476448432038126e-18	0	9.156756808617719e-17	9.156756808617719e-17	9.156756808617719e-17	0	0	0
1.4125375446227555e-9	0	0	0	0	0	0	3.964930960810048e-9	0	0	0	0	0	0	0	2.064943520624527e-12	1.1013197818643177e-17	0	1.5570745745316507e-16	1.5570745745316507e-16	1.5570745745316507e-16	0	0	0
1.5135612484362133e-9	0	0	0	0	0	0	6.7420124237777905e-9	0	0	0	0	0	0	0	3.489608660361259e-12	1.872794308164886e-17	0	2.647789215042301e-16	2.647789215042301e-16	2.647789215042301e-16	0	0	0
1.6218100973589331e-9	0	0	0	0	0	0	1.1464192434031111e-8	0	0	0	0	0	0	0	5.897192093072498e-12	3.184686753521797e-17	0	4.502538184083515e-16	4.502538184083515e-16	4.502538184083515e-16	0	0	0
1.7378008287493762e-9	0	0	0	0	0	0	1.9494558411248854e-8	0	0	0	0	0	0	0	1.0009511017355383e-11	5.41556030176742e-17	0	7.656552818438879e-16	7.656552818438879e-16	7.656552818438879e-16	0	0	0
1.8620871366628732e-9	0	0	0	0	0	0	3.3149985037015116e-8	0	0	0	0	0	0	0	1.6989494190676463e-11	9.209161104980357e-17	0	1.3019945343001278e-15	1.3019945343001278e-15	1.3019945343001278e-15	0	0	0
1.9952623149688828e-9	0	0	0	0	0	0	5.6371293553640375e-8	0	0	0	0	0	0	0	2.8874470657509453e-11	1.5660180207135696e-16	0	2.2140407301920997e-15	2.2140407301920997e-15	2.2140407301920997e-15	0	0	0
2.1379620895022324e-9	0	0	0	0	0	0	9.585894935887892e-8	0	0	0	0	0	0	0	4.907356548666022e-11	2.6630139414907946e-16	0	3.764974603049872e-15	3.764974603049872e-15	3.764974603049872e-15	0	0	0
2.2908676527677795e-9	0	0	0	0	0	0	1.403102679550372e-7	0	0	0	0	0	0	0	8.343555000970529e-11	4.528455745023544e-16	0	6.402339007692904e-15	6.402339007692904e-15	6.402339007692904e-15	0	0	0
2.4547089156850337e-9	0	0	0	0	0	0	2.0537436958451143e-7	0	0	0	0	0	0	0	1.418582680183272e-10	7.700639908462291e-16	0	1.0887176964279866e-14	1.0887176964279866e-14	1.0887176964279866e-14	0	0	0
2.6302679918953816e-9	0	0	0	0	0	0	1.7434524054910916e-7	0	0	0	0	0	0	0	2.412177759886406e-10	1.3094939746566577e-15	0	1.8513645737376117e-14	1.8513645737376117e-14	1.8513645737376117e-14	0	0	0
2.818382931264461e-9	0	0	0	0	0	0	1.4800416898964506e-7	0	0	0	0	0	0	0	4.1017006809492746e-10	2.2267947729612765e-15	0	3.1482456803414116e-14	3.1482456803414116e-14	3.1482456803414116e-14	0	0	0
3.019951720402019e-9	0	0	0	0	0	0	1.8193108508015267e-7	0	0	0	0	0	0	0	6.974836283291865e-10	3.786664971381474e-15	0	5.3535923489465044e-14	5.3535923489465044e-14	5.3535923489465044e-14	0	0	0
3.2359365692962944e-9	0	0	0	0	0	0	2.2363504990699467e-7	0	0	0	0	0	0	0	1.18605293176754e-9	6.439224565998118e-15	0	9.103784757863113e-14	9.103784757863113e-14	9.103784757863113e-14	0	0	0
3.4673685045253237e-9	0	0	0	0	0	0	3.516775856261003e-7	0	0	0	0	0	0	0	2.01687397424269e-9	1.0949902706664974e-14	0	1.5480987793846315e-13	1.5480987793846315e-13	1.5480987793846315e-13	0	0	0
3.715352290971728e-9	0	0	0	0	0	0	5.530310400057364e-7	0	0	0	0	0	0	0	3.4296788271626783e-9	1.8620311818064345e-14	0	2.632542282661164e-13	2.632542282661164e-13	2.632542282661164e-13	0	0	0
3.9810717055349855e-9	0	0	0	0	0	0	9.277229277896263e-7	0	0	0	0	0	0	0	5.832161471650738e-9	3.1663844100740576e-14	0	4.4766386904347937e-13	4.4766386904347937e-13	4.4766386904347937e-13	0	0	0
4.265795188015934e-9	0	0	0	0	0	0	1.5562776200367265e-6	0	0	0	0	0	0	0	9.917578043174071e-9	5.3844373447245096e-14	0	7.612525009261952e-13	7.612525009261952e-13	7.612525009261952e-13	0	0	0
4.570881896148752e-9	0	0	0	0	0	0	2.6406599066838533e-6	0	0	0	0	0	0	0	1.686483647480833e-8	9.1562368193616e-14	0	1.2945100348818358e-12	1.2945100348818358e-12	1.2945100348818358e-12	0	0	0
4.8977881936844766e-9	0	0	0	0	0	0	4.480617502295469e-6	0	0	0	0	0	0	0	2.8678645943983618e-8	1.557018260679926e-13	0	2.201314581391672e-12	2.201314581391672e-12	2.201314581391672e-12	0	0	0
5.248074602497734e-9	0	0	0	0	0	0	7.6166395563903695e-6	0	0	0	0	0	0	0	4.8768037232720806e-8	2.647709874625756e-13	0	3.743335900915818e-12	3.743335900915818e-12	3.743335900915818e-12	0	0	0
5.623413251903491e-9	0	0	0	0	0	0	0.000012947589947647184	0	0	0	0	0	0	0	8.29300469826076e-8	4.502431189939703e-13	0	6.365543473676055e-12	6.365543473676055e-12	6.365543473676055e-12	0	0	0
6.025595860743593e-9	0	0	0	0	0	0	0.000022016075808663563	0	0	0	0	0	0	0	1.4102255672172655e-7	7.656385170614397e-13	0	1.0824607994416654e-11	1.0824607994416654e-11	1.0824607994416654e-11	0	0	0
6.456542290346562e-9	0	0	0	0	0	0	0.00003743612486745994	0	0	0	0	0	0	0	2.3980887781845885e-7	1.3019684567702306e-12	0	1.840724813479496e-11	1.840724813479496e-11	1.840724813479496e-11	0	0	0
6.918309709189363e-9	0	0	0	0	0	0	0.00005210160925602993	0	0	0	0	0	0	0	4.0779504172550235e-7	2.213997630280588e-12	0	3.1301529263666245e-11	3.1301529263666245e-11	3.1301529263666245e-11	0	0	0
7.413102413009192e-9	0	0	0	0	0	0	0.00007251225111249812	0	0	0	0	0	0	0	6.934555449686303e-7	3.764903428650008e-12	0	5.322825699253455e-11	5.322825699253455e-11	5.322825699253455e-11	0	0	0
7.943282347242822e-9	0	0	0	0	0	0	0.00007865865091280981	0	0	0	0	0	0	0	1.1792212937319022e-6	6.4022190598571705e-12	0	9.051466203520098e-11	9.051466203520098e-11	9.051466203520098e-11	0	0	0
8.511380382023759e-9	0	0	0	0	0	0	0.00008532604171706527	0	0	0	0	0	0	0	2.005266047232619e-6	1.0886974836721671e-11	0	1.5392020152934948e-10	1.5392020152934948e-10	1.5392020152934948e-10	0	0	0
9.120108393559115e-9	0	0	0	0	0	0	0.00009809851997326216	0	0	0	0	0	0	0	3.4099553249355925e-6	1.851330296374837e-11	0	2.617413345661065e-10	2.617413345661065e-10	2.617413345661065e-10	0	0	0
9.772372209558111e-9	0	0	0	0	0	0	0.00011278291395321859	0	0	0	0	0	0	0	5.798629730006959e-6	3.148187552261716e-11	0	4.4509119361686645e-10	4.4509119361686645e-10	4.4509119361686645e-10	0	0	0
1.0471285480509006e-8	0	0	0	0	0	0	0.0001734133975073622	0	0	0	0	0	0	0	9.860571053279056e-6	5.353493584382322e-11	0	7.568776668913486e-10	7.568776668913486e-10	7.568776668913486e-10	0	0	0
1.1220184543019653e-8	0	0	0	0	0	0	0.0002666379629765605	0	0	0	0	0	0	0	0.000016767903112284027	9.103616948562468e-11	0	1.2870706292428203e-9	1.2870706292428203e-9	1.2870706292428203e-9	0	0	0
1.202264434617413e-8	0	0	0	0	0	0	0.000448593025201369	0	0	0	0	0	0	0	0.000028513822711178957	1.5480702505729334e-10	0	2.188663871486196e-9	2.188663871486196e-9	2.188663871486196e-9	0	0	0
1.288249551693135e-8	0	0	0	0	0	0	0.0007547151201309181	0	0	0	0	0	0	0	0.000048487761418953345	2.63249378159239e-10	0	3.7218233665755403e-9	3.7218233665755403e-9	3.7218233665755403e-9	0	0	0
1.3803842646028866e-8	0	0	0	0	0	0	0.001278627610156305	0	0	0	0	0	0	0	0.00008245344832889786	4.4765562205964153e-10	0	6.328961405381217e-9	6.328961405381217e-9	6.328961405381217e-9	0	0	0
1.4791083881682102e-8	0	0	0	0	0	0	0.0021662326907807426	0	0	0	0	0	0	0	0.00014021210594946282	7.612384779894735e-10	0	1.0762400180119914e-8	1.0762400180119914e-8	1.0762400180119914e-8	0	0	0
1.5848931924611173e-8	0	0	0	0	0	0	0.0036774365072269398	0	0	0	0	0	0	0	0.0002384307151927883	1.2944893897386811e-9	0	1.8301465136708235e-8	1.8301465136708235e-8	1.8301465136708235e-8	0	0	0
1.698243652461746e-8	0	0	0	0	0	0	0.00624288393497153	0	0	0	0	0	0	0	0.000405451480543585	2.2012849174042453e-9	0	3.1121647638492545e-8	3.1121647638492545e-8	3.1121647638492545e-8	0	0	0
1.8197008586099862e-8	0	0	0	0	0	0	0.010606279406419788	0	0	0	0	0	0	0	0.0006894703266022166	3.4078792388566895e-9	0	5.2723030593243504e-8	5.2723030593243504e-8	5.2723030593243504e-8	0	0	0
1.9498445997580494e-8	0	0	0	0	0	0	0.018019422436620303	0	0	0	0	0	0	0	0.0011724444331233795	5.275846309038933e-9	0	8.93178274886052e-8	8.93178274886052e-8	8.93178274886052e-8	0	0	0
2.0892961308540408e-8	0	0	0	0	0	0	0.03063766242155316	0	0	0	0	0	0	0	0.0019937420012530165	8.442289838248322e-9	0	1.5156443282734745e-7	1.5156443282734745e-7	1.5156443282734745e-7	0	0	0
2.2387211385683424e-8	0	0	0	0	0	0	0.05209192258844992	0	0	0	0	0	0	0	0.003390358685887511	1.3509161097221722e-8	0	2.571914022562376e-7	2.571914022562376e-7	2.571914022562376e-7	0	0	0
2.3988329190194947e-8	0	0	0	0	0	0	0.026867199730064663	0	0	0	0	0	0	0	0.005765305647247858	2.253943666334605e-8	0	4.37083084566262e-7	4.37083084566262e-7	4.37083084566262e-7	0	0	0
2.5703957827688646e-8	0	0	0	0	0	0	0.013857166053134968	0	0	0	0	0	0	0	0.009803903446719383	3.760605128955483e-8	0	7.42799413736317e-7	7.42799413736317e-7	7.42799413736317e-7	0	0	0
2.754228703338169e-8	0	0	0	0	0	0	0.007619602778834948	0	0	0	0	0	0	0	0.01667153984082283	5.908448854516123e-8	0	1.2602135031999976e-6	1.2602135031999976e-6	1.2602135031999976e-6	0	0	0
2.95120922666639e-8	0	0	0	0	0	0	0.0041897705695815805	0	0	0	0	0	0	0	0.02834995695078426	9.283018734841031e-8	0	2.138044328359377e-6	2.138044328359377e-6	2.138044328359377e-6	0	0	0
3.162277660168386e-8	0	0	0	0	0	0	0.003347677337154926	0	0	0	0	0	0	0	0.032805353104766524	1.4822162864109975e-7	0	3.629893376289646e-6	3.629893376289646e-6	3.629893376289646e-6	0	0	0
3.3884415613920346e-8	0	0	0	0	0	0	0.0026748346639944983	0	0	0	0	0	0	0	0.037960946261635965	2.3666494514940705e-7	0	6.162700065878682e-6	6.162700065878682e-6	6.162700065878682e-6	0	0	0
3.6307805477010175e-8	0	0	0	0	0	0	0.003737068782520365	0	0	0	0	0	0	0	0.02859975716225466	3.905256741433264e-7	0	0.00001033484249365063	0.00001033484249365063	0.00001033484249365063	0	0	0
3.890451449942813e-8	0	0	0	0	0	0	0.005221138814027921	0	0	0	0	0	0	0	0.021547042165451172	6.44414414939358e-7	0	0.000017331521610137364	0.000017331521610137364	0.000017331521610137364	0	0	0
4.1686938347033635e-8	0	0	0	0	0	0	0.008670110949891011	0	0	0	0	0	0	0	0.011152240255697771	1.0896155936910049e-6	0	0.000018126287183425355	0.000018126287183425355	0.000018126287183425355	0	0	0
4.4668359215096346e-8	0	0	0	0	0	0	0.014397399985124577	0	0	0	0	0	0	0	0.005772136229455602	1.8423891745598367e-6	0	0.000018957498045862894	0.000018957498045862894	0.000018957498045862894	0	0	0
4.78630092322639e-8	0	0	0	0	0	0	0.013421496495112333	0	0	0	0	0	0	0	0.0032769523805584516	3.021666567196114e-6	0	0.000020729516893213328	0.000020729516893213328	0.000020729516893213328	0	0	0
5.128613839913659e-8	0	0	0	0	0	0	0.012511742978206281	0	0	0	0	0	0	0	0.001860388680649834	4.955776428447542e-6	0	0.000022667172091297564	0.000022667172091297564	0.000022667172091297564	0	0	0
5.495408738576248e-8	0	0	0	0	0	0	0.0064448737563235535	0	0	0	0	0	0	0	0.001664428220801388	8.22495539492763e-6	0	0.00001857675845735758	0.00001857675845735758	0.00001857675845735758	0	0	0
5.888436553555896e-8	0	0	0	0	0	0	0.003319793078174476	0	0	0	0	0	0	0	0.0014891088787061613	0.00001365071492334088	0	0.000015224482056828723	0.000015224482056828723	0.000015224482056828723	0	0	0
6.309573444801943e-8	0	0	0	0	0	0	0.0017741663782449893	0	0	0	0	0	0	0	0.0022118737664848596	0.000023424424993501493	0	0.0000215624372197612	0.0000215624372197612	0.0000215624372197612	0	0	0
6.760829753919818e-8	0	0	0	0	0	0	0.0009481513647308064	0	0	0	0	0	0	0	0.0032854451604067574	0.00004019596697737431	0	0.000030538884483600325	0.000030538884483600325	0.000030538884483600325	0	0	0
7.244359600749906e-8	0	0	0	0	0	0	0.0005737071657375647	0	0	0	0	0	0	0	0.005507614748699057	0.00005068945704103977	0	0.000040453012251251365	0.000040453012251251365	0.000040453012251251365	0	0	0
7.762471166286928e-8	0	0	0	0	0	0	0.00034713857329318	0	0	0	0	0	0	0	0.00923278847738595	0.00006392235958800751	0	0.00005358565736343975	0.00005358565736343975	0.00005358565736343975	0	0	0
8.317637711026726e-8	0	0	0	0	0	0	0.0003045958979064291	0	0	0	0	0	0	0	0.009557100189860359	0.00007695103659134138	0	0.00007130987270604817	0.00007130987270604817	0.00007130987270604817	0	0	0
8.912509381337478e-8	0	0	0	0	0	0	0.000267266930728174	0	0	0	0	0	0	0	0.009892803703100568	0.00009263522295870813	0	0.00009489662337933788	0.00009489662337933788	0.00009489662337933788	0	0	0
9.549925860214369e-8	0	0	0	0	0	0	0.00033947791142227546	0	0	0	0	0	0	0	0.009756700331101747	0.00009706689195020512	0	0.00009059554152107139	0.00009059554152107139	0.00009059554152107139	0	0	0
1.0232929922807557e-7	0	0	0	0	0	0	0.00043119907139145915	0	0	0	0	0	0	0	0.009622469444237149	0.00010171057198267482	0	0.00008648940132134606	0.00008648940132134606	0.00008648940132134606	0	0	0
1.0964781961431874e-7	0	0	0	0	0	0	0.0006567286372515954	0	0	0	0	0	0	0	0.009882706675643952	0.00008451483653884236	0	0.00007662634198074363	0.00007662634198074363	0.00007662634198074363	0	0	0
1.1748975549395303e-7	0	0	0	0	0	0	0.0010002166785623458	0	0	0	0	0	0	0	0.010149981956587095	0.00007022630446325646	0	0.00006788804403367734	0.00006788804403367734	0.00006788804403367734	0	0	0
1.2589254117941688e-7	0	0	0	0	0	0	0.0016407270569822542	0	0	0	0	0	0	0	0.011773616358404468	0.00006426209622070717	0	0.0000726903367344036	0.0000726903367344036	0.0000726903367344036	0	0	0
1.3489628825916562e-7	0	0	0	0	0	0	0.0026914021063745444	0	0	0	0	0	0	0	0.013656974243676224	0.00005880441868958221	0	0.00007783233601397906	0.00007783233601397906	0.00007783233601397906	0	0	0
1.445439770745928e-7	0	0	0	0	0	0	0.004506198664680807	0	0	0	0	0	0	0	0.013087801892382291	0.00004893880565818196	0	0.0000785180088844978	0.0000785180088844978	0.0000785180088844978	0	0	0
1.5488166189124826e-7	0	0	0	0	0	0	0.0075447018330995754	0	0	0	0	0	0	0	0.012542350546905398	0.000040728345804965616	0	0.00007920972226863151	0.00007920972226863151	0.00007920972226863151	0	0	0
1.659586907437563e-7	0	0	0	0	0	0	0.012749110107391326	0	0	0	0	0	0	0	0.012482979743618564	0.000035519884222978735	0	0.00007095139730273016	0.00007095139730273016	0.00007095139730273016	0	0	0
1.7782794100389227e-7	0	0	0	0	0	0	0.0215435695307804	0	0	0	0	0	0	0	0.012423889979541304	0.000030977496146185224	0	0.00006355407688638584	0.00006355407688638584	0.00006355407688638584	0	0	0
1.9054607179632522e-7	0	0	0	0	0	0	0.016799852747234077	0	0	0	0	0	0	0	0.013678770267707792	0.00003182695681591559	0	0.0000628611619280145	0.0000628611619280145	0.0000628611619280145	0	0	0
2.0417379446695318e-7	0	0	0	0	0	0	0.013100663375468377	0	0	0	0	0	0	0	0.01506040027276823	0.000032699711280148176	0	0.00006217580165634564	0.00006217580165634564	0.00006217580165634564	0	0	0
2.1877616239495564e-7	0	0	0	0	0	0	0.012604255975825429	0	0	0	0	0	0	0	0.013789576219321904	0.00003375177519809181	0	0.00006424188058306102	0.00006424188058306102	0.00006424188058306102	0	0	0
2.3442288153199275e-7	0	0	0	0	0	0	0.01212665833408243	0	0	0	0	0	0	0	0.012625986618185352	0.00003483768768668356	0	0.00006637661454948159	0.00006637661454948159	0.00006637661454948159	0	0	0
2.5118864315095823e-7	0	0	0	0	0	0	0.014398805135533717	0	0	0	0	0	0	0	0.008870332773234456	0.00003844502954983109	0	0.00006826197772181184	0.00006826197772181184	0.00006826197772181184	0	0	0
2.6915348039269196e-7	0	0	0	0	0	0	0.01709667936700875	0	0	0	0	0	0	0	0.006231814264288019	0.00004242590123604401	0	0.00007020089280117586	0.00007020089280117586	0.00007020089280117586	0	0	0
2.8840315031266115e-7	0	0	0	0	0	0	0.017905487790293495	0	0	0	0	0	0	0	0.007924730653108102	0.000054802775600146934	0	0.00007861384637164074	0.00007861384637164074	0.00007861384637164074	0	0	0
3.090295432513592e-7	0	0	0	0	0	0	0.01875255926171354	0	0	0	0	0	0	0	0.010077539743794741	0.00007079034566102292	0	0.0000880350177147653	0.0000880350177147653	0.0000880350177147653	0	0	0
3.3113112148259143e-7	0	0	0	0	0	0	0.020990533497160072	0	0	0	0	0	0	0	0.013123747731127637	0.00007821670516258322	0	0.00009900813196725757	0.00009900813196725757	0.00009900813196725757	0	0	0
3.5481338923357606e-7	0	0	0	0	0	0	0.02349559280662862	0	0	0	0	0	0	0	0.017090754180982198	0.00008642213721890191	0	0.00011134898873316936	0.00011134898873316936	0.00011134898873316936	0	0	0
3.8018939632056126e-7	0	0	0	0	0	0	0.025564211072597764	0	0	0	0	0	0	0	0.0192028964413139	0.00009287190591003495	0	0.00012149972424425257	0.00012149972424425257	0.00012149972424425257	0	0	0
4.0738027780411303e-7	0	0	0	0	0	0	0.027814956325764813	0	0	0	0	0	0	0	0.021576065504830228	0.00009980302715165784	0	0.00013257581554516562	0.00013257581554516562	0.00013257581554516562	0	0	0
4.365158322401665e-7	0	0	0	0	0	0	0.030407081341334945	0	0	0	0	0	0	0	0.020590323173634836	0.00010819782950463098	0	0.00013775916651744626	0.00013775916651744626	0.00013775916651744626	0	0	0
4.677351412871981e-7	0	0	0	0	0	0	0.03324077107545596	0	0	0	0	0	0	0	0.019649616298199196	0.00011729874978365003	0	0.0001431451723041918	0.0001431451723041918	0.0001431451723041918	0	0	0
5.011872336272736e-7	0	0	0	0	0	0	0.033174466322274714	0	0	0	0	0	0	0	0.020471987745752856	0.00012064013611093631	0	0.00014750965165959753	0.00014750965165959753	0.00014750965165959753	0	0	0
5.370317963702533e-7	0	0	0	0	0	0	0.03310829382596208	0	0	0	0	0	0	0	0.02132877690342813	0.00012407670557196246	0	0.00015200720347380257	0.00015200720347380257	0.00015200720347380257	0	0	0
5.754399373371578e-7	0	0	0	0	0	0	0.029012570641321338	0	0	0	0	0	0	0	0.024395397242512856	0.0001348671546965126	0	0.00016547311028473652	0.00016547311028473652	0.00016547311028473652	0	0	0
6.165950018614835e-7	0	0	0	0	0	0	0.025423516525566625	0	0	0	0	0	0	0	0.02790293176747308	0.00014659600552807862	0	0.00018013192534012892	0.00018013192534012892	0.00018013192534012892	0	0	0
6.606934480075964e-7	0	0	0	0	0	0	0.02859652041278986	0	0	0	0	0	0	0	0.029929315084594947	0.00015795821801789238	0	0.0001913986838098252	0.0001913986838098252	0.0001913986838098252	0	0	0
7.079457843841387e-7	0	0	0	0	0	0	0.032165533784311265	0	0	0	0	0	0	0	0.03210285961696569	0.00017020108119254957	0	0.00020337014715720878	0.00020337014715720878	0.00020337014715720878	0	0	0
7.585775750291852e-7	0	0	0	0	0	0	0.03421927984630165	0	0	0	0	0	0	0	0.03168986616200409	0.00016869812140090718	0	0.0001960100438546041	0.0001960100438546041	0.0001960100438546041	0	0	0
8.128305161640995e-7	0	0	0	0	0	0	0.03640415610856844	0	0	0	0	0	0	0	0.03128218574132902	0.00016720843348814717	0	0.00018891630767314357	0.00018891630767314357	0.00018891630767314357	0	0	0
8.709635899560814e-7	0	0	0	0	0	0	0.03757758600898186	0	0	0	0	0	0	0	0.0339200313728333	0.00016309969680317166	0	0.0001862335497533271	0.0001862335497533271	0.0001862335497533271	0	0	0
9.332543007969924e-7	0	0	0	0	0	0	0.03878883955038484	0	0	0	0	0	0	0	0.03678031125599679	0.00015909192223352873	0	0.0001835888890742668	0.0001835888890742668	0.0001835888890742668	0	0	0
1.e-6	0	0	0	0	0	0	0.0376534739453369	0	0	0	0	0	0	0	0.039474842174814076	0.00016808768306849668	0	0.00018849478338072207	0.00018849478338072207	0.00018849478338072207	0	0	0
1.0715193052376091e-6	0	0	0	0	0	0	0.03655134096781957	0	0	0	0	0	0	0	0.042366774818209434	0.00017759210400300777	0	0.00019353177385028015	0.00019353177385028015	0.00019353177385028015	0	0	0
1.148153621496884e-6	0	0	0	0	0	0	0.03827682988687031	0	0	0	0	0	0	0	0.044680747270089145	0.00018189892407471594	0	0.0002023570998324717	0.0002023570998324717	0.0002023570998324717	0	0	0
1.2302687708123837e-6	0	0	0	0	0	0	0.040083774422347805	0	0	0	0	0	0	0	0.047121103392451714	0.0001863101896634926	0	0.00021158487331536172	0.00021158487331536172	0.00021158487331536172	0	0	0
1.3182567385564101e-6	0	0	0	0	0	0	0.04307110633668993	0	0	0	0	0	0	0	0.0450280110304062	0.0001909366121257141	0	0.00021859420599272094	0.00021859420599272094	0.00021859420599272094	0	0	0
1.4125375446227554e-6	0	0	0	0	0	0	0.04628107576696052	0	0	0	0	0	0	0	0.04302789262950863	0.00019567791711173888	0	0.00022583574215330552	0.00022583574215330552	0.00022583574215330552	0	0	0
1.5135612484362104e-6	0.00015033606685214884	0.000024363876238320377	0	0	0	0	0.04587712649111582	0	0	0	0	0	0	0	0.043408216438023145	0.00019777056248495415	0	0.00023192431648341396	0.00023192431648341396	0.00023192431648341442	0	0	0
1.6218100973589331e-6	0.00015282255485002494	0.000025495495543144143	0	0	0	0	0.04547670295478255	0	0	0	0	0	0	0	0.04379190193102842	0.00019988558731070383	0	0.00023817703992924652	0.000238177039929246	0.000238177039929247	0	0	0
1.7378008287493763e-6	0.00016054859120400743	0.00002664992783874169	0	0	0	0	0.04915607243916362	0	0	0	0	0	0	0	0.044819407372264156	0.00021073889931815329	0	0.0002497686416379319	0.0002497686416379314	0.0002497686416379329	0	0	0
1.8620871366628694e-6	0.00016866522198171095	0.00002785663265921993	0	0	0	0	0.05313312752788765	0	0	0	0	0	0	0	0.04587102155016642	0.00022218152035541447	0	0.000261924383493011	0.00026192438349300994	0.0002619243834930121	0	0	0
1.995262314968883e-6	0.00017372118383574266	0.000028256908445704047	0	0	0	0	0.05482761510168943	0	0	0	0	0	0	0	0.04765822939416826	0.00022905759615519212	0	0.00026832753870727503	0.0002683275387072723	0.0002683275387072767	0	0	0
2.1379620895022326e-6	0.0001789287047958501	0.000028662935850023992	0	0	0	0	0.05657614218476487	0	0	0	0	0	0	0	0.04951506969390661	0.0002361464728140556	0	0.0002748872291633201	0.0002748872291633156	0.00027488722916332235	0	0	0
2.2908676527677747e-6	0.00018705634845078104	0.000030327261992399857	0	0	0	0	0.055792426883133975	0	0	0	0	0	0	0	0.05288633086737468	0.0002454927980721201	0	0.0002885915012208739	0.000288591501220865	0.0002885915012208774	0	0	0
2.4547089156850335e-6	0.0001955531815628028	0.00003208822797385877	0	0	0	0	0.055019567918649724	0	0	0	0	0	0	0	0.056487126240632575	0.00025520903694688436	0	0.00030297898825789064	0.000302978988257877	0.0003029789882578962	0	0	0
2.6302679918953817e-6	0.00020528377881919542	0.000033043460036461265	0	0	0	0	0.05580668902326385	0	0	0	0	0	0	0	0.05591364860620443	0.0002698212334195307	0	0.0003159208230592574	0.0003159208230592315	0.00031592082305926833	0	0	0
2.8183829312644606e-6	0.00021549856417321715	0.00003402712833101049	0	0	0	0	0.0566050708421433	0	0	0	0	0	0	0	0.05534599312310676	0.0002852700628277111	0	0.0003294154720639758	0.00032941547206393737	0.0003294154720639933	0	0	0
3.0199517204020193e-6	0.0002264870017979815	0.00003537332037346725	0	0	0	0	0.05790451239745011	0	0	0	0	0	0	0	0.05715005995182475	0.00030098236862997327	0	0.0003449153745444456	0.00034491537454437295	0.0003449153745444794	0	0	0
3.2359365692962877e-6	0.00023803574831341744	0.00003677277089244139	0	0	0	0	0.059233784290048774	0	0	0	0	0	0	0	0.0590129324309398	0.0003175600878975554	0	0.000361144589996763	0.00036114458999665297	0.00036114458999681544	0	0	0
3.4673685045253236e-6	0.0002475611748368272	0.00003846791285308789	0	0	0	0	0.06188859597942471	0	0	0	0	0	0	0	0.062401338986109715	0.00032994006527592966	0	0.00037634649665246883	0.00037634649665225795	0.0003763464966525674	0	0	0
3.7153522909717276e-6	0.00025746777835190836	0.00004024119704226369	0	0	0	0	0.06466239424361585	0	0	0	0	0	0	0	0.06598430118374865	0.0003428026720706865	0	0.0003921883075802274	0.0003921883075799082	0.00039218830758037655	0	0	0
3.981071705534978e-6	0.0002615725207743265	0.00004165024831266197	0	0	0	0	0.06647005792940133	0	0	0	0	0	0	0	0.06749265257396608	0.0003472275695436092	0	0.00040102604021968996	0.00040102604021907483	0.0004010260402199778	0	0	0
4.265795188015934e-6	0.00026574270404709815	0.00004310863771483878	0	0	0	0	0.06832825559307462	0	0	0	0	0	0	0	0.06903548374006249	0.00035170958360062043	0	0.0004100629259616196	0.0004100629259606955	0.00041006292596205236	0	0	0
4.570881896148752e-6	0.00026979795295560094	0.00004404162973432459	0	0	0	0	0.0715370906756925	0	0	0	0	0	0	0	0.0703547681462787	0.00035616292745951406	0	0.00041724354223623506	0.0004172435422344516	0.00041724354223706957	0	0	0
4.897788193684467e-6	0.00027391508519508483	0.0000449948143220422	0	0	0	0	0.07489661923786863	0	0	0	0	0	0	0	0.0716992643892231	0.000360672659521775	0	0.000424549898359102	0.0004245498983564295	0.0004245498983603531	0	0	0
5.248074602497734e-6	0.00028586358847999983	0.00004658223784096496	0	0	0	0	0.07773414324205825	0	0	0	0	0	0	0	0.07440551774432463	0.00037712945332367604	0	0.0004418160682357368	0.0004418160682306334	0.0004418160682381249	0	0	0
5.623413251903491e-6	0.00029833329975405737	0.0000482256658898856	0	0	0	0	0.08067916932786806	0	0	0	0	0	0	0	0.0772139172969419	0.0003943371387029933	0	0.00045978444207794156	0.0004597844420702141	0.00045978444208155797	0	0	0
6.0255958607435935e-6	0.000311935652592031	0.00005058163502509957	0	0	0	0	0.08405370118105399	0	0	0	0	0	0	0	0.0815039953161498	0.00041203048262697655	0	0.0004812747011730686	0.00048127470115835	0.00048127470117995737	0	0	0
6.4565422903465625e-6	0.00032615819768772985	0.00005305270035367165	0	0	0	0	0.08756937808224996	0	0	0	0	0	0	0	0.08603243411350772	0.0004305177016098574	0	0.0005037694119062054	0.000503769411883858	0.0005037694119166636	0	0	0
6.9183097091893625e-6	0.0003386201162818824	0.00005439194639668285	0	0	0	0	0.08956651907029727	0	0	0	0	0	0	0	0.09047821782908946	0.0004488493363029713	0	0.0005207242425875393	0.00052072424254473	0.0005207242426044548	0	0	0
7.413102413009192e-6	0.00035155818239018376	0.00005576499995470817	0	0	0	0	0.09160920762546855	0	0	0	0	0	0	0	0.09515374039897041	0.00046796154013242227	0	0.0005382497039515646	0.0005382497038869411	0.00053824970397536	0	0	0
7.943282347242822e-6	0.0003648828053614412	0.00005720082506808781	0	0	0	0	0.09559176520534729	0	0	0	0	0	0	0	0.09865833700174066	0.0004869343370757234	0	0.0005563899321625378	0.0005563899320387482	0.0005563899322008296	0	0	0
8.511380382023777e-6	0.0003787124530660701	0.00005867361949479825	0	0	0	0	0.09974745783669263	0	0	0	0	0	0	0	0.10229201100385078	0.0005066763575405758	0	0.0005751415269513843	0.0005751415267645138	0.0005751415270051224	0	0	0
9.120108393559115e-6	0.0003906337506483624	0.0000601578026118152	0	0	0	0	0.10344284007853102	0	0	0	0	0	0	0	0.10414920899110544	0.0005222288929619906	0	0.0005920340131625952	0.0005920340128039366	0.0005920340132582668	0	0	0
9.772372209558111e-6	0.00040293031272194347	0.0000616795289985977	0	0	0	0	0.1072751265604313	0	0	0	0	0	0	0	0.10604012597879807	0.0005382588166697018	0	0.0006094226487162246	0.0006094226481758477	0.0006094226488562465	0	0	0
0.000010471285480509006	0.00041500316164902674	0.00006408285355029824	0	0	0	0	0.10971388910842776	0	0	0	0	0	0	0	0.1117189853690734	0.0005527137530997575	0	0.0006295467651228665	0.0006295467640874888	0.00062954676538364	0	0	0
0.000011220184543019652	0.0004274377447932029	0.00006657982293026758	0	0	0	0	0.1122080937981036	0	0	0	0	0	0	0	0.11770196967127938	0.00056755687673776	0	0.0006503354122324595	0.00065033541066998	0.0006503354126218077	0	0	0
0.000012022644346174132	0.00044275591301186877	0.00006898129195451483	0	0	0	0	0.1165565308492496	0	0	0	0	0	0	0	0.12081281335257335	0.0005878504418682711	0	0.0006736932843206388	0.0006736932813308918	0.0006736932850583434	0	0	0
0.000012882495516931348	0.0004586230413549805	0.00007146937961516836	0	0	0	0	0.1210734843072578	0	0	0	0	0	0	0	0.1240058761202294	0.0006088696237652855	0	0.0006978900930224853	0.0006978900885049593	0.0006978900941330673	0	0	0
0.000013803842646028866	0.000476234841031649	0.00007438532897419957	0	0	0	0	0.12531210399829334	0	0	0	0	0	0	0	0.12726438238483712	0.0006322023804007771	0	0.0007252644175740301	0.0007252644089421855	0.0007252644196837593	0	0	0
0.000014791083881682102	0.0004945229597326145	0.00007742024901284467	0	0	0	0	0.12969911205849108	0	0	0	0	0	0	0	0.13060851251993072	0.0006564292817118431	0	0.000753712483753578	0.0007537124706916017	0.0007537124869391274	0	0	0
0.00001584893192461114	0.0005105009101773567	0.00008045385501094145	0	0	0	0	0.13398344766135847	0	0	0	0	0	0	0	0.13488728040971013	0.0006769664123524612	0	0.0007798502975748345	0.0007798502725659493	0.0007798503036193458	0	0	0
0.00001698243652461746	0.0005269951054099094	0.00008360632868860598	0	0	0	0	0.13840930722122724	0	0	0	0	0	0	0	0.13930622181729044	0.0006981460702944984	0	0.0008068945383507745	0.000806894500582083	0.0008068945474487074	0	0	0
0.000018197008586099864	0.0005452982954093415	0.00008649877291869717	0	0	0	0	0.142780241647147	0	0	0	0	0	0	0	0.14351383871390852	0.0007225655057499995	0	0.0008348811162388218	0.0008348810439246304	0.0008348811335724443	0	0	0
0.000019498445997580493	0.000564237177772359	0.00008949128413839864	0	0	0	0	0.14728920918759775	0	0	0	0	0	0	0	0.1478485428268611	0.0007478390731033085	0	0.0008638383891863328	0.0008638382799757072	0.000863838415316002	0	0	0
0.00002089296130854041	0.0005824588265189795	0.00009206753014829049	0	0	0	0	0.15207279792483389	0	0	0	0	0	0	0	0.15296301501697596	0.0007727383329505409	0	0.0008906859842795144	0.0008906857850927696	0.000890686044505523	0	0	0
0.000022387211385683423	0.0006012689307877217	0.000094717940291231	0	0	0	0	0.15701174577719712	0	0	0	0	0	0	0	0.15825441032911464	0.0007984666122529496	0	0.0009183679870250013	0.0009183676923748247	0.0009183680834415003	0	0	0
0.000023988329190194948	0.0006209234372509852	0.00009752502370037627	0	0	0	0	0.16229818250854652	0	0	0	0	0	0	0	0.16385056795572078	0.0008249695839278569	0	0.0009474208492671905	0.0009474205256919372	0.0009474212752605116	0	0	0
0.000025703957827688645	0.0006412204176631494	0.00010041529850115964	0	0	0	0	0.16776260855640412	0	0	0	0	0	0	0	0.169644615676617	0.0008523522511301959	0	0.0009773928080114257	0.0009773924539758696	0.0009773935843377264	0	0	0
0.00002754228703338169	0.0006641037318467608	0.00010397851333349318	0	0	0	0	0.17417722852985393	0	0	0	0	0	0	0	0.1743571325101746	0.0008826602397632458	0	0.00101220457072795	0.001012204071549967	0.0010122062345994164	0	0	0
0.0000295120922666639	0.000687803685759243	0.00010766816806224544	0	0	0	0	0.1808371197813187	0	0	0	0	0	0	0	0.17920055721144143	0.0009140459215375583	0	0.0010482562226819421	0.0010482555684716056	0.0010482588363378313	0	0	0
0.000031622776601683856	0.0007117962612304287	0.00011183099286886273	0	0	0	0	0.18668318691699276	0	0	0	0	0	0	0	0.18487737925155726	0.0009449623651718341	0	0.001086185185213718	0.0010861840631120863	0.0010861903153787525	0	0	0
0.000033884415613920276	0.0007366257669037283	0.00011615476692057576	0	0	0	0	0.19271824457074122	0	0	0	0	0	0	0	0.19073403504317687	0.0009769245182879463	0	0.0011254865280544263	0.001125484905058845	0.0011254943534216553	0	0	0
0.000036307805477010174	0.0007612111929236986	0.00012011897616342503	0	0	0	0	0.19719868327813037	0	0	0	0	0	0	0	0.19820487917443055	0.001009444988971812	0	0.0011633387189420685	0.001163335692470177	0.001163350644842812	0	0	0
0.00003890451449942813	0.0007866171755950085	0.0001242184786476762	0	0	0	0	0.20178328612968308	0	0	0	0	0	0	0	0.205968348122333	0.001043048021300611	0	0.0012024639489281526	0.0012024594264143402	0.0012024802423412453	0	0	0
0.00004168693834703355	0.0008134183903086979	0.00012802707628484957	0	0	0	0	0.20987693115664505	0	0	0	0	0	0	0	0.21149871120149832	0.0010795974939482994	0	0.0012420033798316232	0.0012419947483980343	0.00124201904715451	0	0	0
0.00004466835921509635	0.0008411327621875399	0.000131952447337055	0	0	0	0	0.21829521699543386	0	0	0	0	0	0	0	0.21717756756162665	0.0011174276976108012	0	0.0012828429466747678	0.0012828299410052296	0.0012828579291174905	0	0	0
0.0000478630092322639	0.0008693510954919154	0.00013654401927728672	0	0	0	0	0.2264764914136986	0	0	0	0	0	0	0	0.22342546244401187	0.0011544174931669962	0	0.001326392439754952	0.001326370034684136	0.001326403930906782	0	0	0
0.00005128613839913659	0.0008985160978243794	0.00014129536493379062	0	0	0	0	0.2349643838698106	0	0	0	0	0	0	0	0.22985310052409186	0.0011926317482369557	0	0.0013714203354349606	0.0013713879078386855	0.001371428080999781	0	0	0
0.00005495408738576248	0.0009301697554110198	0.0001465437343017706	0	0	0	0	0.24288006150705652	0	0	0	0	0	0	0	0.2381456779518279	0.0012340289378419632	0	0.001420520117882491	0.0014204809557676224	0.0014205182073398184	0	0	0
0.00005888436553555896	0.0009629385338519687	0.00015198705260551892	0	0	0	0	0.2510624091451981	0	0	0	0	0	0	0	0.24673743272473972	0.0012768630565826652	0	0.0014713777776008427	0.0014713314403351533	0.0014713655096757915	0	0	0
0.00006309573444801943	0.0009946840086440002	0.00015659912208057928	0	0	0	0	0.25734867769422826	0	0	0	0	0	0	0	0.2542194716002945	0.0013202736395387716	0	0.001518192583296323	0.0015181530912237525	0.0015181824554877043	0	0	0
0.00006760829753919819	0.0010274760457391772	0.00016135114548249216	0	0	0	0	0.2637923460404059	0	0	0	0	0	0	0	0.2619283950029252	0.001365160088448457	0	0.0015664968949947336	0.0015664647306573149	0.0015664890559100805	0	0	0
0.00007244359600749906	0.0010607460152941503	0.00016659526066494385	0	0	0	0	0.27037763565671885	0	0	0	0	0	0	0	0.26995235429807235	0.0014094060824943768	0	0.0016162534712028428	0.0016162230993097256	0.0016162483035371158	0	0	0
0.00007762471166286927	0.0010950932760217802	0.0001720098161870957	0	0	0	0	0.27712731988107137	0	0	0	0	0	0	0	0.2782221209359856	0.0014550861266606342	0	0.0016675904634870255	0.0016675620303600656	0.0016675881448587452	0	0	0
0.00008317637711026725	0.001132715903971996	0.00017851359639695994	0	0	0	0	0.28529416244446004	0	0	0	0	0	0	0	0.28658353449223495	0.0015040182107278206	0	0.0017239026987039736	0.0017238794321506666	0.0017239003645681452	0	0	0
0.00008912509381337459	0.0011716310813012266	0.00018526328790395815	0	0	0	0	0.29370167892438614	0	0	0	0	0	0	0	0.29519623373498394	0.0015545957979767706	0	0.001782116520614156	0.0017820988020160427	0.001782114172567425	0	0	0
0.00009549925860214369	0.0012117097580047558	0.00019293787555085134	0	0	0	0	0.30284391216495044	0	0	0	0	0	0	0	0.3033953630125967	0.0016056379010356426	0	0.0018389761911526655	0.0018389604173024048	0.0018389743526813962	0	0	0
0.00010232929922807557	0.0012531594296843864	0.00020093038530857507	0	0	0	0	0.3122707213362036	0	0	0	0	0	0	0	0.311822224602578	0.0016583558714087468	0	0.0018976500091368361	0.0018976363221721033	0.001897648715148193	0	0	0
0.00010964781961431851	0.0012929444302764998	0.0002061292796137223	0	0	0	0	0.32102472445499575	0	0	0	0	0	0	0	0.32098984297410466	0.0017135529040380856	0	0.0019556561418194586	0.0019556414748882764	0.001955659619458234	0	0	0
0.00011748975549395303	0.0013339925153849287	0.00021146269066681938	0	0	0	0	0.33002413185080653	0	0	0	0	0	0	0	0.33042699064782555	0.0017705871252127817	0	0.0020154353682825896	0.0020154196742637625	0.00201544391048205	0	0	0
0.00012589254117941688	0.0013759971165220118	0.0002166316339626961	0	0	0	0	0.3392157396064879	0	0	0	0	0	0	0	0.3391310571473192	0.0018286651570007053	0	0.0020806758368371405	0.0020806555080975487	0.002080680695462709	0	0	0
0.0001348962882591656	0.0014193243536531717	0.00022192692566883678	0	0	0	0	0.3486633457725282	0	0	0	0	0	0	0	0.34806440507893427	0.0018886482392254684	0	0.002148028166086498	0.0021480029190238483	0.002148029093717476	0	0	0
0.0001445439770745928	0.0014659717344761064	0.00022985670090428255	0	0	0	0	0.3579466342173467	0	0	0	0	0	0	0	0.35692160681312407	0.001949892391249763	0	0.002216061434854653	0.0022160360531425817	0.0022160645201339596	0	0	0
0.00015488166189124827	0.0015141522237333692	0.00023806981866382752	0	0	0	0	0.3674770935947973	0	0	0	0	0	0	0	0.3660041979333442	0.0020131225383785215	0	0.002286249482471768	0.00228622398290754	0.0022862548611468935	0	0	0
0.00016595869074375631	0.001566554112831632	0.0002494996851935784	0	0	0	0	0.3765790484949928	0	0	0	0	0	0	0	0.37403724725950666	0.0020779448839651706	0	0.002356240251864019	0.0023562088044770777	0.002356240403861843	0	0	0
0.00017782794100389227	0.0016207695302779817	0.00026147830607455605	0	0	0	0	0.3859064476050419	0	0	0	0	0	0	0	0.38224660571501934	0.0021448545026349192	0	0.002428373704212638	0.002428335968742132	0.002428368304488115	0	0	0
0.00019054607179632481	0.001667402101517883	0.0002673813052967008	0	0	0	0	0.3941851441998308	0	0	0	0	0	0	0	0.3907807725816634	0.002209364314400551	0	0.0025002432094715127	0.0025001995216054657	0.0025002317310777547	0	0	0
0.00020417379446695317	0.0017153763790644682	0.00027341756758123784	0	0	0	0	0.402641440359836	0	0	0	0	0	0	0	0.39950547614116283	0.0022758143583865654	0	0.002574239745581204	0.0025741897860509866	0.0025742218334569235	0	0	0
0.00021877616239495564	0.001766694943048309	0.0002821776719608207	0	0	0	0	0.411694408584343	0	0	0	0	0	0	0	0.4088087778117249	0.002343552550082907	0	0.002647511719384957	0.0026474604414099398	0.002647497163827796	0	0	0
0.00023442288153199226	0.0018195487940056167	0.00029121844385354137	0	0	0	0	0.42095092325355016	0	0	0	0	0	0	0	0.41832872587925213	0.0024133069267098864	0	0.002722869272884361	0.0027228166418852024	0.002722858279491607	0	0	0
0.0002511886431509582	0.0018713154956390614	0.0002981082676110216	0	0	0	0	0.42898090455399646	0	0	0	0	0	0	0	0.4262701765172851	0.0024846808849542388	0	0.002798868201670332	0.002798816357746197	0.002798867120124445	0	0	0
0.00026915348039269194	0.0019245549752528702	0.0003051610950257594	0	0	0	0	0.4371640642800586	0	0	0	0	0	0	0	0.4343623857198983	0.0025581657400178437	0	0.002876988362361974	0.0028769373904531763	0.002876997754571479	0	0	0
0.00028840315031266115	0.0019784025616308514	0.00031206105456274693	0	0	0	0	0.4452530154910366	0	0	0	0	0	0	0	0.4417513826817641	0.0026327436634648823	0	0.002956098293356878	0.0029560443811807165	0.002956103841338106	0	0	0
0.0003090295432513592	0.0020337567625748052	0.00031911702822600395	0.0020189538695064655	0.00030418924895316305	0	0	0.4534916385004067	0	0	0	0	0	0	0	0.44926607486471065	0.0027094957488822164	0	0.0030373835481257248	0.0030373265725235792	0.003037385033369788	0	0	0
0.0003311311214825914	0.0020875164135509138	0.00032444747654994616	0.0020746746913625214	0.00031151275600790917	0	0	0.4606083116564559	0	0	0	0	0	0	0	0.45634812408874914	0.0027869240486608853	0	0.0031176206619559213	0.0031175693159127583	0.0031176335090002346	0	0	0
0.000354813389233576	0.0021426971292906423	0.0003298669633043718	0.0021319333442880255	0.0003190125801276571	0	0	0.46783666721744904	0	0	0	0	0	0	0	0.4635418118807044	0.0028665649895219737	0	0.00319997736138793	0.003199931982106706	0.003200002169516779	0	0	0
0.00038018939632056124	0.002197708035982222	0.0003372679309207168	0.002187075355798656	0.0003265469256928346	0	0	0.47434940224974653	0	0	0	0	0	0	0	0.47018062268499244	0.002942878939561132	0	0.003280346178773161	0.0032802994246753274	0.003280367267658549	0	0	0
0.00040738027780411304	0.002254131274735892	0.0003448349482715056	0.0022436436039416823	0.0003342592152220812	0	0	0.48095280079897984	0	0	0	0	0	0	0	0.47691451403598867	0.003021224526417142	0	0.003362733493815866	0.00336268532446778	0.0033627506609942735	0	0	0
0.00043651583224016654	0.0023085315869782715	0.0003501466214585998	0.0022998557111076983	0.00034141109615493494	0	0	0.48619791685362906	0	0	0	0	0	0	0	0.4821860772176164	0.0031001969694941086	0	0.0034428976479602144	0.0034428455635675784	0.0034429206929700467	0	0	0
0.00046773514128719906	0.0023642447748305306	0.0003555401131278056	0.0023574761529069387	0.0003487160002463087	0	0	0.4915002344515093	0	0	0	0	0	0	0	0.48751590949687135	0.0031812336903865807	0	0.003524972834192444	0.003524916675470666	0.003525002027529609	0	0	0
0.0005011872336272725	0.002418939089172235	0.00036099672506943503	0.0024134688959559785	0.00035549121848451774	0	0	0.49514586539142036	0	0	0	0	0	0	0	0.4917751133090513	0.003260993037355191	0	0.0036036608902779033	0.0036035988044171943	0.0036036871008273616	0	0	0
0.0005370317963702533	0.0024748986989068496	0.0003665370817497928	0.0024707915304104035	0.00036239807273066117	0	0	0.4988185372644139	0	0	0	0	0	0	0	0.4960715278394053	0.0033427520970289912	0	0.003684105501792795	0.0036840372521608784	0.0036841285818410563	0	0	0
0.0005754399373371578	0.002531517404476857	0.0003740697603982398	0.002526774417816363	0.0003692880150029113	0	0	0.5014791060736883	0	0	0	0	0	0	0	0.4992320570606864	0.0034223958660436877	0	0.0037631636595320678	0.0037630917621697766	0.0037631761798329415	0	0	0
0.0006165950018614823	0.00258943138642397	0.0003817572426134907	0.0025840257585271554	0.00037630894943016134	0	0	0.5041538656675069	0	0	0	0	0	0	0	0.5024127223800862	0.003503937212192055	0	0.003843918346402244	0.0038438426761846513	0.00384391984315194	0	0	0
0.0006606934480075965	0.0026448710129282987	0.000389247399350283	0.002638363419142985	0.00038268479970511056	0	0	0.505860233394419	0	0	0	0	0	0	0	0.504163671262118	0.0035820748974096325	0	0.003919609566777831	0.003919532505114901	0.003919610784755797	0	0	0
0.0007079457843841388	0.0027014975997062406	0.00039688451452473924	0.002693843708214217	0.00038916867682021284	0	0	0.5075723765224883	0	0	0	0	0	0	0	0.5059207223423041	0.0036619550504516586	0	0.003996791235265376	0.003996712756699275	0.003996792162912611	0	0	0
0.0007585775750291852	0.0027528329054171473	0.0004026584872337957	0.0027451222851602544	0.00039488568932981907	0	0	0.5079600561146871	0	0	0	0	0	0	0	0.5065398480899567	0.0037367804789334496	0	0.004067216482405096	0.004067139043627512	0.004067222409715933	0	0	0
0.0008128305161640995	0.0028051437121289543	0.000408516461105974	0.002797376973840464	0.0004006866865842981	0	0	0.5083480318133594	0	0	0	0	0	0	0	0.5071597314991849	0.0038131348297177716	0	0.004138882653862042	0.004138806315883551	0.004138893756747285	0	0	0
0.0008709635899560814	0.0028540707350137792	0.00041429178657950304	0.002845410225054326	0.00040555735553740954	0	0	0.5076116340434627	0	0	0	0	0	0	0	0.5062232264976532	0.003884845217294504	0	0.004203234176978718	0.004203156946532662	0.004203246856016596	0	0	0
0.0009332543007969925	0.0029038511379083417	0.0004201487596425439	0.002894268246488199	0.0004104872313891904	0	0	0.5068763030263448	0	0	0	0	0	0	0	0.5052884508164193	0.003957904201214153	0	0.004268586240307274	0.0042685081080954925	0.004268600541826405	0	0	0
0.001	0.0029467122404580426	0.0004240095489775183	0.002937417334606921	0.00041464108110186827	0	0	0.504526291735797	0	0	0	0	0	0	0	0.5025879115856331	0.0040235942710782	0	0.004325661303735782	0.004325574107590087	0.004325663925314019	0	0	0
0.001071519305237607	0.0029902059767153723	0.00042790581549514945	0.0029812097092654184	0.0004188369649294122	0	0	0.5021871757130545	0	0	0	0	0	0	0	0.49990180552094265	0.004090374611211401	0	0.00438349951512054	0.004383403026637795	0.004383490141890166	0	0	0
0.001148153621496884	0.003029965371537736	0.0004321747519688054	0.0030199653880738373	0.0004220899449637368	0	0	0.4980817737387349	0	0	0	0	0	0	0	0.49574600582545275	0.004151470468610496	0	0.004433164055337141	0.00443306202954215	0.0044331494369364045	0	0	0
0.0012302687708123836	0.00307025342876294	0.0004364862768298025	0.003059224890090406	0.0004253681899101626	0	0	0.4940099336038764	0	0	0	0	0	0	0	0.49162475425705154	0.004213478883940372	0	0.004483391289024201	0.0044832836128331265	0.0044833713078079925	0	0	0
0.0013182567385564075	0.0031027164691334306	0.0004398304555958552	0.00309062741641147	0.0004276387059532674	0	0	0.48856249284915415	0	0	0	0	0	0	0	0.48644020827208584	0.004264780656796824	0	0.004522403244887721	0.0045222991251797785	0.004522385211457322	0	0	0
0.0014125375446227555	0.003135522754455701	0.0004432002560875231	0.0031223522853829747	0.00042992134148067885	0	0	0.483175120948837	0	0	0	0	0	0	0	0.4813103371521216	0.004316707061215638	0	0.0045617546609058885	0.004561654167731332	0.004561738610672267	0	0	0
0.0015135612484362103	0.0031581273211712087	0.0004442655543878885	0.003144920412763877	0.0004309499640421678	0	0	0.4763458456892957	0	0	0	0	0	0	0	0.4749476792340457	0.004356432515645701	0	0.0045877769255254055	0.004587677396147248	0.0045877635480338595	0	0	0
0.0016218100973589332	0.0031808948484124073	0.00044533341329252516	0.003167651660871372	0.000431981047668674	0	0	0.46961309651015143	0	0	0	0	0	0	0	0.46866913215394174	0.00439652355238359	0	0.00461394763264266	0.004613849081327368	0.004613936958910152	0	0	0
0.0017378008287493763	0.0031945788344114046	0.0004451401580936082	0.0031812926899841935	0.0004317444361113193	0	0	0.4618243219291835	0	0	0	0	0	0	0	0.4606294989035445	0.004424191805314785	0	0.004626809261366488	0.004626709640939946	0.004626798297161349	0	0	0
0.0018620871366628695	0.0032083216879560846	0.00044494698675898446	0.0031949924621960547	0.0004315079541546246	0	0	0.4541647281779745	0	0	0	0	0	0	0	0.4527277789449904	0.004452034180415715	0	0.004639706742576426	0.004639606047844148	0.0046396954863621885	0	0	0
0.001995262314968883	0.003211380079470855	0.00044279132419384906	0.0031985205350062574	0.00042982849199992875	0	0	0.44504154305175747	0	0	0	0	0	0	0	0.4436788743519695	0.004465883938007622	0	0.00463762491000238	0.004637523995905621	0.004637613564409703	0	0	0
0.0021379620895022326	0.003214441386453448	0.00044064610530230393	0.0032020525036934896	0.00042815556644114523	0	0	0.43610162294301824	0	0	0	0	0	0	0	0.4348108349016277	0.00447977678057542	0	0.004635544011544886	0.004635442878300798	0.004635532576656244	0	0	0
0.0022908676527677745	0.0032047480191806517	0.0004364459005816745	0.0031932162155427026	0.0004248243035624547	0	0	0.4262366137051121	0	0	0	0	0	0	0	0.42481714803788934	0.004475150180430746	0	0.004615564786621939	0.00461546663613084	0.0046155566407471765	0	0	0
0.0024547089156850338	0.003195083882918099	0.0004322857318887854	0.003184404311747947	0.0004215189595628742	0	0	0.4165947598102365	0	0	0	0	0	0	0	0.4150531559497035	0.004470528358521679	0	0.00459567167228872	0.004595576480719308	0.0045956667872911776	0	0	0
0.002630267991895387	0.003173522694946111	0.00042737197046499137	0.0031627301382168857	0.00041648992520000816	0	0	0.4058369600061028	0	0	0	0	0	0	0	0.40426872161999805	0.004448086696233405	0	0.00455716926652338	0.004557078921988868	0.004557169737706268	0	0	0
0.002818382931264455	0.0031521070070122466	0.00042251406342071776	0.00314120348671892	0.0004115208909535057	0	0	0.3953569607597072	0	0	0	0	0	0	0	0.3937645020583164	0.004425757689131696	0	0.004518989432811801	0.004518903860780658	0.004518995170776301	4.280374918042568e-11	4.280374918042568e-11	4.280374918042568e-11
0.003019951720402019	0.0031167633364001324	0.00041551358089864473	0.0031061614280222206	0.00040482543382218275	0	0	0.3838350307470963	0	0	0	0	0	0	0	0.38207426252209414	0.004384213711840831	0	0.0044615447413706155	0.004461459262374721	0.004461547246037879	3.994678301286791e-11	3.994678301286791e-11	3.994678301286791e-11
0.0032359365692962876	0.0030818159642162007	0.00040862908683656553	0.00307151028506304	0.00039823891197745837	0	0	0.3726488855679191	0	0	0	0	0	0	0	0.3707310875376532	0.004343059702137523	0	0.00440483027792041	0.004404744903422354	0.004404829630567786	3.728050704976314e-11	3.728050704976314e-11	3.728050704976314e-11
0.0034673685045253167	0.003033002474578572	0.0003999617041202132	0.003023045546559137	0.00038992423214645515	0	0	0.360649735099541	0	0	0	0	0	0	0	0.35861214179811207	0.004280711240938076	0	0.004328543230377571	0.004328456365752032	0.004328539588694069	3.479219354008404e-11	3.479219354008404e-11	3.479219354008404e-11
0.003715352290971728	0.002984962151411064	0.0003914781642226215	0.002975345523345194	0.0003817831513752446	0	0	0.3490369526508693	0.3482971441707205	0	0	0	0	0	0	0.34688935610766025	0.0042192578470139006	0	0.004253577394608083	0.004253489117079704	0.004253570862507273	3.246996425544471e-11	3.246996425544471e-11	3.246996425544471e-11
0.003981071705534978	0.002922562938563442	0.00038144036060840943	0.002912973470870257	0.00037177153611333034	0	0	0.336525758485857	0.3358839727515632	0	0	0	0	0	0	0.3344006133506799	0.004135771455565775	0	0.0041576974690766535	0.0041576125731351546	0.004157692087870974	3.030273378811833e-11	3.030273378811833e-11	3.030273378811833e-11
0.004265795188015935	0.002861468151556584	0.0003716599340604195	0.002851908921305287	0.0003620224584720302	0	0	0.32446302680668115	0.3239132018150404	0	0	0	0	0	0	0.3223614914682058	0.0040539370080873586	0	0.004063978773791454	0.004063897151842085	0.004063974494915406	2.828015663366771e-11	2.828015663366771e-11	2.828015663366771e-11
0.004570881896148752	0.002785650049040981	0.00035968612255759424	0.002776620022972878	0.00035058362031991394	0	0	0.31180142399753824	0.3114338442715818	0	0	0	0	0	0	0.3098172159477708	0.0039501423380000214	0	0.003950402191805329	0.003950324831495851	0.003950399050241771	2.6392577805582985e-11	2.6392577805582985e-11	2.6392577805582985e-11
0.004897788193684466	0.002711840839990063	0.00034809807273841027	0.002703318712031412	0.00033950621559605083	0	0	0.29963391811917417	0.2994352771492136	0	0	0	0	0	0	0.29776108449074673	0.0038490051669110748	0	0.0038399997504074464	0.0038399264772877566	0.003839997685929357	2.4630986746179517e-11	2.4630986746179517e-11	2.4630986746179517e-11
0.005248074602497733	0.002624071075688095	0.000334554838916919	0.00261644206655936	0.0003268673664439873	0.0026245789785206493	0.0003350690277594119	0.2870046229523412	0.2869008630081087	0	0	0	0	0	0	0.28529664941977023	0.0037267076300544454	0	0.003710819749968408	0.0037107478897743817	0.0037108182410344713	2.2986974313745707e-11	2.2986974313745707e-11	2.2986974313745707e-11
0.005623413251903491	0.0025391420133226246	0.00032153852321623467	0.002532357378800209	0.00031469902563772354	0.002539903647523274	0.0003223067930734469	0.27490764100763043	0.27489114167994366	0	0	0	0	0	0	0.2733539821342128	0.0036082959511981624	0	0.0035859854457788733	0.0035859149863699796	0.0035859844573477993	2.1452692640613173e-11	2.1452692640613173e-11	2.1452692640613173e-11
0.0060255958607435805	0.002442141502545125	0.00030782601202547754	0.002435565585135538	0.0003011966435409741	0.002443143539992007	0.0003088379029910845	0.2625528136986108	0.2624468621221829	0	0	0	0	0	0	0.2611520158490097	0.00347075471431918	0	0.0034439971273216904	0.0034439280628842947	0.0034439965309414344	2.002081767052819e-11	2.002081767052819e-11	2.002081767052819e-11
0.006456542290346563	0.002348846613210509	0.0002946982922347552	0.002342473368552385	0.0002882735906045779	0.0023500696031619746	0.00029593186483722433	0.2507532338075101	0.2505659331793793	0	0	0	0	0	0	0.2494947205434016	0.0033384562823813814	0	0.0033076308848274828	0.0033075632153590153	0.003307630651000962	1.868451419649282e-11	1.868451419649282e-11	1.868451419649282e-11
0.006918309709189377	0.002244964816465638	0.0002803271631456653	0.002238947153736838	0.000274261346387564	0.0022464840314793395	0.0002818612005711278	0.23861542661701288	0.23838663435936655	0	0	0	0	0	0	0.2373024942511608	0.003190308325477827	0	0.0031572000884158395	0.003157133413753429	0.003157196441945236	1.743740323217935e-11	1.743740323217935e-11	1.743740323217935e-11
0.007413102413009177	0.002145677371533376	0.00026665685030403036	0.002139996306691922	0.00026093020163438067	0.002147464269526928	0.0002684595537932232	0.22706515467444324	0.22679933668597824	0	0	0	0	0	0	0.22570607368032958	0.0030487346098637376	0	0.003013610872971663	0.0030135452425983267	0.003013604124757752	1.627353156116275e-11	1.627353156116275e-11	1.627353156116275e-11
0.00794328234724282	0.0020388381879719512	0.0002532801894939582	0.002032365718714939	0.00024675259433763617	0.002039645748303695	0.0002540933093635478	0.21526420870749985	0.21506746577654987	0	0	0	0	0	0	0.21407301156833827	0.002894287396700373	0	0.0028585181923168773	0.002858455828413848	0.0028585122138484096	1.5187343318610707e-11	1.5187343318610707e-11	1.5187343318610707e-11
0.008511380382023776	0.0019373188214974306	0.00024057455983955958	0.001930148384691733	0.0002333453254202807	0.001937240510869964	0.0002404958547798547	0.2040765771256472	0.20394246081764247	0	0	0	0	0	0	0.20303952629490865	0.0027476643941379392	0	0.002711407212222178	0.002711347952403107	0.002711401942143732	1.4173653469773879e-11	1.4173653469773879e-11	1.4173653469773879e-11
0.009120108393559097	0.0018285532925561914	0.0002264284081065215	0.0018215783507884533	0.00021939551524183007	0.0018282258950986488	0.00022609759202000992	0.1928639056361629	0.19277961689388787	0	0	0	0	0	0	0.19189202247238807	0.00259163776038567	0	0.0025561371042051944	0.0025560800601055612	0.002556132223598463	1.3227623058672687e-11	1.3227623058672687e-11	1.3227623058672687e-11
0.009772372209558112	0.0017258941102599081	0.0002131140717116783	0.0017191153355761923	0.00020627965022025909	0.0017253458745854228	0.00021256133983698445	0.18226729701730204	0.18222777415138047	0	0	0	0	0	0	0.18135655140891044	0.002444471128055697	0	0.002409758617607124	0.0024097037297918407	0.0024097540991478905	1.2344736108827726e-11	1.2344736108827726e-11	1.2344736108827726e-11
0.010471285480509006	0.001618726012752226	0.00019928013201716896	0.0016123420786618077	0.00019284365664882513	0.001618307409500242	0.00019885833863345323	0.17171826186955602	0.1716950602205365	0	0	0	0	0	0	0.17083128153500993	0.0022912585935769506	0	0.002258002787201984	0.0022579515094146418	0.002257999810859395	1.1520778065767383e-11	1.1520778065767383e-11	1.1520778065767383e-11
0.011220184543019653	0.0015182124377063442	0.00018634419913156786	0.0015122004468374763	0.00018028281447045793	0.001517909487147134	0.0001860387165153564	0.16177977038142108	0.16177113418311656	0	0	0	0	0	0	0.16091685976699693	0.0021476489872948117	0	0.0021158038609173143	0.002115755956151618	0.0021158022503806333	1.075181567840504e-11	1.075181567840504e-11	1.075181567840504e-11
0.012022644346174132	0.0014154722281825966	0.00017318542142855098	0.0014099343997960587	0.00016760233157936454	0.0014151579397574331	0.00017286829018789665	0.1518596524032508	0.15181754616086568	0	0	0	0	0	0	0.15108083696604568	0.0020015471656681014	0	0.0019710847233919662	0.0019710395571777522	0.0019710851014699974	1.0034178223248037e-11	1.0034178223248037e-11	1.0034178223248037e-11
0.01288249551693135	0.0013196846363497743	0.00016095585660924248	0.0013145843303284783	0.00015581375092988848	0.0013193619325895791	0.00016063025112313171	0.14254782272014213	0.14247639072751228	0	0	0	0	0	0	0.1418460398208826	0.0018653844646374076	0	0.0018362642485701608	0.0018362216703981047	0.0018362663507603511	9.364439981809736e-12	9.364439981809736e-12	9.364439981809736e-12
0.013803842646028866	0.00122372485446526	0.0001490043984558876	0.0012188231816499444	0.00014406219531893063	0.0012235123966993647	0.00014879020606496911	0.13333807735956474	0.13334242870608562	0	0	0	0	0	0	0.1327214954196671	0.001728870551591245	0	0.0017011613439719248	0.0017011196940648187	0.0017011617368062322	8.739403887579228e-12	8.739403887579228e-12	8.739403887579228e-12
0.014791083881682071	0.0011347427091203334	0.00013794037214254464	0.0011300377722866242	0.0001331969482555388	0.001134626176411519	0.00013782288993550567	0.12472335623708627	0.12479403220735986	0.1230100589333944	0	0	0	0	0	0.12418390649944294	0.0016023470983181057	0	0.0015759986181061894	0.0015759579903595145	0.0015759975417374992	8.15608626448527e-12	8.15608626448527e-12	8.15608626448527e-12
0.01584893192461114	0.001046420875103656	0.00012688913389062887	0.0010420898329676488	0.00012252271038987655	0.0010467708133273612	0.0001272425820511737	0.11636067761125977	0.11639209750299996	0.11440929610465159	0	0	0	0	0	0.11588607790409836	0.0014770917222889902	0	0.0014523136558030393	0.0014522754858699645	0.001452312157578334	7.611702584002139e-12	7.611702584002139e-12	7.611702584002139e-12
0.01698243652461746	0.0009649735037306875	0.00011672327723514954	0.0009609866560275474	0.0001127038926783919	0.0009657181884340848	0.00011747449712182142	0.10855871508471716	0.10855583493478055	0.10640989158658426	0	0	0	0	0	0.10814270085838369	0.0013616275514492266	0	0.0013383355357040488	0.0013382996880378153	0.0013383336884678642	7.103654172907561e-12	7.103654172907561e-12	7.103654172907561e-12
0.018197008586099864	0.0008855102456227735	0.00010703208820174539	0.0008816660719722133	0.00010315618797507677	0.0008860516886104622	0.00010757810809000912	0.1009535838477565	0.10093524361047118	0.09855823467220738	0	0	0	0	0	0.10059422478567728	0.0012490505370364787	0	0.001227049211724269	0.0012270157475445624	0.0012270475996437955	6.629515808240469e-12	6.629515808240469e-12	6.629515808240469e-12
0.019498445997580455	0.0008125905966033109	0.00009814552997640195	0.0008088926704562181	0.00009441731660427015	0.0008129572418662587	0.00009851541929329938	0.09388123361401873	0.09384961581131047	0.09128592724669776	0	0	0	0	0	0.0935726404085543	0.001145781195754025	0	0.00112501665525984	0.001124985426044427	0.0011250152519998815	6.187024140242069e-12	6.187024140242069e-12	6.187024140242069e-12
0.02089296130854041	0.0007415453735288856	0.00008925967340326586	0.0007382842779034349	0.00008597227873130312	0.0007420182305404013	0.00008973706028195087	0.08705704638241549	0.08702902824120486	0.08414288762134456	0	0	0	0	0	0.08677977380698211	0.001045665324445419	0	0.0010261343533103323	0.001026105093217917	0.0010261331865113635	5.774066888015713e-12	5.774066888015713e-12	5.774066888015713e-12
0.022387211385683423	0.0006767116716593494	0.00008117832058141954	0.0006738393051478369	0.0000782825966261214	0.0006772693889660769	0.00008174090965467973	0.08072890643927719	0.08070413172320764	0.07755878425953477	0	0	0	0	0	0.08048003250854646	0.0009542973604379843	0	0.0009359432201476331	0.0009359158242874607	0.0009359422590833243	5.388672756330159e-12	5.388672756330159e-12	5.388672756330159e-12
0.02398832919019495	0.0006147502470577992	0.0000738577539915	0.0006118279337133923	0.00007091141337519585	0.0006149376956277972	0.00007404672203930019	0.07459131111853803	0.07458345660611282	0.07117189718981513	0	0	0	0	0	0.07435120731147998	0.0008668170929188453	0	0.0008492527668317191	0.0008492274868872161	0.0008492522697625427	5.029002025432694e-12	5.029002025432694e-12	5.029002025432694e-12
0.025703957827688646	0.0005584621665102098	0.00006719734758737422	0.0005555232792332787	0.00006423430958586806	0.0005583426265305	0.00006707678037751679	0.06892034018282639	0.068926979084471	0.06531096378002987	0	0	0	0	0	0.06868911276952627	0.0007873561258006942	0	0.0007705918975058844	0.0007705685765424886	0.0007705917867232696	4.6933377689518474e-12	4.6933377689518474e-12	4.6933377689518474e-12
0.02754228703338169	0.0005045900834767357	0.0000606669700962758	0.0005018425537885086	0.000057896679347342726	0.0005044976585986454	0.000060573721042631687	0.06346869864038206	0.06351754328884208	0.05962184445412083	0	0	0	0	0	0.06330747976985915	0.0007118910666765555	0	0.0006956920048614253	0.0006956709222456176	0.0006956926775219457	4.380077657967264e-12	4.380077657967264e-12	4.380077657967264e-12
0.0295120922666639	0.00045591477384064486	0.00005477122822261442	0.0004533490462192051	0.000052184346668629676	0.0004558453455597156	0.00005470112996330415	0.05844828531631945	0.05853264366200668	0.054428293970427026	0	0	0	0	0	0.0583474852595445	0.0006436590434836706	0	0.0006280722223976058	0.0006280531633272257	0.0006280735272506353	4.087726312122758e-12	4.087726312122758e-12	4.087726312122758e-12
0.03162277660168379	0.00040983460631443	0.00004926308433479258	0.00040737919013629113	0.00004678727054468932	0.0004098097994389723	0.000049237988704043404	0.05367577404403393	0.0537745339651327	0.04941389207269483	0	0	0	0	0	0.05358040165227487	0.0005789718915348949	0	0.0005640328407993723	0.0005640151222644311	0.0005640335889831146	3.814888161269594e-12	3.814888161269594e-12	3.814888161269594e-12
0.03388441561392028	0.00036841184837675683	0.0000443088745118711	0.00036607070410787874	0.000041948377717984906	0.0003684233553158202	0.0000443204652855595	0.04929295536445351	0.049403210281516695	0.04486145994395142	0	0	0	0	0	0.049202796460700506	0.0005207857398744011	0	0.0005065230305613044	0.0005065065773376543	0.0005065233220285355	3.560260783564371e-12	3.560260783564371e-12	3.560260783564371e-12
0.03630780547701017	0.0003293324712995953	0.00003961351892650862	0.00032713809298863435	0.00003740088333593714	0.00032935504052013795	0.0000396363012187888	0.04515377759375467	0.045262740377678905	0.040491207743424885	0	0	0	0	0	0.04507094965315622	0.0004665432244937319	0	0.000452365285220284	0.0004523499856842945	0.00045236488887381675	3.322628688220313e-12	3.322628688220313e-12	3.322628688220313e-12
0.038904514499428125	0.00029439844872030833	0.00003541572425452673	0.00029234607053587767	0.00003334636880864757	0.0002944296042878027	0.000035447199486383366	0.04136217063699411	0.0414692821543958	0.0365466907802283	0	0	0	0	0	0.041286078206141476	0.00041795034628540855	0	0.000403998118398808	0.0004039839139387414	0.00040399717799033977	3.1008575132330698e-12	3.1008575132330698e-12	3.1008575132330698e-12
0.04168693834703355	0.0002615734586465985	0.00003134890282397114	0.00025979134721019136	0.0000295522081340491	0.00026171921170397184	0.000031496212515418496	0.03777242855010535	0.03786603725951764	0.03283704660660012	0	0	0	0	0	0.0377180315415266	0.0003728888989983043	0	0.0003587401880145138	0.0003587272677115816	0.0003587392784131183	2.893888610383429e-12	2.893888610383429e-12	2.893888610383429e-12
0.04466835921509635	0.00023240840624587077	0.00002774907838122692	0.00023086181374551188	0.0000261897482934237	0.00023264286191816827	0.000027985607246560416	0.03449423317490805	0.03457587648613749	0.029503947055785646	0	0	0	0	0	0.034458344439118146	0.0003326857657421722	0	0.00031855228189366737	0.0003185405362930607	0.00031855140799879944	2.7007339916677615e-12	2.7007339916677615e-12	2.7007339916677615e-12
0.0478630092322639	0.00020524909746892652	0.000024471188548101614	0.00020385042252417477	0.000023060917230202015	0.00020544454098147958	0.0000246683397080906	0.03138238131565037	0.03148096170066374	0.02638434898543002	0	0	0	0	0	0.03141124408637513	0.00029584012977766676	0	0.0002810651286544897	0.0002810545816863125	0.00028106443110802854	2.5204716130325623e-12	2.5204716130325623e-12	2.5204716130325623e-12
0.05128613839913648	0.00018126363281043126	0.000021580502989312788	0.00017999942948162268	0.0000203058806652131	0.0001814259808836834	0.000021744283716714914	0.028551261077381786	0.028663075251208807	0.023594601429724794	0	0	0	0	0	0.028633594303902367	0.00026307522412814956	0	0.00024798945427719323	0.00024797998649124905	0.00024798890367603633	2.3522409728993714e-12	2.3522409728993714e-12	2.3522409728993714e-12
0.05495408738576248	0.00015904439869254247	0.000018881527803171446	0.00015793181186491356	0.000017759758386791887	0.00015922040841398293	0.000019059134739032985	0.025905641609785923	0.026013658441133465	0.021041407120137343	0	0	0	0	0	0.025987588048500793	0.00023351222560038476	0	0.00021739698522620893	0.00021738861339206232	0.00021739686153906247	2.1952390044692355e-12	2.1952390044692355e-12	2.1952390044692355e-12
0.05888436553555896	0.00013954879069386463	0.000016520101146784658	0.00013856964586368844	0.0000155328903561206	0.00013973267958666174	0.000016705568310874374	0.023505170766215878	0.023609135431600817	0.01876449640033316	0	0	0	0	0	0.023586096995393265	0.00020727136006651564	0	0.000190578463601188	0.00019057106140374456	0.00019057866987780598	2.048716242198218e-12	2.048716242198218e-12	2.048716242198218e-12
0.06309573444801943	0.00012161025999350628	0.00001435762228481818	0.00012074262340606488	0.000013482807840421955	0.00012180834390384226	0.000014557488463307376	0.02124795616927676	0.0213683659384217	0.016732146271151667	0	0	0	0	0	0.021345179407776506	0.0001838443554618186	0	0.0001658879203286262	0.00016588096051103356	0.0001658876985965454	1.911973244144136e-12	1.911973244144136e-12	1.911973244144136e-12
0.06760829753919818	0.00010597766746780185	0.00001247821159458398	0.00010520905221422054	0.000011703302031621767	0.00010618326857028986	0.000012685618735962442	0.01920750314311336	0.019340270388179218	0.014919916467049172	0	0	0	0	0	0.019317171638832686	0.00016306520603871785	0	0.0001443961798776156	0.00014438967205921506	0.00014439563757739907	1.784357253106293e-12	1.784357253106293e-12	1.784357253106293e-12
0.07244359600749906	0.00009175058536026325	0.000010831775828363806	0.0000910009837954372	0.000010075933036067503	0.00009192518460635897	0.000011007931290489314	0.01729879234318907	0.01743487101671911	0.013345730253435316	0	0	0	0	0	0.017415856798505436	0.00014484322670136823	0	0.0001247396220500425	0.00012473372044700956	0.0001247389102856563	1.6652590806197518e-12	1.6652590806197518e-12	1.6652590806197518e-12
0.07762471166286927	0.00007943343267588499	9.402578783553486e-6	0.00007871165909636532	8.674853154520179e-6	0.00007958164858448855	9.552119909816938e-6	0.015579756218343717	0.015717191190637206	0.011937634931858612	0	0	0	0	0	0.015701681058541174	0.000128657491263235	0	0.00010775889862443355	0.000107753558787585	0.00010775807358385492	1.5541101989296257e-12	1.5541101989296257e-12	1.5541101989296257e-12
0.08317637711026708	0.00006821820460253685	8.100924649434094e-6	0.0000675232838597639	7.400163783647895e-6	0.00006835614082864664	8.240052279651127e-6	0.013969758546306013	0.01411478449271082	0.010734922241240858	0	0	0	0	0	0.014109732559512974	0.00011419667000847692	0	0.00009230268517739915	0.00009229803017290733	0.00009230196638679575	1.4503800270635427e-12	1.4503800270635427e-12	1.4503800270635427e-12
0.08912509381337459	0.00005858645764664742	6.9794661322696345e-6	0.00005792526692423344	6.3127782164564725e-6	0.00005871406375836866	7.108208671208431e-6	0.012526136552272452	0.012675747139498414	0.009653382448305893	0	0	0	0	0	0.012679187162108653	0.00010136121350557895	0	0.00007906340728900337	0.00007905935051845731	0.00007906278124245907	1.3535733980471067e-12	1.3535733980471067e-12	1.3535733980471067e-12
0.09549925860214369	0.00004988843433124015	5.956743658944208e-6	0.00004927186269868809	5.33491738892504e-6	0.00004997974857515946	6.0488861714039455e-6	0.011183655173881608	0.011338257938047385	0.00872316564570318	0	0	0	0	0	0.01134591308015364	0.00009009786243728413	0	0.00006713593580279374	0.00006713251539399394	0.00006713552464250542	1.263228195171859e-12	1.263228195171859e-12	1.263228195171859e-12
0.10232929922807536	0.00004248176080270149	5.083883830930447e-6	0.000041911182851757125	4.508528982130313e-6	0.00004254475176367139	5.147432441425752e-6	0.009985053454139359	0.010141894726592195	0.00788258615981079	0	0	0	0	0	0.010152838819755473	0.00008008610527656129	0	0.00005700783751503914	0.000057004953791932565	0.00005700759065384342	1.1789131460321603e-12	1.1789131460321603e-12	1.1789131460321603e-12
0.10964781961431873	0.000035818276042165764	4.28304466073363e-6	0.00003531019639428801	3.7705952142567337e-6	0.0000358762644859285	4.3415477866136205e-6	0.00886329345929532	0.009027342713164643	0.007101078983930444	0	0	0	0	0	0.009044814596123142	0.00007150970544209445	0	0.00004793624701910636	0.00004793374508143587	0.000047936021641553265	1.1002257638006218e-12	1.1002257638006218e-12	1.1002257638006218e-12
0.11748975549395303	0.000030199993465224088	3.6083577390637686e-6	0.000029748861391320256	3.153442802769362e-6	0.000030252999491311087	3.6618328453921287e-6	0.00786755637377395	0.008035275326537524	0.00639705316424087	0	0	0	0	0	0.008057713958686983	0.00006385174999778334	0	0.000040308208106834534	0.000040306039470156795	0.00004030800362661118	1.0267904259145858e-12	1.0267904259145858e-12	1.0267904259145858e-12
0.12589254117941662	0.000025202809963176418	3.00890962837078e-6	0.000024805950153758726	2.608625707635545e-6	0.000025237435076331393	3.0438245199553486e-6	0.006950836197636171	0.007115771605727164	0.005657310591992152	0	0	0	0	0	0.007136782740605662	0.00005697389633438275	0	0.000033541193843006916	0.00003353938018568722	0.00003354097652447721	9.582565810019632e-13	9.582565810019632e-13	9.582565810019632e-13
0.1348962882591656	0.00002103250885704334	2.509046443397081e-6	0.00002068432653393213	2.15793610607456e-6	0.000021053387761268603	2.5301175939638425e-6	0.006140931383398948	0.00630148980429415	0.005003110387322274	0	0	0	0	0	0.006321106476073792	0.00005083689740114661	0	0.00002791023806943671	0.000027908721323833896	0.000027910017986422917	8.942970754870999e-13	8.942970754870999e-13	8.942970754870999e-13
0.1445439770745928	0.00001735280241974409	2.0647219328831435e-6	0.000017055085511954707	1.7644369125302865e-6	0.000017366086802873574	2.0781172694033837e-6	0.005395240149129196	0.005550639256032339	0.004279630721692506	0	0	0	0	0	0.005568083273132902	0.000045379990070518585	0	0.000022963506972807898	0.000022962267961872395	0.000022963326281005107	8.346065918885087e-13	8.346065918885087e-13	8.346065918885087e-13
0.15488166189124797	0.000014316872697659038	1.699082402937419e-6	0.000014062625695978651	1.4426922138870048e-6	0.000014324581595354959	1.7068658767859174e-6	0.004740097950852573	0.004889255891457925	0.003660770539955414	0	0	0	0	0	0.004904766507872453	0.00004050883519799376	0	0.000018893520405605013	0.000018892508325078612	0.00001889337205531063	7.789001913534708e-13	7.789001913534708e-13	7.789001913534708e-13
0.1659586907437563	0.000011676924131161252	1.4044842297379725e-6	0.000011438899072035323	1.1645532872111476e-6	0.000011668105248642505	1.3957278011060341e-6	0.004138456009879085	0.004284553464755227	0.003017722304998591	0	0	0	0	0	0.004293271439816028	0.000035876096137329515	0	0.000015338568088825596	0.000015337706531181656	0.000015338432439486626	7.269119534722241e-13	7.269119534722241e-13	7.269119534722241e-13
0.1778279410038923	9.523766820053666e-6	1.16096544121253e-6	9.30469279415077e-6	9.40037206619682e-7	9.5042692302823e-6	1.1413058994702948e-6	0.0036131781079806477	0.0037546405424225366	0.0024876314455363324	0	0	0	0	0	0.0037580136845159397	0.000031773174117794986	0	0.000012452505724965125	0.000012451773877181895	0.0000124523832491071	6.783937068786964e-13	6.783937068786964e-13	6.783937068786964e-13
0.1905460717963252	7.622870066118439e-6	9.219437900530799e-7	7.4493285883556665e-6	7.469438120873695e-7	7.623223008122013e-6	9.223085444494304e-7	0.0031317884006672875	0.003267440942999983	0.001990363682843625	0	0	0	0	0	0.0032735285737200874	0.00002799453000054113	0	9.950623781942369e-6	9.950019708839058e-6	9.950518963530569e-6	6.331138445781551e-13	6.331138445781551e-13	6.331138445781551e-13
0.20417379446695316	6.10138290267356e-6	7.321323459290193e-7	5.963925692654584e-6	5.935138040140812e-7	6.11446578621757e-6	7.45333088665575e-7	0.0027145350418487538	0.002843460031756946	0.0015924977942738546	0	0	0	0	0	0.0028515035395200415	0.000024665263440339925	0	7.951404788455582e-6	7.95090668870172e-6	7.951315476150519e-6	5.908562183466817e-13	5.908562183466817e-13	5.908562183466817e-13
0.21877616239495518	4.789173580741944e-6	5.680734858907158e-7	4.684832950920385e-6	4.6288190830546333e-7	4.812013881905162e-6	5.911379379798296e-7	0.0023380037581791544	0.0024608717050943465	0.0012445147779502352	0	0	0	0	0	0.0024668793784599257	0.000021528693824439777	0	6.23490593951784e-6	6.2345111765398e-6	6.234830372998811e-6	5.514191069246876e-13	5.514191069246876e-13	5.514191069246876e-13
0.23442288153199276	3.7591778703850636e-6	4.4077752767845956e-7	3.6800692880967148e-6	3.610019844313853e-7	3.7869992913921686e-6	4.688428127411794e-7	0.002013700869205563	0.0021297607426512774	0.0009725709122521734	0	0.0010144586024532667	0.0010346796543103654	0	0	0.0021341351267952723	0.00001879098753222481	0	4.888953978430867e-6	4.888641149019176e-6	4.8888903850771995e-6	5.146142530790992e-13	5.146142530790992e-13	5.146142530790992e-13
0.25118864315095824	2.8964839178366535e-6	3.4577019034171655e-7	2.826534737994153e-6	2.752851141778977e-7	2.909277550594198e-6	3.587375283885431e-7	0.001721374569723297	0.001828224291195082	0.0007402014472927444	0	0.0008360572728153463	0.0008527460934936866	0	0	0.001833020252844801	0.000016266907142172208	0	3.7484106767985633e-6	3.7481594190935084e-6	3.7483486460406146e-6	4.802659649375013e-13	4.802659649375013e-13	4.802659649375013e-13
0.2691534803926914	2.23176965165179e-6	2.7124119770498355e-7	2.170964185628053e-6	2.0992099034386846e-7	2.234987443918931e-6	2.7448989464484915e-7	0.0014714848936123613	0.0015693800679013833	0.0005633503692861953	0	0.0006890293618064474	0.0007028029370630865	0.000596354578120798	0.000619263909728777	0.001574391051978379	0.000014081871296985739	0	2.8739445419052807e-6	2.8737431533010023e-6	2.8738868057179117e-6	4.4821027730434063e-13	4.4821027730434063e-13	4.4821027730434063e-13
0.28840315031266117	1.6659278385141649e-6	2.0222831369302147e-7	1.6197618334040433e-6	1.5566810614151774e-7	1.6848697862754886e-6	2.2080154449802338e-7	0.001247576744107932	0.0013352653467031492	0.0004148496738675312	0	0.0005578116940240688	0.0005688606556045164	0.00047832308009845733	0.0004967039818175606	0.0013412779668361887	0.000012146070199106795	0	2.141065492481159e-6	2.140918946476425e-6	2.141026465629757e-6	4.182941689556867e-13	4.182941689556867e-13	4.182941689556867e-13
0.30902954325135923	1.2435492888266691e-6	1.5077462865211547e-7	1.2085083735241198e-6	1.1543657082596781e-7	1.2701575592417638e-6	1.7761426924584296e-7	0.0010577395250168191	0.0011360750544579582	0.00030549416720195526	0	0.00045158291248176204	0.00046044549393474784	0.00038365257407067956	0.00039840016780806435	0.0011426809000594743	0.00001047637903871555	0	1.595076514613117e-6	1.5949699367240986e-6	1.5950504095731173e-6	3.9037483217619843e-13	3.9037483217619843e-13	3.9037483217619843e-13
0.3311311214825908	8.958712795861982e-7	1.081619785252536e-7	8.706837826068971e-7	8.276065989570712e-8	9.240786836210019e-7	1.3638241629547125e-7	0.0008834477234410535	0.0009540866728013661	0.00021567330394521377	0	0.0003577077125639129	0.0003644250854538137	0.00030104110457709773	0.00031236331513892924	0.0009591731617760912	8.984841211886403e-6	0	1.147826842337788e-6	1.1477546073070135e-6	1.1478135942510074e-6	3.643189910513413e-13	3.643189910513413e-13	3.643189910513413e-13
0.354813389233576	6.453989052132077e-7	7.759272036073463e-8	6.272941635348199e-7	5.933411550052722e-8	6.722956591562267e-7	1.0472223630211655e-7	0.0007378753101249201	0.0008012510930903966	0.00015226141454901672	0	0.00028334731915453666	0.0002884285863525858	0.0002362182682196783	0.00024490662536966293	0.0008051356719305	7.705655866829837e-6	0.00006158689798483954	8.259832352372573e-7	8.259344632539775e-7	8.25977686498312e-7	3.4000226526068395e-13	3.4000226526068395e-13	3.4000226526068395e-13
0.38018939632056126	4.491725051864065e-7	5.757930585814299e-8	4.323178622255442e-7	4.071589867849895e-8	4.6560069267222113e-7	7.426083087319354e-8	0.0006033938334129159	0.0006597100588172104	0.00010207255160137452	0	0.00021790642288714834	0.0002214770614754784	0.00018018681721746144	0.00018653529993188802	0.0006626572684112024	6.433828560065585e-6	0.00004019328508498128	5.686570272582632e-7	5.686285731213831e-7	5.686532053958236e-7	3.173085763352532e-13	3.173085763352532e-13	3.173085763352532e-13
0.40738027780411384	3.126065721304214e-7	4.272793179169452e-8	2.979443216019752e-7	2.7939818285199192e-8	3.224533760770142e-7	5.2659981267659864e-8	0.000493422280437992	0.0005431722533144808	0.00006842709179652939	0	0.0001675795249348194	0.00017006666842602384	0.0001374461397234712	0.00014207626301721514	0.0005453921254355941	5.371917803713837e-6	0.000026231231297283565	3.914980363461151e-7	3.9148197412198934e-7	3.914954039228733e-7	2.9612959354464453e-13	2.9612959354464453e-13	2.9612959354464453e-13
0.43651583224016655	2.0444470596139933e-7	2.833180542287992e-8	1.9438403952306093e-7	1.818794527109173e-8	2.0855056872607963e-7	3.2430537820238366e-8	0.00039031592213276394	0.0004340245309524801	0.000043011021178314994	0	0.00012410700750181686	0.00012573322319529544	0.00010090517577702039	0.00010414046752767885	0.0004353722741907786	4.516713021047485e-6	0.00001618599679014336	2.5528711373978885e-7	2.5527423173219855e-7	2.552821020966372e-7	2.7636421676880475e-13	2.7636421676880475e-13	2.7636421676880475e-13
0.4677351412871981	1.3370684279217555e-7	1.8786099978655123e-8	1.2681951653967202e-7	1.1839781841368208e-8	1.3488256890070056e-7	1.997227796121188e-8	0.0003087548436911238	0.00034680949241981196	0.00002703531443806435	0	0.00009191188074466098	0.0000929567419729551	0.00007407886841403	0.00007633391212977953	0.00034754630346498243	3.7976561183412064e-6	9.987578894844436e-6	1.664670174334549e-7	1.6645704705207837e-7	1.664616008205214e-7	2.5791809388587935e-13	2.5791809388587935e-13	2.5791809388587935e-13
0.5011872336272735	8.303034510583981e-8	1.2635993346098095e-8	7.760341927424609e-8	7.2099036501471526e-9	8.340374885568479e-8	1.303762194121399e-8	0.00023359430754034012	0.0002656594483366798	0.000015810767529565962	0.000010117979793133528	0.00006467166887909189	0.00006526872649430403	0.000051647799681013664	0.000053116615791662214	0.0002664087418376599	3.1229869381746144e-6	5.811706691616439e-6	1.0174712167771528e-7	1.0174113988559031e-7	1.0174413884837287e-7	2.4070317037235845e-13	2.4070317037235845e-13	2.4070317037235845e-13
0.5370317963702532	5.1560848079485696e-8	8.499280213778024e-9	4.748709699717772e-8	4.390512539916823e-9	5.1572159248415554e-8	8.510776097355827e-9	0.00017673018457919172	0.0002034977243504028	9.24643841101491e-6	6.314382797655354e-6	0.00004550472389120305	0.00004582783957109587	0.000036008854738188205	0.000036960962623824814	0.00020421341565118078	2.568175504071031e-6	3.3817940288627216e-6	6.218935696278975e-8	6.218576941342107e-8	6.218773422201196e-8	2.246372689654747e-13	2.246372689654747e-13	2.246372689654747e-13
0.5754399373371566	3.2559078126492485e-8	7.624734862817373e-9	2.750613866376361e-8	2.528214595651587e-9	2.9601158588233974e-8	4.641296404724227e-9	0.00012780605426390465	0.00014943619068759107	5.176099370116577e-6	3.7237840343988404e-6	0.000030545777933167374	0.00003068441104121267	0.000023985206693523098	0.00002455840992849384	0.00015051101916339712	2.049477434260608e-6	1.8976369231859363e-6	3.5971859783302537e-8	3.5970161440510183e-8	3.5971002412963905e-8	2.0964369738132e-13	2.0964369738132e-13	2.0964369738132e-13
0.6165950018614835	2.0574974045211613e-8	6.6868632652474575e-9	1.5337178152354265e-8	1.4038462203851992e-9	1.6412779529293874e-8	2.4887246582181055e-9	0.00008895443372223882	0.000106352712058196	2.8443890293695395e-6	2.118103254391606e-6	0.000019693258586299345	0.000019734922739707774	0.000015494790898246052	0.000015822614505920092	0.00010725668314953864	1.6367436916532813e-6	1.0536583532138686e-6	2.003791335535587e-8	2.0037011151035166e-8	2.0037369517822374e-8	1.9565088221609923e-13	1.9565088221609923e-13	1.9565088221609923e-13
0.6606934480075964	1.0928426009201495e-8	3.468238447692134e-9	8.233906005108738e-9	7.504515043557271e-10	8.787239761586262e-9	1.3085574043012659e-9	0.00005962990128966402	0.00007267469590659922	1.5482878162964348e-6	1.1765751123993811e-6	0.000012141665236389479	0.000012138058053849117	9.545226084098463e-6	9.722209733940387e-6	0.00007337071312423615	1.224672448650061e-6	5.612998566123516e-7	1.0746686481208115e-8	1.0746287128386602e-8	1.0746478199361821e-8	1.8259202728290044e-13	1.8259202728290044e-13	1.8259202728290044e-13
0.7079457843841374	5.628815028261392e-9	1.7880229819817536e-9	4.2375672815904964e-9	3.8475738205021707e-10	4.523269031473418e-9	6.729235609657086e-10	0.00003816000135741792	0.00004753117294348304	8.193833908325373e-7	6.36255063100818e-7	7.153648430747689e-6	7.133649290146437e-6	5.635022843614488e-6	5.723832546489762e-6	0.00004796853948042872	8.721681551066473e-7	2.950373376231878e-7	5.5257893022674485e-9	5.525668082367307e-9	5.525758574660984e-9	1.7040479475300862e-13	1.7040479475300862e-13	1.7040479475300862e-13
0.7585775750291851	2.7646671322907063e-9	9.151640087512699e-10	2.0414278216926608e-9	1.8567462414107294e-10	2.189947161121899e-9	3.3547632760364877e-10	0.00002326013866898651	0.000029557190512528847	4.2807685148598824e-7	3.365288665047331e-7	4.040599504521927e-6	4.016678141611481e-6	3.1778343492595066e-6	3.217248304202695e-6	0.000029835008911776836	6.027818706332462e-7	1.5322024970927505e-7	2.663048663602311e-9	2.6630341720779933e-9	2.6630578109690587e-9	1.590310075796734e-13	1.590310075796734e-13	1.590310075796734e-13
0.8128305161640995	1.2135499720450168e-9	4.604190467116912e-10	8.327236057238319e-10	7.630125435688366e-11	9.109253703744854e-10	1.5517890530851312e-10	0.000013544587578261551	0.00001739915663998743	2.2721087305353547e-7	1.7781395665318727e-7	2.2275449789717854e-6	2.2026915565879797e-6	1.7555333607610327e-6	1.767293927611388e-6	0.000017556349417071014	3.698095978271383e-7	8.12868775208539e-8	1.0881669355273112e-9	1.0881669355273112e-9	1.0881669355273112e-9	1.484163717838093e-13	1.484163717838093e-13	1.484163717838093e-13
0.8709635899560796	3.4807790652833103e-10	2.2039033296555907e-10	1.4251129225759035e-10	1.304703681118225e-11	1.8472389466882797e-10	5.562447650998814e-11	7.65911187254865e-6	9.907962307150242e-6	1.2222361082414756e-7	9.537480535318395e-8	1.2153507296487878e-6	1.1870873172533072e-6	9.673363824215864e-7	9.611631300835142e-7	9.979262189874077e-6	2.0991733779212863e-7	4.354333132359005e-8	1.8619050245154805e-10	1.8619050245154805e-10	1.8619050245154805e-10	1.3851021727592543e-13	1.3851021727592543e-13	1.3851021727592543e-13
0.9332543007969925	1.1675557514553e-10	1.1776467633596688e-10	1.2801433089130228e-103	1.2912073984465929e-103	2.3975472332401535e-11	2.418268879843972e-11	4.4087745958347225e-6	5.734705709495948e-6	6.930292885613314e-8	5.4001272956038e-8	6.917276420661843e-7	6.714139188979987e-7	5.508735646205485e-7	5.437736921180388e-7	5.762358919270046e-6	1.1919206658247143e-7	2.4645877421870568e-8	1.2753051601318036e-103	1.2753051601318036e-103	1.2753051601318036e-103	1.2926525597708275e-13	1.2926525597708275e-13	1.2926525597708275e-13