1.e-9	0	0	0	0	0	0	1.3164621000549606e-15	0	0	0	0	0	0	0	1.4753528387864567e-21	5.469393372277936e-60	0	4.36356152926124e-94	4.36356152926124e-94	4.36356152926124e-94	0	0	0
1.0715193052376092e-9	0	0	0	0	0	0	2.0707756584605447e-15	0	0	0	0	0	0	0	2.3207084701277094e-21	8.603275902424949e-60	0	4.0723125639753375e-94	4.0723125639753375e-94	4.0723125639753375e-94	0	0	0
1.148153621496884e-9	0	0	0	0	0	0	3.257299870230534e-15	0	0	0	0	0	0	0	3.650440533094531e-21	1.3532827356759374e-59	0	3.8005032145196114e-94	3.8005032145196114e-94	3.8005032145196114e-94	0	0	0
1.2302687708123811e-9	0	0	0	0	0	0	5.12368512796419e-15	0	0	0	0	0	0	0	5.742089649428014e-21	2.1286939805829905e-59	0	3.5468359701432217e-94	3.5468359701432217e-94	3.5468359701432217e-94	0	0	0
1.31825673855641e-9	0	0	0	0	0	0	8.529382339751995e-15	0	0	0	0	0	0	0	9.55883838017275e-21	3.543630100457616e-59	0	3.310099923357621e-94	3.310099923357621e-94	3.310099923357621e-94	0	0	0
1.4125375446227555e-9	0	0	0	0	0	0	1.4198835658461756e-14	0	0	0	0	0	0	0	1.591256785539024e-20	5.899069759867018e-59	0	3.0891649895412947e-94	3.0891649895412947e-94	3.0891649895412947e-94	0	0	0
1.5135612484362133e-9	0	0	0	0	0	0	2.399502910657278e-14	0	0	0	0	0	0	0	2.6891115443177705e-20	9.969011121370157e-59	0	2.8829765123608974e-94	2.8829765123608974e-94	2.8829765123608974e-94	0	0	0
1.6218100973589331e-9	0	0	0	0	0	0	4.05499039269568e-14	0	0	0	0	0	0	0	4.544408522558809e-20	1.6846924478520258e-58	0	2.6905502292575215e-94	2.6905502292575215e-94	2.6905502292575215e-94	0	0	0
1.7378008287493762e-9	0	0	0	0	0	0	6.882677445531645e-14	0	0	0	0	0	0	0	7.713384006491995e-20	2.8594875919744547e-58	0	2.5109675729649155e-94	2.5109675729649155e-94	2.5109675729649155e-94	0	0	0
1.8620871366628732e-9	0	0	0	0	0	0	1.168220987762645e-13	0	0	0	0	0	0	0	1.3092197265334183e-19	4.853508602760647e-58	0	2.343371286631284e-94	2.343371286631284e-94	2.343371286631284e-94	0	0	0
1.9952623149688828e-9	0	0	0	0	0	0	1.9854483161217873e-13	0	0	0	0	0	0	0	2.225082521807333e-19	8.248773634078375e-58	0	2.1869613316128274e-94	2.1869613316128274e-94	2.1869613316128274e-94	0	0	0
2.1379620895022324e-9	0	0	0	0	0	0	3.3743658582445027e-13	0	0	0	0	0	0	0	3.7816358312611085e-19	1.4019191482954792e-57	0	2.0409910684043886e-94	2.0409910684043886e-94	2.0409910684043886e-94	0	0	0
2.2908676527677795e-9	0	0	0	0	0	0	5.737143175242305e-13	0	0	0	0	0	0	0	6.42958917675243e-19	2.383562189687788e-57	0	1.9047636924766362e-94	1.9047636924766362e-94	1.9047636924766362e-94	0	0	0
2.4547089156850337e-9	0	0	0	0	0	0	9.754369619644953e-13	0	0	0	0	0	0	0	1.0931675821366204e-18	4.0525651704069944e-57	0	1.7776289080057812e-94	1.7776289080057812e-94	1.7776289080057812e-94	0	0	0
2.6302679918953816e-9	0	0	0	0	0	0	1.6586466045940612e-12	0	0	0	0	0	0	0	1.8588373919228084e-18	6.891038295549414e-57	0	1.6589798236174564e-94	1.6589798236174564e-94	1.6589798236174564e-94	0	0	0
2.818382931264461e-9	0	0	0	0	0	0	2.8203858026773816e-12	0	0	0	0	0	0	0	3.1607930074700526e-18	1.1717617556772958e-56	0	1.5482500553264208e-94	1.5482500553264208e-94	1.5482500553264208e-94	0	0	0
3.019951720402019e-9	0	0	0	0	0	0	4.795993359720886e-12	0	0	0	0	0	0	0	5.374847037199021e-18	1.992550662419472e-56	0	1.4449110228425634e-94	1.4449110228425634e-94	1.4449110228425634e-94	0	0	0
3.2359365692962944e-9	0	0	0	0	0	0	8.155463087586513e-12	0	0	0	0	0	0	0	9.139788845715036e-18	3.388281041834867e-56	0	1.348469426336798e-94	1.348469426336798e-94	1.348469426336798e-94	0	0	0
3.4673685045253237e-9	0	0	0	0	0	0	1.3868302846094159e-11	0	0	0	0	0	0	0	1.554214129847043e-17	5.761746097210438e-56	0	1.2584648916220702e-94	1.2584648916220702e-94	1.2584648916220702e-94	0	0	0
3.715352290971728e-9	0	0	0	0	0	0	2.358294333079897e-11	0	0	0	0	0	0	0	2.642929286652599e-17	9.797805341064746e-56	0	1.1744677725083177e-94	1.1744677725083177e-94	1.1744677725083177e-94	0	0	0
3.9810717055349855e-9	0	0	0	0	0	0	4.010274442980248e-11	0	0	0	0	0	0	0	4.4942955695547e-17	1.6661146916828244e-55	0	1.0960770998408469e-94	1.0960770998408469e-94	1.0960770998408469e-94	0	0	0
4.265795188015934e-9	0	0	0	0	0	0	6.819463068046031e-11	0	0	0	0	0	0	0	7.642539953122077e-17	2.833224450996954e-55	0	1.022918667431565e-94	1.022918667431565e-94	1.022918667431565e-94	0	0	0
4.570881896148752e-9	0	0	0	0	0	0	1.1596493517663655e-10	0	0	0	0	0	0	0	1.2996135346805253e-16	4.817896754074877e-55	0	9.546432457460363e-95	9.546432457460363e-95	9.546432457460363e-95	0	0	0
4.8977881936844766e-9	0	0	0	0	0	0	1.9719831394840533e-10	0	0	0	0	0	0	0	2.2099921621407506e-16	8.192831007355069e-55	0	8.909249148192849e-95	8.909249148192849e-95	8.909249148192849e-95	0	0	0
5.248074602497734e-9	0	0	0	0	0	0	3.3533573152825465e-10	0	0	0	0	0	0	0	3.7580916566917107e-16	1.393190907229349e-54	0	8.314595084422916e-95	8.314595084422916e-95	8.314595084422916e-95	0	0	0
5.623413251903491e-9	0	0	0	0	0	0	5.70238409183435e-10	0	0	0	0	0	0	0	6.39063483664832e-16	2.3691211282694524e-54	0	7.759631621923218e-95	7.759631621923218e-95	7.759631621923218e-95	0	0	0
6.025595860743593e-9	0	0	0	0	0	0	9.69690496146027e-10	0	0	0	0	0	0	0	1.0867275451177482e-15	4.0286908165154065e-54	0	7.241709583760156e-95	7.241709583760156e-95	7.241709583760156e-95	0	0	0
6.456542290346562e-9	0	0	0	0	0	0	1.6489588269971932e-9	0	0	0	0	0	0	0	1.8479803454658804e-15	6.850789308071354e-54	0	6.758356614166964e-95	6.758356614166964e-95	6.758356614166964e-95	0	0	0
6.918309709189363e-9	0	0	0	0	0	0	2.8040547947019888e-9	0	0	0	0	0	0	0	3.1424909242002794e-15	1.1649768503785314e-53	0	6.307265376491118e-95	6.307265376491118e-95	6.307265376491118e-95	0	0	0
7.413102413009192e-9	0	0	0	0	0	0	4.768295704514344e-9	0	0	0	0	0	0	0	5.343806406226816e-15	1.981043352652838e-53	0	5.886282538878274e-95	5.886282538878274e-95	5.886282538878274e-95	0	0	0
7.943282347242822e-9	0	0	0	0	0	0	8.108487804835506e-9	0	0	0	0	0	0	0	9.087143868881601e-15	3.3687646197420366e-53	0	5.4933984951143884e-95	5.4933984951143884e-95	5.4933984951143884e-95	0	0	0
8.511380382023759e-9	0	0	0	0	0	0	1.3788485143428152e-8	0	0	0	0	0	0	0	1.5452689977229487e-14	5.728584913615792e-53	0	5.12673777155723e-95	5.12673777155723e-95	5.12673777155723e-95	0	0	0
9.120108393559115e-9	0	0	0	0	0	0	2.3447321816731308e-8	0	0	0	0	0	0	0	2.62773024782179e-14	9.741459821497643e-53	0	4.7845500743641535e-95	4.7845500743641535e-95	4.7845500743641535e-95	0	0	0
9.772372209558111e-9	0	0	0	0	0	0	3.987217556233147e-8	0	0	0	0	0	0	0	4.468455825809292e-14	1.6565354426064787e-52	0	4.465201934278917e-95	4.465201934278917e-95	4.465201934278917e-95	0	0	0
1.0471285480509006e-8	0	0	0	0	0	0	6.7802642777247e-8	0	0	0	0	0	0	0	7.598610054513408e-14	2.816938862222675e-52	0	4.1671689090928394e-95	4.1671689090928394e-95	4.1671689090928394e-95	0	0	0
1.1220184543019653e-8	0	0	0	0	0	0	1.152984080437824e-7	0	0	0	0	0	0	0	1.2921437966793818e-13	4.790205116900373e-52	0	3.889028306558395e-95	3.889028306558395e-95	3.889028306558395e-95	0	0	0
1.202264434617413e-8	0	0	0	0	0	0	1.9606496672998508e-7	0	0	0	0	0	0	0	2.1972907935562997e-13	8.145744792228524e-52	0	3.629452393016867e-95	3.629452393016867e-95	3.629452393016867e-95	0	0	0
1.288249551693135e-8	0	0	0	0	0	0	3.3340851648388005e-7	0	0	0	0	0	0	0	3.7364934489913356e-13	1.3851840704277298e-51	0	3.3872020553209206e-95	3.3872020553209206e-95	3.3872020553209206e-95	0	0	0
1.3803842646028866e-8	0	0	0	0	0	0	5.669612512895321e-7	0	0	0	0	0	0	0	6.353907883386931e-13	2.3555057984669396e-51	0	3.1611208857966546e-95	3.1611208857966546e-95	3.1611208857966546e-95	0	0	0
1.4791083881682102e-8	0	0	0	0	0	0	9.641177251671599e-7	0	0	0	0	0	0	0	1.0804821670827683e-12	4.005538097834236e-51	0	2.95012966200892e-95	2.95012966200892e-95	2.95012966200892e-95	0	0	0
1.5848931924611173e-8	0	0	0	0	0	0	1.6394823912317121e-6	0	0	0	0	0	0	0	1.8373601487981557e-12	6.811418364565773e-51	0	2.753221194978597e-95	2.753221194978597e-95	2.753221194978597e-95	0	0	0
1.698243652461746e-8	0	0	0	0	0	0	2.787940145683632e-6	0	0	0	0	0	0	0	3.1244313133886426e-12	1.1582818338995845e-50	0	2.5694555212592102e-95	2.5694555212592102e-95	2.5694555212592102e-95	0	0	0
1.8197008586099862e-8	0	0	0	0	0	0	4.74089279490322e-6	0	0	0	0	0	0	0	5.3130960952470366e-12	1.9696584983374273e-50	0	2.3979554159217313e-95	2.3979554159217313e-95	2.3979554159217313e-95	0	0	0
1.9498445997580494e-8	0	0	0	0	0	0	8.061889179207411e-6	0	0	0	0	0	0	0	9.03492100990139e-12	3.349404684187698e-50	0	2.237902205028392e-95	2.237902205028392e-95	2.237902205028392e-95	0	0	0
2.0892961308540408e-8	0	0	0	0	0	0	0.000013709244218264464	0	0	0	0	0	0	0	1.536388504780266e-11	5.695663358875743e-50	0	2.0885318576058195e-95	2.0885318576058195e-95	2.0885318576058195e-95	0	0	0
2.2387211385683424e-8	0	0	0	0	0	0	0.000023312572631331	0	0	0	0	0	0	0	2.6126289704514653e-11	9.685476720919475e-50	0	1.9491313384621587e-95	1.9491313384621587e-95	1.9491313384621587e-95	0	0	0
2.3988329190194947e-8	0	0	0	0	0	0	0.000039643034585912964	0	0	0	0	0	0	0	4.4427761051377295e-11	1.6470155169079978e-49	0	1.819035204438004e-95	1.819035204438004e-95	1.819035204438004e-95	0	0	0
2.5703957827688646e-8	0	0	0	0	0	0	0.00006741298852052646	0	0	0	0	0	0	0	7.554941686561648e-11	2.800750227478854e-49	0	1.6976224278429035e-95	1.6976224278429035e-95	1.6976224278429035e-95	0	0	0
2.754228703338169e-8	0	0	0	0	0	0	0.00011463580093549035	0	0	0	0	0	0	0	1.2847179902077997e-10	4.762676341659763e-49	0	1.5843134319138184e-95	1.5843134319138184e-95	1.5843134319138184e-95	0	0	0
2.95120922666639e-8	0	0	0	0	0	0	0.00019493820322355135	0	0	0	0	0	0	0	2.1846632083201772e-10	8.09893210499682e-49	0	1.4785673241440112e-95	1.4785673241440112e-95	1.4785673241440112e-95	0	0	0
3.162277660168386e-8	0	0	0	0	0	0	0.000331492454939206	0	0	0	0	0	0	0	3.715020238033691e-10	1.377223572124821e-48	0	1.3798793142752961e-95	1.3798793142752961e-95	1.3798793142752961e-95	0	0	0
3.3884415613920346e-8	0	0	0	0	0	0	0.0005637029882521726	0	0	0	0	0	0	0	6.317392683887626e-10	2.3419689695214332e-48	0	1.2877783046282223e-95	1.2877783046282223e-95	1.2877783046282223e-95	0	0	0
3.6307805477010175e-8	0	0	0	0	0	0	0.0009585770482248039	0	0	0	0	0	0	0	1.0742727566824475e-9	3.982518717523029e-48	0	1.201824641267348e-95	1.201824641267348e-95	1.201824641267348e-95	0	0	0
3.890451449942813e-8	0	0	0	0	0	0	0.0016300604689581373	0	0	0	0	0	0	0	1.8268010451425598e-9	6.772273903638978e-48	0	1.1216080152665528e-95	1.1216080152665528e-95	1.1216080152665528e-95	0	0	0
4.1686938347033635e-8	0	0	0	0	0	0	0.0027719181649306086	0	0	0	0	0	0	0	3.106475555462929e-9	1.1516253175184748e-47	0	1.046745504055887e-95	1.046745504055887e-95	1.046745504055887e-95	0	0	0
4.4668359215096346e-8	0	0	0	0	0	0	0.00471364741332762	0	0	0	0	0	0	0	5.282562325190401e-9	1.9583390908582032e-47	0	9.768797435000722e-96	9.768797435000722e-96	9.768797435000722e-96	0	0	0
4.78630092322639e-8	0	0	0	0	0	0	0.008015558402218414	0	0	0	0	0	0	0	8.982998327622106e-9	3.3301560294345065e-47	0	9.116772219829032e-96	9.116772219829032e-96	9.116772219829032e-96	0	0	0
5.128613839913659e-8	0	0	0	0	0	0	0.013630458722413448	0	0	0	0	0	0	0	1.5275590515849036e-8	5.662931017487216e-47	0	8.508266883541971e-96	8.508266883541971e-96	8.508266883541971e-96	0	0	0
5.495408738576248e-8	0	0	0	0	0	0	0.023178597879343555	0	0	0	0	0	0	0	2.5976144834668364e-8	9.629815367619413e-47	0	7.940376661394168e-96	7.940376661394168e-96	7.940376661394168e-96	0	0	0
5.888436553555896e-8	0	0	0	0	0	0	0.03941521049243037	0	0	0	0	0	0	0	4.417243966912994e-8	1.6375503026273569e-46	0	7.410390669194156e-96	7.410390669194156e-96	7.410390669194156e-96	0	0	0
6.309573444801943e-8	0	0	0	0	0	0	0.036818044729799874	0	0	0	0	0	0	0	7.511524280226559e-8	2.7846546286357916e-46	0	6.9157789626113335e-96	6.9157789626113335e-96	6.9157789626113335e-96	0	0	0
6.760829753919818e-8	0	0	0	0	0	0	0.03439201264663687	0	0	0	0	0	0	0	1.2773348593617192e-7	4.73530577249515e-46	0	6.454180460218392e-96	6.454180460218392e-96	6.454180460218392e-96	0	0	0
7.244359600749906e-8	0	0	0	0	0	0	0.017844111869886096	0	0	0	0	0	0	0	2.1721081927880487e-7	8.052388446466462e-46	0	6.023391672618713e-96	6.023391672618713e-96	6.023391672618713e-96	0	0	0
7.762471166286928e-8	0	0	0	0	0	0	0.009258322032402271	0	0	0	0	0	0	0	3.6936704315221346e-7	1.3693088220281746e-45	0	5.621356183856192e-96	5.621356183856192e-96	5.621356183856192e-96	0	0	0
8.317637711026726e-8	0	0	0	0	0	0	0.005367686445080832	0	0	0	0	0	0	0	6.281087333495009e-7	2.3285099353435913e-45	0	5.246154834895549e-96	5.246154834895549e-96	5.246154834895549e-96	0	0	0
8.912509381337478e-8	0	0	0	0	0	0	0.0031120172393949647	0	0	0	0	0	0	0	1.0680990310965954e-6	3.95963162711734e-45	0	4.895996562313197e-96	4.895996562313197e-96	4.895996562313197e-96	0	0	0
9.549925860214369e-8	0	0	0	0	0	0	0.002947795995866752	0	0	0	0	0	0	0	1.8163026235055715e-6	6.733354401665531e-45	0	4.5692098484660814e-96	4.5692098484660814e-96	4.5692098484660814e-96	0	0	0
1.0232929922807557e-7	0	0	0	0	0	0	0.0027922407123096744	0	0	0	0	0	0	0	3.0886229872958703e-6	1.1450070554022059e-44	0	4.264234742324936e-96	4.264234742324936e-96	4.264234742324936e-96	0	0	0
1.0964781961431874e-7	0	0	0	0	0	0	0.004242531851710571	0	0	0	0	0	0	0	5.252204029326507e-6	1.9470847347593854e-44	0	3.979615412882692e-96	3.979615412882692e-96	3.979615412882692e-96	0	0	0
1.1748975549395303e-7	0	0	0	0	0	0	0.006446104891110961	0	0	0	0	0	0	0	8.931374039220242e-6	3.3110179945583496e-44	0	3.713993199590771e-96	3.713993199590771e-96	3.713993199590771e-96	0	0	0
1.2589254117941688e-7	0	0	0	0	0	0	0.010835285457391595	0	0	0	0	0	0	0	0.000015187803402734143	5.630386785218305e-44	0	3.4661001266488637e-96	3.4661001266488637e-96	3.4661001266488637e-96	0	0	0
1.3489628825916562e-7	0	0	0	0	0	0	0.01821307796357089	0	0	0	0	0	0	0	0.00002582686283064251	9.57447389390856e-44	0	3.2347528501880445e-96	3.2347528501880445e-96	3.2347528501880445e-96	0	0	0
1.445439770745928e-7	0	0	0	0	0	0	0.018012746510377584	0	0	0	0	0	0	0	0.00004391858559037715	1.6281394838770555e-43	0	3.0188470094533224e-96	3.0188470094533224e-96	3.0188470094533224e-96	0	0	0
1.5488166189124826e-7	0	0	0	0	0	0	0.017814618566729345	0	0	0	0	0	0	0	0.00007468356388879294	2.7686515294026513e-43	0	2.8173519550204465e-96	2.8173519550204465e-96	2.8173519550204465e-96	0	0	0
1.659586907437563e-7	0	0	0	0	0	0	0.01469061511482017	0	0	0	0	0	0	0	0.00012699941585444198	4.708092498936103e-43	0	2.6293058288816405e-96	2.6293058288816405e-96	2.6293058288816405e-96	0	0	0
1.7782794100389227e-7	0	0	0	0	0	0	0.012114442509301939	0	0	0	0	0	0	0	0.00021596253295285003	8.006112269145424e-43	0	2.4538109729143924e-96	2.4538109729143924e-96	2.4538109729143924e-96	0	0	0
1.9054607179632522e-7	0	0	0	0	0	0	0.017296611837268886	0	0	0	0	0	0	0	0.00036724433199650594	1.3614395571167302e-42	0	2.2900296438151998e-96	2.2900296438151998e-96	2.2900296438151998e-96	0	0	0
2.0417379446695318e-7	0	0	0	0	0	0	0.024695546726102233	0	0	0	0	0	0	0	0.0006244990625897387	2.3151282487324533e-42	0	2.137180014043139e-96	2.137180014043139e-96	2.137180014043139e-96	0	0	0
2.1877616239495564e-7	0	0	0	0	0	0	0.018780243344928185	0	0	0	0	0	0	0	0.0010619607852223318	3.9368760662647883e-42	0	1.9945324396831327e-96	1.9945324396831327e-96	1.9945324396831327e-96	0	0	0
2.3442288153199275e-7	0	0	0	0	0	0	0.014281827570228962	0	0	0	0	0	0	0	0.0018058645351256676	6.694658565724835e-42	0	1.8614059774133976e-96	1.8614059774133976e-96	1.8614059774133976e-96	0	0	0
2.5118864315095823e-7	0	0	0	0	0	0	0.019385070871549392	0	0	0	0	0	0	0	0.0030708730158447717	1.1384268276993453e-41	0	1.7371651339502828e-96	1.7371651339502828e-96	1.7371651339502828e-96	0	0	0
2.6915348039269196e-7	0	0	0	0	0	0	0.026311826749562603	0	0	0	0	0	0	0	0.005222020199199106	1.9358950561883515e-41	0	1.6212168324536813e-96	1.6212168324536813e-96	1.6212168324536813e-96	0	0	0
2.8840315031266115e-7	0	0	0	0	0	0	0.018820563632095763	0	0	0	0	0	0	0	0.008880046429840043	3.2919899438318906e-41	0	1.5130075814118722e-96	1.5130075814118722e-96	1.5130075814118722e-96	0	0	0
3.090295432513592e-7	0	0	0	0	0	0	0.013462144563401071	0	0	0	0	0	0	0	0.015100520792356298	5.598029581018367e-41	0	1.4120208324910854e-96	1.4120208324910854e-96	1.4120208324910854e-96	0	0	0
3.3113112148259143e-7	0	0	0	0	0	0	0.009937612995084995	0	0	0	0	0	0	0	0.010843814239629804	9.519450461467892e-41	0	1.3177745147372524e-96	1.3177745147372524e-96	1.3177745147372524e-96	0	0	0
3.5481338923357606e-7	0	0	0	0	0	0	0.007335841000294074	0	0	0	0	0	0	0	0.007787036545330394	1.6187827480513797e-40	0	1.2298187333592076e-96	1.2298187333592076e-96	1.2298187333592076e-96	0	0	0
3.8018939632056126e-7	0	0	0	0	0	0	0.009737481822553936	0	0	0	0	0	0	0	0.010102179565707707	2.7527403981939486e-40	0	1.1477336221081903e-96	1.1477336221081903e-96	1.1477336221081903e-96	0	0	0
4.0738027780411303e-7	0	0	0	0	0	0	0.012925382684925546	0	0	0	0	0	0	0	0.013105631569046513	4.6810356170218175e-40	0	1.0711273390017765e-96	1.0711273390017765e-96	1.0711273390017765e-96	0	0	0
4.365158322401665e-7	0	0	0	0	0	0	0.017501854556205274	0	0	0	0	0	0	0	0.01037377050249608	7.960102035848776e-40	0	9.996341958246438e-97	9.996341958246438e-97	9.996341958246438e-97	0	0	0
4.677351412871981e-7	0	0	0	0	0	0	0.023698711316594255	0	0	0	0	0	0	0	0.008211364242272081	1.3536155159920577e-39	0	9.329129124770918e-97	9.329129124770918e-97	9.329129124770918e-97	0	0	0
5.011872336272736e-7	0	0	0	0	0	0	0.022387326600498216	0	0	0	0	0	0	0	0.011446868990293508	2.301823465180185e-39	0	8.706449878382906e-97	8.706449878382906e-97	8.706449878382906e-97	0	0	0
5.370317963702533e-7	0	0	0	0	0	0	0.021148508272111715	0	0	0	0	0	0	0	0.01595725214653052	3.9142512790795785e-39	0	8.125331793674298e-97	8.125331793674298e-97	8.125331793674298e-97	0	0	0
5.754399373371578e-7	0	0	0	0	0	0	0.025717289980584663	0	0	0	0	0	0	0	0.01934600131617154	6.656185110432326e-39	0	7.583000841849064e-97	7.583000841849064e-97	7.583000841849064e-97	0	0	0
6.165950018614835e-7	0	0	0	0	0	0	0.03127308060860416	0	0	0	0	0	0	0	0.02345439950992363	1.1318844158303826e-38	0	7.076868148602839e-97	7.076868148602839e-97	7.076868148602839e-97	0	0	0
6.606934480075964e-7	0	0	0	0	0	0	0.025586345063383895	0	0	0	0	0	0	0	0.020730096679830924	1.924769683450757e-38	0	6.604517635856849e-97	6.604517635856849e-97	6.604517635856849e-97	0	0	0
7.079457843841387e-7	0	0	0	0	0	0	0.020933692522841014	0	0	0	0	0	0	0	0.018322230256771634	3.2730712451882446e-38	0	6.163694488352976e-97	6.163694488352976e-97	6.163694488352976e-97	0	0	0
7.585775750291852e-7	0	0	0	0	0	0	0.015114689490885522	0	0	0	0	0	0	0	0.014276128655389114	5.565858330058419e-38	0	5.752294390054121e-97	5.752294390054121e-97	5.752294390054121e-97	0	0	0
8.128305161640995e-7	0	0	0	0	0	0	0.010913212666930235	0	0	0	0	0	0	0	0.011123528442172124	9.464743242550033e-38	0	5.36835347896842e-97	5.36835347896842e-97	5.36835347896842e-97	0	0	0
8.709635899560814e-7	0	0	0	0	0	0	0.014224605028016663	0	0	0	0	0	0	0	0.013101727055696975	1.6094797843418349e-37	0	5.010038972445765e-97	5.010038972445765e-97	5.010038972445765e-97	0	0	0
9.332543007969924e-7	0	0	0	0	0	0	0.018540772032805176	0	0	0	0	0	0	0	0.015431726788344612	2.7369207064798026e-37	0	4.6756404181955455e-97	4.6756404181955455e-97	4.6756404181955455e-97	0	0	0
1.e-6	0	0	0	0	0	0	0.019903784774382205	0	0	0	0	0	0	0	0.013299356740067545	4.6541342279867336e-37	0	4.363561529261241e-97	4.363561529261241e-97	4.363561529261241e-97	0	0	0
1.0715193052376091e-6	0	0	0	0	0	0	0.021366998507072864	0	0	0	0	0	0	0	0.01146163952521308	7.914356218225143e-37	0	4.072312563975338e-97	4.072312563975338e-97	4.072312563975338e-97	0	0	0
1.148153621496884e-6	0	0	0	0	0	0	0.023325783016824968	0	0	0	0	0	0	0	0.011406194046416358	1.345836438758161e-36	0	3.800503214519611e-97	3.800503214519611e-97	3.800503214519611e-97	0	0	0
1.2302687708123837e-6	0	0	0	0	0	0	0.025464135880755138	0	0	0	0	0	0	0	0.011351016784144156	2.2885951427333896e-36	0	3.5468359701432146e-97	3.5468359701432146e-97	3.5468359701432146e-97	0	0	0
1.3182567385564101e-6	0	0	0	0	0	0	0.02221433561361525	0	0	0	0	0	0	0	0.010913066009491138	3.891756514020297e-36	0	3.310099923357621e-97	3.310099923357621e-97	3.310099923357621e-97	0	0	0
1.4125375446227554e-6	0	0	0	0	0	0	0.019379283438684898	0	0	0	0	0	0	0	0.010492012477144031	6.617932757791996e-36	0	3.089164989541295e-97	3.089164989541295e-97	3.089164989541295e-97	0	0	0
1.5135612484362104e-6	0	0	0	0	0	0	0.020014140582072956	0	0	0	0	0	0	0	0.013209961428919652	1.1253796024719469e-35	0	2.882976512360903e-97	2.882976512360903e-97	2.882976512360903e-97	0	0	0
1.6218100973589331e-6	0	0	0	0	0	0	0.02066979537743756	0	0	0	0	0	0	0	0.01663199327428225	1.913708246988058e-35	0	2.6905502292575214e-97	2.6905502292575214e-97	2.6905502292575214e-97	0	0	0
1.7378008287493763e-6	0	0	0	0	0	0	0.023317416885100434	0	0	0	0	0	0	0	0.02084615885367492	3.2542612701933576e-35	0	2.5109675729649163e-97	2.5109675729649163e-97	2.5109675729649163e-97	0	0	0
1.8620871366628694e-6	0	0	0	0	0	0	0.0263041757436584	0	0	0	0	0	0	0	0.026128097323404632	5.533871963685522e-35	0	2.3433712866312886e-97	2.3433712866312886e-97	2.3433712866312886e-97	0	0	0
1.995262314968883e-6	0	0	0	0	0	0	0.029328417033956646	0	0	0	0	0	0	0	0.02768078705101144	9.410350419910844e-35	0	2.1869613316128275e-97	2.1869613316128275e-97	2.1869613316128275e-97	0	0	0
2.1379620895022326e-6	0	0	0	0	0	0	0.03270036111757093	0	0	0	0	0	0	0	0.029325747002522395	1.6002302837259628e-34	0	2.0409910684043884e-97	2.0409910684043884e-97	2.0409910684043884e-97	0	0	0
2.2908676527677747e-6	0	0	0	0	0	0	0.030937541247007636	0	0	0	0	0	0	0	0.029688553094844087	2.7211919287677013e-34	0	1.9047636924766407e-97	1.9047636924766407e-97	1.9047636924766407e-97	0	0	0
2.4547089156850335e-6	0	0	0	0	0	0	0.029269751944604717	0	0	0	0	0	0	0	0.030055847675067353	4.627387438231006e-34	0	1.777628908005781e-97	1.777628908005781e-97	1.777628908005781e-97	0	0	0
2.6302679918953817e-6	0	0	0	0	0	0	0.027474222891737263	0	0	0	0	0	0	0	0.03140772117387191	7.86887329670811e-34	0	1.6589798236174563e-97	1.6589798236174563e-97	1.6589798236174563e-97	0	0	0
2.8183829312644606e-6	0	0	0	0	0	0	0.025788839103708203	0	0	0	0	0	0	0	0.03282040020963979	1.3381020670125407e-33	0	1.5482500553264208e-97	1.5482500553264208e-97	1.5482500553264208e-97	0	0	0
3.0199517204020193e-6	0	0	0	0	0	0	0.027355821258499297	0	0	0	0	0	0	0	0.03273572060177371	2.2754428419787397e-33	0	1.4449110228425634e-97	1.4449110228425634e-97	1.4449110228425634e-97	0	0	0
3.2359365692962877e-6	0	0	0	0	0	0	0.029018016426313558	0	0	0	0	0	0	0	0.03265125947497247	3.869391023864063e-33	0	1.348469426336801e-97	1.348469426336801e-97	1.348469426336801e-97	0	0	0
3.4673685045253236e-6	0	0	0	0	0	0	0.030977663013668014	0	0	0	0	0	0	0	0.03531874600241447	6.579900237151359e-33	0	1.25846489162207e-97	1.25846489162207e-97	1.25846489162207e-97	0	0	0
3.7153522909717276e-6	0	0	0	0	0	0	0.03306964858280896	0	0	0	0	0	0	0	0.03820415626353429	1.1189121715495944e-32	0	1.174467772508318e-97	1.174467772508318e-97	1.174467772508318e-97	0	0	0
3.981071705534978e-6	0	0	0	0	0	0	0.03349833503771783	0	0	0	0	0	0	0	0.03618680630822691	1.902710379365693e-32	0	1.0960770998408492e-97	1.0960770998408492e-97	1.0960770998408492e-97	0	0	0
4.265795188015934e-6	0	0	0	0	0	0	0.0339325786147762	0	0	0	0	0	0	0	0.03427598143396323	3.235559394024658e-32	0	1.0229186674315648e-97	1.0229186674315648e-97	1.0229186674315648e-97	0	0	0
4.570881896148752e-6	0	0	0	0	0	0	0.036946522199323206	0	0	0	0	0	0	0	0.03713219099812153	5.502069419388586e-32	0	9.546432457460363e-98	9.546432457460363e-98	9.546432457460363e-98	0	0	0
4.897788193684467e-6	0	0	0	0	0	0	0.04022816886750456	0	0	0	0	0	0	0	0.04022640784122874	9.356270186750056e-32	0	8.909249148192867e-98	8.909249148192867e-98	8.909249148192867e-98	0	0	0
5.248074602497734e-6	1.2279115580111593e-11	1.2242064633880577e-11	0	0	0	0	0.040696262137319424	0	0	0	0	0	0	0	0.04302510524200334	1.5910339389573846e-31	0	8.314595084422917e-98	8.314595084422917e-98	8.314595084422917e-98	0	0	0
5.623413251903491e-6	2.088063858609443e-11	2.0817633444358022e-11	0	0	0	0	0.04116980212060457	0	0	0	0	0	0	0	0.04601851819312052	2.7055535425848417e-31	0	7.759631621923218e-98	7.759631621923218e-98	7.759631621923218e-98	0	0	0
6.0255958607435935e-6	3.55075302385201e-11	3.5400389981953544e-11	0	0	0	0	0.04403632474080575	0	0	0	0	0	0	0	0.04620719981967175	4.600794359289468e-31	0	7.241709583760157e-98	7.241709583760157e-98	7.241709583760157e-98	0	0	0
6.4565422903465625e-6	6.038056252163884e-11	6.019837049316668e-11	0	0	0	0	0.04710243423072426	0	0	0	0	0	0	0	0.04639665506427086	7.823651760462657e-31	0	6.758356614166964e-98	6.758356614166964e-98	6.758356614166964e-98	0	0	0
6.9183097091893625e-6	1.026771590684803e-10	1.0236734148634464e-10	0	0	0	0	0.04918175181984423	0	0	0	0	0	0	0	0.04881403871551029	1.3304121438377312e-30	0	6.307265376491118e-98	6.307265376491118e-98	6.307265376491118e-98	0	0	0
7.413102413009192e-6	1.746025302529526e-10	1.740756853903894e-10	0	0	0	0	0.05135286002885586	0	0	0	0	0	0	0	0.05135737419903619	2.2623661260280527e-30	0	5.886282538878274e-98	5.886282538878274e-98	5.886282538878274e-98	0	0	0
7.943282347242822e-6	2.9691163884266733e-10	2.9601573904480727e-10	0	0	0	0	0.05090436455335005	0	0	0	0	0	0	0	0.054618441315114806	3.847154065682687e-30	0	5.493398495114389e-98	5.493398495114389e-98	5.493398495114389e-98	0	0	0
8.511380382023777e-6	5.048983033208327e-10	5.033748255290959e-10	0	0	0	0	0.05045978605912721	0	0	0	0	0	0	0	0.058086578183131246	6.542086285160161e-30	0	5.126737771557219e-98	5.126737771557219e-98	5.126737771557219e-98	0	0	0
9.120108393559115e-6	8.585796693249106e-10	8.559889950246604e-10	0	0	0	0	0.05462516218937874	0	0	0	0	0	0	0	0.0583857838083181	1.1124819082306543e-29	0	4.784550074364154e-98	4.784550074364154e-98	4.784550074364154e-98	0	0	0
9.772372209558111e-6	1.4600149054365643e-9	1.4556094632526479e-9	0	0	0	0	0.0591343835806094	0	0	0	0	0	0	0	0.05868653065023578	1.891775715260505e-29	0	4.4652019342789165e-98	4.4652019342789165e-98	4.4652019342789165e-98	0	0	0
0.000010471285480509006	2.4827556489581673e-9	2.47526419361237e-9	0	0	0	0	0.0630123606218522	0	0	0	0	0	0	0	0.061251594033815464	3.216964995450195e-29	0	4.1671689090928404e-98	4.1671689090928404e-98	4.1671689090928404e-98	0	0	0
0.000011220184543019652	4.2219264950519944e-9	4.209187273685528e-9	0	0	0	0	0.06714465173591992	0	0	0	0	0	0	0	0.06392877088003902	5.470449640763239e-29	0	3.889028306558396e-98	3.889028306558396e-98	3.889028306558396e-98	0	0	0
0.000012022644346174132	7.179386878890825e-9	7.157723830319781e-9	0	0	0	0	0.06924663271488563	0	0	0	0	0	0	0	0.0657086629938687	9.302500746651352e-29	0	3.629452393016866e-98	3.629452393016866e-98	3.629452393016866e-98	0	0	0
0.000012882495516931348	1.2208548873884183e-8	1.2171710855304275e-8	0	0	0	0	0.07141441676113493	0	0	0	0	0	0	0	0.06753811050964403	1.5818904445553733e-28	0	3.3872020553209204e-98	3.3872020553209204e-98	3.3872020553209204e-98	0	0	0
0.000013803842646028866	2.0760639887545852e-8	2.0697996829324234e-8	0	0	0	0	0.07127938768424312	0	0	0	0	0	0	0	0.06891832826994716	2.6900050284612835e-28	0	3.161120885796655e-98	3.161120885796655e-98	3.161120885796655e-98	0	0	0
0.000014791083881682102	3.530347242679456e-8	3.519694789331987e-8	0	0	0	0	0.07114461391786728	0	0	0	0	0	0	0	0.0703267523429745	4.574354107803321e-28	0	2.95012966200892e-98	2.95012966200892e-98	2.95012966200892e-98	0	0	0
0.00001584893192461114	6.003356217055278e-8	5.985241717932555e-8	0	0	0	0	0.07416602201058523	0	0	0	0	0	0	0	0.07351641671167602	7.778690107336605e-28	0	2.7532211949786026e-98	2.7532211949786026e-98	2.7532211949786026e-98	0	0	0
0.00001698243652461746	1.0208708489962507e-7	1.0177904780454118e-7	0	0	0	0	0.07731574490269617	0	0	0	0	0	0	0	0.07685074805910248	1.3227664137929004e-27	0	2.5694555212592106e-98	2.5694555212592106e-98	2.5694555212592106e-98	0	0	0
0.000018197008586099864	1.7359910900664446e-7	1.7307529186268215e-7	0	0	0	0	0.08262272855616044	0	0	0	0	0	0	0	0.08097650428349945	2.2493645605037982e-27	0	2.397955415921731e-98	2.397955415921731e-98	2.397955415921731e-98	0	0	0
0.000019498445997580493	2.952053208055949e-7	2.9431456964384245e-7	0	0	0	0	0.08829398569018981	0	0	0	0	0	0	0	0.0853237530093111	3.825044900817099e-27	0	2.237902205028392e-98	2.237902205028392e-98	2.237902205028392e-98	0	0	0
0.00002089296130854041	5.019967091455168e-7	5.004819866105467e-7	0	0	0	0	0.09276925904353495	0	0	0	0	0	0	0	0.08875315378902379	6.504489645728767e-27	0	2.088531857605819e-98	2.088531857605819e-98	2.088531857605819e-98	0	0	0
0.000022387211385683423	8.536455078290898e-7	8.51069721844784e-7	0	0	0	0	0.09747136632481611	0	0	0	0	0	0	0	0.09232039179803271	1.1060885989170192e-26	0	1.9491313384621583e-98	1.9491313384621583e-98	1.9491313384621583e-98	0	0	0
0.000023988329190194948	1.4516243627914408e-6	1.4472442381918702e-6	0	0	0	0	0.1023883877683514	0	0	0	0	0	0	0	0.09587446210191418	1.8809038914491355e-26	0	1.819035204438004e-98	1.819035204438004e-98	1.819035204438004e-98	0	0	0
0.000025703957827688645	2.4684875294529807e-6	2.4610391266646003e-6	0	0	0	0	0.10755345231200729	0	0	0	0	0	0	0	0.09956535391921151	3.198477456808044e-26	0	1.697622427842904e-98	1.697622427842904e-98	1.697622427842904e-98	0	0	0
0.00002754228703338169	4.197663554879609e-6	4.184997544395935e-6	0	0	0	0	0.10995412853904298	0	0	0	0	0	0	0	0.10121139813468322	5.439011577474877e-26	0	1.5843134319138184e-98	1.5843134319138184e-98	1.5843134319138184e-98	0	0	0
0.0000295120922666639	7.138127744104706e-6	7.11658919065502e-6	0	0	0	0	0.11240838971591699	0	0	0	0	0	0	0	0.10288465524553135	9.249040313521159e-26	0	1.478567324144011e-98	1.478567324144011e-98	1.478567324144011e-98	0	0	0
0.000031622776601683856	0.000012138387706638837	0.000012101761392038571	0	0	0	0	0.11371213047183756	0	0	0	0	0	0	0	0.10570027343353672	1.5727994967948573e-25	0	1.3798793142752964e-98	1.3798793142752964e-98	1.3798793142752964e-98	0	0	0
0.000033884415613920276	0.000020641330808118746	0.000020579047752558388	0	0	0	0	0.11503099234071877	0	0	0	0	0	0	0	0.1085929459282477	2.6745458699123454e-25	0	1.2877783046282249e-98	1.2877783046282249e-98	1.2877783046282249e-98	0	0	0
0.000036307805477010174	0.00003510058731252974	0.00003499467496365511	0	0	0	0	0.11730750158940413	0	0	0	0	0	0	0	0.11401097883208576	4.548065805490568e-25	0	1.201824641267348e-98	1.201824641267348e-98	1.201824641267348e-98	0	0	0
0.00003890451449942813	0.000059688555991741655	0.00005950845202055359	0	0	0	0	0.11962906386470279	0	0	0	0	0	0	0	0.11969933390368587	7.733986843811225e-25	0	1.1216080152665528e-98	1.1216080152665528e-98	1.1216080152665528e-98	0	0	0
0.00004168693834703355	0.00005570460159595556	0.00005553651879022863	0	0	0	0	0.12224049681607745	0	0	0	0	0	0	0	0.1250437535975433	1.3151646229048991e-24	0	1.046745504055889e-98	1.046745504055889e-98	1.046745504055889e-98	0	0	0
0.00004466835921509635	0.000051986559021354984	0.00005182969501999693	0	0	0	0	0.12490893583135632	0	0	0	0	0	0	0	0.13062679468495833	2.2364377135249733e-24	0	9.768797435000723e-99	9.768797435000723e-99	9.768797435000723e-99	0	0	0
0.0000478630092322639	0.000026626518470475976	0.000026546175737505324	0	0	0	0	0.12933501038214965	0	0	0	0	0	0	0	0.13549704926522907	3.803062794853424e-24	0	9.116772219829035e-99	9.116772219829035e-99	9.116772219829035e-99	0	0	0
0.00005128613839913659	0.000013637592085434856	0.000013596442078516087	0	0	0	0	0.1339179202770173	0	0	0	0	0	0	0	0.14054888511857408	6.46710906998673e-24	0	8.50826688354197e-99	8.50826688354197e-99	8.50826688354197e-99	0	0	0
0.00005495408738576248	6.984913257765263e-6	6.9638370129939425e-6	0	0	0	0	0.14072580699771906	0	0	0	0	0	0	0	0.1446805508386477	1.0997320312381715e-23	0	7.94037666139417e-99	7.94037666139417e-99	7.94037666139417e-99	0	0	0
0.00005888436553555896	3.5775386822583137e-6	3.5667438336805856e-6	0	0	0	0	0.14787978124357148	0	0	0	0	0	0	0	0.14893367367030286	1.8700945467953168e-23	0	7.410390669194156e-99	7.410390669194156e-99	7.410390669194156e-99	0	0	0
0.00006309573444801943	1.8323471706510823e-6	1.826818254822132e-6	0	0	0	0	0.1530053416212958	0	0	0	0	0	0	0	0.15277471623195185	3.1800961639863863e-23	0	6.915778962611335e-99	6.915778962611335e-99	6.915778962611335e-99	0	0	0
0.00006760829753919819	9.384933195672821e-7	9.356615141905335e-7	0	0	0	0	0.15830855555628748	0	0	0	0	0	0	0	0.15671482039328438	5.407754185226226e-23	0	6.45418046021839e-99	6.45418046021839e-99	6.45418046021839e-99	0	0	0
0.00007244359600749906	4.806796536376031e-7	4.792292530867592e-7	0	0	0	0	0.16259474840888583	0	0	0	0	0	0	0	0.1614901350444487	9.195887111530887e-23	0	6.023391672618712e-99	6.023391672618712e-99	6.023391672618712e-99	0	0	0
0.00007762471166286927	2.461956037446188e-7	2.45452734275141e-7	0	0	0	0	0.16699698962731788	0	0	0	0	0	0	0	0.16641096005615535	1.5637607936960196e-22	0	5.6213561838561915e-99	5.6213561838561915e-99	5.6213561838561915e-99	0	0	0
0.00008317637711026725	1.2610064484843e-7	1.257201493492637e-7	0	0	0	0	0.17348294206630066	0	0	0	0	0	0	0	0.1716642563079646	2.6591755534215297e-22	0	5.246154834895551e-99	5.246154834895551e-99	5.246154834895551e-99	0	0	0
0.00008912509381337459	6.458836952947634e-8	6.439348088371251e-8	0	0	0	0	0.180220800717094	0	0	0	0	0	0	0	0.1770833897227827	4.521928579115717e-22	0	4.895996562313207e-99	4.895996562313207e-99	4.895996562313207e-99	0	0	0
0.00009549925860214369	3.30924274790173e-8	3.299257454228261e-8	0	0	0	0	0.1862726976246079	0	0	0	0	0	0	0	0.1837437682897395	7.689540484949855e-22	0	4.569209848466081e-99	4.569209848466081e-99	4.569209848466081e-99	0	0	0
0.00010232929922807557	1.695520051724231e-8	1.6904039974074373e-8	0	0	0	0	0.19252781999795843	0	0	0	0	0	0	0	0.19065465393544956	1.3076065186603589e-21	0	4.264234742324935e-99	4.264234742324935e-99	4.264234742324935e-99	0	0	0
0.00010964781961431851	8.717335272302784e-9	8.69103162540374e-9	0	0	0	0	0.19931617665171575	0	0	0	0	0	0	0	0.19789192989577395	2.223585155692438e-21	0	3.979615412882701e-99	3.979615412882701e-99	3.979615412882701e-99	0	0	0
0.00011748975549395303	4.481924833177605e-9	4.468401094035148e-9	0	0	0	0	0.20634388461615125	0	0	0	0	0	0	0	0.20540393381182678	3.7812070175982094e-21	0	3.713993199590772e-99	3.713993199590772e-99	3.713993199590772e-99	0	0	0
0.00012589254117941688	2.389827844040575e-9	2.382616788621051e-9	0	0	0	0	0.21164560939535096	0	0	0	0	0	0	0	0.21120608685176814	6.429943316239704e-21	0	3.466100126648863e-99	3.466100126648863e-99	3.466100126648863e-99	0	0	0
0.0001348962882591656	1.2742911442587874e-9	1.2704461040878926e-9	0	0	0	0	0.21708355476420607	0	0	0	0	0	0	0	0.21717213636279495	1.093411994044072e-20	0	3.2347528501880453e-99	3.2347528501880453e-99	3.2347528501880453e-99	0	0	0
0.0001445439770745928	8.883264723580795e-10	8.85646040192734e-10	0	0	0	0	0.22462120403379338	0	0	0	0	0	0	0	0.22462626048715206	1.859347322238302e-20	0	3.0188470094533224e-99	3.0188470094533224e-99	3.0188470094533224e-99	0	0	0
0.00015488166189124827	6.192650125895429e-10	6.173964452212736e-10	0	0	0	0	0.23242057813358616	0	0	0	0	0	0	0	0.2323362368004304	3.161820506402212e-20	0	2.817351955020446e-99	2.817351955020446e-99	2.817351955020446e-99	0	0	0
0.00016595869074375631	7.816166882936772e-10	7.792582417343714e-10	0	0	0	0	0.23987379633209044	0	0	0	0	0	0	0	0.23948095750842902	5.376676425720807e-20	0	2.6293058288816407e-99	2.6293058288816407e-99	2.6293058288816407e-99	0	0	0
0.00017782794100389227	9.865318320899481e-10	9.835550755289828e-10	0	0	0	0	0.24756602289190427	0	0	0	0	0	0	0	0.2468453901076852	9.143039375057918e-20	0	2.4538109729143926e-99	2.4538109729143926e-99	2.4538109729143926e-99	0	0	0
0.00019054607179632481	1.6143761977369296e-9	1.6095049865076893e-9	0	0	0	0	0.2543688144983751	0	0	0	0	0	0	0	0.2538505606202528	1.5547740350146466e-19	0	2.2900296438152045e-99	2.2900296438152045e-99	2.2900296438152045e-99	0	0	0
0.00020417379446695317	2.6417905870288878e-9	2.6338192604007594e-9	0	0	0	0	0.2613585379507458	0	0	0	0	0	0	0	0.2610545293112629	2.6438935684234125e-19	0	2.1371800140431395e-99	2.1371800140431395e-99	2.1371800140431395e-99	0	0	0
0.00021877616239495564	4.476063551595405e-9	4.462557498256728e-9	0	0	0	0	0.2692464266511146	0	0	0	0	0	0	0	0.268725204133535	4.495941560462694e-19	0	1.9945324396831323e-99	1.9945324396831323e-99	1.9945324396831323e-99	0	0	0
0.00023442288153199226	7.583926226512e-9	7.561042522795294e-9	0	0	0	0	0.2773723744890859	0	0	0	0	0	0	0	0.27662126961416683	7.645349554350316e-19	0	1.8614059774134017e-99	1.8614059774134017e-99	1.8614059774134017e-99	0	0	0
0.0002511886431509582	1.289219870951545e-8	1.2853297849101734e-8	0	0	0	0	0.2858165751785374	0	0	0	0	0	0	0	0.28474519037974766	1.3000918499970332e-18	0	1.7371651339502826e-99	1.7371651339502826e-99	1.7371651339502826e-99	0	0	0
0.00026915348039269194	2.1915928847592958e-8	2.184979982583751e-8	0	0	0	0	0.29451784734244674	0	0	0	0	0	0	0	0.29310769760217426	2.2108064600747228e-18	0	1.6212168324536812e-99	1.6212168324536812e-99	1.6212168324536812e-99	0	0	0
0.00028840315031266115	3.7266921720547857e-8	3.715447268430783e-8	0	0	0	0	0.30269302040747786	0	0	0	0	0	0	0	0.30228325071910656	3.759476843054806e-18	0	1.5130075814118725e-99	1.5130075814118725e-99	1.5130075814118725e-99	0	0	0
0.0003090295432513592	6.337050390077076e-8	6.317929003708967e-8	0	0	0	0	0.31109511844580345	0	0	0	0	0	0	0	0.31174603878650275	6.392991149929652e-18	0	1.4120208324910852e-99	1.4120208324910852e-99	1.4120208324910852e-99	0	0	0
0.0003311311214825914	1.0776126124471539e-7	1.0743610291632315e-7	0	0	0	0	0.31967458656322145	0	0	0	0	0	0	0	0.31935022789865164	1.0871282773980452e-17	0	1.3177745147372523e-99	1.3177745147372523e-99	1.3177745147372523e-99	0	0	0
0.000354813389233576	1.8324754752203358e-7	1.8269461722457863e-7	0	0	0	0	0.3284906616500622	0	0	0	0	0	0	0	0.32713990033651724	1.8486618607808276e-17	0	1.229818733359208e-99	1.229818733359208e-99	1.229818733359208e-99	0	0	0
0.00038018939632056124	3.116124154372938e-7	3.1067215758452267e-7	0	0	0	0	0.3373886742411037	0	0	0	0	0	0	0	0.3369838144432905	3.143649876981574e-17	0	1.1477336221081905e-99	1.1477336221081905e-99	1.1477336221081905e-99	0	0	0
0.00040738027780411304	5.298968459209059e-7	5.282979376430156e-7	0	0	0	0	0.34652771233854107	0	0	0	0	0	0	0	0.3471239401856424	5.3457772666291476e-17	0	1.0711273390017765e-99	1.0711273390017765e-99	1.0711273390017765e-99	0	0	0
0.00043651583224016654	9.010896759763219e-7	8.983707321797511e-7	0	0	0	0	0.3548786464382884	0	0	0	0	0	0	0	0.35634500400603153	9.090495348625855e-17	0	9.99634195824644e-100	9.99634195824644e-100	9.99634195824644e-100	0	0	0
0.00046773514128719906	1.5323031461717905e-6	1.5276795817865526e-6	0	0	0	0	0.36343082880146543	0	0	0	0	0	0	0	0.3658110178518617	1.545838922232081e-16	0	9.3291291247709e-100	9.3291291247709e-100	9.3291291247709e-100	0	0	0
0.0005011872336272725	2.6056818119909172e-6	2.597819439812617e-6	0	0	0	0	0.37216404324785807	0	0	0	0	0	0	0	0.37341815065379924	2.6286994072868076e-16	0	8.706449878382922e-100	8.706449878382922e-100	8.706449878382922e-100	0	0	0
0.0005370317963702533	4.430962451720412e-6	4.417592486230688e-6	0	0	0	0	0.38110711615567555	0	0	0	0	0	0	0	0.38118347570977584	4.470103886304252e-16	0	8.125331793674298e-100	8.125331793674298e-100	8.125331793674298e-100	0	0	0
0.0005754399373371578	4.249381425701488e-6	4.2365593619549954e-6	0	0	0	0	0.3896737895391426	0	0	0	0	0	0	0	0.38933127463381184	7.601412584094886e-16	0	7.583000841849065e-100	7.583000841849065e-100	7.583000841849065e-100	0	0	0
0.0006165950018614823	4.0752415976997834e-6	4.062944982660242e-6	0	0	0	0	0.39843302792532914	0	0	0	0	0	0	0	0.3976532328053936	1.292620367295468e-15	0	7.076868148602852e-100	7.076868148602852e-100	7.076868148602852e-100	0	0	0
0.0006606934480075965	2.7693467654443433e-6	2.7609905513968346e-6	0	0	0	0	0.4072636637750126	0	0	0	0	0	0	0	0.4049944251749414	2.198101202193918e-15	0	6.604517635856849e-100	6.604517635856849e-100	6.604517635856849e-100	0	0	0
0.0007079457843841388	1.881920696825917e-6	1.8762421980696948e-6	0	0	0	0	0.4162900166562774	0	0	0	0	0	0	0	0.4124711454390477	3.737871549398129e-15	0	6.163694488352978e-100	6.163694488352978e-100	6.163694488352978e-100	0	0	0
0.0007585775750291852	2.3135791869552133e-6	2.3065982038788822e-6	0	0	0	0	0.4244570375527028	0	0	0	0	0	0	0	0.42084778130390155	6.356251343593727e-15	0	5.752294390054121e-100	5.752294390054121e-100	5.752294390054121e-100	0	0	0
0.0008128305161640995	2.8442477216708454e-6	2.8356655018264517e-6	0	0	0	0	0.43278428383925044	0	0	0	0	0	0	0	0.42939453337976397	1.0808806725699861e-14	0	5.36835347896842e-100	5.36835347896842e-100	5.36835347896842e-100	0	0	0
0.0008709635899560814	4.631943511225764e-6	4.617967106422036e-6	0	0	0	0	0.4396724445706332	0	0	0	0	0	0	0	0.43756728329771905	1.8380378074772946e-14	0	5.010038972445765e-100	5.010038972445765e-100	5.010038972445765e-100	0	0	0
0.0009332543007969925	7.543260218762738e-6	7.520499220468658e-6	0	0	0	0	0.4466702367281863	0	0	0	0	0	0	0	0.44589558675916174	3.125583672139515e-14	0	4.675640418195546e-100	4.675640418195546e-100	4.675640418195546e-100	0	0	0
0.001	9.345342289662781e-6	9.31714369731094e-6	0	0	0	0	0.4529138953764064	0	0	0	0	0	0	0	0.4530556845576939	5.3150556815549496e-14	0	4.3635615292612403e-100	4.3635615292612403e-100	4.3635615292612403e-100	0	0	0
0.001071519305237607	0.000011577941099489854	0.000011543005873874898	4.0669463967456185e-100	4.054674811606774e-100	0	0	0.4592448293120986	0	0	0	0	0	0	0	0.4603307577047316	9.038253286846855e-14	0	4.072312563975345e-100	4.072312563975345e-100	4.072312563975345e-100	0	0	0
0.001148153621496884	0.000012398844697293495	0.000012361432480981231	3.7954952158736734e-100	3.78404270626525e-100	0	0	0.4652007700979973	0	0	0	0	0	0	0	0.4655443238939453	1.5369551585450082e-13	0	3.800503214519612e-100	3.800503214519612e-100	3.800503214519612e-100	0	0	0
0.0012302687708123836	0.000013277952315232896	0.000013237887483683721	3.5421622338685074e-100	3.531474130021528e-100	0	0	0.4712339534098449	0	0	0	0	0	0	0	0.4708169373485313	2.6135925652977737e-13	0	3.546835970143215e-100	3.546835970143215e-100	3.546835970143215e-100	0	0	0
0.0013182567385564075	9.900128024367617e-6	9.870255424120648e-6	3.305738138878466e-100	3.2957634199959073e-100	0	0	0.4758741701606047	0	0	0	0	0	0	0	0.47546307405705107	4.4444146983743036e-13	0	3.310099923357628e-100	3.310099923357628e-100	3.310099923357628e-100	0	0	0
0.0014125375446227555	7.381600157309266e-6	7.359326951332599e-6	3.0850943354169675e-100	3.0757853861205785e-100	0	0	0.48056007888949664	0	0	0	0	0	0	0	0.48015505997914454	7.557728114701575e-13	0	3.0891649895412947e-100	3.0891649895412947e-100	3.0891649895412947e-100	0	0	0
0.0015135612484362103	6.9615498129255495e-6	6.940544064904021e-6	2.8791775568923187e-100	2.870489939925563e-100	0	0	0.4843019037253755	0	0	0	0	0	0	0	0.4841429926559544	1.2851918223707658e-12	0	2.882976512360904e-100	2.882976512360904e-100	2.882976512360904e-100	0	0	0
0.0016218100973589332	6.56540245543584e-6	6.545592040607988e-6	2.687004837727928e-100	2.6788970818300257e-100	0	0	0.4880728638426007	0	0	0	0	0	0	0	0.4881640471476949	2.1854689600115485e-12	0	2.6905502292575213e-100	2.6905502292575213e-100	2.6905502292575213e-100	0	0	0
0.0017378008287493763	7.822900663290428e-6	7.799295879219855e-6	2.5076588210719137e-100	2.5000922230103845e-100	0	0	0.49039927069834316	0	0	0	0	0	0	0	0.49023170000822974	3.716390418951796e-12	0	2.510967572964916e-100	2.510967572964916e-100	2.510967572964916e-100	0	0	0
0.0018620871366628695	9.321252612174725e-6	9.293126707903673e-6	2.340283379696874e-100	2.33322181951355e-100	0	0	0.49273676640835123	0	0	0	0	0	0	0	0.49230811055662854	6.319722676822553e-12	0	2.3433712866312887e-100	2.3433712866312887e-100	2.3433712866312887e-100	0	0	0
0.001995262314968883	8.321857299966508e-6	8.296746966461492e-6	2.1840795291858242e-100	2.1774892977743997e-100	0	0	0.4938061926150146	0	0	0	0	0	0	0	0.4924652763126815	1.074668972029315e-11	0	2.1869613316128272e-100	2.1869613316128272e-100	2.1869613316128272e-100	0	0	0
0.0021379620895022326	7.429614001722525e-6	7.407195918995079e-6	2.0383016138953404e-100	2.0321512520873814e-100	0	0	0.49487793988332673	0	0	0	0	0	0	0	0.49262249224274995	1.8274748094218566e-11	0	2.0409910684043884e-100	2.0409910684043884e-100	2.0409910684043884e-100	0	0	0
0.0022908676527677745	7.091553974938943e-6	7.0701559529637126e-6	1.9022537474892734e-100	1.8965138958805382e-100	0	0	0.4938386746122083	0	0	0	0	0	0	0	0.49164307158464343	3.1076212917594e-11	0	1.9047636924766403e-100	1.9047636924766403e-100	1.9047636924766403e-100	0	0	0
0.0024547089156850338	6.768876252226945e-6	6.7484518765111685e-6	1.7752864910515567e-100	1.769929749851768e-100	0	0	0.49280159184351485	0	0	0	0	0	0	0	0.4906655981880624	5.284510649999933e-11	0	1.7776289080057806e-100	1.7776289080057806e-100	1.7776289080057806e-100	0	0	0
0.002630267991895387	7.057173296317488e-6	7.0358790144419675e-6	1.6567937529206636e-100	1.6517945511577042e-100	0	0	0.49058812720612727	0	0	0	0	0	0	0	0.48860468446826266	8.986311454363926e-11	0	1.658979823617453e-100	1.658979823617453e-100	1.658979823617453e-100	0	0	0
0.002818382931264455	7.3577493631784625e-6	7.335548124477027e-6	1.546209895446799e-100	1.5415443689009653e-100	0	0	0.48838460455306426	0	0	0	0	0	0	0	0.4865524270825861	1.5281224488559315e-10	0	1.548250055326424e-100	1.548250055326424e-100	1.548250055326424e-100	0	0	0
0.003019951720402019	6.174790739779102e-6	6.1561589549249985e-6	1.44300703486059e-100	1.438652912146208e-100	0	0	0.48413233214056856	0	0	0	0	0	0	0	0.48267424629119754	2.598572540642895e-10	0	1.4449110228425632e-100	1.4449110228425632e-100	1.4449110228425632e-100	0	0	0
0.0032359365692962876	5.182024936983078e-6	5.166388719044159e-6	1.3466925213639586e-100	1.342629017614564e-100	0	0	0.4799170834599873	0	0	0	0	0	0	0	0.4788269774538217	4.418873143339225e-10	0	1.348469426336801e-100	1.348469426336801e-100	1.348469426336801e-100	0	0	0
0.0034673685045253167	5.764526017938051e-6	5.7471321639471585e-6	1.2568065874140597e-100	1.2530143050636325e-100	0	0	0.4745798374148729	0	0	0	0	0	0	0	0.4738968403598123	7.514294695076514e-10	0	1.2584648916220726e-100	1.2584648916220726e-100	1.2584648916220726e-100	0	0	0
0.003715352290971728	6.412504882855869e-6	6.393155820452265e-6	1.1729201529741602e-100	1.1693809891607874e-100	0	0	0.4693019478634691	0	0	0	0	0	0	0	0.46901746534252403	1.2778059684643272e-9	0	1.1744677725083178e-100	1.1744677725083178e-100	1.1744677725083178e-100	0	0	0
0.003981071705534978	6.692549759396064e-6	6.6723556908847105e-6	1.0946327772545989e-100	1.0913298374045437e-100	0	0	0.46273410672979226	0	0	0	0	0	0	0	0.4622526293181179	2.1729093139145753e-9	0	1.096077099840849e-100	1.096077099840849e-100	1.096077099840849e-100	0	0	0
0.004265795188015935	6.984824666838265e-6	6.963748689380796e-6	1.0215707471662085e-100	1.0184882643458707e-100	0	0	0.4562581819782091	0	0	0	0	0	0	0	0.45558536536686184	3.6950327381637223e-9	0	1.0229186674315647e-100	1.0229186674315647e-100	1.0229186674315647e-100	0	0	0
0.004570881896148752	7.954056284703564e-6	7.930055752271054e-6	9.53385293361261e-101	9.505085530120479e-101	0	0	0.44844157133033574	0	0	0	0	0	0	0	0.4477075769192661	6.283403936220666e-9	0	9.54643245746036e-101	9.54643245746036e-101	9.54643245746036e-101	0	0	0
0.004897788193684466	9.057780888989886e-6	9.030449983070728e-6	8.897509253459974e-101	8.87066195042818e-101	0	0	0.44075887477854636	0	0	0	0	0	0	0	0.43996600784029555	1.0684929694380641e-8	0	8.909249148192866e-101	8.909249148192866e-101	8.909249148192866e-101	0	0	0
0.005248074602497733	8.923257375880117e-6	8.896332380583654e-6	8.303638777172541e-101	8.278583416153319e-101	0	0	0.4315030912748807	0	0	0	0	0	0	0	0.43071051828816254	1.816972515736859e-8	0	8.314595084422916e-101	8.314595084422916e-101	8.314595084422916e-101	0	0	0
0.005623413251903491	8.790731766650046e-6	8.764206653510403e-6	7.749406601060954e-101	7.726023577631743e-101	0	0	0.4224416760146454	0	0	0	0	0	0	0	0.42164973488451235	3.0897621391737907e-8	0	7.75963162192322e-101	7.75963162192322e-101	7.75963162192322e-101	0	0	0
0.0060255958607435805	9.622178720194424e-6	9.593144802884912e-6	7.232167039064724e-101	7.210344731883776e-101	0	0	0.4123635504116765	0	0	0	0	0	0	0	0.41143176369770895	5.254141157330781e-8	0	7.241709583760172e-101	7.241709583760172e-101	7.241709583760172e-101	0	0	0
0.006456542290346563	0.000010532265775030558	0.000010500485765275362	6.749450993289388e-101	6.729085231259456e-101	0	0	0.4025258570895076	0	0	0	0	0	0	0	0.4014614078336161	8.934668125792744e-8	0	6.758356614166963e-101	6.758356614166963e-101	6.758356614166963e-101	0	0	0
0.006918309709189377	0.000011083487736123713	0.000011050044471787309	6.298954167505842e-101	6.279947732502401e-101	0	0	0.39145930896503633	0	0	0	0	0	0	0	0.3905176051653586	1.519340499763259e-7	0	6.307265376491106e-101	6.307265376491106e-101	6.307265376491106e-101	0	0	0
0.007413102413009177	0.000011663558727129452	0.00001162836515928318	5.878526067347965e-101	5.860788230138185e-101	0	0	0.38069701082906704	0	0	0	0	0	0	0	0.37987212959530986	2.583638834392632e-7	0	5.886282538878286e-101	5.886282538878286e-101	5.886282538878286e-101	0	0	0
0.00794328234724282	0.000010706723211867202	0.000010674416795053642	5.4861597346997083e-101	5.4696058218368435e-101	0	0	0.369084673053518	0	0	0	0	0	0	0	0.36815776590034976	4.393478372768965e-7	0	5.493398495114389e-101	5.493398495114389e-101	5.493398495114389e-101	0	0	0
0.008511380382023776	9.82838296761837e-6	9.798726850571891e-6	5.1199821672677787e-101	5.1045331568934915e-101	0	0	0.3578265444910113	0	0	0	0	0	0	0	0.35680464565045084	7.471110882464462e-7	0	5.1267377715572186e-101	5.1267377715572186e-101	5.1267377715572186e-101	0	0	0
0.009120108393559097	8.77527189872071e-6	8.74879343411464e-6	4.7782453776065605e-101	4.7638275222317e-101	0	0	0.34591893889843006	0	0	0	0	0	0	0	0.34482931272250855	1.096514940494567e-6	0	4.784550074364163e-101	4.784550074364163e-101	4.784550074364163e-101	0	0	0
0.009772372209558112	7.835001663059664e-6	7.811360365488696e-6	4.4593180489146626e-101	4.4458625233778045e-101	0	0	0.33440758974107226	0	0	0	0	0	0	0	0.3332559044905677	1.6093256192326838e-6	0	4.465201934278916e-101	4.465201934278916e-101	4.465201934278916e-101	0	0	0
0.010471285480509006	8.636163859756772e-6	8.610105139100367e-6	4.1616777477712535e-101	4.149120320694497e-101	0	0	0.32187252490171014	0	0	0	0	0	0	0	0.3208953246047881	1.4313889309534826e-6	0	4.167168909092839e-101	4.167168909092839e-101	4.167168909092839e-101	4.147480103676257e-11	4.147480103676257e-11	4.147480103676257e-11
0.011220184543019653	9.51924829374484e-6	9.490524958225282e-6	3.8839036566386554e-101	3.8721843838123284e-101	0	0	0.3098073293337023	0	0	0	0	0	0	0	0.30899320301803335	1.2731259896509053e-6	0	3.889028306558396e-101	3.889028306558396e-101	3.889028306558396e-101	3.870653644225815e-11	3.870653644225815e-11	3.870653644225815e-11
0.012022644346174132	9.565367261244037e-6	9.536504766566484e-6	3.6246697914391907e-101	3.613732729671807e-101	0	0	0.29710996875350265	0	0	0	0	0	0	0	0.2965948545120729	1.579088441175281e-6	0	3.629452393016867e-101	3.629452393016867e-101	3.629452393016867e-101	3.6123041603692933e-11	3.6123041603692933e-11	3.6123041603692933e-11
0.01288249551693135	9.61170966646621e-6	9.582707338430718e-6	3.3827386718295555e-101	3.372531611897063e-101	0	0	0.28493300569278784	0	0	0	0	0	0	0	0.28469398958883757	1.9585809458945417e-6	0	3.3872020553209205e-101	3.3872020553209205e-101	3.3872020553209205e-101	3.371198393451505e-11	3.371198393451505e-11	3.371198393451505e-11
0.013803842646028866	8.587661109111351e-6	8.561748740429114e-6	3.156955413957232e-101	3.1474296313767406e-101	0	0	0.2724072686731949	0.2721375401817458	0	0	0	0	0	0	0.27226312198854863	2.7934820626472305e-6	0	3.161120885796655e-101	3.161120885796655e-101	3.161120885796655e-101	3.1461853995285224e-11	3.1461853995285224e-11	3.1461853995285224e-11
0.014791083881682071	7.67271649727821e-6	7.649564878211548e-6	2.946242217499937e-101	2.937352239938236e-101	0	0	0.26043216666165475	0.26012435139773016	0	0	0	0	0	0	0.26037503532128614	3.98428364714214e-6	0	2.9501296620089266e-101	2.9501296620089266e-101	2.9501296620089266e-101	2.9361910552146975e-11	2.9361910552146975e-11	2.9361910552146975e-11
0.01584893192461114	7.329919731387149e-6	7.307802465687235e-6	2.7495932206714776e-101	2.7412966108780316e-101	0	0	0.24798735815078582	0.2479450837225	0	0	0	0	0	0	0.24811331917839452	4.544479012633821e-6	0	2.7532211949786023e-101	2.7532211949786023e-101	2.7532211949786023e-101	2.7402129302407698e-11	2.7402129302407698e-11	2.7402129302407698e-11
0.01698243652461746	7.00243822219131e-6	6.981309097673841e-6	2.5660696986339053e-101	2.5583268518621372e-101	0	0	0.2361372275587679	0.23633606085636932	0	0	0	0	0	0	0.23642903812863056	5.183438561429422e-6	0	2.56945552125921e-101	2.56945552125921e-101	2.56945552125921e-101	2.557315502246722e-11	2.557315502246722e-11	2.557315502246722e-11
0.018197008586099864	7.144713004269541e-6	7.123154580486466e-6	2.3947955823949295e-101	2.387569537344765e-101	5.847466402645207e-6	5.829822284723324e-6	0.22413521326504451	0.22450539377299514	0	0	0	0	0	0	0.22437704366981984	6.4585485773100975e-6	0	2.397955415921731e-101	2.397955415921731e-101	2.397955415921731e-101	2.3866256909665694e-11	2.3866256909665694e-11	2.3866256909665694e-11
0.019498445997580455	7.289878509974758e-6	7.267882064470054e-6	2.234953276799706e-101	2.2282095391788872e-101	5.814136864005462e-6	5.796593314478428e-6	0.21274321861369608	0.21326695405911564	0	0	0	0	0	0	0.2129394008641942	8.047331753069109e-6	0	2.2379022050283963e-101	2.2379022050283963e-101	2.2379022050283963e-101	2.2273286904871446e-11	2.2273286904871446e-11	2.2273286904871446e-11
0.02089296130854041	6.737026630802229e-6	6.71669835798598e-6	2.085779757653652e-101	2.0794861355155764e-101	5.332412177513888e-6	5.316322181814956e-6	0.20125728024664866	0.20177674341219143	0	0	0	0	0	0	0.20147869575688696	8.344788426472961e-6	0	2.088531857605819e-101	2.088531857605819e-101	2.088531857605819e-101	2.078664079685656e-11	2.078664079685656e-11	2.078664079685656e-11
0.022387211385683423	6.226102089634919e-6	6.207315478152452e-6	1.9465629293455757e-101	1.9406893794176255e-101	4.8906003240022465e-6	4.875843449334855e-6	0.190391464020421	0.19090559229698487	0	0	0	0	0	0	0.19063482229756784	8.653240107323692e-6	0	1.9491313384621586e-101	1.9491313384621586e-101	1.9491313384621586e-101	1.939922192278857e-11	1.939922192278857e-11	1.939922192278857e-11
0.02398832919019495	6.444144755907967e-6	6.424700223498587e-6	1.8166382255837468e-101	1.8111567098525414e-101	4.862440105967423e-6	4.847768201810944e-6	0.1794670895489717	0.1798891141205306	0	0	0	0	0	0	0.17966958841904554	0.000010235784051694134	0	1.819035204438004e-101	1.819035204438004e-101	1.819035204438004e-101	1.81044072915577e-11	1.81044072915577e-11	1.81044072915577e-11
0.025703957827688646	6.6698234364369665e-6	6.649697942226763e-6	1.6953854370182488e-101	1.6902697888872148e-101	4.834442035282061e-6	4.819854612373835e-6	0.1691695391749499	0.16950835745412804	0	0	0	0	0	0	0.16933507012837673	0.000012107750837081485	0	1.6976224278429035e-101	1.6976224278429035e-101	1.6976224278429035e-101	1.689601596822665e-11	1.689601596822665e-11	1.689601596822665e-11
0.02754228703338169	6.186047727441832e-6	6.16738197580552e-6	1.582225750605866e-101	1.5774515499862145e-101	4.7775708727388304e-6	4.763155052611907e-6	0.15885209224907823	0.15918740539918685	0	0	0	0	0	0	0.1589977072881733	0.000014141210645293987	0	1.5843134319138187e-101	1.5843134319138187e-101	1.5843134319138187e-101	1.576827956868215e-11	1.576827956868215e-11	1.576827956868215e-11
0.0295120922666639	5.737361243647952e-6	5.720049356520624e-6	1.4766189865846712e-101	1.4721634433235135e-101	4.721368728275744e-6	4.7071224922380815e-6	0.14916389401411942	0.14949487103951603	0	0	0	0	0	0	0.14929140728928803	0.000016516183823516714	0	1.4785673241440113e-101	1.4785673241440113e-101	1.4785673241440113e-101	1.4715814723641933e-11	1.4715814723641933e-11	1.4715814723641933e-11
0.03162277660168379	5.42644721624848e-6	5.410073479661107e-6	1.3780610198686407e-101	1.3739028649577784e-101	4.4296439059226055e-6	4.4162779190068445e-6	0.13960684658804595	0.1398524267719669	0	0	0	0	0	0	0.13960333384752055	0.000018329269123050864	0	1.3798793142752991e-101	1.3798793142752991e-101	1.3798793142752991e-101	1.3733597380570537e-11	1.3733597380570537e-11	1.3733597380570537e-11
0.03388441561392028	5.132381967987802e-6	5.116895542512598e-6	1.2860813735530957e-101	1.2822007575991535e-101	4.155944231969178e-6	4.14340410517639e-6	0.13066212666996538	0.13083192177769343	0	0	0	0	0	0	0.1305439554439823	0.00002034138819082801	0	1.287778304628225e-101	1.287778304628225e-101	1.287778304628225e-101	1.2816938820831737e-11	1.2816938820831737e-11	1.2816938820831737e-11
0.03630780547701017	4.491542970576211e-6	4.477990209710719e-6	1.2002409730433276e-101	1.1966193715145696e-101	3.846582646237566e-6	3.834975985654475e-6	0.12172076237983066	0.12191129501647499	0	0	0	0	0	0	0.12166961088800272	0.000023469051222878876	0	1.201824641267348e-101	1.201824641267348e-101	1.201824641267348e-101	1.1961463277593126e-11	1.1961463277593126e-11	1.1961463277593126e-11
0.038904514499428125	3.930720352141289e-6	3.918859814835807e-6	1.1201300500854502e-101	1.1167501748829639e-101	3.5602494231076973e-6	3.549506743060111e-6	0.11339126625231075	0.11359891111167643	0	0	0	0	0	0	0.11339854199523097	0.00002707761929200433	0	1.1216080152665529e-101	1.1216080152665529e-101	1.1216080152665529e-101	1.1163087047639052e-11	1.1163087047639052e-11	1.1163087047639052e-11
0.04168693834703355	3.805166953090567e-6	3.7936852600273343e-6	1.045366186694197e-101	1.0422119036253195e-101	3.1772474455577753e-6	3.1676604338955786e-6	0.10527194846932379	0.10552487497306967	0	0	0	0	0	0	0.10531951359556278	0.000030107621004947093	0	1.0467455040558891e-101	1.0467455040558891e-101	1.0467455040558891e-101	1.0417998997380346e-11	1.0417998997380346e-11	1.0417998997380346e-11
0.04466835921509635	3.6836239273559222e-6	3.672508977653135e-6	9.75592489640109e-102	9.726487414001479e-102	2.8354477820522055e-6	2.8268921151046813e-6	0.09773400986517426	0.09802470049325486	0	0	0	0	0	0	0.09781607196036432	0.00003347668171275312	0	9.768797435000722e-102	9.768797435000722e-102	9.768797435000722e-102	9.722642370003943e-12	9.722642370003943e-12	9.722642370003943e-12
0.0478630092322639	3.5403417648981934e-6	3.529659154125881e-6	9.10475886781875e-102	9.07728621076468e-102	2.6221033128270442e-6	2.6141913904885112e-6	0.09044205789452005	0.09067589079100381	0	0	0	0	0	0	0.09052853299394159	0.000037640025670437834	0	9.116772219829033e-102	9.116772219829033e-102	9.116772219829033e-102	9.073697806917223e-12	9.073697806917223e-12	9.073697806917223e-12
0.05128613839913648	3.402632858148276e-6	3.3923657695905913e-6	8.497055371111405e-102	8.47141639576137e-102	2.424811286125102e-6	2.417494671830164e-6	0.08369415976567281	0.08387801369827026	0.0659356834860782	0	0	0	0	0	0.08378393368071481	0.000042321145943550475	0	8.508266883541988e-102	8.508266883541988e-102	8.508266883541988e-102	8.468067502437737e-12	8.468067502437737e-12	8.468067502437737e-12
0.05495408738576248	3.219980792578636e-6	3.210264837513934e-6	7.929913469199887e-102	7.905985785186441e-102	2.3305500558182677e-6	2.323517864921175e-6	0.07706791458740059	0.07734416504381726	0.05976838361185372	0	0	0	0	0	0.07724740620595578	0.000046511958371139564	0	7.940376661394168e-102	7.940376661394168e-102	7.940376661394168e-102	7.90286041608925e-12	7.90286041608925e-12	7.90286041608925e-12
0.05888436553555896	3.0471334219166303e-6	3.037939015704106e-6	7.400625850078778e-102	7.378295236065117e-102	2.239953102228471e-6	2.233194278157703e-6	0.07096628337604681	0.07131928383335819	0.05417794266632513	0	0	0	0	0	0.07122083558749694	0.000051117762132532673	0	7.410390669194157e-102	7.410390669194157e-102	7.410390669194157e-102	7.375378471913586e-12	7.375378471913586e-12	7.375378471913586e-12
0.06309573444801943	2.733044762149732e-6	2.7247980855980932e-6	6.906665903175403e-102	6.885825761607716e-102	2.122280930348134e-6	2.1158771697414054e-6	0.06509542809810977	0.0654846585175548	0.049162892900485936	0	0	0	0	0	0.06538113317051626	0.00005488619358464493	0	6.915778962611334e-102	6.915778962611334e-102	6.915778962611334e-102	6.883103678918888e-12	6.883103678918888e-12	6.883103678918888e-12
0.06760829753919818	2.4513313457786853e-6	2.4439347099791155e-6	6.44567565830639e-102	6.426226506559128e-102	2.010790468263984e-6	2.004723118458909e-6	0.05971025334414571	0.060127363465686354	0.04461206755728221	0	0	0	0	0	0.06002025305374586	0.00005893243601706658	0	6.454180460218391e-102	6.454180460218391e-102	6.454180460218391e-102	6.4236861111826545e-12	6.4236861111826545e-12	6.4236861111826545e-12
0.07244359600749906	2.0475119625476787e-6	2.041333809476574e-6	6.015454529656911e-102	5.997303525141925e-102	1.8087380829240763e-6	1.8032804050466117e-6	0.05452562780562788	0.05498196976307126	0.040689857748156054	0	0	0	0	0	0.054873329703730274	0.00006316687297427914	0	6.023391672618713e-102	6.023391672618713e-102	6.023391672618713e-102	5.994932690231107e-12	5.994932690231107e-12	5.994932690231107e-12
0.07762471166286927	1.710215652402604e-6	1.7050552556486883e-6	5.61394881105105e-102	5.597009308023655e-102	1.62698874112147e-6	1.6220794728624957e-6	0.04979118193423898	0.05027689266223133	0.037112481313252094	0	0	0	0	0	0.050167771036852805	0.00006770556438890828	0	5.6213561838561934e-102	5.6213561838561934e-102	5.6213561838561934e-102	5.594796716146654e-12	5.594796716146654e-12	5.594796716146654e-12
0.08317637711026708	1.5037799166520276e-6	1.4992424181268575e-6	5.239241872367555e-102	5.223433008313874e-102	1.6721405789922702e-6	1.6670950697877469e-6	0.045263978240500304	0.045745881561697274	0.034083264554163585	0	0	0	0	0	0.04565133856105165	0.00007091375288665825	0	5.24615483489556e-102	5.24615483489556e-102	5.24615483489556e-102	5.221368097428754e-12	5.221368097428754e-12	5.221368097428754e-12
0.08912509381337459	1.3222625079761736e-6	1.3182727192355526e-6	4.889545010302697e-102	4.8747913199338845e-102	1.7185454608526135e-6	1.7133599297734294e-6	0.04114840513049963	0.04162321036655637	0.03130130030551995	0	0	0	0	0	0.04154150502091941	0.00007427395951659569	0	4.8959965623132065e-102	4.8959965623132065e-102	4.8959965623132065e-102	4.872864232969584e-12	4.872864232969584e-12	4.872864232969584e-12
0.09549925860214369	1.2008930961449898e-6	1.1972695269030402e-6	4.563188909805457e-102	4.5494199648161355e-102	1.553846127225462e-6	1.5491575591494069e-6	0.037188552144389306	0.0376855266807668	0.028877456368935732	0	0	0	0	0	0.03761097678062899	0.00007606390711621632	0	4.569209848466081e-102	4.569209848466081e-102	4.569209848466081e-102	4.547621502618692e-12	4.547621502618692e-12	4.547621502618692e-12
0.10232929922807536	1.0906640849826562e-6	1.087373120246221e-6	4.258615675425083e-102	4.245765748296362e-102	1.4049309966439374e-6	1.4006917643901677e-6	0.033609769472471775	0.0341203599794383	0.026641304936227538	0	0	0	0	0	0.034052342920187	0.00007789699113175215	0	4.264234742324945e-102	4.264234742324945e-102	4.264234742324945e-102	4.244087325715777e-12	4.244087325715777e-12	4.244087325715777e-12
0.10964781961431873	1.0164894355306164e-6	1.0134222850363891e-6	3.9743713945319305e-102	3.962379144774123e-102	1.2495002862039607e-6	1.2457300498528352e-6	0.030173755298680095	0.030714872553177622	0.024418367555337186	0	0	0	0	0	0.030652069165363015	0.00007871427102236439	0	3.979615412882692e-102	3.979615412882692e-102	3.979615412882692e-102	3.960812749682237e-12	3.960812749682237e-12	3.960812749682237e-12
0.11748975549395303	9.473593077577008e-7	9.445007501894336e-7	3.7090991969114645e-102	3.697907378248759e-102	1.111265228650564e-6	1.1079121021190556e-6	0.027089013793157476	0.027649280269213636	0.022380910976201523	0	0	0	0	0	0.02759132745492287	0.000079540125652641	0	3.713993199590772e-102	3.713993199590772e-102	3.713993199590772e-102	3.69644553329251e-12	3.69644553329251e-12	3.69644553329251e-12
0.12589254117941662	7.990036742899271e-7	7.965927643199592e-7	3.4615327776002943e-102	3.451087964699585e-102	1.083995580354642e-6	1.080724737133048e-6	0.02418110061392649	0.024747855206735888	0.020058289682701236	0	0	0	0	0	0.02469355368580206	0.0000782601423181093	0	3.46610012664887e-102	3.46610012664887e-102	3.46610012664887e-102	3.4497236916070665e-12	3.4497236916070665e-12	3.4497236916070665e-12
0.1348962882591656	6.738804023996374e-7	6.718470388082168e-7	3.2304903520452213e-102	3.220742685484614e-102	1.057395109586282e-6	1.0542045305014458e-6	0.02158534199013662	0.022150896203092352	0.01797670279922806	0	0	0	0	0	0.022100118039981752	0.00007700075685569852	0	3.2347528501880453e-102	3.2347528501880453e-102	3.2347528501880453e-102	3.2194694717535596e-12	3.2194694717535596e-12	3.2194694717535596e-12
0.1445439770745928	6.554807781448337e-7	6.535029334940489e-7	3.014869014729393e-102	3.0057719629889714e-102	8.804392632233493e-7	8.77782629886157e-7	0.019146782455276595	0.01970353883149913	0.015485492093262753	0	0	0	0	0	0.01964912259412634	0.00007498093344083666	0	3.018847009453323e-102	3.018847009453323e-102	3.018847009453323e-102	3.0045837307986312e-12	3.0045837307986312e-12	3.0045837307986312e-12
0.15488166189124797	6.37583537059971e-7	6.356596954611807e-7	2.8136394743357964e-102	2.805149611674475e-102	7.330971074081942e-7	7.308850636065457e-7	0.016983714159229175	0.017526579463190996	0.013339513260507392	0	0	0	0	0	0.01746995278579629	0.00007301409244840554	0	2.8173519550204513e-102	2.8173519550204513e-102	2.8173519550204513e-102	2.8040406888724944e-12	2.8040406888724944e-12	2.8040406888724944e-12
0.1659586907437563	5.758020539804695e-7	5.740646315413247e-7	2.6258411403160607e-102	2.617917939474207e-102	6.537946923629542e-7	6.518219352995617e-7	0.014958590360277952	0.015489015034737314	0.011072567717113064	0	0	0	0	0	0.015448703714189582	0.00006947765522498682	0	2.6293058288816408e-102	2.6293058288816408e-102	2.6293058288816408e-102	2.616883032500007e-12	2.616883032500007e-12	2.616883032500007e-12
0.1778279410038923	5.200071615665679e-7	5.184380943762431e-7	2.4505775374096425e-102	2.443183176147904e-102	5.830707766303697e-7	5.813114215813129e-7	0.013174940620689158	0.013688329046188047	0.009190871769888868	0	0	0	0	0	0.013661310329519491	0.00006611250532180742	0	2.4538109729143924e-102	2.4538109729143924e-102	2.4538109729143924e-102	2.4422173447633067e-12	2.4422173447633067e-12	2.4422173447633067e-12
0.1905460717963252	4.719057587773084e-7	4.704818325360012e-7	2.2870120262240423e-102	2.2801112067748783e-102	4.84836575375229e-7	4.833736317480713e-7	0.011531814742559892	0.012019059772351424	0.007418430776328352	0	0	0	0	0	0.012006466331193894	0.00006184881682376975	0	2.2900296438152e-102	2.2900296438152e-102	2.2900296438152e-102	2.2792098404813583e-12	2.2792098404813583e-12	2.2792098404813583e-12
0.20417379446695316	4.2825380422896356e-7	4.269615931922498e-7	2.1343638094480313e-102	2.1279235900180753e-102	4.0315260898523886e-7	4.0193613817828686e-7	0.010093612949412033	0.010553355148310543	0.005987801436146226	0	0	0	0	0	0.010552079579848323	0.00005786009959659562	0	2.1371800140431394e-102	2.1371800140431394e-102	2.1371800140431394e-102	2.127082386048054e-12	2.127082386048054e-12	2.127082386048054e-12
0.21877616239495518	3.890992096289287e-7	3.8792514348381957e-7	1.9919042046328276e-102	1.9858938421517448e-102	3.4163781224160793e-7	3.406069558961927e-7	0.008766166540691657	0.009209429272585947	0.004720074381465768	0	0	0	0	0	0.00920523992773856	0.000053024630098369686	0	1.9945324396831367e-102	1.9945324396831367e-102	1.9945324396831367e-102	1.9851087849288754e-12	1.9851087849288754e-12	1.9851087849288754e-12
0.23442288153199276	3.535244601187731e-7	3.524577370573473e-7	1.8589531657491912e-102	1.8533439691143717e-102	2.895092135134972e-7	2.8863564975938993e-7	0.007613297260780899	0.00803664676634518	0.0037207483254334548	0	0	0	0	0	0.008030307342360802	0.00004859326922476202	0	1.8614059774133974e-102	1.8614059774133974e-102	1.8614059774133974e-102	1.852611311084757e-12	1.852611311084757e-12	1.852611311084757e-12
0.25118864315095824	2.506485858739145e-7	2.4989227999687374e-7	1.734876036915617e-102	1.7296412300321559e-102	2.5080484714661765e-7	2.500480697675401e-7	0.006561447502001478	0.006964932667360687	0.002857192188034298	0	0	0	0	0	0.0069504336726966525	0.000044071885555966365	0	1.7371651339502825e-102	1.7371651339502825e-102	1.7371651339502825e-102	1.7289574737750044e-12	1.7289574737750044e-12	1.7289574737750044e-12
0.2691534803926914	1.7770966563243161e-7	1.771734453140283e-7	1.6190805228011416e-102	1.6141951167633097e-102	2.172748514247398e-7	2.166192472987779e-7	0.005654920837427745	0.006036135277714724	0.002194060572052588	0	0	0	0	0	0.006015775757886928	0.00003997119616451803	0	1.621216832453685e-102	1.621216832453685e-102	1.621216832453685e-102	1.6135569982956264e-12	1.6135569982956264e-12	1.6135569982956264e-12
0.28840315031266117	1.1167761327867763e-7	1.1134063776787634e-7	1.511013861240802e-102	1.506454535044856e-102	1.9066632776964398e-7	1.9009101207918008e-7	0.004832258767734075	0.005177985963024153	0.0016304558158859372	0	0	0	0	0	0.005161861809073202	0.00003545694494551081	0	1.5130075814118722e-102	1.5130075814118722e-102	1.5130075814118722e-102	1.5058590082404725e-12	1.5058590082404725e-12	1.5058590082404725e-12
0.30902954325135923	7.018126596118086e-8	6.996950133574124e-8	1.4101601845668482e-102	1.405905173785745e-102	1.67316411939897e-7	1.668115521768375e-7	0.004129275275401488	0.004441838593688085	0.0012116284305995026	0	0	0	0	0	0.004429157337029437	0.0000314525224537811	0	1.4120208324910852e-102	1.4120208324910852e-102	1.4120208324910852e-102	1.4053493958343143e-12	1.4053493958343143e-12	1.4053493958343143e-12
0.3311311214825908	4.981609493179448e-8	4.966578007868351e-8	1.3160380570596917e-102	1.3120670499482896e-102	1.40644725132282e-7	1.4022034439292355e-7	0.003484756293622335	0.0037622554436684535	0.0008640657094239866	0	0	0	0	0	0.003752527517938759	0.0000275657869115307	0	1.317774514737255e-102	1.317774514737255e-102	1.317774514737255e-102	1.3115483677848287e-12	1.3115483677848287e-12	1.3115483677848287e-12
0.354813389233576	3.5360480895659356e-8	3.52537843450959e-8	1.22819817676347e-102	1.2244922172982587e-102	1.1822473646303396e-7	1.1786800569319231e-7	0.0029408372210689288	0.0031866457379893555	0.0006162033931747088	0	0	0	0	0	0.003179264519496994	0.000024159353488055837	0	1.2298187333592078e-102	1.2298187333592078e-102	1.2298187333592078e-102	1.2240081549384622e-12	1.2240081549384622e-12	1.2240081549384622e-12
0.38018939632056126	3.086090119560465e-8	3.0767781655896906e-8	1.1462212306955332e-102	1.1427626280860453e-102	7.649195427781159e-8	7.626114781080163e-8	0.0024265656351753592	0.0026509944563222827	0.0004160797967975544	0	0	0	0	0	0.0026431156830766128	0.000020984684404909266	0	1.1477336221081903e-102	1.1477336221081903e-102	1.1477336221081903e-102	1.1423108748069112e-12	1.1423108748069112e-12	1.1423108748069112e-12
0.40738027780411384	2.6933887732329716e-8	2.685261754477823e-8	1.0697158932114235e-102	1.0664881374513713e-102	4.9490650131989694e-8	4.934131727450365e-8	0.002002226012248881	0.0022053821432581433	0.0002809500876182374	0	0	0	0	0	0.00219738259313848	0.000018227183926562715	0	1.0711273390017744e-102	1.0711273390017744e-102	1.0711273390017744e-102	1.0660665367607204e-12	1.0660665367607204e-12	1.0660665367607204e-12
0.43651583224016655	3.543499843156536e-8	3.532807703213571e-8	9.983169579704574e-103	9.953046410254664e-103	3.6943115771315635e-8	3.683164378564045e-8	0.0016006410261865294	0.001779156051416401	0.00017806533776231775	0	0	0	0	0	0.001774738589781629	0.000015179561042985734	0	9.99634195824644e-103	9.99634195824644e-103	9.99634195824644e-103	9.949111803676973e-13	9.949111803676973e-13	9.949111803676973e-13
0.4677351412871981	4.66193045104977e-8	4.647863563793302e-8	9.316835945844997e-103	9.288723368402231e-103	2.757680085537322e-8	2.7493590744754873e-8	0.0012796016428903525	0.0014353051079914758	0.00011285728643549316	0	0	0	0	0	0.0014333858254339932	0.000012641507014253454	0	9.32912912477092e-103	9.32912912477092e-103	9.32912912477092e-103	9.285051379891657e-13	9.285051379891657e-13	9.285051379891657e-13
0.5011872336272735	4.9555320220443824e-8	4.940579222773391e-8	8.694977216279823e-103	8.668741032474874e-103	2.0744169459595708e-8	2.0681576099166766e-8	0.000979654290519776	0.0011106280480003838	0.00006657108728530428	0	0	0	0	0	0.0011101379763941116	0.000010493588037707345	0	8.706449878382908e-103	8.706449878382908e-103	8.706449878382908e-103	8.665314133404904e-13	8.665314133404904e-13	8.665314133404904e-13
0.5370317963702532	5.267624191171125e-8	5.251729686440812e-8	8.114624882425005e-103	8.090139851052537e-103	1.5604441168692855e-8	1.5557356400499722e-8	0.0007500166432781426	0.0008593954373445212	0.00003926826350623623	0	0	0	0	0	0.0008597868799625443	8.710622062777736e-6	0	8.1253317936743e-103	8.1253317936743e-103	8.1253317936743e-103	8.086941682757089e-13	8.086941682757089e-13	8.086941682757089e-13
0.5754399373371566	4.5303770457959645e-8	4.516707107172544e-8	7.573008570877426e-103	7.55015781004392e-103	9.555075984174312e-9	9.526244542348298e-9	0.0005479529203089451	0.0006405000140602767	0.000022015675938225732	0	0	0	0	0	0.0006395531928581676	7.02157075771602e-6	0	7.583000841849082e-103	7.583000841849082e-103	7.583000841849082e-103	7.547173105727522e-13	7.547173105727522e-13	7.547173105727522e-13
0.6165950018614835	2.8080659154377627e-8	2.799592870407173e-8	7.067542818743812e-103	7.046217247919459e-103	7.551658406156582e-9	7.528872067210926e-9	0.000386671562608105	0.0004615084653384793	0.000012043726558373101	0	0	0	0	0	0.00046025529888635985	5.412509984673938e-6	0	7.076868148602839e-103	7.076868148602839e-103	7.076868148602839e-103	7.043431759779573e-13	7.043431759779573e-13	7.043431759779573e-13
0.6606934480075964	1.44458172471693e-8	1.4402228505407244e-8	6.595814731659563e-103	6.575912550970785e-103	8.404138474164537e-9	8.378779865827256e-9	0.00026162956062538193	0.0003193035554899874	6.492905055874174e-6	0	0	0	0	0	0.0003184627912665297	4.184316157446085e-6	0	6.60451763585685e-103	6.60451763585685e-103	6.60451763585685e-103	6.573312982184417e-13	6.573312982184417e-13	6.573312982184417e-13
0.7079457843841374	7.45882127675353e-9	7.436315064130241e-9	6.155572465581446e-103	6.136998669858405e-103	4.339316065774303e-9	4.326222633663208e-9	0.00016918329734054853	0.00021116372773113238	3.4837841156813115e-6	0	0	0	0	0	0.00021017759482323304	3.065751442095094e-6	0	6.163694488352989e-103	6.163694488352989e-103	6.163694488352989e-103	6.13457261110831e-13	6.13457261110831e-13	6.13457261110831e-13
0.7585775750291851	3.8775130489482915e-9	3.865813059111952e-9	5.744714477371408e-103	5.727380402630755e-103	2.255819524861218e-9	2.249012825520601e-9	0.00010394223271310367	0.0001320651882952964	1.8403512847904326e-6	0	0	0	0	0	0.00013155434469642462	2.1219352788054583e-6	0	5.752294390054121e-103	5.752294390054121e-103	5.752294390054121e-103	5.725116272868243e-13	5.725116272868243e-13	5.725116272868243e-13
0.8128305161640995	2.041737479754503e-9	2.035576750580917e-9	5.361279492857613e-103	5.345102393055563e-103	1.1878209598083432e-9	1.1842368343697642e-9	0.000060743114861814976	0.00007844611579682416	9.711646576408824e-7	0	1.623339161653032e-6	1.6292687018270168e-6	0	0	0.00007826756135412578	1.336930722636294e-6	0	5.368353478968421e-103	5.368353478968421e-103	5.368353478968421e-103	5.342989384217135e-13	5.342989384217135e-13	5.342989384217135e-13
0.8709635899560796	1.102111350632752e-9	1.0987858449701947e-9	5.003437144484085e-103	4.9883397965193995e-103	6.411749675485565e-10	6.392402891841154e-10	0.00003435707804021905	0.00004466916897450167	5.280109845107055e-7	0	8.7626373798045e-7	8.794644499204431e-7	0	0	0.00004469963960287583	7.552840635338861e-7	0	5.010038972445775e-103	5.010038972445775e-103	5.010038972445775e-103	4.986367821933315e-13	4.986367821933315e-13	4.986367821933315e-13
0.9332543007969925	6.259656757690742e-10	6.240768898508974e-10	4.669479233857177e-103	4.655389568938505e-103	3.6416785075057834e-10	3.6306901237177146e-10	0.000019787542098835024	0.0000257539583998338	2.9989415547075074e-7	0	4.976911113218748e-7	4.995090182069728e-7	1.8448275631254067e-7	1.8525131612325328e-7	0.000025904071261231716	4.350676295083004e-7	0	4.675640418195546e-103	4.675640418195546e-103	4.675640418195546e-103	4.65354921517498e-13	4.65354921517498e-13	4.65354921517498e-13