1.e-9	0	0	0	0	0	0	2.4792428496040397e-10	0	0	0	0	0	0	0	5.400950407345576e-15	2.670616789181729e-13	0	2.1744628420499507e-13	2.1744628420499507e-13	2.1744628420499507e-13	0	0	0
1.0715193052376092e-9	0	0	0	0	0	0	4.202755241721749e-10	0	0	0	0	0	0	0	8.495616118091708e-15	4.5413842772700776e-13	0	3.6976743626449724e-13	3.6976743626449724e-13	3.6976743626449724e-13	0	0	0
1.148153621496884e-9	0	0	0	0	0	0	7.124413659048929e-10	0	0	0	0	0	0	0	1.3363480088210539e-14	7.722624690064125e-13	0	6.287895763383655e-13	6.287895763383655e-13	6.287895763383655e-13	0	0	0
1.2302687708123811e-9	0	0	0	0	0	0	1.2077141557368655e-9	0	0	0	0	0	0	0	2.1020559025461775e-14	1.3132324520981114e-12	0	1.0692567612389518e-12	1.0692567612389518e-12	1.0692567612389518e-12	0	0	0
1.31825673855641e-9	0	0	0	0	0	0	2.052122179957081e-9	0	0	0	0	0	0	0	3.49928577665594e-14	2.2331520380621746e-12	0	1.818271321577096e-12	1.818271321577096e-12	1.818271321577096e-12	0	0	0
1.4125375446227555e-9	0	0	0	0	0	0	3.486922316400383e-9	0	0	0	0	0	0	0	5.825249905044718e-14	3.797475471409018e-12	0	3.0919707208946568e-12	3.0919707208946568e-12	3.0919707208946568e-12	0	0	0
1.5135612484362133e-9	0	0	0	0	0	0	5.494106117800244e-9	0	0	0	0	0	0	0	9.844260782137345e-14	6.457607809107934e-12	0	5.257896831604744e-12	5.257896831604744e-12	5.257896831604744e-12	0	0	0
1.6218100973589331e-9	0	0	0	0	0	0	8.656688992374787e-9	0	0	0	0	0	0	0	1.663610521890271e-13	1.0981163388733954e-11	0	8.941054617684134e-12	8.941054617684134e-12	8.941054617684134e-12	0	0	0
1.7378008287493762e-9	0	0	0	0	0	0	8.313244835976735e-9	0	0	0	0	0	0	0	2.823704499470241e-13	1.8673470601830517e-11	0	1.5204265211519692e-11	1.5204265211519692e-11	1.5204265211519692e-11	0	0	0
1.8620871366628732e-9	0	0	0	0	0	0	7.983426430563665e-9	0	0	0	0	0	0	0	4.792772704556321e-13	3.175424060033284e-11	0	2.585485611115787e-11	2.585485611115787e-11	2.585485611115787e-11	0	0	0
1.9952623149688828e-9	0	0	0	0	0	0	9.727762911818973e-9	0	0	0	0	0	0	0	8.14555002477761e-13	5.399809270257397e-11	0	4.3966188154974034e-11	4.3966188154974034e-11	4.3966188154974034e-11	0	0	0
2.1379620895022324e-9	0	0	0	0	0	0	1.1853227695101514e-8	0	0	0	0	0	0	0	1.3843757944765477e-12	9.182376779891537e-11	0	7.476451203472099e-11	7.476451203472099e-11	7.476451203472099e-11	0	0	0
2.2908676527677795e-9	0	0	0	0	0	0	1.7848306360677955e-8	0	0	0	0	0	0	0	2.353734738586925e-12	1.5614633614139707e-10	0	1.2713706818053868e-10	1.2713706818053868e-10	1.2713706818053868e-10	0	0	0
2.4547089156850337e-9	0	0	0	0	0	0	2.6875552224163463e-8	0	0	0	0	0	0	0	4.001852128399354e-12	2.655268769168112e-10	0	2.1619661074007036e-10	2.1619661074007036e-10	2.1619661074007036e-10	0	0	0
2.6302679918953816e-9	0	0	0	0	0	0	4.424499861462369e-8	0	0	0	0	0	0	0	6.804805132142111e-12	4.515285091590909e-10	0	3.676423813109815e-10	3.676423813109815e-10	3.676423813109815e-10	0	0	0
2.818382931264461e-9	0	0	0	0	0	0	7.284017407642227e-8	0	0	0	0	0	0	0	1.1570985483901137e-11	7.67824323288014e-10	0	6.25175945512438e-10	6.25175945512438e-10	6.25175945512438e-10	0	0	0
3.019951720402019e-9	0	0	0	0	0	0	1.2291647385718158e-7	0	0	0	0	0	0	0	1.9676162563836496e-11	1.3056854207038243e-9	0	1.0631118247627336e-9	1.0631118247627336e-9	1.0631118247627336e-9	0	0	0
3.2359365692962944e-9	0	0	0	0	0	0	2.0741932233210673e-7	0	0	0	0	0	0	0	3.3458807270754764e-11	2.220318328205854e-9	0	1.8078218780858987e-9	1.8078218780858987e-9	1.8078218780858987e-9	0	0	0
3.4673685045253237e-9	0	0	0	0	0	0	3.520936103865023e-7	0	0	0	0	0	0	0	5.689644684999013e-11	3.7756517767740555e-9	0	3.0742014779455377e-9	3.0742014779455377e-9	3.0742014779455377e-9	0	0	0
3.715352290971728e-9	0	0	0	0	0	0	5.976777335936943e-7	0	0	0	0	0	0	0	9.675197438920808e-11	6.420496628055761e-9	0	5.227680249676026e-9	5.227680249676026e-9	5.227680249676026e-9	0	0	0
3.9810717055349855e-9	0	0	0	0	0	0	9.648448989910206e-7	0	0	0	0	0	0	0	1.6452652442844506e-10	1.0918055845222103e-8	0	8.889671346840338e-9	8.889671346840338e-9	8.889671346840338e-9	0	0	0
4.265795188015934e-9	0	0	0	0	0	0	1.5575712909891e-6	0	0	0	0	0	0	0	2.797770010523144e-10	1.856615622512712e-8	0	1.5116887965695556e-8	1.5116887965695556e-8	1.5116887965695556e-8	0	0	0
4.570881896148752e-9	0	0	0	0	0	0	2.424345849602539e-6	0	0	0	0	0	0	0	4.757606495879393e-10	3.157175250452916e-8	0	2.570627111527122e-8	2.570627111527122e-8	2.570627111527122e-8	0	0	0
4.8977881936844766e-9	0	0	0	0	0	0	3.7734727344342115e-6	0	0	0	0	0	0	0	8.090307453613948e-10	5.368777167016333e-8	0	4.3713519353412446e-8	4.3713519353412446e-8	4.3713519353412446e-8	0	0	0
5.248074602497734e-9	0	0	0	0	0	0	6.293961030340598e-6	0	0	0	0	0	0	0	1.3757567769853962e-9	9.129606683995109e-8	0	7.433484871037114e-8	7.433484871037114e-8	7.433484871037114e-8	0	0	0
5.623413251903491e-9	0	0	0	0	0	0	0.00001049800760184558	0	0	0	0	0	0	0	2.3394743899081965e-9	1.5524898056212746e-7	0	1.2640642562133615e-7	1.2640642562133615e-7	1.2640642562133615e-7	0	0	0
6.025595860743593e-9	0	0	0	0	0	0	0.000017782545593188053	0	0	0	0	0	0	0	3.978276533703725e-9	2.640009235867037e-7	0	2.1495415293868562e-7	2.1495415293868562e-7	2.1495415293868562e-7	0	0	0
6.456542290346562e-9	0	0	0	0	0	0	0.000030121804038148993	0	0	0	0	0	0	0	6.765059812959845e-9	4.489336252146075e-7	0	3.655295815736271e-7	3.655295815736271e-7	3.655295815736271e-7	0	0	0
6.918309709189363e-9	0	0	0	0	0	0	0.000039184918551097566	0	0	0	0	0	0	0	1.150398548126277e-8	7.634117226190392e-7	0	6.215831291406202e-7	6.215831291406202e-7	6.215831291406202e-7	0	0	0
7.413102413009192e-9	0	0	0	0	0	0	0.00005097496285121507	0	0	0	0	0	0	0	1.9562529469375258e-8	1.2981817923609749e-6	0	1.0570022397884854e-6	1.0570022397884854e-6	1.0570022397884854e-6	0	0	0
7.943282347242822e-9	0	0	0	0	0	0	0.00008093459270511922	0	0	0	0	0	0	0	3.326608529835709e-8	2.207558406669059e-6	0	1.797432527588761e-6	1.797432527588761e-6	1.797432527588761e-6	0	0	0
8.511380382023759e-9	0	0	0	0	0	0	0.00012850246336545604	0	0	0	0	0	0	0	5.656898474249051e-8	3.753953527565968e-6	0	3.0565343852825977e-6	3.0565343852825977e-6	3.0565343852825977e-6	0	0	0
9.120108393559115e-9	0	0	0	0	0	0	0.0002157458354955477	0	0	0	0	0	0	0	9.619557016639507e-8	6.383598750797669e-6	0	5.197637354959833e-6	5.197637354959833e-6	5.197637354959833e-6	0	0	0
9.772372209558111e-9	0	0	0	0	0	0	0.0003622208035132848	0	0	0	0	0	0	0	1.63580586813806e-7	0.00001085531099731214	0	8.838583398163238e-6	8.838583398163238e-6	8.838583398163238e-6	0	0	0
1.0471285480509006e-8	0	0	0	0	0	0	0.0006139395732244531	0	0	0	0	0	0	0	2.7816882165585017e-7	0.0000184594586186099	0	0.000015030012912533478	0.000015030012912533478	0.000015030012912533478	0	0	0
1.1220184543019653e-8	0	0	0	0	0	0	0.0010405857308999256	0	0	0	0	0	0	0	4.730261386669317e-7	0.00003139031323713773	0	0.00002555854009341236	0.00002555854009341236	0.00002555854009341236	0	0	0
1.202264434617413e-8	0	0	0	0	0	0	0.001757055064292934	0	0	0	0	0	0	0	8.043810466570149e-7	0.00003870612355689064	0	0.000031519425059751205	0.000031519425059751205	0.000031519425059751205	0	0	0
1.288249551693135e-8	0	0	0	0	0	0	0.0029668314750842958	0	0	0	0	0	0	0	1.3678501362408407e-6	0.000047726952881400314	0	0.00003887053612867829	0.00003887053612867829	0.00003887053612867829	0	0	0
1.3803842646028866e-8	0	0	0	0	0	0	0.005025104290814235	0	0	0	0	0	0	0	2.3260294397943488e-6	0.00003249390414909819	0	0.000026503349600797025	0.000026503349600797025	0.000026503349600797025	0	0	0
1.4791083881682102e-8	0	0	0	0	0	0	0.008511327099508637	0	0	0	0	0	0	0	3.955413543810512e-6	0.00002212279944782031	0	0.000018070950648499714	0.000018070950648499714	0.000018070950648499714	0	0	0
1.5848931924611173e-8	0	0	0	0	0	0	0.014450802959953872	0	0	0	0	0	0	0	6.72618155007202e-6	0.000025293913210200873	0	0.00002070524441893619	0.00002070524441893619	0.00002070524441893619	0	0	0
1.698243652461746e-8	0	0	0	0	0	0	0.02453503475379962	0	0	0	0	0	0	0	0.000011437873118304283	0.000028919578961703275	0	0.000023723552500735348	0.000023723552500735348	0.000023723552500735348	0	0	0
1.8197008586099862e-8	0	0	0	0	0	0	0.022912724382876642	0	0	0	0	0	0	0	0.00001945010560558117	0.00003315146812877958	0	0.000027321214153202524	0.000027321214153202524	0.000027321214153202524	0	0	0
1.9498445997580494e-8	0	0	0	0	0	0	0.021397684735879816	0	0	0	0	0	0	0	0.0000330749086089126	0.000038002622394635884	0	0.00003146445890774571	0.00003146445890774571	0.00003146445890774571	0	0	0
2.0892961308540408e-8	0	0	0	0	0	0	0.011012989373225587	0	0	0	0	0	0	0	0.00005624388893682844	0.0000226215956448303	0	0.000019829559790464935	0.000019829559790464935	0.000019829559790464935	0	0	0
2.2387211385683424e-8	0	0	0	0	0	0	0.005668180292955175	0	0	0	0	0	0	0	0.00009564274478103272	0.00001346582307410572	0	0.000012497003130946354	0.000012497003130946354	0.000012497003130946354	0	0	0
2.3988329190194947e-8	0	0	0	0	0	0	0.0029903988549231848	0	0	0	0	0	0	0	0.00016264050730078808	0.000011661924495807	0	0.0000109734986882071	0.0000109734986882071	0.0000109734986882071	0	0	0
2.5703957827688646e-8	0	0	0	0	0	0	0.0015776642324945953	0	0	0	0	0	0	0	0.00027657021633597964	0.000010099678437586874	0	9.635724037060945e-6	9.635724037060945e-6	9.635724037060945e-6	0	0	0
2.754228703338169e-8	0	0	0	0	0	0	0.0009436865561813816	0	0	0	0	0	0	0	0.0004703077101369418	0.000014362796046656289	0	0.000012973064057720209	0.000012973064057720209	0.000012973064057720209	0	0	0
2.95120922666639e-8	0	0	0	0	0	0	0.0005644701185304547	0	0	0	0	0	0	0	0.0007997583584544443	0.000020425393892751785	0	0.00001746629421913647	0.00001746629421913647	0.00001746629421913647	0	0	0
3.162277660168386e-8	0	0	0	0	0	0	0.00046517954523295945	0	0	0	0	0	0	0	0.0013599892541237076	0.000025005867654146608	0	0.00002121900578977796	0.00002121900578977796	0.00002121900578977796	0	0	0
3.3884415613920346e-8	0	0	0	0	0	0	0.000383354232933533	0	0	0	0	0	0	0	0.002312662008192543	0.000030613530413168024	0	0.000025778004255380875	0.000025778004255380875	0.000025778004255380875	0	0	0
3.6307805477010175e-8	0	0	0	0	0	0	0.0003981951288672381	0	0	0	0	0	0	0	0.003932682223715905	0.000023200219488366655	0	0.000020316967519130954	0.000020316967519130954	0.000020316967519130954	0	0	0
3.890451449942813e-8	0	0	0	0	0	0	0.00041361056441260847	0	0	0	0	0	0	0	0.0066875269356024645	0.00001758210102017072	0	0.000016012844325885434	0.000016012844325885434	0.000016012844325885434	0	0	0
4.1686938347033635e-8	0	0	0	0	0	0	0.0005885581044797442	0	0	0	0	0	0	0	0.011372140938493756	0.000023131740140053032	0	0.000021597715412537367	0.000021597715412537367	0.000021597715412537367	0	0	0
4.4668359215096346e-8	0	0	0	0	0	0	0.0008375043389927163	0	0	0	0	0	0	0	0.019338328020253856	0.000030433075165082842	0	0.000029130446880501744	0.000029130446880501744	0.000029130446880501744	0	0	0
4.78630092322639e-8	0	0	0	0	0	0	0.0013674555488153522	0	0	0	0	0	0	0	0.014443222658114667	0.000042799913577309534	0	0.00004373168300736303	0.00004373168300736303	0.00004373168300736303	0	0	0
5.128613839913659e-8	0	0	0	0	0	0	0.0022327462568550688	0	0	0	0	0	0	0	0.010787213896330616	0.000060192162385445025	0	0.0000656515880618546	0.0000656515880618546	0.0000656515880618546	0	0	0
5.495408738576248e-8	0	0	0	0	0	0	0.003731796050874286	0	0	0	0	0	0	0	0.014448915610766609	0.00005452450698512911	0	0.000070526017860888	0.000070526017860888	0.000070526017860888	0	0	0
5.888436553555896e-8	0	0	0	0	0	0	0.006237297105555117	0	0	0	0	0	0	0	0.019353575847612575	0.00004939051438182385	0	0.00007576235917748177	0.00007576235917748177	0.00007576235917748177	0	0	0
6.309573444801943e-8	0	0	0	0	0	0	0.010541948745912633	0	0	0	0	0	0	0	0.01898406128373171	0.0000525801422873951	0	0.00008019486421733056	0.00008019486421733056	0.00008019486421733056	0	0	0
6.760829753919818e-8	0	0	0	0	0	0	0.01781744263271769	0	0	0	0	0	0	0	0.01862160179918061	0.00005597575561958805	0	0.00008488669461533312	0.00008488669461533312	0.00008488669461533312	0	0	0
7.244359600749906e-8	0	0	0	0	0	0	0.01288936460913197	0	0	0	0	0	0	0	0.01627981992228389	0.00006056247997201772	0	0.00008546765955084154	0.00008546765955084154	0.00008546765955084154	0	0	0
7.762471166286928e-8	0	0	0	0	0	0	0.009324330289806813	0	0	0	0	0	0	0	0.014232531635041918	0.00006552504633054967	0	0.00008605260061308917	0.00008605260061308917	0.00008605260061308917	0	0	0
8.317637711026726e-8	0	0	0	0	0	0	0.006741725952144396	0	0	0	0	0	0	0	0.020924823562709412	0.00006452762714261211	0	0.00008655973306032723	0.00008655973306032723	0.00008655973306032723	0	0	0
8.912509381337478e-8	0	0	0	0	0	0	0.004874437884670944	0	0	0	0	0	0	0	0.030763904297424288	0.00006354539062286267	0	0.00008706985418329596	0.00008706985418329596	0.00008706985418329596	0	0	0
9.549925860214369e-8	0	0	0	0	0	0	0.006246726612190911	0	0	0	0	0	0	0	0.02377434329653115	0.00006383677016884796	0	0.00009319895839426737	0.00009319895839426737	0.00009319895839426737	0	0	0
1.0232929922807557e-7	0	0	0	0	0	0	0.008005352471547536	0	0	0	0	0	0	0	0.018372810996835433	0.00006412948579978023	0	0.00009975950835395816	0.00009975950835395816	0.00009975950835395816	0	0	0
1.0964781961431874e-7	0	0	0	0	0	0	0.013035178377863261	0	0	0	0	0	0	0	0.018181602023873502	0.00006615237373058638	0	0.00009668879123452395	0.00009668879123452395	0.00009668879123452395	0	0	0
1.1748975549395303e-7	0	0	0	0	0	0	0.021225283452117855	0	0	0	0	0	0	0	0.01799238299525634	0.00006823907124179958	0	0.00009371259446491093	0.00009371259446491093	0.00009371259446491093	0	0	0
1.2589254117941688e-7	0	0	0	0	0	0	0.020309738193813154	0	0	0	0	0	0	0	0.015792655660348365	0.00006525122023466745	0	0.00009269765713681577	0.00009269765713681577	0.00009269765713681596	0	0	0
1.3489628825916562e-7	0	0	0	0	0	0	0.019433684663470386	0	0	0	0	0	0	0	0.013861864371833945	0.00006239419242718273	0	0.00009169371190413595	0.00009169371190413595	0.00009169371190413631	0	0	0
1.445439770745928e-7	0	0	0	0	0	0	0.021546538430665892	0	0	0	0	0	0	0	0.01555955298178403	0.00005864396306529973	0	0.00009237488139247244	0.00009237488139247244	0.0000923748813924732	0	0	0
1.5488166189124826e-7	0	0	0	0	0	0	0.0238891042220535	0	0	0	0	0	0	0	0.01746516070990222	0.00005511914282756157	0	0.00009306111111735357	0.00009306111111735357	0.00009306111111735472	0	0	0
1.659586907437563e-7	0	0	0	0	0	0	0.023777323130819327	0	0	0	0	0	0	0	0.018955730309418918	0.00005842945690594415	0	0.00009681089435991069	0.00009681089435991047	0.00009681089435991247	0	0	0
1.7782794100389227e-7	0	0	0	0	0	0	0.023666065081899404	0	0	0	0	0	0	0	0.020573513037283515	0.00006193857994135017	0	0.00010071177051547318	0.00010071177051547277	0.00010071177051547565	0	0	0
1.9054607179632522e-7	0	0	0	0	0	0	0.018713202239679705	0	0	0	0	0	0	0	0.023109802466059263	0.00007184092591548737	0	0.00010475057241401368	0.00010475057241401344	0.0001047505724140186	0	0	0
2.0417379446695318e-7	0	0	0	0	0	0	0.014796880548215442	0	0	0	0	0	0	0	0.025958764021120018	0.00008332639594387885	0	0.00010895134069138172	0.00010895134069138172	0.00010895134069138908	0	0	0
2.1877616239495564e-7	0	0	0	0	0	0	0.015342916151495457	0	0	0	0	0	0	0	0.025827330290300335	0.00008402849125710158	0	0.00011274413327046967	0.00011274413327046967	0.00011274413327048352	0	0	0
2.3442288153199275e-7	0	0	0	0	0	0	0.01590910160183812	0	0	0	0	0	0	0	0.025696562031287513	0.0000847365023167484	0	0.00011666895979660866	0.00011666895979660866	0.00011666895979662965	0	0	0
2.5118864315095823e-7	0	0	0	0	0	0	0.01905818394801229	0	0	0	0	0	0	0	0.025857599630345892	0.00008524431297819944	0	0.0001275384996468831	0.0001275384996468831	0.00012753849964692275	0	0	0
2.6915348039269196e-7	0	0	0	0	0	0	0.022830602537248692	0	0	0	0	0	0	0	0.02601964643477102	0.0000857551668578719	0	0.0001394207072775389	0.0001394207072775389	0.00013942070727760082	0	0	0
2.8840315031266115e-7	0	0	0	0	0	0	0.025246317768868005	0	0	0	0	0	0	0	0.025148723882120076	0.00009386129020973297	0	0.0001485948173022406	0.0001485948173022403	0.000148594817302357	0	0	0
3.090295432513592e-7	0	0	0	0	0	0	0.027917640800182865	0	0	0	0	0	0	0	0.024306952613081592	0.00010273365585582665	0	0.00015837259873550548	0.0001583725987355048	0.0001583725987356833	0	0	0
3.3113112148259143e-7	0	0	0	0	0	0	0.024558759238895965	0	0	0	0	0	0	0	0.02579305049506809	0.00010810737891537399	0	0.0001635621776562935	0.0001635621776562925	0.00016356217765663435	0	0	0
3.5481338923357606e-7	0	0	0	0	0	0	0.021603997976437476	0	0	0	0	0	0	0	0.02737000661625862	0.00011376218707094023	0	0.0001689218095381998	0.00016892180953819808	0.00016892180953871419	0	0	0
3.8018939632056126e-7	0	0	0	0	0	0	0.020046492022871343	0	0	0	0	0	0	0	0.027121894317084835	0.00012579170356510284	0	0.00018259043969696484	0.00018259043969696186	0.00018259043969793087	0	0	0
4.0738027780411303e-7	0	0	0	0	0	0	0.01860127198962609	0	0	0	0	0	0	0	0.026876031184813503	0.00013909325315575492	0	0.00019736509311541272	0.0001973650931154083	0.00019736509311689973	0	0	0
4.365158322401665e-7	0	0	0	0	0	0	0.019029446816830563	0	0	0	0	0	0	0	0.026924626989805352	0.00013723556892636897	0	0.00020084312353907958	0.00020084312353907136	0.00020084312354194902	0	0	0
4.677351412871981e-7	0	0	0	0	0	0	0.0194674776196239	0	0	0	0	0	0	0	0.026973310663137882	0.00013540269532307653	0	0.00020438244492072182	0.0002043824449207101	0.00020438244492502206	0	0	0
5.011872336272736e-7	0	0	0	0	0	0	0.021186563583037672	0	0	0	0	0	0	0	0.028418502475595332	0.00014538646701636504	0	0.00021407368725092176	0.0002140736872508994	0.00021407368725910958	0	0	0
5.370317963702533e-7	0	0	0	0	0	0	0.023057454346608358	0	0	0	0	0	0	0	0.029941125620115583	0.00015610638134688586	0	0.00022422446111250593	0.000224224461112472	0.0002242244611249403	0	0	0
5.754399373371578e-7	0	0	0	0	0	0	0.02805768627986185	0	0	0	0	0	0	0	0.03040001405981002	0.00014523972583481187	0	0.00021135942845220088	0.0002113594284521334	0.00021135942847713406	0	0	0
6.165950018614835e-7	0	0	0	0	0	0	0.034142266858481526	0	0	0	0	0	0	0	0.03086593558846573	0.0001351295044992228	0	0.00019923253588834114	0.00019923253588824337	0.00019923253592429795	0	0	0
6.606934480075964e-7	0	0	0	0	0	0	0.03627414815669874	0	0	0	0	0	0	0	0.029020335322284957	0.00014647912330074812	0	0.00020834763164105476	0.00020834763164086898	0.00020834763170956926	0	0	0
7.079457843841387e-7	0	0	0	0	0	0	0.038539146505653384	0	0	0	0	0	0	0	0.027285091028718903	0.00015878200428892436	0	0.0002178797525057095	0.0002178797525054279	0.00021787975260968595	0	0	0
7.585775750291852e-7	0	0	0	0	0	0	0.040902012983390836	0	0	0	0	0	0	0	0.030454416593380714	0.00017154399193940778	0	0.00022463459815156612	0.0002246345981510259	0.00022463459835098	0	0	0
8.128305161640995e-7	0	0	0	0	0	0	0.04340974873037352	0	0	0	0	0	0	0	0.033991878167713194	0.00018533171502836383	0	0.00023159886178681564	0.000231598861786001	0.00023159886208748412	0	0	0
8.709635899560814e-7	0	0	0	0	0	0	0.04316489335896709	0	0	0	0	0	0	0	0.038298509547171414	0.00018942550901517597	0	0.00024636997049024375	0.000246369970488703	0.00024636997105882403	0	0	0
9.332543007969924e-7	0.00017415601328654888	0.000026263953958680732	0	0	0	0	0.042921419109420426	0	0	0	0	0	0	0	0.0431507734376373	0.00019360973085565442	0	0.0002620831634968708	0.0002620831634945146	0.000262083164366314	0	0	0
1.e-6	0.00017588686286532126	0.000028143231227948557	0	0	0	0	0.04241694876591347	0	0	0	0	0	0	0	0.04446289858048376	0.00019124958670602352	0	0.00027021309957617955	0.0002702130995716608	0.0002702131012436497	0	0	0
1.0715193052376091e-6	0.00017763491449303623	0.000030156977323210286	0	0	0	0	0.04191840763753402	0	0	0	0	0	0	0	0.045814922715939795	0.00018891821321984184	0	0.00027859522988182253	0.0002785952298750088	0.0002785952323959933	0	0	0
1.148153621496884e-6	0.0001846969516312161	0.00003092421599659262	0	0	0	0	0.04344408656723236	0	0	0	0	0	0	0	0.047541751074651264	0.00019670305462604257	0	0.00028823222334446963	0.000288232223331423	0.00028823222815861546	0	0	0
1.2302687708123837e-6	0.0001920397464609971	0.00003171097437102516	0	0	0	0	0.04502529471017375	0	0	0	0	0	0	0	0.04933366600349466	0.00020480868964280384	0	0.0002982025737100262	0.0002982025736903236	0.00029820258098025676	0	0	0
1.3182567385564101e-6	0.00020293159608199504	0.000032502679994532865	0	0	0	0	0.04593378758075839	0	0	0	0	0	0	0	0.050375875470272884	0.00021835942919930462	0	0.00031177787766709976	0.0003117778776295529	0.0003117778915216705	0	0	0
1.4125375446227554e-6	0.0002144411948427023	0.00003331415157625295	0	0	0	0	0.046860611465081255	0	0	0	0	0	0	0	0.05144010236775585	0.00023280672516094616	0	0.0003259711805744632	0.0003259711805174883	0.0003259712015977954	0	0	0
1.5135612484362104e-6	0.00022206710042239889	0.00003466909391476665	0	0	0	0	0.04791372805385601	0	0	0	0	0	0	0	0.05357907836179498	0.00023988711123287547	0	0.0003381341209209974	0.0003381341208120332	0.0003381341611280908	0	0	0
1.6218100973589331e-6	0.0002299641966003069	0.00003607914402741937	0	0	0	0	0.04899051173776427	0	0	0	0	0	0	0	0.055806996991880346	0.00024718283415511714	0	0.00035075089622807297	0.00035075089606331896	0.0003507509570212628	0	0	0
1.7378008287493763e-6	0.00024317134857099608	0.000037349523751196836	0	0	0	0	0.051707115918167804	0	0	0	0	0	0	0	0.05789835993267061	0.0002634582980262452	0	0.000368229681482942	0.0003682296811695584	0.00036822979711987957	0	0	0
1.8620871366628694e-6	0.0002571370049774014	0.00003866463470921227	0	0	0	0	0.05457436025339386	0	0	0	0	0	0	0	0.0600680965395941	0.0002808054007315433	0	0.00038657947786642776	0.0003865794773900114	0.00038657965366215464	0	0	0
1.995262314968883e-6	0.00026566961075331	0.000040409918294621874	0	0	0	0	0.057718011192648896	0	0	0	0	0	0	0	0.06324574338738999	0.00028907262219981714	0	0.00040096092275407455	0.00040096092184288356	0.0004009612589796156	0	0	0
2.1379620895022326e-6	0.0002744853549337192	0.00004223398226464965	0	0	0	0	0.061042746091147966	0	0	0	0	0	0	0	0.06659149010967864	0.0002975832398087192	0	0.00041587738299793945	0.0004158773816202845	0.0004158778913466098	0	0	0
2.2908676527677747e-6	0.0002826870405439281	0.000044641424949332384	0	0	0	0	0.06409706271084979	0	0	0	0	0	0	0	0.06795811001990319	0.00030502570646442494	0	0.00043217179982792185	0.00043217179719532404	0.000432172771244982	0	0	0
2.4547089156850335e-6	0.00029113379440874306	0.00004718609789195571	0	0	0	0	0.06730420420509858	0	0	0	0	0	0	0	0.06935277630626313	0.0003126543069560177	0	0.0004491046452685578	0.00044910464128479076	0.0004491061152608918	0	0	0
2.6302679918953817e-6	0.00030046872473169986	0.00004902687971601343	0	0	0	0	0.06854372248241482	0	0	0	0	0	0	0	0.07317181696017362	0.0003239893806982178	0	0.0004646045829588966	0.00046460457533049725	0.0004646059863819931	0	0	0
2.8183829312644606e-6	0.00031010297078442846	0.00005093947247327325	0	0	0	0	0.06980606853962919	0	0	0	0	0	0	0	0.07720116024785059	0.00033573539999236793	0	0.00048063946962145494	0.00048063945810159213	0.00048064080012936273	0	0	0
3.0199517204020193e-6	0.00032262113123473514	0.00005220311810123678	0	0	0	0	0.0714206601888709	0	0	0	0	0	0	0	0.07750534227711621	0.0003501957258247387	0	0.0004974009721030448	0.000497400950047525	0.0004974019338433335	0	0	0
3.2359365692962877e-6	0.00033564462170707613	0.00005349811074155705	0	0	0	0	0.07307259681754383	0	0	0	0	0	0	0	0.07781072282084221	0.0003652788665976329	0	0.0005147470041191351	0.0005147469708071391	0.0005147475697537512	0	0	0
3.4673685045253236e-6	0.0003487752932194129	0.000055535701003183326	0	0	0	0	0.07601995306185402	0	0	0	0	0	0	0	0.07966720668925448	0.00037867380114273185	0	0.0005346992441532666	0.0005346991804847353	0.0005346996324561245	0	0	0
3.7153522909717276e-6	0.00036241964653450595	0.00005765089725905327	0	0	0	0	0.07908618983332713	0	0	0	0	0	0	0	0.08156798435457147	0.00039255993375011635	0	0.0005554248580568754	0.0005554247617285456	0.0005554250544310196	0	0	0
3.981071705534978e-6	0.0003739423437289748	0.000059968763730849456	0	0	0	0	0.08268990057625787	0	0	0	0	0	0	0	0.0821868380578037	0.00040357179197950805	0	0.0005747117056195903	0.0005747115211805826	0.0005747117766017508	0	0	0
4.265795188015934e-6	0.0003858313912355864	0.00006237982051253648	0	0	0	0	0.08645782116601576	0	0	0	0	0	0	0	0.08281038698440087	0.000414892548319069	0	0.0005946682792190684	0.0005946680006663487	0.0005946682158641436	0	0	0
4.570881896148752e-6	0.0003999305631845484	0.00006422869154704369	0	0	0	0	0.08999651128248758	0	0	0	0	0	0	0	0.08686528621918169	0.0004311042956757476	0	0.0006149603612912669	0.0006149598278062466	0.0006149600955478818	0	0	0
4.897788193684467e-6	0.0004145449515056415	0.00006613236113778532	0	0	0	0	0.09368003881877372	0	0	0	0	0	0	0	0.09111873793515492	0.0004479495100672589	0	0.0006359448774636435	0.0006359440719724779	0.0006359443955932873	0	0	0
5.248074602497734e-6	0.0004277959952900464	0.00006747159864142013	0	0	0	0	0.097033011410128	0	0	0	0	0	0	0	0.09423029179203866	0.00046387480375060917	0	0.0006536893488997446	0.0006536878019100957	0.0006536883544376729	0	0	0
5.623413251903491e-6	0.0004414706123461546	0.00006883795686266298	0	0	0	0	0.1005059927604471	0	0	0	0	0	0	0	0.09744810005524684	0.0004803662661052094	0	0.0006719289359939905	0.000671926606754419	0.0006719274007105423	0	0	0
6.0255958607435935e-6	0.0004570046603037998	0.0000714051145977267	0	0	0	0	0.10437456647785563	0	0	0	0	0	0	0	0.10247094459624873	0.0004965674735056163	0	0.0006960584511069291	0.0006960539936751238	0.0006960552374086825	0	0	0
6.4565422903465625e-6	0.00047308530556419373	0.00007406800874242655	0	0	0	0	0.1083920453719209	0	0	0	0	0	0	0	0.10775268558847742	0.0005133150954645642	0	0.0007210544767515582	0.0007210477412872649	0.0007210494660758319	0	0	0
6.9183097091893625e-6	0.0004901007904098648	0.00007642968829550444	0	0	0	0	0.111539010137219	0	0	0	0	0	0	0	0.11118151532817702	0.0005323442281847037	0	0.000745979922384686	0.0007459670251320548	0.0007459695424609834	0	0	0
7.413102413009192e-6	0.0005077282721219149	0.00007886667067373127	0	0	0	0	0.11477734126801145	0	0	0	0	0	0	0	0.11471945486240037	0.000552078790952162	0	0.0007717669920143979	0.0007717475150687359	0.000771750877658828	0	0	0
7.943282347242822e-6	0.0005249744580453216	0.00008148021325231568	0	0	0	0	0.11850807347279821	0	0	0	0	0	0	0	0.11716569043244444	0.000571299337272584	0	0.0007977618173700154	0.0007977454709685619	0.000797750393495093	0	0	0
8.511380382023777e-6	0.0005428064512700687	0.00008418036535494538	0	0	0	0	0.1223600697060952	0	0	0	0	0	0	0	0.11966408863236963	0.0005911890442398389	0	0.000824632206143431	0.0008246192232885575	0.0008246258070378464	0	0	0
9.120108393559115e-6	0.0005625075662715718	0.00008768028617561234	0	0	0	0	0.12518909448874632	0	0	0	0	0	0	0	0.12353789036507726	0.0006125700152664421	0	0.000856051463944704	0.0008560426359796217	0.0008560522691882894	0	0	0
9.772372209558111e-6	0.0005829237316034328	0.0000913257212821733	0	0	0	0	0.12808352771093204	0	0	0	0	0	0	0	0.12753709596820056	0.0006347242515057444	0	0.0008886678248343908	0.0008886634872426531	0.0008886763927687563	0	0	0
0.000010471285480509006	0.0005992932257835059	0.00009457644825271551	0	0	0	0	0.1324328657100354	0	0	0	0	0	0	0	0.13124620259580513	0.0006509839832030839	0	0.0009159251743013337	0.0009159221207008403	0.0009159410493674076	0	0	0
0.000011220184543019652	0.0006161224033238239	0.00009794288441984084	0	0	0	0	0.1369298943713841	0	0	0	0	0	0	0	0.13506317957964126	0.0006676602404613113	0	0.0009440185651767723	0.0009440168784160372	0.0009440421876206698	0	0	0
0.000012022644346174132	0.0006356645378037804	0.00010105467603238267	0	0	0	0	0.14112094181750467	0	0	0	0	0	0	0	0.13890439539444005	0.0006884936567826586	0	0.0009739782250454909	0.0009739766902038177	0.0009740138094873429	0	0	0
0.000012882495516931348	0.0006558265085662195	0.00010426533390863733	0	0	0	0	0.14544026569863003	0	0	0	0	0	0	0	0.14285485592701988	0.0007099771511067275	0	0.0010048886937780966	0.0010048873221971245	0.0010049369758179103	0	0	0
0.000013803842646028866	0.000677521192409715	0.00010798559698438378	0	0	0	0	0.15016423076549348	0	0	0	0	0	0	0	0.1472662972454217	0.0007327859530759386	0	0.0010390387136684995	0.0010390366140595145	0.0010390748020200743	0	0	0
0.000014791083881682102	0.0006999335345072135	0.00011183860175704762	0	0	0	0	0.15504163233665394	0	0	0	0	0	0	0	0.15181396644616807	0.0007563275130592018	0	0.0010743492838424602	0.0010743464083075296	0.0010743722941573598	0	0	0
0.00001584893192461114	0.0007235662397536718	0.00011514171340620447	0	0	0	0	0.15985417491783105	0	0	0	0	0	0	0	0.15790441479955952	0.000782999417234743	0	0.0011090418872171956	0.0011090365358831847	0.0011090537949624093	0	0	0
0.00001698243652461746	0.0007479968847040213	0.00011854238123359868	0	0	0	0	0.16481610038247418	0	0	0	0	0	0	0	0.1642391987830235	0.000810611906619826	0	0.0011448547749789762	0.0011448467909539498	0.0011448548392484637	0	0	0
0.000018197008586099864	0.0007771962778326155	0.0001224639653666284	0	0	0	0	0.17072072222992815	0	0	0	0	0	0	0	0.17110270277963668	0.000843441525402503	0	0.0011871829414566266	0.0011871767295851046	0.0011871836739832452	0	0	0
0.000019498445997580493	0.0008075355213757213	0.00012651528219063767	0	0	0	0	0.17683688020207305	0	0	0	0	0	0	0	0.17825303043016918	0.0008776007371267824	0	0.0012310760869312053	0.0012310717891727842	0.0012310775370417857	0	0	0
0.00002089296130854041	0.0008353128023510216	0.00013128606958657778	0	0	0	0	0.18304074266833986	0	0	0	0	0	0	0	0.18504397849696022	0.0009075243225337757	0	0.001274815199760736	0.0012748118804146186	0.0012748206617681078	0	0	0
0.000022387211385683423	0.0008640455550275197	0.0001362367594574074	0	0	0	0	0.18946225152972862	0	0	0	0	0	0	0	0.19209364292629977	0.0009384682135600947	0	0.0013201083270102016	0.0013201060610269386	0.0013201180841753302	0	0	0
0.000023988329190194948	0.0008934054709006391	0.00014115577536589642	0	0	0	0	0.19622498599164573	0	0	0	0	0	0	0	0.19766901415165622	0.0009702046540868826	0	0.0013659049807415312	0.0013659024571660433	0.0013659223363865502	0	0	0
0.000025703957827688645	0.0009237630247513635	0.00014625239912122805	0	0	0	0	0.20322911195521104	0	0	0	0	0	0	0	0.2034062062672153	0.0010030143346475458	0	0.0014132903930997717	0.0014132875967866419	0.0014133158627284545	0	0	0
0.00002754228703338169	0.0009579818343039635	0.00015125334149309821	0	0	0	0	0.21035718184942329	0	0	0	0	0	0	0	0.2086318462122425	0.00104074896155568	0	0.0014641609410455847	0.0014641562538382485	0.0014641960547102666	0	0	0
0.0000295120922666639	0.0009934682058782324	0.00015642528567250848	0	0	0	0	0.21773526208874794	0	0	0	0	0	0	0	0.21399173630300627	0.0010799032113133662	0	0.0015168625441382671	0.0015168558335386586	0.0015169079631571492	0	0	0
0.000031622776601683856	0.0010271505444489845	0.0001614946434640238	0	0	0	0	0.22372053054729094	0	0	0	0	0	0	0	0.22105806435737044	0.0011165045598673469	0	0.00156725059310141	0.0015672379929389797	0.001567292112037763	0	0	0
0.000033884415613920276	0.0010619748419922286	0.00016672828664141998	0	0	0	0	0.22987032650669376	0	0	0	0	0	0	0	0.22835773316140215	0.0011543464443341108	0	0.0016193124624697788	0.00161929358888462	0.0016193497721135647	0	0	0
0.000036307805477010174	0.0010972954546440092	0.00017254694460456878	0	0	0	0	0.23784119161914585	0	0	0	0	0	0	0	0.23645938480677325	0.0011925121984417014	0	0.00167333972989246	0.0016733173007163727	0.0016733659347886462	0	0	0
0.00003890451449942813	0.0011337908085690867	0.00017856866817328492	0	0	0	0	0.24608845034710314	0	0	0	0	0	0	0	0.24484846599733165	0.0012319398135735512	0	0.0017291695806292303	0.0017291433796173812	0.0017291838983348972	0	0	0
0.00004168693834703355	0.0011730565787361209	0.00018499869304446727	0	0	0	0	0.2538783119353069	0	0	0	0	0	0	0	0.25246959178457273	0.0012748182350210849	0	0.001787726688994507	0.0017876909030813907	0.0017877271174340857	0	0	0
0.00004466835921509635	0.0012136822123763385	0.00019166025472592407	0	0	0	0	0.261914759429828	0	0	0	0	0	0	0	0.2603279318750688	0.001319189066248356	0	0.0018482667925376428	0.0018482208026422335	0.0018482523747108091	0	0	0
0.0000478630092322639	0.0012532116620387098	0.00019927142189699864	0	0	0	0	0.26888007339183145	0	0	0	0	0	0	0	0.26880460754408425	0.0013601457009630997	0	0.001906805287263725	0.0019067618603233237	0.0019068026879428108	0	0	0
0.00005128613839913659	0.0012940285800141745	0.0002071848419571166	0	0	0	0	0.2760306216594329	0	0	0	0	0	0	0	0.27755729673911544	0.0014023739092301586	0	0.0019671978191767585	0.001967157163681931	0.0019672078015399836	0	0	0
0.00005495408738576248	0.0013400767696163634	0.00021785786754860033	0	0	0	0	0.2843117862632217	0	0	0	0	0	0	0	0.2848935014008665	0.0014474864910784834	0	0.002030348465946318	0.0020303058050097867	0.002030349258265164	0	0	0
0.00005888436553555896	0.0013877635905427707	0.0002290807088225467	0	0	0	0	0.2928413931839646	0	0	0	0	0	0	0	0.29242361160742464	0.001494050287205422	0	0.002095526363940208	0.0020954816107021336	0.0020955173659391	0	0	0
0.00006309573444801943	0.0014293740009511913	0.00023172475373926286	0	0	0	0	0.300996049986644	0	0	0	0	0	0	0	0.3005865856005577	0.0015443639434059252	0	0.0021635774215627923	0.002163516689017637	0.0021635495323805132	0	0	0
0.00006760829753919819	0.0014722320491173445	0.00023439931616903216	0	0	0	0	0.3093777868030021	0	0	0	0	0	0	0	0.3089774281438629	0.0015963719629233499	0	0.002233838399577343	0.0022337606971838155	0.0022337904019068856	0	0	0
0.00007244359600749906	0.0015203175873586914	0.00024179394852023495	0	0	0	0	0.3174661361409705	0	0	0	0	0	0	0	0.31711341839744867	0.0016495502231855174	0	0.0023042601572871185	0.0023041772354127524	0.0023042169438701626	0	0	0
0.00007762471166286927	0.0015699736789576851	0.00024942186050937886	0	0	0	0	0.3257659466691222	0	0	0	0	0	0	0	0.3254636454572782	0.001704499954903088	0	0.002376901960976899	0.0023768135677594902	0.002376863881179712	0	0	0
0.00008317637711026725	0.0016222470196939256	0.000256686258048537	0	0	0	0	0.3350188557217975	0	0	0	0	0	0	0	0.3337476740340217	0.0017633885577189351	0	0.0024555791014930516	0.00245549083333773	0.002455537041570561	0	0	0
0.00008912509381337459	0.0016762608368396468	0.0002641622307539587	0	0	0	0	0.3445345802308233	0	0	0	0	0	0	0	0.3422425560514442	0.0018243116971339956	0	0.0025368605111551084	0.0025367724731937165	0.002536814249342879	0	0	0
0.00009549925860214369	0.001729349153312044	0.0002707432652454856	0	0	0	0	0.35378868774190303	0	0	0	0	0	0	0	0.35190327718234693	0.0018854302224742504	0	0.0026174690669348143	0.002617371890163878	0.0026174196698389753	0	0	0
0.00010232929922807557	0.0017841188127377175	0.0002774882520736323	0	0	0	0	0.3632913581280624	0	0	0	0	0	0	0	0.3618366982774092	0.0019485963552193337	0	0.002700638953633706	0.0027005321461862505	0.002700586268716593	0	0	0
0.00010964781961431851	0.0018406190920522015	0.000286697051666522	0	0	0	0	0.3727477030482005	0	0	0	0	0	0	0	0.3709321080633495	0.0020108601247509398	0	0.0027836672292695366	0.0027835498307159498	0.002783619136219787	0	0	0
0.00011748975549395303	0.001898908647697285	0.00029621145695373684	0	0	0	0	0.38245019326535085	0	0	0	0	0	0	0	0.3802561471717655	0.002075113417143907	0	0.002869248121035621	0.002869119581124366	0.0028692049520089324	0	0	0
0.00012589254117941688	0.001955891705479917	0.0003052423122149843	0	0	0	0	0.3913762889892749	0	0	0	0	0	0	0	0.38949565318732365	0.002137945559406691	0	0.0029538948339512855	0.002953771431662328	0.002953853774449096	0	0	0
0.0001348962882591656	0.0020145847290780096	0.00031454849898294724	0	0	0	0	0.40051071297731117	0	0	0	0	0	0	0	0.3989596617442505	0.0022026801895377057	0	0.0030410387397569144	0.0030409208901238573	0.0030409999518221887	0	0	0
0.0001445439770745928	0.002075522808677141	0.00032450025831807963	0	0	0	0	0.40938160949479585	0	0	0	0	0	0	0	0.40719572074342325	0.0022704498293610476	0	0.0031285197996034244	0.0031283968988572754	0.003128482830891735	0	0	0
0.00015488166189124827	0.002138304171158156	0.00033476687375389027	0	0	0	0	0.4184489871611579	0	0	0	0	0	0	0	0.41560180361804444	0.0023403045308758572	0	0.0032185174126696525	0.0032183892677264477	0.0032184823999486197	0	0	0
0.00016595869074375631	0.002200756840081971	0.00034208964183409874	0	0	0	0	0.426309427580903	0	0	0	0	0	0	0	0.42356391415425704	0.0024133870490923217	0	0.0033117150522860225	0.0033115862083388666	0.0033116924520295004	0	0	0
0.00017782794100389227	0.0022650335412965567	0.0003495725898381897	0	0	0	0	0.4343175240483087	0	0	0	0	0	0	0	0.431678563018356	0.0024887517722092046	0	0.003407611387890743	0.00340748191190907	0.0034076019483605664	0	0	0
0.00019054607179632481	0.002331500637752493	0.0003594498876302336	0	0	0	0	0.4424465170165622	0	0	0	0	0	0	0	0.4399405742880983	0.002564128247127489	0	0.0035030609577199733	0.003502924115015567	0.0035030503497053985	0	0	0
0.00020417379446695317	0.002399918201974469	0.0003696062719825771	0.002391679625511333	0.00036123739975369286	0	0	0.45072765794804404	0	0	0	0	0	0	0	0.4483607143973745	0.0026417876387410336	0	0.0036011841365214577	0.0036010396159910914	0.003601172301968847	0	0	0
0.00021877616239495564	0.00246727225934551	0.000378316567575435	0.002459456884558938	0.0003703799922477195	0	0	0.45853091375513877	0	0	0	0	0	0	0	0.4555369161913425	0.002720805318896957	0	0.0036995655438278557	0.003699428272967136	0.0036995597661071684	0	0	0
0.00023442288153199226	0.0025365166182445883	0.0003872321336278773	0.002529154867768348	0.0003797539755046327	0	0	0.4664692640036723	0	0	0	0	0	0	0	0.4628279761130069	0.00280218647206096	0	0.0038006346507732307	0.0038005051335882043	0.0038006352696637424	0	0	0
0.0002511886431509582	0.002604373395479518	0.0003952175180164127	0.0025981897662732682	0.0003889432373163016	0	0	0.47334953204359853	0	0	0	0	0	0	0	0.4693731182056696	0.0028832342919540405	0	0.0039004327282239322	0.003900308037920318	0.003900435840596508	0	0	0
0.00026915348039269194	0.002674045474133567	0.00040336757459585144	0.002669109016453256	0.00039835486028306106	0	0	0.4803312817715035	0	0	0	0	0	0	0	0.4760108192775299	0.0029666262631642855	0	0.004002851330186467	0.004002731809574807	0.004002857066565027	0	0	0
0.00028840315031266115	0.002744128992371101	0.00041314836750596594	0.0027382565234148567	0.00040718149342168107	0	0	0.48655889619008985	0	0	0	0	0	0	0	0.4822000654421379	0.0030488984764584803	0	0.004101552579052145	0.004101435447890997	0.004101564130225595	0	0	0
0.0003090295432513592	0.0028160493153960068	0.00042316632352976444	0.0028091954063335705	0.00041620370457460723	0	0	0.4928672531770199	0	0	0	0	0	0	0	0.4884697861811343	0.0031334523108535054	0	0.0042026875771940305	0.004202573025996385	0.004202705226442017	0	0	0
0.0003311311214825914	0.0028861222904358608	0.0004328660551794093	0.0028783450303118225	0.00042496266707619477	0	0	0.49742571488187454	0	0	0	0	0	0	0	0.49310574335221075	0.0032162558521557525	0	0.004301169664883163	0.004301051934355404	0.004301194987645268	0	0	0
0.000354813389233576	0.00295793892166955	0.0004427881220878959	0.0029491968037687315	0.0004339059610079474	0	0	0.5020263371745555	0	0	0	0	0	0	0	0.4977856993528969	0.0033012475315791533	0	0.004401959495276803	0.004401838499317074	0.0044019928415029415	0	0	0
0.00038018939632056124	0.0030278522051623382	0.000451543294215817	0.003019058524254868	0.0004426100465279346	0	0	0.504932926752141	0	0	0	0	0	0	0	0.5016789822202153	0.0033866481557618716	0	0.004499989805294411	0.004499854701975728	0.0045000051510571	0	0	0
0.00040738027780411304	0.003099417945767393	0.00046047158083160764	0.003090575156336957	0.0004514887346382243	0	0	0.5078563446559461	0	0	0	0	0	0	0	0.5056027152420983	0.0034742580255528203	0	0.004600203220743249	0.004600053441768616	0.004600199747854805	0	0	0
0.00043651583224016654	0.003168247503463374	0.00046842020634555196	0.0031597318658509862	0.0004597729582158581	0	0	0.5105621023724811	0	0	0	0	0	0	0	0.5085247444117318	0.0035603415295298855	0	0.004697106716644773	0.004696947805037348	0.0046970901112927165	0	0	0
0.00046773514128719906	0.003238605576543698	0.00047650604043042856	0.0032304360706462694	0.00046820918638412496	0	0	0.5132822758286194	0	0	0	0	0	0	0	0.5114636608610624	0.003648557969403612	0	0.004796051489217638	0.0047958831266888624	0.004796021199708168	0	0	0
0.0005011872336272725	0.0033055008358018408	0.00048477005745927625	0.003296714500056437	0.00047584406292716967	0	0	0.5143737935938584	0	0	0	0	0	0	0	0.5124287103335646	0.0037336347469755856	0	0.004887850066267508	0.004887683839955893	0.00488782910032746	0	0	0
0.0005370317963702533	0.0033737778550815196	0.0004931773968631999	0.0033643527552328447	0.00048360343796687396	0	0	0.5154676325205472	0	0	0	0	0	0	0	0.5133955806988404	0.0038206953379178545	0	0.004981405709263662	0.004981241762632257	0.004981394434924859	0	0	0
0.0005754399373371578	0.0034388034374591356	0.0005020254143689399	0.003427615429320397	0.0004906551060553966	0	0	0.515011300834199	0	0	0	0	0	0	0	0.5134795795361213	0.003903837182703359	0	0.005069018899365866	0.005068843552002913	0.005068995218114325	0	0	0
0.0006165950018614823	0.003505082311115898	0.0005110321727542901	0.003492067683164853	0.0004978095981086111	0	0	0.5145553731278386	0	0	0	0	0	0	0	0.5135635921168096	0.003988788270504325	0	0.005158173034239057	0.005157985935841092	0.005158136513165606	0	0	0
0.0006606934480075965	0.0035627531071717733	0.000515401633993804	0.0035518683172709726	0.0005043586347013207	0	0	0.5131448634762301	0	0	0	0	0	0	0	0.5117392121495002	0.004069853501669888	0	0.0052390128392843975	0.005238819560991213	0.005238970132394171	0	0	0
0.0007079457843841388	0.003621372788424195	0.0005198084552911408	0.0036126930196838797	0.0005109938284923951	0	0	0.5117382203423589	0	0	0	0	0	0	0	0.5099213130977308	0.004152566243622747	0	0.005321119580129753	0.005320919974193131	0.0053210705025086204	0	0	0
0.0007585775750291852	0.003676034515791178	0.0005248959641594888	0.003667744222276889	0.000516479611083464	0	0	0.5086383263530101	0	0	0	0	0	0	0	0.5065640259471957	0.004230962908748307	0	0.00539422615354004	0.00539403278806367	0.005394187067379287	0	0	0
0.0008128305161640995	0.0037315213182369535	0.0005300332658817663	0.00372363431012542	0.0005220242863831309	0	0	0.5055572102121072	0	0	0	0	0	0	0	0.5032288429463048	0.00431083963144363	0	0.0054683371341987174	0.005468150218349798	0.005468308323327811	0	0	0
0.0008709635899560814	0.003778183687374839	0.0005337555368265569	0.003770816334983878	0.000526277333812078	0	0	0.5010535619861984	0	0	0	0	0	0	0	0.49873617825552297	0.004383466258054483	0	0.005531116300598475	0.005530931460195837	0.005531096621888597	0	0	0
0.0009332543007969925	0.003825429565625461	0.0005375039482079542	0.0038185962014358824	0.0005305650317599851	0	0	0.49659003354680065	0	0	0	0	0	0	0	0.4942836226250757	0.0044573164576450375	0	0.005594616202321806	0.005594433509658771	0.005594605869269936	0	0	0
0.001	0.003864506413066817	0.0005401787439360916	0.0038581257542516117	0.000533702186354249	0	0	0.4911752375624315	0	0	0	0	0	0	0	0.4883621573762217	0.004524241780285213	0	0.005644807895791423	0.005644624475996739	0.005644800654000554	0	0	0
0.001071519305237607	0.0039039824313672256	0.000542866850324013	0.0038980645112521683	0.0005368578904916582	0	0	0.48581948427640814	0	0	0	0	0	0	0	0.48251163065150293	0.00459217196736637	0	0.005695449880398491	0.00569526573512978	0.005695445786168155	0	0	0
0.001148153621496884	0.003936037215222848	0.0005457544556987964	0.003929238794070883	0.0005388475400247445	0	0	0.47864697604272044	0	0	0	0	0	0	0	0.475326611586479	0.004649993984350594	0	0.005733353739178343	0.005733169149960972	0.005733350456907858	0	0	0
0.0012302687708123836	0.003968355194209619	0.0005486574207603893	0.003960662389312835	0.0005408445633998367	0	0	0.4715803607919764	0	0	0	0	0	0	0	0.4682485837226722	0.004708544063278462	0	0.0057715098523964834	0.005771324821477395	0.005771507393074673	0	0	0
0.0013182567385564075	0.003989707289488932	0.0005495402705948311	0.003981590990618955	0.000541295175135031	0	0	0.46314352983481855	0	0	0	0	0	0	0	0.4599738450532787	0.004758905104175961	0	0.00579410268685854	0.005793919355631443	0.00579410026406699	0	0	0
0.0014125375446227555	0.004011174271654761	0.0005504245410312751	0.0040026301810916366	0.0005417461623032977	0	0	0.45485763840465926	0	0	0	0	0	0	0	0.4518453349095594	0.004809804790227083	0	0.005816783961985539	0.005816602346593848	0.0058167815760479386	0	0	0
0.0015135612484362103	0.004019562455818763	0.0005491139546097949	0.004011213474427021	0.0005406345791558587	0	0	0.445082813103251	0	0	0	0	0	0	0	0.44239008918080736	0.00484730494707717	0	0.005821458662370405	0.0058212813309196365	0.005821461986710197	0	0	0
0.0016218100973589332	0.00402796818138805	0.0005478064887555136	0.004019815173890658	0.000539525276812936	0	0	0.4355180473932528	0	0	0	0	0	0	0	0.43313270246460644	0.004885097477906054	0	0.005826137119611951	0.0058259640791084154	0.005826146163414495	0	0	0
0.0017378008287493763	0.004023585039074864	0.0005449644011855515	0.004015345953646714	0.0005365952721448627	0	0	0.42517359352752604	0	0	0	0	0	0	0	0.42271120163166603	0.004910152200474377	0	0.005811858404837917	0.005811688213627308	0.005811870922109373	0	0	0
0.0018620871366628695	0.004019206666396308	0.0005421370587161327	0.0040108817022704215	0.0005336811794789208	0	0	0.41507484182367366	0	0	0	0	0	0	0	0.4125404500009739	0.004935335423881378	0	0.0057976146843819664	0.005797447329538538	0.0057976306580445345	4.240544468548932e-11	4.240544468548932e-11	4.240544468548932e-11
0.001995262314968883	0.004001243298587058	0.0005376199022190675	0.003992634010848257	0.0005288734359886004	0	0	0.4040327142967527	0	0	0	0	0	0	0	0.4014888931844279	0.004947030548431239	0	0.005763212055036211	0.00576304511168225	0.005763225055564837	3.95750636299418e-11	3.95750636299418e-11	3.95750636299418e-11
0.0021379620895022326	0.003983360215921081	0.0005331403832575501	0.003974469338140421	0.0005241090037454392	0	0	0.3932843376022965	0	0	0	0	0	0	0	0.39073339681012265	0.004958753386586451	0	0.005729013568423342	0.005728847037568225	0.0057290236305417245	3.693359833695781e-11	3.693359833695781e-11	3.693359833695781e-11
0.0022908676527677745	0.0039507213203168745	0.0005270612828835638	0.003941401728192526	0.0005175921036214083	0	0	0.3813446378685006	0	0	0	0	0	0	0	0.3789692149078279	0.004952175409700983	0	0.005673768370400801	0.005673603357523731	0.005673775458254999	3.446843949187446e-11	3.446843949187446e-11	3.446843949187446e-11
0.0024547089156850338	0.003918349861612305	0.000521051499077067	0.003908609240967857	0.0005111562362346953	0	0	0.36976741488778975	0.36930734664067183	0	0	0	0	0	0	0.367559228415908	0.004945606158754583	0	0.005619055904910329	0.005618892396220876	0.005619060074928116	3.216781939755267e-11	3.216781939755267e-11	3.216781939755267e-11
0.002630267991895387	0.003868947506695428	0.0005117852488464906	0.003859842664926469	0.0005025387632744421	0	0	0.3574590574534669	0.35725948760241627	0	0	0	0	0	0	0.3551766422694059	0.004920223623529835	0	0.005541676626758994	0.005541515512094417	0.005541679911898002	3.002075580002689e-11	3.002075580002689e-11	3.002075580002689e-11
0.002818382931264455	0.0038201680141460117	0.000502683787304725	0.0038116845352127115	0.0004940665704359146	0	0	0.3455604053004416	0.34560466409060275	0	0	0	0	0	0	0.34321120913613784	0.004894971360120872	0	0.0054653629284467965	0.005465204172878762	0.005465365352287453	2.8016999463551347e-11	2.8016999463551347e-11	2.8016999463551347e-11
0.003019951720402019	0.0037559525517741814	0.0004920285710150752	0.003747615258932188	0.00048355991617618374	0	0	0.33293957592003054	0.33310204933657694	0	0	0	0	0	0	0.3305655544288559	0.004850583156671057	0	0.0053662317109109256	0.005366077938661939	0.0053662352582430515	2.614698524478627e-11	2.614698524478627e-11	2.614698524478627e-11
0.0032359365692962876	0.0036928165250691455	0.0004815992097003544	0.0036846229007767555	0.00047327669290802166	0.003692381874802843	0.0004811578222875094	0.320779694413873	0.32105172991282066	0	0	0	0	0	0	0.31838583025856965	0.004806597470919617	0	0.005268898543828212	0.005268749626352367	0.0052689031730986675	2.4401786432572238e-11	2.4401786432572238e-11	2.4401786432572238e-11
0.0034673685045253167	0.003614059635610656	0.00046953369880552474	0.0036057182684337205	0.0004610593735664424	0.003613544495084914	0.0004690102806196938	0.3080557964592536	0.30826481114676907	0	0	0	0	0	0	0.30585008865700375	0.004741080661772108	0	0.005149119057241179	0.005148975057282643	0.005149124123926148	2.277307213532774e-11	2.277307213532774e-11	2.277307213532774e-11
0.003715352290971728	0.003536982398416247	0.0004577704653028105	0.0035285033452340194	0.00044915743610216794	0.0035363904007506557	0.00045716942162798963	0.2958365987147123	0.29598717258790996	0	0	0	0	0	0	0.2938079143017362	0.004676456886065997	0	0.005032062554459527	0.005031923325396918	0.005032068036278886	2.125306751265472e-11	2.125306751265472e-11	2.125306751265472e-11
0.003981071705534978	0.003444265173216393	0.00044416105960193417	0.0034356220721860464	0.0004353787731997363	0.0034429430529735066	0.00044281374379584736	0.2833065439450511	0.2832974299290688	0	0	0	0	0	0	0.2812789910680984	0.00458964786445719	0	0.0048930992007747125	0.004892966982859833	0.004893106473441824	1.9834516661313814e-11	1.9834516661313814e-11	1.9834516661313814e-11
0.004265795188015935	0.003353978405078638	0.0004309562582553573	0.00334518572551023	0.0004220227940516394	0.003351965004627984	0.00042890885176929624	0.27130719522465097	0.2711517296601044	0	0	0	0	0	0	0.26928434179289845	0.004504450277833513	0	0.004757973401464138	0.004757847913644029	0.004757982361888586	1.851064797840068e-11	1.851064797840068e-11	1.851064797840068e-11
0.004570881896148752	0.003248259639175668	0.0004154207309329652	0.003239958101925869	0.0004069871928585793	0.003246757688880368	0.0004138953788392475	0.2589196307484372	0.25870836231631844	0	0	0	0	0	0	0.256955379968622	0.004397477437484929	0	0.004602198793815323	0.004602079722037251	0.00460220716586258	1.727514183638159e-11	1.727514183638159e-11	1.727514183638159e-11
0.004897788193684466	0.0031458731718489574	0.00040044524330035944	0.0031380405644394994	0.0003924872719804765	0.0031448524897334726	0.00039940743567733314	0.2470976677614328	0.24683603094212192	0	0	0	0	0	0	0.2451908895081551	0.004293045015581754	0	0.0044515241996261595	0.004451411258281561	0.004451532012218257	1.6122100415681137e-11	1.6122100415681137e-11	1.6122100415681137e-11
0.005248074602497733	0.0030298499041718206	0.0003839260733331513	0.003022342722518273	0.00037629877939706713	0.003029428640975069	0.00038349974624550445	0.23502486976037032	0.23471081113696451	0	0	0	0	0	0	0.23317045524445532	0.004152156536430032	0	0.004281719716914007	0.004281608925708653	0.004281726195242927	1.5046019550815374e-11	1.5046019550815374e-11	1.5046019550815374e-11
0.005623413251903491	0.002918105702403302	0.0003680883522805481	0.0029109105968458844	0.00036077799583464316	0.002918241132364799	0.0003682256318562397	0.22354192941719256	0.22318121327063953	0	0	0	0	0	0	0.2217393203636888	0.004015891713327956	0	0.004118392467854003	0.004118283827090166	0.004118397702343789	1.4041762455674076e-11	1.4041762455674076e-11	1.4041762455674076e-11
0.0060255958607435805	0.002793741530561978	0.0003510110012170576	0.002786684564685071	0.0003438401470686333	0.00279354270355214	0.0003508069738389613	0.21182793412258452	0.2115542026013504	0	0	0	0	0	0	0.21021441861832496	0.0038689843095099517	0	0.003937520163160436	0.003937413475649051	0.003937523541880459	1.3104535202527544e-11	1.3104535202527544e-11	1.3104535202527544e-11
0.006456542290346563	0.002674677525614895	0.00033472594884364706	0.002667760003164799	0.00032769749846486276	0.002674172723432735	0.00033421229335304934	0.20072777304744419	0.20053292112907856	0	0	0	0	0	0	0.19928852367077415	0.0037274510011200963	0	0.0037645914410322765	0.00376448674475571	0.003764593116890927	1.2229863837704392e-11	1.2229863837704392e-11	1.2229863837704392e-11
0.006918309709189377	0.0025443350618888794	0.0003170016772929479	0.002537830667738433	0.00031039337408306743	0.002543500748500699	0.00031615128641579454	0.18962098781248107	0.1894841887497113	0	0	0	0	0	0	0.18824172213313012	0.0035659619772125503	0	0.003576794574705517	0.0035766941909020386	0.0035767958736643663	1.1413573024699211e-11	1.1413573024699211e-11	1.1413573024699211e-11
0.007413102413009177	0.002420344450932952	0.0003002159341207276	0.0024142293498939757	0.0002940029970506524	0.002419213987538959	0.0002990663057291453	0.17912876964206903	0.1790442067266626	0	0	0	0	0	0	0.17780725803451367	0.00341146934436012	0	0.003398365966144462	0.0033982697250970312	0.003398366921636467	1.0651766112761075e-11	1.0651766112761075e-11	1.0651766112761075e-11
0.00794328234724282	0.0022878659789086716	0.000282480405528633	0.00228218818228032	0.0002767124270569753	0.0022870088182877944	0.00028160954620970734	0.16875593925510307	0.1686222111921578	0	0	0	0	0	0	0.1674440325868535	0.0032408523686691428	0	0.0032085099801097503	0.00320841869990394	0.0032085109076714614	9.940806535817916e-12	9.940806535817916e-12	9.940806535817916e-12
0.008511380382023776	0.002162638766325221	0.0002657926193735355	0.002157368727030296	0.00026043873040712567	0.0021620283951181065	0.0002651717528763013	0.1589837695573818	0.15880687025378332	0	0	0	0	0	0	0.1576848119636656	0.0030787684177412504	0	0.003029260649094629	0.0030291740758157048	0.00302926154886461	9.277300452942902e-12	9.277300452942902e-12	9.277300452942902e-12
0.009120108393559097	0.002031410275081691	0.0002486596783178483	0.0020264599227479457	0.0002436306248077965	0.0020311347388611125	0.0002483805626059111	0.1492409059918319	0.1490626746808157	0	0	0	0	0	0	0.14803066449038987	0.0029044201993778133	0	0.002842063086457588	0.0028419800421845397	0.002842062659574282	8.65808054749485e-12	8.65808054749485e-12	8.65808054749485e-12
0.009772372209558112	0.0019081447026492882	0.0002326311233429689	0.001903494644680614	0.00022790727497193025	0.001908165654402992	0.0002326526231065329	0.14009510582917617	0.13991637104547305	0.13931447920392453	0	0	0	0	0	0.13896758575908777	0.0027399451826073643	0	0.0026664336691591497	0.0026663540483391553	0.002666432076151981	8.08019090759633e-12	8.08019090759633e-12	8.08019090759633e-12
0.010471285480509006	0.001781374532758713	0.00021629529330502965	0.001777065518972781	0.00021191822142615168	0.0017816510860997948	0.00021657751717826842	0.13106112303150658	0.13098239674674103	0.13021535185514077	0	0	0	0	0	0.13007340774912174	0.00256705449751374	0	0.0024861827717269575	0.0024861069142004095	0.0024861813668654443	7.540872915775013e-12	7.540872915775013e-12	7.540872915775013e-12
0.011220184543019653	0.0016630265102827292	0.00020110659843625267	0.0016590337501327054	0.00019705089527288953	0.0016635246448735161	0.00020161311882404518	0.1226096933837529	0.12261887675706529	0.12171052108617046	0	0	0	0	0	0.12174847329362097	0.0024050732237404153	0	0.002318116833703623	0.0023180445945222465	0.002318115598830135	7.037552080410574e-12	7.037552080410574e-12	7.037552080410574e-12
0.012022644346174132	0.0015428864719001757	0.0001859345493359068	0.0015392133484041625	0.00018220365350441153	0.001543415226211448	0.00018647239471197225	0.11435683038044903	0.11443330585255246	0.11340720417047409	0	0	0	0	0	0.11360345870442175	0.0022388822990740344	0	0.0021487417036781396	0.0021486739305678483	0.0021487410626165188	6.567825746125988e-12	6.567825746125988e-12	6.567825746125988e-12
0.01288249551693135	0.0014314255668527271	0.00017190712241948303	0.001428046736069137	0.0001684751104752939	0.0014319779197995912	0.00017246870735611314	0.10665946789159554	0.10679417259944245	0.10567035489608913	0	0	0	0	0	0.10600334838271382	0.002084175192517151	0	0.001991742108075271	0.0019916785340591825	0.001991741980643429	6.129451624457282e-12	6.129451624457282e-12	6.129451624457282e-12
0.013803842646028866	0.0013204532261047745	0.0001583613426323464	0.0013170543308151765	0.00015490804100562673	0.0013210218754877447	0.00015893957269355754	0.09921426576368604	0.09930539161680411	0.09809736802575653	0	0	0	0	0	0.09862148658513259	0.0019283192773905744	0	0.0018354772472736404	0.0018354181581787632	0.0018354774609415964	5.720337090051859e-12	5.720337090051859e-12	5.720337090051859e-12
0.014791083881682071	0.0012180840993109786	0.0001458829307788893	0.0012146886138291178	0.00014243350902399298	0.0012186632010089884	0.00014647171742204925	0.09228876466017867	0.09234175015480511	0.09106710792297046	0	0	0	0	0	0.09175368292278946	0.0017841183643805003	0	0.0016914723606033786	0.0016914174440121911	0.001691472862632676	5.33852919129945e-12	5.33852919129945e-12	5.33852919129945e-12
0.01584893192461114	0.0011179704838702328	0.0001339875040729019	0.0011143272704910636	0.00013028545297271945	0.0011179974017138257	0.00013401433187529234	0.08557813065874938	0.08562189508855243	0.08420336059222436	0	0	0	0	0	0.08511999618241992	0.0016416706140073615	0	0.001550501734302878	0.0015504494855490005	0.0015505023750297508	4.982205327710491e-12	4.982205327710491e-12	4.982205327710491e-12
0.01698243652461746	0.0010260851475789202	0.0001230620412671599	0.0010222580928339465	0.00011917349626938819	0.0010256469459355127	0.00012261644407589501	0.07935544997283965	0.07939105449338936	0.07785693536047554	0	0	0	0	0	0.07896591743562141	0.0015105961906463088	0	0.0014212798766742266	0.0014212302325184206	0.001421280629493	4.649664549539495e-12	4.649664549539495e-12	4.649664549539495e-12
0.018197008586099864	0.0009365263411440386	0.00011204527863559336	0.0009330139107783898	0.00010847637010910222	0.0009360435977844762	0.00011155409045751428	0.0733887774475766	0.07341973359883684	0.07168855432807258	0	0	0	0	0	0.07300354088017999	0.001382699447308378	0	0.0012962208044236647	0.001296174884481514	0.001296222724066285	4.3393194381210355e-12	4.3393194381210355e-12	4.3393194381210355e-12
0.019498445997580455	0.000854784410169218	0.00010201475885869248	0.0008515608375304803	0.00009873942814808174	0.0008542682454478812	0.00010148977318328319	0.06787073423556077	0.06789753979364299	0.06600887638146095	0	0	0	0	0	0.06749135771630996	0.0012656312609718092	0	0.0011821657376535522	0.0011821232708957973	0.0011821686129537866	4.049688528158444e-12	4.049688528158444e-12	4.049688528158444e-12
0.02089296130854041	0.000776091305709801	0.00009226099333565233	0.0007733232916682074	0.00008944925826668774	0.0007759867901973407	0.00009215541911145953	0.062592229306142	0.06259701868467502	0.06056901915224761	0	0	0	0	0	0.062243889724874525	0.0011528321182005916	0	0.0010728249757997507	0.0010727844940586553	0.0010728267698893919	3.779389235792103e-12	3.779389235792103e-12	3.779389235792103e-12
0.022387211385683423	0.0007046428405018588	0.00008343979818716182	0.0007022738565230762	0.0000810331794960476	0.0007048787096669733	0.00008367957682072752	0.05772424909851559	0.05771029053657137	0.0555774659738897	0	0	0	0	0	0.05740441353050564	0.0010500861773391874	0	0.0009735973493735582	0.0009735588487489751	0.0009735982376621422	3.527131258688831e-12	3.527131258688831e-12	3.527131258688831e-12
0.02398832919019495	0.0006367116779341709	0.00007526557559164691	0.0006345243870544757	0.00007304347830906211	0.0006370651039048356	0.00007562505594388678	0.05305527030718745	0.05307777547980888	0.05075501936609564	0	0	0	0	0	0.052827429666339715	0.0009521274740371668	0	0.0008790980733383316	0.0008790617391552073	0.0008790981455888146	3.2917104166468545e-12	3.2917104166468545e-12	3.2917104166468545e-12
0.025703957827688646	0.0005753294257967829	0.00006789214490230568	0.0005733108160400804	0.00006584154486677492	0.0005757755781913579	0.00006834581750776001	0.048763938055993175	0.04881712123940355	0.046351015572804084	0	0	0	0	0	0.04861537908873563	0.0008633069803027944	0	0.0007937710831324887	0.000793736857550588	0.0007937704893893576	3.072002903313937e-12	3.072002903313937e-12	3.072002903313937e-12
0.02754228703338169	0.0005173813402989564	0.00006098780119019712	0.0005154866762449678	0.00005906293507306285	0.0005177261531898632	0.00006133833211439239	0.04470701137662012	0.04477131078865165	0.04212147369584189	0	0	0	0	0	0.0445976244520266	0.0007790563349415878	0	0.00071325097578259	0.000713219499285156	0.0007132506753429426	2.8669599215785727e-12	2.8669599215785727e-12	2.8669599215785727e-12
0.0295120922666639	0.0004652698771991807	0.000054785600003759653	0.00046349468028788554	0.00005298220609044633	0.00046552924411755913	0.000055049323042310717	0.040987601615239004	0.04106080446456344	0.03827787858332281	0	0	0	0	0	0.04091191191029605	0.0007030277605304963	0	0.0006408988249448541	0.0006408698919819882	0.0006408987644130277	2.6756026770258057e-12	2.6756026770258057e-12	2.6756026770258057e-12
0.03162277660168379	0.0004162054067714524	0.000048930638384266355	0.0004145851583160003	0.00004728458039299874	0.00041639615405289243	0.00004912451348987995	0.03749487340230082	0.03754802164056292	0.03459688145008446	0	0	0	0	0	0.03742753055284884	0.0006314846823112978	0	0.0005729122687210893	0.0005728860014292961	0.0005729121151481971	2.4970177055582798e-12	2.4970177055582798e-12	2.4970177055582798e-12
0.03388441561392028	0.0003723149705469359	0.00004370139913640682	0.0003708367340681101	0.00004219966867980441	0.00037244868996082794	0.000043837375143788776	0.034299775445554896	0.03433576003940493	0.031269867881149695	0	0	0	0	0	0.034239906615850246	0.0005672221303080408	0	0.0005121377273228524	0.0005121138857352815	0.0005121375011296679	2.3303525128784972e-12	2.3303525128784972e-12	2.3303525128784972e-12
0.03630780547701017	0.00033152577009877386	0.00003900351203711578	0.00033000605492546916	0.00003745945740013023	0.0003315149640717331	0.00003899262759504238	0.03127003731295372	0.03132749912045295	0.028135755320778232	0	0	0	0	0	0.03123562211576676	0.0005071809470750546	0	0.00045543548708597986	0.0004554140881091317	0.0004554355586321705	2.1748115050169318e-12	2.1748115050169318e-12	2.1748115050169318e-12
0.038904514499428125	0.00029520525612528183	0.00003481064637040626	0.00029367100473781465	0.00003325170534771779	0.0002950800321382288	0.000034683303956466143	0.028507919391648325	0.028582801138395557	0.025315768217489334	0	0	0	0	0	0.02849494012659851	0.00045349519937851196	0	0.0004050111363236566	0.000404991931336696	0.0004050114424526002	2.0296521904798273e-12	2.0296521904798273e-12	2.0296521904798273e-12
0.04168693834703355	0.00026136140305960516	0.00003083880203361857	0.00025990282859455143	0.000029356632540030152	0.0002612399550065734	0.00003071532019331865	0.025914106547420098	0.026004003788823702	0.02266122385460281	0	0	0	0	0	0.025920117664889206	0.00040369288326388476	0	0.0003582016195409629	0.00035818394030205533	0.0003582016297476637	1.8941816358873355e-12	1.8941816358873355e-12	1.8941816358873355e-12
0.04466835921509635	0.0002313975838570275	0.000027320139383485245	0.00023001753398077453	0.00002591782481765265	0.00023128069221527866	0.000027201298231629343	0.02355629356619318	0.023657870681568657	0.02028502797847731	0	0	0	0	0	0.023577957938383628	0.00035935979966545594	0	0.00031680215365543205	0.0003167859040224811	0.0003168019322537983	1.7677531581825349e-12	1.7677531581825349e-12	1.7677531581825349e-12
0.0478630092322639	0.00020367301643423394	0.00002405747491284282	0.00020238716403289282	0.000022750797129038955	0.00020358287162226815	0.00002396581948129493	0.02136385489593871	0.021448013926278892	0.018083869478758348	0	0	0	0	0	0.021397231699715188	0.00031869812253895334	0	0.0002785679537017757	0.0002785530299750275	0.00027856775251386146	1.6497632376213133e-12	1.6497632376213133e-12	1.6497632376213133e-12
0.05128613839913648	0.00017927022802904723	0.00002118444899047333	0.0001780758338566522	0.000019970764277029644	0.00017920209949644529	0.000021115187169344683	0.019375471558469158	0.0194445775604076	0.016121561955534318	0	0	0	0	0	0.019418200914929826	0.00028263732728148417	0	0.00024494816065548684	0.00024493447947975146	0.00024494797802703086	1.5396486368068612e-12	1.5396486368068612e-12	1.5396486368068612e-12
0.05495408738576248	0.00015681592627558286	0.000018524783772022846	0.00015572807331952208	0.000017419288026219334	0.00015679769695224122	0.00001850622323449687	0.017510894361204392	0.017586229248859005	0.014326618291989862	0	0	0	0	0	0.01756286150370176	0.00024979084676014963	0	0.0002140572723340499	0.0002140449628475628	0.0002140572215172412	1.436883712016227e-12	1.436883712016227e-12	1.436883712016227e-12
0.05888436553555896	0.0001371741142075443	0.000016199034204501785	0.00013618486177822563	0.000015193789838548879	0.0001371943623351051	0.000016219619350675186	0.01582575269995062	0.015905486155850475	0.012731520199500168	0	0	0	0	0	0.01588479311495083	0.00022076159481585972	0	0.0001870620939405174	0.00018705102775945452	0.00018706214459392206	1.3409779039842879e-12	1.3409779039842879e-12	1.3409779039842879e-12
0.06309573444801943	0.00011922075990161945	0.000014078342260523996	0.00011831907986021255	0.000013162009888114816	0.00011919329388094516	0.000014050335909231872	0.014257403055327479	0.014338304895025912	0.011308969096351568	0	0	0	0	0	0.014328290116418193	0.00019479811756524434	0	0.00016239319002424633	0.0001623833371684518	0.00016239339880399055	1.2514733961670709e-12	1.2514733961670709e-12	1.2514733961670709e-12
0.06760829753919818	0.00010361714142374207	0.000012235280097709543	0.00010279706919088537	0.000011401928428370221	0.00010355411887470933	0.000012171182004590853	0.012844478599914945	0.012925539354677575	0.010045366147811338	0	0	0	0	0	0.012924304155212375	0.00017188817030704302	0	0.00014097750971737115	0.00014096874262499437	0.00014097783403670494	1.1679429293059372e-12	1.1679429293059372e-12	1.1679429293059372e-12
0.07244359600749906	0.0000894372926581828	0.000010561188397644329	0.00008869164943343888	9.803401066222174e-6	0.00008936722360852605	0.000010489923020909143	0.011524436856001194	0.011621214046015866	0.008953237498212037	0	0	0	0	0	0.011612531195762688	0.0001513086908717877	0	0.00012151977432787515	0.00012151187482440107	0.00012151995826410704	1.0899877618602014e-12	1.0899877618602014e-12	1.0899877618602014e-12
0.07762471166286927	0.00007719793470573978	9.1161542261233e-6	0.0000765217213013839	8.428984015201675e-6	0.00007712393038812104	9.040903746496765e-6	0.010340057310604896	0.010448509125806246	0.007979844688573679	0	0	0	0	0	0.010433898734747446	0.0001331931097552449	0	0.00010474759826799602	0.0001047404938740155	0.00010474767439444096	1.0172357665721187e-12	1.0172357665721187e-12	1.0172357665721187e-12
0.08317637711026708	0.00006613268817280734	7.821333110255361e-6	0.00006550858557436836	7.187045626092151e-6	0.00006603889772303411	7.725954296709349e-6	0.009245281997658835	0.009356784493061506	0.00715015008006793	0	0	0	0	0	0.009348751002115508	0.00011684707698143429	0	0.00008957593449907984	0.00008956970537484494	0.0000895760613221056	9.493396540779553e-13	9.493396540779553e-13	9.493396540779553e-13
0.08912509381337459	0.00005665349029909434	6.710423069223432e-6	0.00005608047899305047	6.128096190284949e-6	0.000056547118261818496	6.602256972149558e-6	0.008266418323288184	0.00837912997877966	0.00640672195546619	0	0	0	0	0	0.008376460949203466	0.00010250709983567704	0	0.00007660173764418387	0.0000765962792822653	0.00007660189888098762	8.85975315085379e-13	8.85975315085379e-13	8.85975315085379e-13
0.09549925860214369	0.000048147747553994156	5.69808531633156e-6	0.00004763676881907209	5.178723121089561e-6	0.000048083803999146414	5.633035857092054e-6	0.007361139470845352	0.007471020613365439	0.005762049515314167	0	0	0	0	0	0.00747483788471348	0.00008990361656151478	0	0.00006497923235268297	0.00006497440127256192	0.00006497921505341388	8.268402732033986e-13	8.268402732033986e-13	8.268402732033986e-13
0.10232929922807536	0.0000409190251524577	4.838469339005607e-6	0.00004046437876899975	4.376428230259336e-6	0.00004088718007385135	4.806097839138481e-6	0.0065550002661471304	0.006661329893042255	0.005182246841320337	0	0	0	0	0	0.006670263461093453	0.00007884976049265589	0	0.000055120167857766174	0.000055115899365954916	0.000055120022488186505	7.71652241039232e-13	7.71652241039232e-13	7.71652241039232e-13
0.10964781961431873	0.00003445228509213348	4.05341089273909e-6	0.000034066012620168225	3.6608335598367864e-6	0.00003442951378312226	4.030287656854861e-6	0.005805347988634937	0.00591395915332534	0.004643996602304036	0	0	0	0	0	0.005924199428173556	0.00006915263341945766	0	0.0000463257388870432	0.00004632203246849744	0.00004632552811257992	7.201477726694977e-13	7.201477726694977e-13	7.201477726694977e-13
0.11748975549395303	0.000029007532404480188	3.3957309045907418e-6	0.000028679378039198806	3.0622465736250095e-6	0.00002899176263075953	3.379710347284251e-6	0.005141428512703509	0.005250439991529627	0.004161651326650582	0	0	0	0	0	0.005261582105336937	0.00006064808160439924	0	0.000038934462046057736	0.00003893124700307387	0.00003893421043812896	6.720810060531836e-13	6.720810060531836e-13	6.720810060531836e-13
0.12589254117941662	0.000024201990776559246	2.8312856937434052e-6	0.00002391090068927954	2.5353954286592032e-6	0.00002418594256121283	2.814982574578958e-6	0.004528934523616021	0.0046362979537189035	0.0036649859348651297	0	0	0	0	0	0.004648356055437133	0.000053046422901689985	0	0.00003240188633073341	0.00003239911516946499	0.00003240156409111329	6.272224893831032e-13	6.272224893831032e-13	6.272224893831032e-13
0.1348962882591656	0.000020192560655665637	2.3606636994582794e-6	0.000019935270945943922	2.099187581768223e-6	0.000020176759344519898	2.3446171656545907e-6	0.0039894064205155165	0.004093991884553594	0.003227594252488634	0	0	0	0	0	0.004106600179478762	0.00004639755962966522	0	0.000026965371617252433	0.00002696298589360276	0.000026965009531113112	5.853580857733745e-13	5.853580857733745e-13	5.853580857733745e-13
0.1445439770745928	0.000016678102023607057	1.9598791783819383e-6	0.000016440711204441797	1.718589137409391e-6	0.000016667458433978077	1.9490551995292125e-6	0.0034948601632330545	0.003598228315914081	0.0027506758539939296	0	0	0	0	0	0.0036102319022463347	0.00004081555569144537	0	0.00002219629561730126	0.000022194362836226675	0.000022196070731040547	5.462879510542965e-13	5.462879510542965e-13	5.462879510542965e-13
0.15488166189124797	0.000013775325074078666	1.6271383317905516e-6	0.000013558731438403284	1.406996044028456e-6	0.000013768522779345112	1.6202287633389697e-6	0.0030616202695575583	0.003162499432960561	0.0023442282585276336	0	0.0018511387436943672	0.0018770267598946515	0	0	0.003173860083367435	0.000035905112245091954	0	0.000018270674927966268	0.000018269109498846372	0.000018270550037406836	5.09825579794999e-13	5.09825579794999e-13	5.09825579794999e-13
0.1659586907437563	0.000011260948392925427	1.3581706798351438e-6	0.000011043665112859595	1.1376147286748176e-6	0.000011223147558611001	1.3200760331462555e-6	0.002666265665836321	0.002763571369837394	0.0019241440015811998	0	0.0015750234692770383	0.0015990250136671837	0.0014684261930004276	0.001529337243079684	0.0027755933926588176	0.00003130976262002573	0	0.000014853601311380237	0.000014852277861435339	0.000014853498806496218	4.757969150000012e-13	4.757969150000012e-13	4.757969150000012e-13
0.1778279410038923	9.205514790119206e-6	1.1336636593976574e-6	8.995129056067219e-6	9.198087488522607e-7	9.148333713135535e-6	1.0755275876574497e-6	0.002321964180699976	0.002414965402550392	0.0015793385841813524	0	0.0013400934625908717	0.0013621974118668751	0.0012377615991109832	0.0012909438072564489	0.002427302552416727	0.000027302553147048562	0	0.000012075606007292552	0.000012074488780485656	0.000012075521883187955	4.4403951722969214e-13	4.4403951722969214e-13	4.4403951722969214e-13
0.1905460717963252	7.397902347096594e-6	9.136019925287842e-7	7.220525747956344e-6	7.332817105748766e-7	7.372666945725158e-6	8.87662189530254e-7	0.0020093903203236953	0.002097842002563933	0.0012613001326158611	0	0.0011303322136179635	0.0011501917814525939	0.0010333604093540835	0.0010793972381876178	0.002108813330049005	0.000023726622130116364	0	9.676345648494822e-6	9.67546875141761e-6	9.676333958145995e-6	4.144017891784288e-13	4.144017891784288e-13	4.144017891784288e-13
0.20417379446695316	5.945236131272272e-6	7.362577020384113e-7	5.79602490991893e-6	5.845802920819903e-7	5.941652283031855e-6	7.326117635325691e-7	0.0017388939471897505	0.0018223619531251888	0.0010073065018932844	0	0.0009534043324652524	0.000971181652964698	0.0008627135761744564	0.0009025167410525558	0.0018321134530858915	0.00002061904594318822	0	7.75378602552956e-6	7.75309806167168e-6	7.753821306881e-6	3.8674225200873715e-13	3.8674225200873715e-13	3.8674225200873715e-13
0.21877616239495518	4.697367762802995e-6	5.853681878671366e-7	4.572472984540711e-6	4.584119047482522e-7	4.696197042875307e-6	5.841644981898395e-7	0.0014938446550561398	0.0015736278010795536	0.0007853054790760236	0	0.000795446328401103	0.000811184445778936	0.0007127313421846619	0.0007463926830526054	0.001582814088301628	0.000017764148124485186	0	6.107733534496717e-6	6.107177054705576e-6	6.107743833839891e-6	3.6092886998706826e-13	3.6092886998706826e-13	3.6092886998706826e-13
0.23442288153199276	3.7114192627196095e-6	4.654021471261622e-7	3.6072152068523073e-6	3.594741000701472e-7	3.711807021843565e-6	4.6579672608575513e-7	0.0012833283231828195	0.0013588433692241035	0.0006122314253980143	0	0.0006636584708302119	0.0006775459596718629	0.0005888234289587898	0.000617276125720109	0.0013674373898113837	0.00001530453734174342	0.0003301747469716672	4.8111217933522295e-6	4.810671976652362e-6	4.8111161275671116e-6	3.368384201972286e-13	3.368384201972286e-13	3.368384201972286e-13
0.25118864315095824	2.8737640142313027e-6	3.6383988887462004e-7	2.7876606775808202e-6	2.76327218071038e-7	2.8690333637304134e-6	3.590501161947682e-7	0.0010951299508235705	0.0011643960922222171	0.0004652884976065139	0	0.0005470399438865854	0.00055853769650148	0.0004798168716104294	0.0005032103833006341	0.0011735082437860248	0.00001293835848265864	0.00024396403217254062	3.713144337669267e-6	3.7127659875880274e-6	3.713096274428217e-6	3.1435590432272804e-13	3.1435590432272804e-13	3.1435590432272804e-13
0.2691534803926914	2.2251648291115603e-6	2.844410270853574e-7	2.1543078545933133e-6	2.124123307686955e-7	2.2176132524556613e-6	2.7676662097393657e-7	0.0009345306166206904	0.0009977737613397935	0.0003536136451411066	0	0.0004509137054079714	0.00046043276320954633	0.0003909902679808829	0.0004102227176956932	0.0010070820123060358	0.000010938005931691593	0.00018026348029273107	2.8657434720143984e-6	2.86542739673199e-6	2.8656726584034037e-6	2.933739996901139e-13	2.933739996901139e-13	2.933739996901139e-13
0.28840315031266117	1.679447029521671e-6	2.1716952417322075e-7	1.6225027615204474e-6	1.5929744938937645e-7	1.6734962866745472e-6	2.1112462947303676e-7	0.0007901921531333661	0.0008470618636359034	0.000259933095519643	0	0.0003638700795989357	0.00037152805658214244	0.0003139549097228163	0.00032933995156041494	0.0008554519110015851	9.268889460748657e-6	0.000129138371451764	2.156041319081684e-6	2.155806554200081e-6	2.155982513688999e-6	2.7379254695281313e-13	2.7379254695281313e-13	2.7379254695281313e-13
0.30902954325135923	1.2675655700056012e-6	1.6580801550639544e-7	1.2219772608304768e-6	1.1946423868204732e-7	1.2628846884876466e-6	1.6105124603998194e-7	0.0006681467977276403	0.0007191147218211786	0.0001910707210392397	0	0.0002936292094017085	0.00029978991039976335	0.0002520975415784069	0.0002644046734005552	0.0007266518149406581	7.854476617777072e-6	0.00009251302013104755	1.6220970980071756e-6	1.6219227555486355e-6	1.6220486962117198e-6	2.555180719698753e-13	2.555180719698753e-13	2.555180719698753e-13
0.3311311214825908	9.267254798933755e-7	1.2328922718843795e-7	8.907151242978206e-7	8.67007672089734e-8	9.225354541373057e-7	1.1904182357615003e-7	0.0005565493350762085	0.0006013101139516696	0.00013457125040021992	0.00007352414064684928	0.00023250113180355082	0.00023717193032653835	0.00019845678147540686	0.00020796662899632662	0.0006086693272911205	6.514490230942673e-6	0.00006372821243626152	1.181101240123661e-6	1.1809762890633232e-6	1.1810622792712215e-6	2.384633395972416e-13	2.384633395972416e-13	2.384633395972416e-13
0.354813389233576	6.775350604385655e-7	9.167369559486541e-8	6.492538430000529e-7	6.292278858973794e-8	6.739108264583511e-7	8.79903515730449e-8	0.0004635914793383919	0.0005028041314810932	0.00009477863136633682	0.000052763394848109574	0.0001840987700102317	0.00018763314769268473	0.00015622958425926304	0.00016357547020575568	0.0005098430119730395	5.403107684221206e-6	0.00004389960520765881	8.599979256084277e-7	8.599083961048276e-7	8.599668498085773e-7	2.225469372615386e-13	2.225469372615386e-13	2.225469372615386e-13
0.38018939632056126	4.798469595377496e-7	6.893196937886997e-8	4.5512303862320716e-7	4.3940518669654634e-8	4.7341721520984486e-7	6.253487954478582e-8	0.0003775907975196435	0.0004125396493848546	0.00006328610886073755	0.000036548763383244906	0.00014185699662708082	0.00014436432572379783	0.00011921221833610412	0.0001246374566446618	0.00041824085685434036	4.509046539919409e-6	0.000028884444502059336	6.022975154785511e-7	6.022290625467353e-7	6.022714674522379e-7	2.0769288632852928e-13	2.0769288632852928e-13	2.0769288632852928e-13
0.40738027780411384	3.3983939433123295e-7	5.183184087448864e-8	3.190385124691506e-7	3.068473639251757e-8	3.3257198260917197e-7	4.4443636032462174e-8	0.0003075440699966966	0.0003384796417906448	0.00004225774857681213	0.00002531702345328247	0.00010930766941537357	0.00011107343663935656	0.00009096582486599107	0.00009496836890830517	0.000343096620399498	3.762927168476288e-6	0.000019004980346542338	4.2181764205417355e-7	4.217656734354052e-7	4.217963989981765e-7	1.9383027941104005e-13	1.9383027941104005e-13	1.9383027941104005e-13
0.43651583224016655	2.2605321669593297e-7	3.3761161692009304e-8	2.1287798966038224e-7	2.0375317812120314e-8	2.2250611396999712e-7	3.0160573592162614e-8	0.00024246173445707013	0.00026986816791981075	0.000026552976976930927	0.000016870745057495127	0.00008106903392989902	0.00008219596902248481	0.00006686424326669119	0.00006969886822377657	0.00027328590016518264	3.108998640703929e-6	0.000011845714448925537	2.8112862101676866e-7	2.8109161735479275e-7	2.811133707137137e-7	1.8089294188503584e-13	1.8089294188503584e-13	1.8089294188503584e-13
0.4677351412871981	1.5036531264757535e-7	2.199065322711716e-8	1.4204253314473384e-7	1.3529644531870316e-8	1.4886693210176648e-7	2.0467726779686304e-8	0.0001911520930205622	0.00021516457436291265	0.000016684764571776287	0.00001124231840762048	0.00006012559134668348	0.00006082622027336621	0.00004914842507297205	0.000051153160652531124	0.00021767974030793892	2.568711036682874e-6	7.383377843430013e-6	1.8736367016304135e-7	1.8733743005577818e-7	1.873527782165055e-7	1.6881911599803013e-13	1.6881911599803013e-13	1.6881911599803013e-13
0.5011872336272735	9.570331434423657e-8	1.5159175425659996e-8	8.902910800325108e-8	8.431012704166681e-9	9.444417298069263e-8	1.3898985330711277e-8	0.00014399871136162873	0.0001641922400608916	9.801580783599649e-6	7.113126725514647e-6	0.0000423466455286004	0.000042733766887169306	0.000034380898797960116	0.00003570428182708302	0.00016641127659445355	2.043449854874038e-6	4.394063027319069e-6	1.1727281504604214e-7	1.1725503313124319e-7	1.1726444954192466e-7	1.5755116606190733e-13	1.5755116606190733e-13	1.5755116606190733e-13
0.5370317963702532	6.091248184306336e-8	1.0449921483122039e-8	5.580146943576667e-8	5.253794735728775e-9	5.991728105144022e-8	9.43836095247566e-9	0.00010847712178374864	0.00012529521542306777	5.7580066799351065e-6	4.50054605987103e-6	0.000029824877350231342	0.000030022822791877187	0.000024050540793536734	0.000024921152955672068	0.00012721768658222776	1.6255963593231121e-6	2.6150347845510436e-6	7.340224034283684e-8	7.339026050755428e-8	7.339603531515434e-8	1.4703530332285617e-13	1.4703530332285617e-13	1.4703530332285617e-13
0.5754399373371566	3.798716126425733e-8	7.967751042832925e-9	3.32090141592458e-8	3.1097582516724393e-9	3.76557026712809e-8	7.630910913140266e-9	0.00007798692783518436	0.00009184523401639033	3.229604038024586e-6	2.716771943797299e-6	0.000020004130409583076	0.0000200820546554121	0.000016069060585175994	0.000016606897001155638	0.00009330478733754915	1.3001994312995985e-6	1.4918320641635584e-6	4.362616235169835e-8	4.3619943958323085e-8	4.362287689459815e-8	1.3722132919504585e-13	1.3722132919504585e-13	1.3722132919504585e-13
0.6165950018614835	2.3589855448604972e-8	6.420137343067748e-9	1.9022161205868732e-8	1.7759526754639605e-9	2.2162437724686592e-8	4.968867120807782e-9	0.000054154064067605296	0.00006509968674377378	1.7669687787298087e-6	1.5744086781993827e-6	0.000012876947688020266	0.00001288730108884209	0.000010358732623115153	0.000010669873572277979	0.00006628547676135234	1.0166660495747444e-6	8.184262886499302e-7	2.4970756173063033e-8	2.496774190198721e-8	2.4968889379899698e-8	1.2806239563235587e-13	1.2806239563235587e-13	1.2806239563235587e-13
0.6606934480075964	1.3488978654898788e-8	4.057956922841062e-9	1.0456068848432493e-8	9.74240361318186e-10	1.2071570445563974e-8	2.616816241212085e-9	0.0000361095696870325	0.000044399212483587135	9.64128909996155e-7	8.89834557518065e-7	8.01100108501214e-6	7.994400863503988e-6	6.4539829755809995e-6	6.627720867992069e-6	0.000045126319316624325	8.08460974010891e-7	4.485675337047671e-7	1.371933526158975e-8	1.3717656145019467e-8	1.371833842426386e-8	1.195147814942621e-13	1.195147814942621e-13	1.195147814942621e-13
0.7079457843841374	8.257258883650753e-9	3.294891525182973e-9	5.520289718087774e-9	5.120356632155081e-10	6.35442820801976e-9	1.3601520260613585e-9	0.000023014202707039332	0.00002882881892326005	5.177926909967726e-7	4.885265100962164e-7	4.7530415858327685e-6	4.728813610963846e-6	3.847068811601575e-6	3.937458197906053e-6	0.000029342081917906833	6.010826782108288e-7	2.3582226839597358e-7	7.235331347647129e-9	7.234496068852738e-9	7.234875586597585e-9	1.1153768383833291e-13	1.1153768383833291e-13	1.1153768383833291e-13
0.7585775750291851	4.918014724452487e-9	2.4314309302129597e-9	2.779048338023332e-9	2.5658269334523523e-10	3.2126769459089375e-9	6.974786869958925e-10	0.000013955902136877997	0.00001776772183537484	2.7448183674535585e-7	2.6109513192497167e-7	2.7227949532912517e-6	2.698074746095911e-6	2.1783774583438394e-6	2.2215604451998697e-6	0.000018133017162454242	4.0824995545070577e-7	1.2316102041109036e-7	3.6383147963885277e-9	3.638042572266075e-9	3.6382224540675418e-9	1.0409302314305896e-13	1.0409302314305896e-13	1.0409302314305896e-13
0.8128305161640995	2.4049110614041406e-9	1.2629083671296288e-9	1.2786379878578208e-9	1.177364967936948e-10	1.5069599105428773e-9	3.4988756756172167e-10	8.070926519327955e-6	0.000010448811720783524	1.4496037305402487e-7	1.3750556264116666e-7	1.4994419749058086e-6	1.4768813637883228e-6	1.2077906220672322e-6	1.2237103595621802e-6	0.000010638311720736131	2.5523067813560724e-7	6.376272702912804e-8	1.6728482582609838e-9	1.6727993032106263e-9	1.6728469689438192e-9	9.714526153122065e-14	9.714526153122065e-14	9.714526153122065e-14
0.8709635899560796	1.0576216098710922e-9	6.596520377716939e-10	4.4967463609680693e-10	4.150229235680434e-11	5.729158646764932e-10	1.6681179689828926e-10	4.555402257477329e-6	5.946728996230616e-6	7.790896758939836e-8	7.440907483624158e-8	8.25677003250994e-7	8.031358332019111e-7	6.615221389924914e-7	6.617955271748266e-7	6.014802852833254e-6	1.475192183906908e-7	3.3757845989129564e-8	5.88617093117413e-10	5.88617093117413e-10	5.88617093117413e-10	9.066123312606028e-14	9.066123312606028e-14	9.066123312606028e-14
0.9332543007969925	3.4529536244400086e-10	3.510902259494545e-10	8.303445661370456e-104	8.442796893579224e-104	6.999726378482772e-11	7.117198152941962e-11	2.6264702636301197e-6	3.4309256887925527e-6	4.387723566362174e-8	4.171825527226353e-8	4.716122739741093e-7	4.4716402730643125e-7	3.7836900266293573e-7	3.687490153956394e-7	3.4570680042559178e-6	8.478538857454752e-8	1.8878890614834883e-8	8.242509604026799e-104	8.242509604026799e-104	8.242509604026799e-104	8.460998573045418e-14	8.460998573045418e-14	8.460998573045418e-14