1.e-9	0	0	0	0	0	0	3.203346045310023e-30	0	0	0	0	0	0	0	7.470501469327737e-30	5.153853588335424e-45	0	8.685889638065036e-93	8.685889638065036e-93	8.685889638065036e-93	0	0	0
1.0715193052376092e-9	0	0	0	0	0	0	5.038816549277726e-30	0	0	0	0	0	0	0	1.1750989715945311e-29	8.106936430261809e-45	0	8.106143860972194e-93	8.106143860972194e-93	8.106143860972194e-93	0	0	0
1.148153621496884e-9	0	0	0	0	0	0	7.925984847764486e-30	0	0	0	0	0	0	0	1.8484135217855762e-29	1.275209261532959e-44	0	7.565093621131438e-93	7.565093621131438e-93	7.565093621131438e-93	0	0	0
1.2302687708123811e-9	0	0	0	0	0	0	1.2467458418584463e-29	0	0	0	0	0	0	0	2.907527476501738e-29	2.0058855459003822e-44	0	7.060156157852806e-93	7.060156157852806e-93	7.060156157852806e-93	0	0	0
1.31825673855641e-9	0	0	0	0	0	0	2.075453838423531e-29	0	0	0	0	0	0	0	4.8401517445064457e-29	3.339191289759148e-44	0	6.588921098614474e-93	6.588921098614474e-93	6.588921098614474e-93	0	0	0
1.4125375446227555e-9	0	0	0	0	0	0	3.4550014051025013e-29	0	0	0	0	0	0	0	8.057385217915054e-29	5.558741121790926e-44	0	6.149138952894002e-93	6.149138952894002e-93	6.149138952894002e-93	0	0	0
1.5135612484362133e-9	0	0	0	0	0	0	5.8387082767084e-29	0	0	0	0	0	0	0	1.3616411759193948e-28	9.393879767443295e-44	0	5.738710373986619e-93	5.738710373986619e-93	5.738710373986619e-93	0	0	0
1.6218100973589331e-9	0	0	0	0	0	0	9.867004479406842e-29	0	0	0	0	0	0	0	2.301077386540695e-28	1.5874993123757838e-43	0	5.35567613755133e-93	5.35567613755133e-93	5.35567613755133e-93	0	0	0
1.7378008287493762e-9	0	0	0	0	0	0	1.6747612844583714e-28	0	0	0	0	0	0	0	3.9056993716421985e-28	2.6945182735247255e-43	0	4.9982077890456026e-93	4.9982077890456026e-93	4.9982077890456026e-93	0	0	0
1.8620871366628732e-9	0	0	0	0	0	0	2.8426310799539195e-28	0	0	0	0	0	0	0	6.629280558260108e-28	4.57350039131229e-43	0	4.664598915403816e-93	4.664598915403816e-93	4.664598915403816e-93	0	0	0
1.9952623149688828e-9	0	0	0	0	0	0	4.831189603825736e-28	0	0	0	0	0	0	0	1.1266784332221178e-27	7.772886077063171e-43	0	4.353256999293598e-93	4.353256999293598e-93	4.353256999293598e-93	0	0	0
2.1379620895022324e-9	0	0	0	0	0	0	8.210841411222799e-28	0	0	0	0	0	0	0	1.9148447267120177e-27	1.321039746312771e-42	0	4.0626958170653595e-93	4.0626958170653595e-93	4.0626958170653595e-93	0	0	0
2.2908676527677795e-9	0	0	0	0	0	0	1.3960185333875215e-27	0	0	0	0	0	0	0	3.2556453025576595e-27	2.246049919650721e-42	0	3.7915283441061825e-93	3.7915283441061825e-93	3.7915283441061825e-93	0	0	0
2.4547089156850337e-9	0	0	0	0	0	0	2.3735298831828982e-27	0	0	0	0	0	0	0	5.535292855972216e-27	3.81876492031626e-42	0	3.538460133730794e-93	3.538460133730794e-93	3.538460133730794e-93	0	0	0
2.6302679918953816e-9	0	0	0	0	0	0	4.035983292774946e-27	0	0	0	0	0	0	0	9.412289116563393e-27	6.493481091867856e-42	0	3.302283138002964e-93	3.302283138002964e-93	3.302283138002964e-93	0	0	0
2.818382931264461e-9	0	0	0	0	0	0	6.862842239725541e-27	0	0	0	0	0	0	0	1.6004787590992923e-26	1.1041605746957705e-41	0	3.0818699409906414e-93	3.0818699409906414e-93	3.0818699409906414e-93	0	0	0
3.019951720402019e-9	0	0	0	0	0	0	1.1670086333327321e-26	0	0	0	0	0	0	0	2.721572876210045e-26	1.877596596635635e-41	0	2.8761683769264897e-93	2.8761683769264897e-93	2.8761683769264897e-93	0	0	0
3.2359365692962944e-9	0	0	0	0	0	0	1.9844681003882152e-26	0	0	0	0	0	0	0	4.627964525246879e-26	3.192804616003735e-41	0	2.684196507582941e-93	2.684196507582941e-93	2.684196507582941e-93	0	0	0
3.4673685045253237e-9	0	0	0	0	0	0	3.374572885565159e-26	0	0	0	0	0	0	0	7.869818415927356e-26	5.429339924368515e-41	0	2.5050379348860465e-93	2.5050379348860465e-93	2.5050379348860465e-93	0	0	0
3.715352290971728e-9	0	0	0	0	0	0	5.738435481912479e-26	0	0	0	0	0	0	0	1.3382566258189597e-25	9.23255117666319e-41	0	2.3378374263920188e-93	2.3378374263920188e-93	2.3378374263920188e-93	0	0	0
3.9810717055349855e-9	0	0	0	0	0	0	9.758197199138509e-26	0	0	0	0	0	0	0	2.27570251490272e-25	1.569993342558099e-40	0	2.181796832744515e-93	2.181796832744515e-93	2.181796832744515e-93	0	0	0
4.265795188015934e-9	0	0	0	0	0	0	1.659379335664148e-25	0	0	0	0	0	0	0	3.869827233745479e-25	2.6697703034748555e-40	0	2.036171277624075e-93	2.036171277624075e-93	2.036171277624075e-93	0	0	0
4.570881896148752e-9	0	0	0	0	0	0	2.821773725785137e-25	0	0	0	0	0	0	0	6.58063926482498e-25	4.539943058415612e-40	0	1.9002656020019748e-93	1.9002656020019748e-93	1.9002656020019748e-93	0	0	0
4.8977881936844766e-9	0	0	0	0	0	0	4.798424801610604e-25	0	0	0	0	0	0	0	1.1190373760391622e-24	7.720170887671074e-40	0	1.7734310457249213e-93	1.7734310457249213e-93	1.7734310457249213e-93	0	0	0
5.248074602497734e-9	0	0	0	0	0	0	8.159721342508249e-25	0	0	0	0	0	0	0	1.9029230503448237e-24	1.3128150541985309e-39	0	1.6550621505896909e-93	1.6550621505896909e-93	1.6550621505896909e-93	0	0	0
5.623413251903491e-9	0	0	0	0	0	0	1.387560608744731e-24	0	0	0	0	0	0	0	3.235920634171035e-24	2.23244199073716e-39	0	1.5445938701241485e-93	1.5445938701241485e-93	1.5445938701241485e-93	0	0	0
6.025595860743593e-9	0	0	0	0	0	0	2.359547013069647e-24	0	0	0	0	0	0	0	5.502683499927294e-24	3.796267923647974e-39	0	1.4414988722780268e-93	1.4414988722780268e-93	1.4414988722780268e-93	0	0	0
6.456542290346562e-9	0	0	0	0	0	0	4.012410032252295e-24	0	0	0	0	0	0	0	9.357314076439524e-24	6.455554145601265e-39	0	1.345285022147483e-93	1.345285022147483e-93	1.345285022147483e-93	0	0	0
6.918309709189363e-9	0	0	0	0	0	0	6.823104012691347e-24	0	0	0	0	0	0	0	1.5912114342693182e-23	1.0977671035846988e-38	0	1.2554930327169157e-93	1.2554930327169157e-93	1.2554930327169157e-93	0	0	0
7.413102413009192e-9	0	0	0	0	0	0	1.1602689653797749e-23	0	0	0	0	0	0	0	2.7058553425333023e-23	1.8667531656193565e-38	0	1.171694272403716e-93	1.171694272403716e-93	1.171694272403716e-93	0	0	0
7.943282347242822e-9	0	0	0	0	0	0	1.9730376090568471e-23	0	0	0	0	0	0	0	4.601307554354987e-23	3.1744141336981487e-38	0	1.0934887189399707e-93	1.0934887189399707e-93	1.0934887189399707e-93	0	0	0
8.511380382023759e-9	0	0	0	0	0	0	3.355150851146557e-23	0	0	0	0	0	0	0	7.824524421894287e-23	5.398091872997959e-38	0	1.0205030498237212e-93	1.0205030498237212e-93	1.0205030498237212e-93	0	0	0
9.120108393559115e-9	0	0	0	0	0	0	5.705434711079088e-23	0	0	0	0	0	0	0	1.330560538555411e-22	9.179456338087443e-38	0	9.523888602244314e-94	9.523888602244314e-94	9.523888602244314e-94	0	0	0
9.772372209558111e-9	0	0	0	0	0	0	9.702092897331949e-23	0	0	0	0	0	0	0	2.2626184689347122e-22	1.5609667387164517e-37	0	8.888209998355962e-94	8.888209998355962e-94	8.888209998355962e-94	0	0	0
1.0471285480509006e-8	0	0	0	0	0	0	1.6498410975370365e-22	0	0	0	0	0	0	0	3.847583173648378e-22	2.6544242615229468e-37	0	8.294960207352513e-94	8.294960207352513e-94	8.294960207352513e-94	0	0	0
1.1220184543019653e-8	0	0	0	0	0	0	2.8055551270497703e-22	0	0	0	0	0	0	0	6.542815981305267e-22	4.5138490048516345e-37	0	7.741307288451631e-94	7.741307288451631e-94	7.741307288451631e-94	0	0	0
1.202264434617413e-8	0	0	0	0	0	0	4.770847073927256e-22	0	0	0	0	0	0	0	1.112605992970789e-21	7.675801166520322e-37	0	7.224608320738588e-94	7.224608320738588e-94	7.224608320738588e-94	0	0	0
1.288249551693135e-8	0	0	0	0	0	0	8.112826436148228e-22	0	0	0	0	0	0	0	1.8919867212092487e-21	1.3052701471544272e-36	0	6.742396786903009e-94	6.742396786903009e-94	6.742396786903009e-94	0	0	0
1.3803842646028866e-8	0	0	0	0	0	0	1.3795863033858001e-21	0	0	0	0	0	0	0	3.2173238110186014e-21	2.219612155400188e-36	0	6.292370799057044e-94	6.292370799057044e-94	6.292370799057044e-94	0	0	0
1.4791083881682102e-8	0	0	0	0	0	0	2.3459867944536112e-21	0	0	0	0	0	0	0	5.471059806557147e-21	3.774450929672224e-36	0	5.872382110429382e-94	5.872382110429382e-94	5.872382110429382e-94	0	0	0
1.5848931924611173e-8	0	0	0	0	0	0	3.9893510296180815e-21	0	0	0	0	0	0	0	9.303538333630818e-21	6.418454587268003e-36	0	5.480425860481529e-94	5.480425860481529e-94	5.480425860481529e-94	0	0	0
1.698243652461746e-8	0	0	0	0	0	0	6.783892251712894e-21	0	0	0	0	0	0	0	1.5820668862292168e-20	1.0914583354352579e-35	0	5.114631004493445e-94	5.114631004493445e-94	5.114631004493445e-94	0	0	0
1.8197008586099862e-8	0	0	0	0	0	0	1.1536010178460693e-20	0	0	0	0	0	0	0	2.690305067557294e-20	1.8560251253648265e-35	0	4.773251381933139e-94	4.773251381933139e-94	4.773251381933139e-94	0	0	0
1.9498445997580494e-8	0	0	0	0	0	0	1.961698769669355e-20	0	0	0	0	0	0	0	4.5748643243366035e-20	3.1561711099230525e-35	0	4.4546573809742805e-94	4.4546573809742805e-94	4.4546573809742805e-94	0	0	0
2.0892961308540408e-8	0	0	0	0	0	0	3.335869163945776e-20	0	0	0	0	0	0	0	7.779557730651161e-20	5.36706962583421e-35	0	4.157328159371313e-94	4.157328159371313e-94	4.157328159371313e-94	0	0	0
2.2387211385683424e-8	0	0	0	0	0	0	5.672646203901996e-20	0	0	0	0	0	0	0	1.322913953154431e-19	9.1267030098547e-35	0	3.8798443845577137e-94	3.8798443845577137e-94	3.8798443845577137e-94	0	0	0
2.3988329190194947e-8	0	0	0	0	0	0	9.646336044126911e-20	0	0	0	0	0	0	0	2.2496154512181666e-19	1.5519960357732766e-34	0	3.6208814583115404e-94	3.6208814583115404e-94	3.6208814583115404e-94	0	0	0
2.5703957827688646e-8	0	0	0	0	0	0	1.640359644009054e-19	0	0	0	0	0	0	0	3.825471540527797e-19	2.639169580137655e-34	0	3.3792031936453304e-94	3.3792031936453304e-94	3.3792031936453304e-94	0	0	0
2.754228703338169e-8	0	0	0	0	0	0	2.7894319142367726e-19	0	0	0	0	0	0	0	6.505215146644909e-19	4.487908417404511e-34	0	3.1536559137364297e-94	3.1536559137364297e-94	3.1536559137364297e-94	0	0	0
2.95120922666639e-8	0	0	0	0	0	0	4.743429547648444e-19	0	0	0	0	0	0	0	1.1062119703627389e-18	7.63168919291628e-34	0	2.943162944728387e-94	2.943162944728387e-94	2.943162944728387e-94	0	0	0
3.162277660168386e-8	0	0	0	0	0	0	8.066202927796286e-19	0	0	0	0	0	0	0	1.881113684618077e-18	1.2977689052523155e-33	0	2.746719476114102e-94	2.746719476114102e-94	2.746719476114102e-94	0	0	0
3.3884415613920346e-8	0	0	0	0	0	0	1.3716579748643313e-18	0	0	0	0	0	0	0	3.198834210135281e-18	2.2068562920553987e-33	0	2.563387764166342e-94	2.563387764166342e-94	2.563387764166342e-94	0	0	0
3.6307805477010175e-8	0	0	0	0	0	0	2.3325046702276294e-18	0	0	0	0	0	0	0	5.43961823658149e-18	3.7527595815200054e-33	0	2.3922926555186256e-94	2.3922926555186256e-94	2.3922926555186256e-94	0	0	0
3.890451449942813e-8	0	0	0	0	0	0	3.9664246746147954e-18	0	0	0	0	0	0	0	9.250071937457625e-18	6.38156844529947e-33	0	2.2326174095278099e-94	2.2326174095278099e-94	2.2326174095278099e-94	0	0	0
4.1686938347033635e-8	0	0	0	0	0	0	6.744905980341287e-18	0	0	0	0	0	0	0	1.572974924466559e-17	1.0851858462391835e-32	0	2.0835997994760645e-94	2.0835997994760645e-94	2.0835997994760645e-94	0	0	0
4.4668359215096346e-8	0	0	0	0	0	0	1.1469714015950952e-17	0	0	0	0	0	0	0	2.67484418470435e-17	1.8453587561930055e-32	0	1.9445284740007885e-94	1.9445284740007885e-94	1.9445284740007885e-94	0	0	0
4.78630092322639e-8	0	0	0	0	0	0	1.950425105867131e-17	0	0	0	0	0	0	0	4.5485730898561677e-17	3.1380329469462957e-32	0	1.8147395613834445e-94	1.8147395613834445e-94	1.8147395613834445e-94	0	0	0
5.128613839913659e-8	0	0	0	0	0	0	3.316698296318694e-17	0	0	0	0	0	0	0	7.734849480980139e-17	5.336225675941255e-32	0	1.6936135004875438e-94	1.6936135004875438e-94	1.6936135004875438e-94	0	0	0
5.495408738576248e-8	0	0	0	0	0	0	5.640046139537622e-17	0	0	0	0	0	0	0	1.3153113143733214e-16	9.074252866683375e-32	0	1.5805720832178497e-94	1.5805720832178497e-94	1.5805720832178497e-94	0	0	0
5.888436553555896e-8	0	0	0	0	0	0	9.590899627928312e-17	0	0	0	0	0	0	0	2.2366871623974484e-16	1.5430768878414855e-31	0	1.4750756943827168e-94	1.4750756943827168e-94	1.4750756943827168e-94	0	0	0
6.309573444801943e-8	0	0	0	0	0	0	1.6309326802872222e-16	0	0	0	0	0	0	0	3.803486982712618e-16	2.6240025672338213e-31	0	1.376620735783778e-94	1.376620735783778e-94	1.376620735783778e-94	0	0	0
6.760829753919818e-8	0	0	0	0	0	0	2.7734013604763234e-16	0	0	0	0	0	0	0	6.467830401529124e-16	4.46211690882171e-31	0	1.284737222236531e-94	1.284737222236531e-94	1.284737222236531e-94	0	0	0
7.244359600749906e-8	0	0	0	0	0	0	4.716169587660343e-16	0	0	0	0	0	0	0	1.0998546936819044e-15	7.587830727232296e-31	0	1.1989865380462213e-94	1.1989865380462213e-94	1.1989865380462213e-94	0	0	0
7.762471166286928e-8	0	0	0	0	0	0	8.019847360193092e-16	0	0	0	0	0	0	0	1.870303134306218e-15	1.2903107722548057e-30	0	1.1189593432293307e-94	1.1189593432293307e-94	1.1189593432293307e-94	0	0	0
8.317637711026726e-8	0	0	0	0	0	0	1.3637752096337766e-15	0	0	0	0	0	0	0	3.180450867092014e-15	2.194173735349203e-30	0	1.0442736194857487e-94	1.0442736194857487e-94	1.0442736194857487e-94	0	0	0
8.912509381337478e-8	0	0	0	0	0	0	2.319100026321174e-15	0	0	0	0	0	0	0	5.408357357930679e-15	3.731192891215536e-30	0	9.745728465939149e-95	9.745728465939149e-95	9.745728465939149e-95	0	0	0
9.549925860214369e-8	0	0	0	0	0	0	3.943630074876521e-15	0	0	0	0	0	0	0	9.19691280683955e-15	6.344894283971314e-30	0	9.095243005237385e-95	9.095243005237385e-95	9.095243005237385e-95	0	0	0
1.0232929922807557e-7	0	0	0	0	0	0	6.70614375876757e-15	0	0	0	0	0	0	0	1.5639352132044925e-14	1.0789494043460924e-29	0	8.488174651431534e-95	8.488174651431534e-95	8.488174651431534e-95	0	0	0
1.0964781961431874e-7	0	0	0	0	0	0	1.1403798850140444e-14	0	0	0	0	0	0	0	2.6594721538318403e-14	1.834753685462745e-29	0	7.921625499364475e-95	7.921625499364475e-95	7.921625499364475e-95	0	0	0
1.1748975549395303e-7	0	0	0	0	0	0	1.939216230556338e-14	0	0	0	0	0	0	0	4.522432948174819e-14	3.1199990219738e-29	0	7.392891066585019e-95	7.392891066585019e-95	7.392891066585019e-95	0	0	0
1.2589254117941688e-7	0	0	0	0	0	0	3.2976376015321715e-14	0	0	0	0	0	0	0	7.690398164639338e-14	5.305558982792181e-29	0	6.89944738321412e-95	6.89944738321412e-95	6.89944738321412e-95	0	0	0
1.3489628825916562e-7	0	0	0	0	0	0	5.607633424107134e-14	0	0	0	0	0	0	0	1.3077523671093117e-13	9.022104148634801e-29	0	6.438938943507118e-95	6.438938943507118e-95	6.438938943507118e-95	0	0	0
1.445439770745928e-7	0	0	0	0	0	0	9.535781798628152e-14	0	0	0	0	0	0	0	2.2238331710100046e-13	1.534208997257657e-28	0	6.009167461597262e-95	6.009167461597262e-95	6.009167461597262e-95	0	0	0
1.5488166189124826e-7	0	0	0	0	0	0	1.6215598922736526e-13	0	0	0	0	0	0	0	3.781628767697201e-13	2.6089227174601237e-28	0	5.6080813777449795e-95	5.6080813777449795e-95	5.6080813777449795e-95	0	0	0
1.659586907437563e-7	0	0	0	0	0	0	2.7574629325188176e-13	0	0	0	0	0	0	0	6.430660502370196e-13	4.436473621159585e-28	0	5.233766065000014e-95	5.233766065000014e-95	5.233766065000014e-95	0	0	0
1.7782794100389227e-7	0	0	0	0	0	0	4.689066287618921e-13	0	0	0	0	0	0	0	1.093533951560412e-12	7.544224311253879e-28	0	4.884434689526614e-95	4.884434689526614e-95	4.884434689526614e-95	0	0	0
1.9054607179632522e-7	0	0	0	0	0	0	7.973758192861641e-13	0	0	0	0	0	0	0	1.859554711020079e-12	1.2828955003149214e-27	0	4.558419680962716e-95	4.558419680962716e-95	4.558419680962716e-95	0	0	0
2.0417379446695318e-7	0	0	0	0	0	0	1.3559377457748484e-12	0	0	0	0	0	0	0	3.1621731710686176e-12	2.1815640638801966e-27	0	4.2541647720961084e-95	4.2541647720961084e-95	4.2541647720961084e-95	0	0	0
2.1877616239495564e-7	0	0	0	0	0	0	2.3057724174065344e-12	0	0	0	0	0	0	0	5.377276132058997e-12	3.7097501422720025e-27	0	3.970217569857742e-95	3.970217569857742e-95	3.970217569857742e-95	0	0	0
2.3442288153199275e-7	0	0	0	0	0	0	3.920966473158115e-12	0	0	0	0	0	0	0	9.144059175810367e-12	6.3084308849538444e-27	0	3.705222622169513e-95	3.705222622169513e-95	3.705222622169513e-95	0	0	0
2.5118864315095823e-7	0	0	0	0	0	0	6.667604299353175e-12	0	0	0	0	0	0	0	1.554947452153704e-11	1.072748802588255e-26	0	3.457914947550009e-95	3.457914947550009e-95	3.457914947550009e-95	0	0	0
2.6915348039269196e-7	0	0	0	0	0	0	1.133826249142735e-11	0	0	0	0	0	0	0	2.6441884643042166e-11	1.8242095608898024e-26	0	3.227113996591245e-95	3.227113996591245e-95	3.227113996591245e-95	0	0	0
2.8840315031266115e-7	0	0	0	0	0	0	1.9280717714004692e-11	0	0	0	0	0	0	0	4.496443030969129e-11	3.1020687359547344e-26	0	3.011718016480945e-95	3.011718016480945e-95	3.011718016480945e-95	0	0	0
3.090295432513592e-7	0	0	0	0	0	0	3.278686446430266e-11	0	0	0	0	0	0	0	7.646202305050104e-11	5.275068527704405e-26	0	2.8106987916686288e-95	2.8106987916686288e-95	2.8106987916686288e-95	0	0	0
3.3113112148259143e-7	0	0	0	0	0	0	5.57540698093307e-11	0	0	0	0	0	0	0	1.3002368602712134e-10	8.970255123445824e-26	0	2.6230967355696526e-95	2.6230967355696526e-95	2.6230967355696526e-95	0	0	0
3.5481338923357606e-7	0	0	0	0	0	0	9.480980725339147e-11	0	0	0	0	0	0	0	2.2110530500759512e-10	1.5253920694509006e-25	0	2.448016309876924e-95	2.448016309876924e-95	2.448016309876924e-95	0	0	0
3.8018939632056126e-7	0	0	0	0	0	0	1.6122409686263013e-10	0	0	0	0	0	0	0	3.759896169402969e-10	2.593929529899372e-25	0	2.2846217496138228e-95	2.2846217496138228e-95	2.2846217496138228e-95	0	0	0
4.0738027780411303e-7	0	0	0	0	0	0	2.7416161009272343e-10	0	0	0	0	0	0	0	6.39370421447166e-10	4.410977702608596e-25	0	2.1321330735214446e-95	2.1321330735214446e-95	2.1321330735214446e-95	0	0	0
4.365158322401665e-7	0	0	0	0	0	0	4.662118747216695e-10	0	0	0	0	0	0	0	1.087249534038167e-9	7.500868496479615e-25	0	1.9898223607353946e-95	1.9898223607353946e-95	1.9898223607353946e-95	0	0	0
4.677351412871981e-7	0	0	0	0	0	0	7.927933894828643e-10	0	0	0	0	0	0	0	1.848868057722424e-9	1.275522843114947e-24	0	1.8570102759783314e-95	1.8570102759783314e-95	1.8570102759783314e-95	0	0	0
5.011872336272736e-7	0	0	0	0	0	0	1.348145322945676e-9	0	0	0	0	0	0	0	3.1440005149235878e-9	2.169026858785306e-24	0	1.7330628266809803e-95	1.7330628266809803e-95	1.7330628266809803e-95	0	0	0
5.370317963702533e-7	0	0	0	0	0	0	2.2925214007722574e-9	0	0	0	0	0	0	0	5.346373526522081e-9	3.6884306224125426e-24	0	1.6173883365514175e-95	1.6173883365514175e-95	1.6173883365514175e-95	0	0	0
5.754399373371578e-7	0	0	0	0	0	0	3.898433116628123e-9	0	0	0	0	0	0	0	9.091509288696968e-9	6.272177037019057e-24	0	1.5094346211455008e-95	1.5094346211455008e-95	1.5094346211455008e-95	0	0	0
6.165950018614835e-7	0	0	0	0	0	0	6.629286321909076e-9	0	0	0	0	0	0	0	1.5460113427621844e-8	1.0665838349964226e-23	0	1.4086863519559149e-95	1.4086863519559149e-95	1.4086863519559149e-95	0	0	0
6.606934480075964e-7	0	0	0	0	0	0	1.1273102762850853e-8	0	0	0	0	0	0	0	2.6289926084339337e-8	1.8137260322235923e-23	0	1.314662596436883e-95	1.314662596436883e-95	1.314662596436883e-95	0	0	0
7.079457843841387e-7	0	0	0	0	0	0	1.916991358207018e-8	0	0	0	0	0	0	0	4.470602474915677e-8	3.084241493287389e-23	0	1.2269145222216595e-95	1.2269145222216595e-95	1.2269145222216595e-95	0	0	0
7.585775750291852e-7	0	0	0	0	0	0	3.25984420150098e-8	0	0	0	0	0	0	0	7.602260434131804e-8	5.2447532978580164e-23	0	1.1450232545736485e-95	1.1450232545736485e-95	1.1450232545736485e-95	0	0	0
8.128305161640995e-7	0	0	0	0	0	0	5.543365739529649e-8	0	0	0	0	0	0	0	1.2927645442117726e-7	8.91870406881546e-23	0	1.0685978768434271e-95	1.0685978768434271e-95	1.0685978768434271e-95	0	0	0
8.709635899560814e-7	0	0	0	0	0	0	9.426494587699485e-8	0	0	0	0	0	0	0	2.198346375069969e-7	1.516625811543796e-22	0	9.97273564386661e-96	9.97273564386661e-96	9.97273564386661e-96	0	0	0
9.332543007969924e-7	0	0	0	0	0	0	1.6029755997926272e-7	0	0	0	0	0	0	0	3.738288465924564e-7	2.579022506513436e-22	0	9.307098430349958e-96	9.307098430349958e-96	9.307098430349958e-96	0	0	0
1.e-6	0	0	0	0	0	0	2.725860339307414e-7	0	0	0	0	0	0	0	6.356960310233285e-7	4.385628306254694e-22	0	8.685889638065036e-96	8.685889638065036e-96	8.685889638065036e-96	0	0	0
1.0715193052376091e-6	0	0	0	0	0	0	4.6353260713203047e-7	0	0	0	0	0	0	0	1.0810012323617292e-6	7.457761842731767e-22	0	8.106143860972195e-96	8.106143860972195e-96	8.106143860972195e-96	0	0	0
1.148153621496884e-6	0	0	0	0	0	0	7.882372943920204e-7	0	0	0	0	0	0	0	1.8382428194281167e-6	1.2681925557527304e-21	0	7.565093621131437e-96	7.565093621131437e-96	7.565093621131437e-96	0	0	0
1.2302687708123837e-6	0	0	0	0	0	0	1.3403976823004123e-6	0	0	0	0	0	0	0	3.125932295004293e-6	2.1565617036082196e-21	0	7.060156157852792e-96	7.060156157852792e-96	7.060156157852792e-96	0	0	0
1.3182567385564101e-6	0	0	0	0	0	0	2.279346536251063e-6	0	0	0	0	0	0	0	5.31564851480882e-6	3.667233623453419e-21	0	6.588921098614474e-96	6.588921098614474e-96	6.588921098614474e-96	0	0	0
1.4125375446227554e-6	0	0	0	0	0	0	3.876029256782281e-6	0	0	0	0	0	0	0	9.039261399917665e-6	6.236131535900616e-21	0	6.149138952894002e-96	6.149138952894002e-96	6.149138952894002e-96	0	0	0
1.5135612484362104e-6	0	0	0	0	0	0	6.59118855360295e-6	0	0	0	0	0	0	0	0.00001537126588193576	1.060454296784982e-20	0	5.73871037398663e-96	5.73871037398663e-96	5.73871037398663e-96	0	0	0
1.6218100973589331e-6	0	0	0	0	0	0	0.000011208317499959167	0	0	0	0	0	0	0	0.000026138840814506652	1.8033027512260663e-20	0	5.355676137551329e-96	5.355676137551329e-96	5.355676137551329e-96	0	0	0
1.7378008287493763e-6	0	0	0	0	0	0	0.00001905974622910995	0	0	0	0	0	0	0	0.000044449104216526116	3.06651670179307e-20	0	4.998207789045602e-96	4.998207789045602e-96	4.998207789045602e-96	0	0	0
1.8620871366628694e-6	0	0	0	0	0	0	0.00003241110240849366	0	0	0	0	0	0	0	0.00007558571092239092	5.214612286252494e-20	0	4.664598915403826e-96	4.664598915403826e-96	4.664598915403826e-96	0	0	0
1.995262314968883e-6	0	0	0	0	0	0	0.00005511508635563212	0	0	0	0	0	0	0	0.00012853351707184455	8.867449272340448e-20	0	4.353256999293597e-96	4.353256999293597e-96	4.353256999293597e-96	0	0	0
2.1379620895022326e-6	0	0	0	0	0	0	0.00009372321575809087	0	0	0	0	0	0	0	0.00021857127239064417	1.5079099323420836e-19	0	4.062695817065359e-96	4.062695817065359e-96	4.062695817065359e-96	0	0	0
2.2908676527677747e-6	0	0	0	0	0	0	0.00015937634779991742	0	0	0	0	0	0	0	0.00037168049395055645	2.5642011521265397e-19	0	3.79152834410619e-96	3.79152834410619e-96	3.79152834410619e-96	0	0	0
2.4547089156850335e-6	0	0	0	0	0	0	0.000271019512429048	0	0	0	0	0	0	0	0.0006320427569110056	4.360424590051305e-19	0	3.538460133730794e-96	3.538460133730794e-96	3.538460133730794e-96	0	0	0
2.6302679918953817e-6	0	0	0	0	0	0	0.00046086873699408297	0	0	0	0	0	0	0	0.0010747888389773849	7.414902918110008e-19	0	3.302283138002964e-96	3.302283138002964e-96	3.302283138002964e-96	0	0	0
2.8183829312644606e-6	0	0	0	0	0	0	0.0007837073826709544	0	0	0	0	0	0	0	0.001827678643191929	1.2609043947335184e-18	0	3.081869940990642e-96	3.081869940990642e-96	3.081869940990642e-96	0	0	0
3.0199517204020193e-6	0	0	0	0	0	0	0.0013326945664809207	0	0	0	0	0	0	0	0.0031079679111275754	2.1441681842862047e-18	0	2.87616837692649e-96	2.87616837692649e-96	2.87616837692649e-96	0	0	0
3.2359365692962877e-6	0	0	0	0	0	0	0.0022662473862051957	0	0	0	0	0	0	0	0.005285100076307178	3.646158441280414e-18	0	2.684196507582946e-96	2.684196507582946e-96	2.684196507582946e-96	0	0	0
3.4673685045253236e-6	0	0	0	0	0	0	0.0038537541494175335	0	0	0	0	0	0	0	0.00898731377392157	6.20029318425252e-18	0	2.5050379348860465e-96	2.5050379348860465e-96	2.5050379348860465e-96	0	0	0
3.7153522909717276e-6	0	0	0	0	0	0	0.00655330972891737	0	0	0	0	0	0	0	0.01528292893317422	1.0543599843452297e-17	0	2.337837426392019e-96	2.337837426392019e-96	2.337837426392019e-96	0	0	0
3.981071705534978e-6	0	0	0	0	0	0	0.011143904550739539	0	0	0	0	0	0	0	0.025988623814849843	1.7929393716606064e-17	0	2.1817968327445196e-96	2.1817968327445196e-96	2.1817968327445196e-96	0	0	0
4.265795188015934e-6	0	0	0	0	0	0	0.018950211995626996	0	0	0	0	0	0	0	0.04419366017751131	3.048893772696571e-17	0	2.0361712776240753e-96	2.0361712776240753e-96	2.0361712776240753e-96	0	0	0
4.570881896148752e-6	0	0	0	0	0	0	0.024959462576847186	0	0	0	0	0	0	0	0.037587805813566334	5.184644491675306e-17	0	1.900265602001975e-96	1.900265602001975e-96	1.900265602001975e-96	0	0	0
4.897788193684467e-6	0	0	0	0	0	0	0.03287429039151644	0	0	0	0	0	0	0	0.03196936257833005	8.816489031457997e-17	0	1.773431045724925e-96	1.773431045724925e-96	1.773431045724925e-96	0	0	0
5.248074602497734e-6	0	0	0	0	0	0	0.02863546604534017	0	0	0	0	0	0	0	0.030510957908588467	1.4992441423249785e-16	0	1.6550621505896906e-96	1.6550621505896906e-96	1.6550621505896906e-96	0	0	0
5.623413251903491e-6	0	0	0	0	0	0	0.024943197430823738	0	0	0	0	0	0	0	0.029119083942282593	2.5494649744083797e-16	0	1.5445938701241483e-96	1.5445938701241483e-96	1.5445938701241483e-96	0	0	0
6.0255958607435935e-6	0	0	0	0	0	0	0.018887976187740033	0	0	0	0	0	0	0	0.031617398505548906	4.3353657167908424e-16	0	1.441498872278027e-96	1.441498872278027e-96	1.441498872278027e-96	0	0	0
6.4565422903465625e-6	0	0	0	0	0	0	0.014302723035330625	0	0	0	0	0	0	0	0.034330059635121826	7.372290298942777e-16	0	1.345285022147483e-96	1.345285022147483e-96	1.345285022147483e-96	0	0	0
6.9183097091893625e-6	0	0	0	0	0	0	0.01935423593006127	0	0	0	0	0	0	0	0.02802485295079925	1.2536581179618653e-15	0	1.2554930327169158e-96	1.2554930327169158e-96	1.2554930327169158e-96	0	0	0
7.413102413009192e-6	0	0	0	0	0	0	0.02618986940536912	0	0	0	0	0	0	0	0.022877687695899034	2.131845889135943e-15	0	1.1716942724037156e-96	1.1716942724037156e-96	1.1716942724037156e-96	0	0	0
7.943282347242822e-6	0	0	0	0	0	0	0.017676572743483623	0	0	0	0	0	0	0	0.01925399070132746	3.625204375826349e-15	0	1.0934887189399705e-96	1.0934887189399705e-96	1.0934887189399705e-96	0	0	0
8.511380382023777e-6	0	0	0	0	0	0	0.01193061405230272	0	0	0	0	0	0	0	0.016204266919565162	6.164660791609662e-15	0	1.0205030498237192e-96	1.0205030498237192e-96	1.0205030498237192e-96	0	0	0
9.120108393559115e-6	0	0	0	0	0	0	0.014557374742255045	0	0	0	0	0	0	0	0.011172476333472162	1.048300695238664e-14	0	9.523888602244313e-97	9.523888602244313e-97	9.523888602244313e-97	0	0	0
9.772372209558111e-6	0	0	0	0	0	0	0.01776246875956398	0	0	0	0	0	0	0	0.0077031702848145735	1.782635549280368e-14	0	8.888209998355964e-97	8.888209998355964e-97	8.888209998355964e-97	0	0	0
0.000010471285480509006	0	0	0	0	0	0	0.016165767056813374	0	0	0	0	0	0	0	0.009616007830819102	3.0313721206059005e-14	0	8.294960207352515e-97	8.294960207352515e-97	8.294960207352515e-97	0	0	0
0.000011220184543019652	0	0	0	0	0	0	0.014712595871249125	0	0	0	0	0	0	0	0.012003837794505983	5.154848918667606e-14	0	7.741307288451631e-97	7.741307288451631e-97	7.741307288451631e-97	0	0	0
0.000012022644346174132	0	0	0	0	0	0	0.01902231459288396	0	0	0	0	0	0	0	0.013572847789270646	8.765821653389847e-14	0	7.224608320738587e-97	7.224608320738587e-97	7.224608320738587e-97	0	0	0
0.000012882495516931348	0	0	0	0	0	0	0.02459446692053537	0	0	0	0	0	0	0	0.015346941558559249	1.4906281536355474e-13	0	6.74239678690301e-97	6.74239678690301e-97	6.74239678690301e-97	0	0	0
0.000013803842646028866	0	0	0	0	0	0	0.028047936198271353	0	0	0	0	0	0	0	0.019501150707806416	2.5348134838583127e-13	0	6.292370799057044e-97	6.292370799057044e-97	6.292370799057044e-97	0	0	0
0.000014791083881682102	0	0	0	0	0	0	0.03198632958884903	0	0	0	0	0	0	0	0.024779847989743	4.310450854077058e-13	0	5.872382110429382e-97	5.872382110429382e-97	5.872382110429382e-97	0	0	0
0.00001584893192461114	0	0	0	0	0	0	0.03145478937377739	0	0	0	0	0	0	0	0.02310427933583674	7.329922569739807e-13	0	5.48042586048154e-97	5.48042586048154e-97	5.48042586048154e-97	0	0	0
0.00001698243652461746	0	0	0	0	0	0	0.0309320821509206	0	0	0	0	0	0	0	0.02154200961399476	1.2464534847338254e-12	0	5.114631004493445e-97	5.114631004493445e-97	5.114631004493445e-97	0	0	0
0.000018197008586099864	0	0	0	0	0	0	0.030796520183277755	0	0	0	0	0	0	0	0.023242135044995345	2.119594408840004e-12	0	4.773251381933138e-97	4.773251381933138e-97	4.773251381933138e-97	0	0	0
0.000019498445997580493	0	0	0	0	0	0	0.030661552325238782	0	0	0	0	0	0	0	0.02507643674519891	3.604370731046852e-12	0	4.45465738097428e-97	4.45465738097428e-97	4.45465738097428e-97	0	0	0
0.00002089296130854041	0	0	0	0	0	0	0.03098557449337065	0	0	0	0	0	0	0	0.027616783958719745	6.129233174348852e-12	0	4.1573281593713126e-97	4.1573281593713126e-97	4.1573281593713126e-97	0	0	0
0.000022387211385683423	0	0	0	0	0	0	0.03131302083143154	0	0	0	0	0	0	0	0.030414478897949057	1.0422762281900226e-11	0	3.879844384557714e-97	3.879844384557714e-97	3.879844384557714e-97	0	0	0
0.000023988329190194948	0	0	0	0	0	0	0.03676279136558199	0	0	0	0	0	0	0	0.027439886596990218	1.7723909418169413e-11	0	3.6208814583115395e-97	3.6208814583115395e-97	3.6208814583115395e-97	0	0	0
0.000025703957827688645	0	0	0	0	0	0	0.04316104908130395	0	0	0	0	0	0	0	0.024756214925860904	3.013951163493359e-11	0	3.37920319364533e-97	3.37920319364533e-97	3.37920319364533e-97	0	0	0
0.00002754228703338169	0	0	0	0	0	0	0.03687844420661388	0	0	0	0	0	0	0	0.027043232671419348	5.125224577491175e-11	0	3.15365591373643e-97	3.15365591373643e-97	3.15365591373643e-97	0	0	0
0.0000295120922666639	0	0	0	0	0	0	0.03151034731659127	0	0	0	0	0	0	0	0.02954152868322997	8.715445455086221e-11	0	2.943162944728386e-97	2.943162944728386e-97	2.943162944728386e-97	0	0	0
0.000031622776601683856	0	0	0	0	0	0	0.031056512534596126	0	0	0	0	0	0	0	0.02735442464055089	1.4820616800711325e-10	0	2.746719476114102e-97	2.746719476114102e-97	2.746719476114102e-97	0	0	0
0.000033884415613920276	0	0	0	0	0	0	0.030609214208936256	0	0	0	0	0	0	0	0.02532924262109539	2.520246193788411e-10	0	2.563387764166347e-97	2.563387764166347e-97	2.563387764166347e-97	0	0	0
0.000036307805477010174	0	0	0	0	0	0	0.03627561643440698	0	0	0	0	0	0	0	0.027836626353709454	4.285679174297538e-10	0	2.392292655518625e-97	2.392292655518625e-97	2.392292655518625e-97	0	0	0
0.00003890451449942813	0	0	0	0	0	0	0.042990987573670626	0	0	0	0	0	0	0	0.030592220160214147	7.287798323146266e-10	0	2.2326174095278103e-97	2.2326174095278103e-97	2.2326174095278103e-97	0	0	0
0.00004168693834703355	0	0	0	0	0	0	0.04210007363210488	0	0	0	0	0	0	0	0.0343377515332377	1.2392902557284983e-9	0	2.0835997994760687e-97	2.0835997994760687e-97	2.0835997994760687e-97	0	0	0
0.00004466835921509635	0	0	0	0	0	0	0.04122762234273825	0	0	0	0	0	0	0	0.03854186372167194	2.1074133364334435e-9	0	1.9445284740007886e-97	1.9445284740007886e-97	1.9445284740007886e-97	0	0	0
0.0000478630092322639	0	0	0	0	0	0	0.044351491045067304	0	0	0	0	0	0	0	0.03992336670322966	3.5836568148976637e-9	0	1.814739561383445e-97	1.814739561383445e-97	1.814739561383445e-97	0	0	0
0.00005128613839913659	0	0	0	0	0	0	0.047712059200696086	0	0	0	0	0	0	0	0.04135438857940609	6.094009155648893e-9	0	1.6936135004875438e-97	1.6936135004875438e-97	1.6936135004875438e-97	0	0	0
0.00005495408738576248	0	0	0	0	0	0	0.04632328073690511	0	0	0	0	0	0	0	0.042452415286067274	1.0362863830808247e-8	0	1.5805720832178498e-97	1.5805720832178498e-97	1.5805720832178498e-97	0	0	0
0.00005888436553555896	0	0	0	0	0	0	0.04497492613353442	0	0	0	0	0	0	0	0.04357959639906753	1.7622052089687525e-8	0	1.475075694382717e-97	1.475075694382717e-97	1.475075694382717e-97	0	0	0
0.00006309573444801943	0	0	0	0	0	0	0.04672027318248476	0	0	0	0	0	0	0	0.044088069103269366	2.996630322676257e-8	0	1.3766207357837779e-97	1.3766207357837779e-97	1.3766207357837779e-97	0	0	0
0.00006760829753919819	0	0	0	0	0	0	0.04853335211191111	0	0	0	0	0	0	0	0.04460247450332646	5.0957704840958765e-8	0	1.284737222236531e-97	1.284737222236531e-97	1.284737222236531e-97	0	0	0
0.00007244359600749906	0	0	0	0	0	0	0.049027102002189606	0	0	0	0	0	0	0	0.04807605590347516	8.66535876316953e-8	0	1.1989865380462214e-97	1.1989865380462214e-97	1.1989865380462214e-97	0	0	0
0.00007762471166286927	0	0	0	0	0	0	0.049525875014579945	0	0	0	0	0	0	0	0.05182015520375907	1.4735444370737606e-7	0	1.1189593432293307e-97	1.1189593432293307e-97	1.1189593432293307e-97	0	0	0
0.00008317637711026725	0	0	0	0	0	0	0.05074711941895318	0	0	0	0	0	0	0	0.05264070866308253	2.505762620308123e-7	0	1.0442736194857487e-97	1.0442736194857487e-97	1.0442736194857487e-97	0	0	0
0.00008912509381337459	0	0	0	0	0	0	0.05199847814023226	0	0	0	0	0	0	0	0.05347425529035342	4.261049854595766e-7	0	9.745728465939169e-98	9.745728465939169e-98	9.745728465939169e-98	0	0	0
0.00009549925860214369	0	0	0	0	0	0	0.05894043537051614	0	0	0	0	0	0	0	0.057085926059397635	7.245916159894459e-7	0	9.095243005237385e-98	9.095243005237385e-98	9.095243005237385e-98	0	0	0
0.00010232929922807557	7.978518199249666e-29	7.978518199249666e-29	0	0	0	0	0.06680916530474615	0	0	0	0	0	0	0	0.06094153039372757	1.232168193000445e-6	0	8.488174651431535e-98	8.488174651431535e-98	8.488174651431535e-98	0	0	0
0.00010964781961431851	1.3567471849596776e-28	1.3567471849596776e-28	0	0	0	0	0.07049347766950766	0	0	0	0	0	0	0	0.06523112375758792	2.095302267289947e-6	0	7.921625499364492e-98	7.921625499364492e-98	7.921625499364492e-98	0	0	0
0.00011748975549395303	2.3071488689079126e-28	2.3071488689079126e-28	0	0	0	0	0.07438096810930128	0	0	0	0	0	0	0	0.06982265589962457	3.56306193931172e-6	0	7.39289106658502e-98	7.39289106658502e-98	7.39289106658502e-98	0	0	0
0.00012589254117941688	3.923307129221204e-28	3.923307129221204e-28	0	0	0	0	0.07448262763115145	0	0	0	0	0	0	0	0.0730785650942239	6.058987565451467e-6	0	6.899447383214119e-98	6.899447383214119e-98	6.899447383214119e-98	0	0	0
0.0001348962882591656	6.671584585473023e-28	6.671584585473023e-28	0	0	0	0	0.0745844260952422	0	0	0	0	0	0	0	0.07648630100676843	0.000010303309609427217	0	6.438938943507119e-98	6.438938943507119e-98	6.438938943507119e-98	0	0	0
0.0001445439770745928	1.134503096879839e-27	1.134503096879839e-27	0	0	0	0	0.07603177908293719	0	0	0	0	0	0	0	0.0766277359997712	0.000017520780123899506	0	6.009167461597261e-98	6.009167461597261e-98	6.009167461597261e-98	0	0	0
0.00015488166189124827	1.929222751117493e-27	1.929222751117493e-27	0	0	0	0	0.07750721877425991	0	0	0	0	0	0	0	0.0767694325279374	0.000029794090227974153	0	5.60808137774498e-98	5.60808137774498e-98	5.60808137774498e-98	0	0	0
0.00016595869074375631	3.28064368767749e-27	3.28064368767749e-27	0	0	0	0	0.08142086270961979	0	0	0	0	0	0	0	0.07977837351283393	0.00005066485660086662	0	5.233766065000013e-98	5.233766065000013e-98	5.233766065000013e-98	0	0	0
0.00017782794100389227	5.578735270078869e-27	5.578735270078869e-27	0	0	0	0	0.08553212190062916	0	0	0	0	0	0	0	0.08290524849245264	0.00008615559913879048	0	4.884434689526614e-98	4.884434689526614e-98	4.884434689526614e-98	0	0	0
0.00019054607179632481	9.486640481720746e-27	9.486640481720746e-27	0	0	0	0	0.09124699233178037	0	0	0	0	0	0	0	0.09060113593903685	0.0001465076141720905	0	4.558419680962726e-98	4.558419680962726e-98	4.558419680962726e-98	0	0	0
0.00020417379446695317	1.6132034103161737e-26	1.6132034103161737e-26	0	0	0	0	0.09734370461742001	0	0	0	0	0	0	0	0.09901141342325426	0.0002491362282307437	0	4.2541647720961076e-98	4.2541647720961076e-98	4.2541647720961076e-98	0	0	0
0.00021877616239495564	2.7432527332201486e-26	2.7432527332201486e-26	0	0	0	0	0.10039226898718054	0	0	0	0	0	0	0	0.10302224601377181	0.00025569418987107654	0	3.970217569857742e-98	3.970217569857742e-98	3.970217569857742e-98	0	0	0
0.00023442288153199226	4.664901840769633e-26	4.664901840769633e-26	0	0	0	0	0.10353630686242482	0	0	0	0	0	0	0	0.1071955525809047	0.0002624247753854305	0	3.705222622169522e-98	3.705222622169522e-98	3.705222622169522e-98	0	0	0
0.0002511886431509582	7.932666545991672e-26	7.932666545991672e-26	0	0	0	0	0.10548828599437533	0	0	0	0	0	0	0	0.1089238162960093	0.00025085893033154283	0	3.457914947550009e-98	3.457914947550009e-98	3.457914947550009e-98	0	0	0
0.00026915348039269194	1.3489501103738754e-25	1.3489501103738754e-25	0	0	0	0	0.1074770659611928	0	0	0	0	0	0	0	0.11067994399797772	0.0002398028266754098	0	3.227113996591246e-98	3.227113996591246e-98	3.227113996591246e-98	0	0	0
0.00028840315031266115	2.293889941960566e-25	2.293889941960566e-25	0	0	0	0	0.10973034647022466	0	0	0	0	0	0	0	0.11659985745019001	0.00022432449138645204	0	3.0117180164809445e-98	3.0117180164809445e-98	3.0117180164809445e-98	0	0	0
0.0003090295432513592	3.9007603212021593e-25	3.9007603212021593e-25	0	0	0	0	0.11203086750454401	0	0	0	0	0	0	0	0.12283640799143337	0.00020984522214954576	0	2.8106987916686284e-98	2.8106987916686284e-98	2.8106987916686284e-98	0	0	0
0.0003311311214825914	6.633243733769047e-25	6.633243733769047e-25	0	0	0	0	0.11689079857960516	0	0	0	0	0	0	0	0.12419408470416987	0.00019291447260216812	0	2.623096735569652e-98	2.623096735569652e-98	2.623096735569652e-98	0	0	0
0.000354813389233576	1.1279832342538146e-24	1.1279832342538146e-24	0	0	0	0	0.12196155485472444	0	0	0	0	0	0	0	0.1255667674406612	0.00017734973118830783	0	2.4480163098769245e-98	2.4480163098769245e-98	2.4480163098769245e-98	0	0	0
0.00038018939632056124	1.91813572337212e-24	1.91813572337212e-24	0	0	0	0	0.12881227802272494	0	0	0	0	0	0	0	0.12965025866092345	0.00015566374376691926	0	2.2846217496138227e-98	2.2846217496138227e-98	2.2846217496138227e-98	0	0	0
0.00040738027780411304	3.2617901947011374e-24	3.2617901947011374e-24	0	0	0	0	0.13604781432286817	0	0	0	0	0	0	0	0.13386654696504685	0.00013662947759308718	0	2.1321330735214453e-98	2.1321330735214453e-98	2.1321330735214453e-98	0	0	0
0.00043651583224016654	5.5466749013696055e-24	5.5466749013696055e-24	0	0	0	0	0.1391068624069772	0	0	0	0	0	0	0	0.13796743384661014	0.00009557376465533298	0	1.9898223607353944e-98	1.9898223607353944e-98	1.9898223607353944e-98	0	0	0
0.00046773514128719906	9.432121818093263e-24	9.432121818093263e-24	0	0	0	0	0.14223469347909268	0	0	0	0	0	0	0	0.14219394788145887	0.00006685485922442848	0	1.8570102759783277e-98	1.8570102759783277e-98	1.8570102759783277e-98	0	0	0
0.0005011872336272725	1.603932510437598e-23	1.603932510437598e-23	0	0	0	0	0.14560135411337016	0	0	0	0	0	0	0	0.14579010673452275	0.00008466437605263219	0	1.7330628266809837e-98	1.7330628266809837e-98	1.7330628266809837e-98	0	0	0
0.0005370317963702533	2.727487566057255e-23	2.727487566057255e-23	0	0	0	0	0.1490477027868253	0	0	0	0	0	0	0	0.14947721431423158	0.00010721818362250544	0	1.6173883365514176e-98	1.6173883365514176e-98	1.6173883365514176e-98	0	0	0
0.0005754399373371578	4.6380931707453374e-23	4.6380931707453374e-23	0	0	0	0	0.15421101757813602	0	0	0	0	0	0	0	0.15460103859153682	0.00011023029127064231	0	1.509434621145501e-98	1.509434621145501e-98	1.509434621145501e-98	0	0	0
0.0006165950018614823	7.887078397065241e-23	7.887078397065241e-23	0	0	0	0	0.15955320006841606	0	0	0	0	0	0	0	0.15990049883680632	0.00011332701882351387	0	1.4086863519559174e-98	1.4086863519559174e-98	1.4086863519559174e-98	0	0	0
0.0006606934480075965	1.341197844705158e-22	1.341197844705158e-22	0	0	0	0	0.16535783080124064	0	0	0	0	0	0	0	0.16659827382397432	0.0001187557707548741	0	1.314662596436883e-98	1.314662596436883e-98	1.314662596436883e-98	0	0	0
0.0007079457843841388	2.280707212585942e-22	2.280707212585942e-22	0	0	0	0	0.17137363710390655	0	0	0	0	0	0	0	0.17357659946673779	0.0001244445784773269	0	1.2269145222216593e-98	1.2269145222216593e-98	1.2269145222216593e-98	0	0	0
0.0007585775750291852	3.878343087171512e-22	3.878343087171512e-22	0	0	0	0	0.17617453819845091	0	0	0	0	0	0	0	0.17755138534503115	0.00014733892575066683	0	1.1450232545736484e-98	1.1450232545736484e-98	1.1450232545736484e-98	0	0	0
0.0008128305161640995	6.595123222658797e-22	6.595123222658797e-22	0	0	0	0	0.18110993285752014	0	0	0	0	0	0	0	0.1816171911121051	0.00017444519726759951	0	1.068597876843427e-98	1.068597876843427e-98	1.068597876843427e-98	0	0	0
0.0008709635899560814	1.1215008405503173e-21	1.1215008405503173e-21	0	0	0	0	0.18689335912977237	0	0	0	0	0	0	0	0.18670685466895381	0.0001089105399052302	0	9.972735643866611e-99	9.972735643866611e-99	9.972735643866611e-99	0	0	0
0.0009332543007969925	1.9071124115373162e-21	1.9071124115373162e-21	0	0	0	0	0.19286146891948183	0	0	0	0	0	0	0	0.19193915161289174	0.00006799559912362228	0	9.307098430349957e-99	9.307098430349957e-99	9.307098430349957e-99	0	0	0
0.001	3.2430450506439055e-21	3.2430450506439055e-21	0	0	0	0	0.19907805951143506	0	0	0	0	0	0	0	0.19784806974831368	0.00007472934816731251	0	8.685889638065037e-99	8.685889638065037e-99	8.685889638065037e-99	0	0	0
0.001071519305237607	5.5147987800195225e-21	5.5147987800195225e-21	0	0	0	0	0.2054950322678741	0	0	0	0	0	0	0	0.20393889612516414	0.00008212995472483933	0	8.10614386097221e-99	8.10614386097221e-99	8.10614386097221e-99	0	0	0
0.001148153621496884	9.377916467138138e-21	9.377916467138138e-21	0	0	0	0	0.210923162042824	0	0	0	0	0	0	0	0.2112204864715864	0.00009935382740891414	0	7.565093621131437e-99	7.565093621131437e-99	7.565093621131437e-99	0	0	0
0.0012302687708123836	1.594714889385489e-20	1.594714889385489e-20	0	0	0	0	0.2164946752977951	0	0	0	0	0	0	0	0.21876206428965092	0.00012018980229408216	0	7.060156157852792e-99	7.060156157852792e-99	7.060156157852792e-99	0	0	0
0.0013182567385564075	2.711812999549825e-20	2.711812999549825e-20	0	0	0	0	0.22263957932446735	0	0	0	0	0	0	0	0.22737562997973768	0.00017011229732421992	0	6.588921098614488e-99	6.588921098614488e-99	6.588921098614488e-99	0	0	0
0.0014125375446227555	4.611438567154387e-20	4.611438567154387e-20	0	0	0	0	0.22895889801258673	0	0	0	0	0	0	0	0.23632834731450525	0.00024077079043792704	0	6.149138952894003e-99	6.149138952894003e-99	6.149138952894003e-99	0	0	0
0.0015135612484362103	7.841752238140643e-20	7.841752238140643e-20	0	0	0	0	0.2353374644380843	0	0	0	0	0	0	0	0.24222899818263274	0.0002311443870193236	0	5.7387103739866305e-99	5.7387103739866305e-99	5.7387103739866305e-99	0	0	0
0.0016218100973589332	1.333490130441654e-19	1.333490130441654e-19	0	0	0	0	0.24189373135916276	0	0	0	0	0	0	0	0.24827697661879528	0.0002219028626909501	0	5.355676137551328e-99	5.355676137551328e-99	5.355676137551328e-99	0	0	0
0.0017378008287493763	2.26760024288515e-19	2.26760024288515e-19	0	0	0	0	0.2501672186670729	0	0	0	0	0	0	0	0.25855035363246615	0.00021461251600599524	0	4.9982077890456034e-99	4.9982077890456034e-99	4.9982077890456034e-99	0	0	0
0.0018620871366628695	3.856054682481779e-19	3.856054682481779e-19	0	0	0	0	0.2587236839250503	0	0	0	0	0	0	0	0.26924882956872875	0.00020756168472945953	0	4.664598915403825e-99	4.664598915403825e-99	4.664598915403825e-99	0	0	0
0.001995262314968883	6.55722178586969e-19	6.55722178586969e-19	0	0	0	0	0.26811635043759846	0	0	0	0	0	0	0	0.2767062900314201	0.0002353336506788266	0	4.353256999293598e-99	4.353256999293598e-99	4.353256999293598e-99	0	0	0
0.0021379620895022326	1.1150557004396493e-18	1.1150557004396493e-18	0	0	0	0	0.2778500069317265	0	0	0	0	0	0	0	0.28437030187129464	0.00026682153410929253	0	4.06269581706536e-99	4.06269581706536e-99	4.06269581706536e-99	0	0	0
0.0022908676527677745	1.8961524494448047e-18	1.8961524494448047e-18	0	0	0	0	0.28762705131322247	0	0	0	0	0	0	0	0.29308927600654333	0.0003036186686068294	0	3.791528344106191e-99	3.791528344106191e-99	3.791528344106191e-99	0	0	0
0.0024547089156850338	3.2244076328366208e-18	3.2244076328366208e-18	0	0	0	0	0.29774813238521036	0	0	0	0	0	0	0	0.3020755794285396	0.00034549046513174047	0	3.5384601337307936e-99	3.5384601337307936e-99	3.5384601337307936e-99	0	0	0
0.002630267991895387	5.483105847179777e-18	5.483105847179777e-18	0	0	0	0	0.3052815271782087	0	0	0	0	0	0	0	0.3117668061120134	0.0003660110690677174	0	3.3022831380029575e-99	3.3022831380029575e-99	3.3022831380029575e-99	0	0	0
0.002818382931264455	9.324022628282784e-18	9.324022628282784e-18	0	0	0	0	0.31300552614612664	0	0	0	0	0	0	0	0.3217689479472782	0.0003877505060205082	0	3.0818699409906478e-99	3.0818699409906478e-99	3.0818699409906478e-99	0	0	0
0.003019951720402019	1.5855502409723858e-17	1.5855502409723858e-17	0	0	0	0	0.32236781691706345	0	0	0	0	0	0	0	0.3326378699828803	0.0003671360484204828	0	2.8761683769264895e-99	2.8761683769264895e-99	2.8761683769264895e-99	0	0	0
0.0032359365692962876	2.696228513026026e-17	2.696228513026026e-17	0	0	0	0	0.33201014264316164	0	0	0	0	0	0	0	0.34387392957780744	0.00034761754261302774	0	2.684196507582946e-99	2.684196507582946e-99	2.684196507582946e-99	0	0	0
0.0034673685045253167	4.5849371445941824e-17	4.5849371445941824e-17	0	0	0	0	0.34145299088381287	0	0	0	0	0	0	0	0.3527451636060628	0.00035280359527099233	0	2.5050379348860513e-99	2.5050379348860513e-99	2.5050379348860513e-99	0	0	0
0.003715352290971728	7.796686563590556e-17	7.796686563590556e-17	0	0	0	0	0.3511644073741754	0	0	0	0	0	0	0	0.36184525706917187	0.0003580670178509946	0	2.337837426392019e-99	2.337837426392019e-99	2.337837426392019e-99	0	0	0
0.003981071705534978	1.3258267115514284e-16	1.3258267115514284e-16	0	0	0	0	0.36177789743169714	0	0	0	0	0	0	0	0.37179741121711857	0.00035076088277410087	0	2.1817968327445195e-99	2.1817968327445195e-99	2.1817968327445195e-99	0	0	0
0.004265795188015935	2.2545685974757777e-16	2.2545685974757777e-16	0	0	0	0	0.3727121664999488	0	0	0	0	0	0	0	0.38202328837303473	0.00034360382484506177	0	2.0361712776240747e-99	2.0361712776240747e-99	2.0361712776240747e-99	0	0	0
0.004570881896148752	3.8338943667652103e-16	3.8338943667652103e-16	0	0	0	0	0.3823105036851797	0	0	0	0	0	0	0	0.3908571269502238	0.00035714222178769543	0	1.9002656020019746e-99	1.9002656020019746e-99	1.9002656020019746e-99	0	0	0
0.004897788193684466	6.519538164405868e-16	6.519538164405868e-16	0	0	0	0	0.392156023777228	0	0	0	0	0	0	0	0.3998952376395673	0.0003712140475763541	0	1.7734310457249255e-99	1.7734310457249255e-99	1.7734310457249255e-99	0	0	0
0.005248074602497733	1.108647599829579e-15	1.108647599829579e-15	0	0	0	0	0.40052383952038206	0	0	0	0	0	0	0	0.4088204686252598	0.00038647803296214836	0	1.655062150589691e-99	1.655062150589691e-99	1.655062150589691e-99	0	0	0
0.005623413251903491	1.8852554730307147e-15	1.8852554730307147e-15	0	0	0	0	0.4090702075133192	0	0	0	0	0	0	0	0.41794490115338173	0.0004023696596006885	0	1.5445938701241484e-99	1.5445938701241484e-99	1.5445938701241484e-99	0	0	0
0.0060255958607435805	3.2058773221884757e-15	3.2058773221884757e-15	0	0	0	0	0.41800806536581125	0	0	0	0	0	0	0	0.42717543011878056	0.0004032531756406126	0	1.44149887227803e-99	1.44149887227803e-99	1.44149887227803e-99	0	0	0
0.006456542290346563	5.451595050086275e-15	5.451595050086275e-15	0	0	0	0	0.4271412082855706	0	0	0	0	0	0	0	0.4366098200829518	0.0004041386316891177	0	1.3452850221474828e-99	1.3452850221474828e-99	1.3452850221474828e-99	0	0	0
0.006918309709189377	9.270438511301857e-15	9.270438511301857e-15	0	0	0	0	0.43667960856361215	0	0	0	0	0	0	0	0.4456134912314103	0.0004083157315534653	0	1.2554930327169132e-99	1.2554930327169132e-99	1.2554930327169132e-99	0	0	0
0.007413102413009177	1.5764382607704183e-14	1.5764382607704183e-14	0	0	0	0	0.4464310088475037	0	0	0	0	0	0	0	0.4548028340950254	0.0004125360051258136	0	1.1716942724037184e-99	1.1716942724037184e-99	1.1716942724037184e-99	0	0	0
0.00794328234724282	2.6807335888061715e-14	2.6807335888061715e-14	0	0	0	0	0.4546129143723071	0	0	0	0	0	0	0	0.46347520510420337	0.0004612166345077625	0	1.0934887189399708e-99	1.0934887189399708e-99	1.0934887189399708e-99	0	0	0
0.008511380382023776	4.5585880227504546e-14	4.5585880227504546e-14	0	0	0	0	0.4629447726931528	0	0	0	0	0	0	0	0.4723129445176271	0.0005156417410930999	0	1.0205030498237192e-99	1.0205030498237192e-99	1.0205030498237192e-99	0	0	0
0.009120108393559097	7.75187987644016e-14	7.75187987644016e-14	0	0	0	0	0.4707045454633033	0	0	0	0	0	0	0	0.48022905224514106	0.0005445965336514701	0	9.523888602244334e-100	9.523888602244334e-100	9.523888602244334e-100	0	0	0
0.009772372209558112	1.3182073334738872e-13	1.3182073334738872e-13	0	0	0	0	0.47859438574257424	0	0	0	0	0	0	0	0.488277836331161	0.0005751772225353037	0	8.888209998355964e-100	8.888209998355964e-100	8.888209998355964e-100	0	0	0
0.010471285480509006	2.2416118434775348e-13	2.2416118434775348e-13	0	0	0	0	0.4857081174129754	0	0	0	0	0	0	0	0.4945324083918435	0.0005965497738064482	0	8.294960207352513e-100	8.294960207352513e-100	8.294960207352513e-100	0	0	0
0.011220184543019653	3.8118614039088487e-13	3.8118614039088487e-13	0	0	0	0	0.492927586174713	0	0	0	0	0	0	0	0.5008670981002085	0.0006187164906494215	0	7.74130728845163e-100	7.74130728845163e-100	7.74130728845163e-100	0	0	0
0.012022644346174132	6.482071106507075e-13	6.482071106507075e-13	0	0	0	0	0.4976658182219703	0	0	0	0	0	0	0	0.5064098392796786	0.0006126134338258941	0	7.224608320738587e-100	7.224608320738587e-100	7.224608320738587e-100	0	0	0
0.01288249551693135	1.102276325858227e-12	1.102276325858227e-12	0	0	0	0	0.5024495961943559	0	0	0	0	0	0	0	0.5120139180473019	0.0006065705779233943	0	6.74239678690301e-100	6.74239678690301e-100	6.74239678690301e-100	0	0	0
0.013803842646028866	1.874421120323422e-12	1.874421120323422e-12	0	0	0	0	0.5065609748900962	0	0	0	0	0	0	0	0.5169738266332418	0.0006113551519330009	0	6.292370799057044e-100	6.292370799057044e-100	6.292370799057044e-100	0	0	0
0.014791083881682071	3.187453503166669e-12	3.187453503166669e-12	0	0	0	0	0.5107059956365184	0	0	0	0	0	0	0	0.5219817821419589	0.0006161774662308552	0	5.872382110429394e-100	5.872382110429394e-100	5.872382110429394e-100	0	0	0
0.01584893192461114	5.420265342025457e-12	5.420265342025457e-12	0	0	0	0	0.5133207694256908	0	0	0	0	0	0	0	0.5245027899080229	0.0006372212736423706	0	5.480425860481539e-100	5.480425860481539e-100	5.480425860481539e-100	0	0	0
0.01698243652461746	9.217162336258283e-12	9.217162336258283e-12	0	0	0	0	0.5159489306472156	0	0	0	0	0	0	0	0.5270359733483614	0.000658983773077925	0	5.114631004493444e-100	5.114631004493444e-100	5.114631004493444e-100	0	0	0
0.018197008586099864	1.5673786461013305e-11	1.5673786461013305e-11	0	0	0	0	0.5159671180640395	0	0	0	0	0	0	0	0.52776070243754	0.0006659545947697885	0	4.773251381933139e-100	4.773251381933139e-100	4.773251381933139e-100	0	0	0
0.019498445997580455	2.665327712185739e-11	2.665327712185739e-11	0	0	0	0	0.5159853061219773	0	0	0	0	0	0	0	0.5284864281043323	0.0006729991547797178	0	4.4546573809742896e-100	4.4546573809742896e-100	4.4546573809742896e-100	0	0	0
0.02089296130854041	4.532390326368024e-11	4.532390326368024e-11	0	0	0	0	0.5144110134697916	0	0	0	0	0	0	0	0.5265495352865629	0.0006693731344328346	0	4.1573281593713133e-100	4.1573281593713133e-100	4.1573281593713133e-100	0	0	0
0.022387211385683423	7.70733068831824e-11	7.70733068831824e-11	3.8798443845577147e-100	3.8798443845577147e-100	0	0	0.5128415240500334	0	0	0	0	0	0	0	0.5246197411445359	0.0006657666505496492	0	3.8798443845577147e-100	3.8798443845577147e-100	3.8798443845577147e-100	0	0	0
0.02398832919019495	1.310631743111475e-10	1.310631743111475e-10	3.620881458311539e-100	3.620881458311539e-100	0	0	0.5091790617158857	0	0	0	0	0	0	0	0.520114033355673	0.0006680056011244228	0	3.620881458311539e-100	3.620881458311539e-100	3.620881458311539e-100	0	0	0
0.025703957827688646	2.2287295504978568e-10	2.2287295504978568e-10	3.379203193645331e-100	3.379203193645331e-100	0	0	0.505542754889278	0	0	0	0	0	0	0	0.5156470229338486	0.0006702520812137369	0	3.379203193645331e-100	3.379203193645331e-100	3.379203193645331e-100	0	0	0
0.02754228703338169	3.7899550620299474e-10	3.7899550620299474e-10	3.15365591373643e-100	3.15365591373643e-100	0	0	0.49864054682778547	0	0	0	0	0	0	0	0.5089716549767741	0.0006675389772802515	0	3.15365591373643e-100	3.15365591373643e-100	3.15365591373643e-100	0	0	0
0.0295120922666639	6.444819367606856e-10	6.444819367606856e-10	2.943162944728387e-100	2.943162944728387e-100	0	0	0.4918325750611727	0	0	0	0	0	0	0	0.5023827037648381	0.0006648368556818605	0	2.943162944728387e-100	2.943162944728387e-100	2.943162944728387e-100	0	0	0
0.03162277660168379	1.0959416668870425e-9	1.0959416668870425e-9	2.746719476114108e-100	2.746719476114108e-100	0	0	0.48263692618133747	0	0	0	0	0	0	0	0.4937684982778065	0.0006802956909690614	0	2.746719476114108e-100	2.746719476114108e-100	2.746719476114108e-100	0	0	0
0.03388441561392028	1.8636490314315187e-9	1.8636490314315187e-9	2.5633877641663466e-100	2.5633877641663466e-100	0	0	0.4736132056417719	0	0	0	0	0	0	0	0.4853019979876623	0.0006961139762271745	0	2.5633877641663466e-100	2.5633877641663466e-100	2.5633877641663466e-100	0	0	0
0.03630780547701017	3.1691355637761223e-9	3.1691355637761223e-9	2.392292655518625e-100	2.392292655518625e-100	0	0	0.46271187119318313	0	0	0	0	0	0	0	0.4740054488431175	0.0006904929549604514	0	2.392292655518625e-100	2.392292655518625e-100	2.392292655518625e-100	0	0	0
0.038904514499428125	5.389115682299892e-9	5.389115682299892e-9	2.2326174095278108e-100	2.2326174095278108e-100	0	0	0.4520614568864831	0	0	0	0	0	0	0	0.46297185353577985	0.0006849173226403092	0	2.2326174095278108e-100	2.2326174095278108e-100	2.2326174095278108e-100	0	0	0
0.04168693834703355	9.164192333448167e-9	9.164192333448167e-9	2.0835997994760694e-100	2.0835997994760694e-100	0	0	0.4384783148525592	0	0	0	0	0	0	0	0.44952454079647247	0.0006887536829066986	0	2.0835997994760694e-100	2.0835997994760694e-100	2.0835997994760694e-100	0	0	0
0.04466835921509635	1.5583710960272024e-8	1.5583710960272024e-8	1.9445284740007885e-100	1.9445284740007885e-100	0	0	0.4253033070329172	0	0	0	0	0	0	0	0.43646781383149996	0.0006926115314018229	0	1.9445284740007885e-100	1.9445284740007885e-100	1.9445284740007885e-100	0	0	0
0.0478630092322639	2.6500103714219814e-8	2.6500103714219814e-8	1.814739561383445e-100	1.814739561383445e-100	0	0	0.41048903087970046	0	0	0	0	0	0	0	0.4217884857242553	0.0006993979919051518	0	1.814739561383445e-100	1.814739561383445e-100	1.814739561383445e-100	0	0	0
0.05128613839913648	4.506343185231508e-8	4.506343185231508e-8	1.6936135004875475e-100	1.6936135004875475e-100	0	0	0.3961907694724655	0	0	0	0	0	0	0	0.40760285421238757	0.0007062509486247209	0	1.6936135004875475e-100	1.6936135004875475e-100	1.6936135004875475e-100	0	0	0
0.05495408738576248	7.66303751944285e-8	7.66303751944285e-8	1.5805720832178496e-100	1.5805720832178496e-100	0	0	0.38057829029699364	0	0	0	0	0	0	0	0.39174823122257724	0.0007131121815583924	0	1.5805720832178496e-100	1.5805720832178496e-100	1.5805720832178496e-100	0	0	0
0.05888436553555896	1.303099688830553e-7	1.303099688830553e-7	1.4750756943827171e-100	1.4750756943827171e-100	0	0	0.36558104379422895	0	0	0	0	0	0	0	0.3765103091894732	0.0007200400714182758	0	1.4750756943827171e-100	1.4750756943827171e-100	1.4750756943827171e-100	0	0	0
0.06309573444801943	2.2159212906527083e-7	2.2159212906527083e-7	1.3766207357837778e-100	1.3766207357837778e-100	0	0	0.34908532335401926	0	0	0	0	0	0	0	0.35974451901269827	0.0007067340942766831	0	1.3766207357837778e-100	1.3766207357837778e-100	1.3766207357837778e-100	0	0	0
0.06760829753919818	3.768174613543608e-7	3.768174613543608e-7	1.284737222236531e-100	1.284737222236531e-100	0	0	0.3333339215743659	0	0	0	0	0	0	0	0.3437252999480315	0.0006936740048776205	0	1.284737222236531e-100	1.284737222236531e-100	1.284737222236531e-100	0	0	0
0.07244359600749906	6.407781710627867e-7	6.407781710627867e-7	1.1989865380462214e-100	1.1989865380462214e-100	0	0	0.31615167227433566	0	0	0	0	0	0	0	0.3263087997638437	0.0006829637926323193	0	1.1989865380462214e-100	1.1989865380462214e-100	1.1989865380462214e-100	0	0	0
0.07762471166286927	1.0896434125817651e-6	1.0896434125817651e-6	1.1189593432293306e-100	1.1189593432293306e-100	0	0	0.29985511048433744	0	0	0	0	0	0	0	0.3097747905650784	0.0006724189442979235	0	1.1189593432293306e-100	1.1189593432293306e-100	1.1189593432293306e-100	0	0	0
0.08317637711026708	5.664682107125655e-7	5.664682107125655e-7	1.0442736194857507e-100	1.0442736194857507e-100	0	0	0.282784005373444	0	0	0	0	0	0	0	0.29277336361486644	0.0006547075103085168	0	1.0442736194857507e-100	1.0442736194857507e-100	1.0442736194857507e-100	0	0	0
0.08912509381337459	2.944873800389379e-7	2.944873800389379e-7	9.745728465939168e-101	9.745728465939168e-101	0	0	0.2666847784114215	0	0	0	0	0	0	0	0.2767050291148696	0.00063746259335677	0	9.745728465939168e-101	9.745728465939168e-101	9.745728465939168e-101	0	0	0
0.09549925860214369	1.7352025271726355e-7	1.7352025271726355e-7	9.095243005237385e-101	9.095243005237385e-101	0	0	0.25029595458983245	0	0	0	0	0	0	0	0.2605031276976956	0.0005890169487797949	0	9.095243005237385e-101	9.095243005237385e-101	9.095243005237385e-101	0	0	0
0.10232929922807536	1.0224301665858311e-7	1.0224301665858311e-7	8.488174651431552e-101	8.488174651431552e-101	0	0	0.23491428816153426	0	0	0	0	0	0	0	0.24524989573684358	0.000544253058242882	0	8.488174651431552e-101	8.488174651431552e-101	8.488174651431552e-101	0	0	0
0.10964781961431873	1.0065214874542753e-7	1.0065214874542753e-7	7.921625499364476e-101	7.921625499364476e-101	0	0	0.21925792220724646	0	0	0	0	0	0	0	0.2294538252939582	0.0005201031331457819	0	7.921625499364476e-101	7.921625499364476e-101	7.921625499364476e-101	0	0	0
0.11748975549395303	9.9086034216903e-8	9.9086034216903e-8	7.392891066585019e-101	7.392891066585019e-101	0	0	0.20464500830014198	0	0	0	0	0	0	0	0.21467514913247346	0.0004970248030969104	0	7.392891066585019e-101	7.392891066585019e-101	7.392891066585019e-101	0	0	0
0.12589254117941662	1.5258231120188384e-7	1.5258231120188384e-7	6.899447383214133e-101	6.899447383214133e-101	0	0	0.19028435357214174	0	0	0	0	0	0	0	0.1997073816230192	0.00047732297046762143	0	6.899447383214133e-101	6.899447383214133e-101	6.899447383214133e-101	0	0	0
0.1348962882591656	2.3496108079919097e-7	2.3496108079919097e-7	6.43893894350712e-101	6.43893894350712e-101	0	0	0.17693143612505385	0	0	0	0	0	0	0	0.18578320982141588	0.0004584021093442473	0	6.43893894350712e-101	6.43893894350712e-101	6.43893894350712e-101	0	0	0
0.1445439770745928	3.9555392875909804e-7	3.9555392875909804e-7	6.009167461597262e-101	6.009167461597262e-101	0	0	0.16337470022907263	0	0	0	0	0	0	0	0.172001874526237	0.00043076769164719766	0	6.009167461597262e-101	6.009167461597262e-101	6.009167461597262e-101	0	0	0
0.15488166189124797	6.6590990314042e-7	6.6590990314042e-7	5.6080813777449904e-101	5.6080813777449904e-101	0	0	0.15085670053609998	0	0	0	0	0	0	0	0.15924283399440478	0.00040479919351266364	0	5.6080813777449904e-101	5.6080813777449904e-101	5.6080813777449904e-101	0	0	0
0.1659586907437563	9.369276005527224e-7	9.369276005527224e-7	5.233766065000014e-101	5.233766065000014e-101	0	0	0.1385424045983623	0	0	0	0	0	0	0	0.14650065436715876	0.00038859468364717525	0	5.233766065000014e-101	5.233766065000014e-101	5.233766065000014e-101	0	0	0
0.1778279410038923	1.3182463942007907e-6	1.3182463942007907e-6	4.8844346895266136e-101	4.8844346895266136e-101	0	0	0.12723331349344535	0	0	0	0	0	0	0	0.13477806939029935	0.0003730388562499065	0	4.8844346895266136e-101	4.8844346895266136e-101	4.8844346895266136e-101	0	0	0
0.1905460717963252	9.134671714763242e-7	9.134671714763242e-7	4.558419680962716e-101	4.558419680962716e-101	0	0	0.11598050060856811	0	0	0	0	0	0	0	0.12314058421516069	0.00034589886922993475	0	4.558419680962716e-101	4.558419680962716e-101	4.558419680962716e-101	0	0	0
0.20417379446695316	6.329789916632828e-7	6.329789916632828e-7	4.254164772096109e-101	4.254164772096109e-101	0	0	0.10572291290760982	0	0	0	0	0	0	0	0.11250794398114859	0.0003207334188650705	0	4.254164772096109e-101	4.254164772096109e-101	4.254164772096109e-101	4.2541647720961093e-11	4.2541647720961093e-11	4.2541647720961093e-11
0.21877616239495518	5.837774630478453e-7	5.837774630478453e-7	3.9702175698577514e-101	3.9702175698577514e-101	0	0	0.09548108236018243	0	0	0	0	0	0	0	0.1016985217910682	0.0002915841501371127	0	3.9702175698577514e-101	3.9702175698577514e-101	3.9702175698577514e-101	3.9702175698577516e-11	3.9702175698577516e-11	3.9702175698577516e-11
0.23442288153199276	5.384003748166483e-7	5.384003748166483e-7	3.705222622169515e-101	3.705222622169515e-101	0	0	0.08623142172254387	0	0	0	0	0	0	0	0.09192763611626634	0.00026508405925404824	0	3.705222622169515e-101	3.705222622169515e-101	3.705222622169515e-101	3.705222622169515e-11	3.705222622169515e-11	3.705222622169515e-11
0.25118864315095824	4.7558073036043907e-7	4.7558073036043907e-7	3.4579149475500085e-101	3.4579149475500085e-101	0	0	0.07701001428227307	0	0	0	0	0	0	0	0.0823995153909711	0.00023729379648457184	0	3.4579149475500085e-101	3.4579149475500085e-101	3.4579149475500085e-101	3.457914947550009e-11	3.457914947550009e-11	3.457914947550009e-11
0.2691534803926914	4.200907756930762e-7	4.200907756930762e-7	3.227113996591253e-101	3.227113996591253e-101	0	0	0.0687747248194269	0.07375971289746834	0	0	0	0	0	0	0.07385896585091752	0.00021241694430255143	0	3.227113996591253e-101	3.227113996591253e-101	3.227113996591253e-101	3.227113996591253e-11	3.227113996591253e-11	3.227113996591253e-11
0.28840315031266117	3.0513574915103484e-7	3.0513574915103484e-7	3.011718016480945e-101	3.011718016480945e-101	0	0	0.060525673296552375	0.06505040043311232	0	0	0	0	0	0	0.06519556862979363	0.0001915349363569764	0	3.011718016480945e-101	3.011718016480945e-101	3.011718016480945e-101	3.011718016480945e-11	3.011718016480945e-11	3.011718016480945e-11
0.30902954325135923	2.2163739552803313e-7	2.2163739552803313e-7	2.8106987916686282e-101	2.8106987916686282e-101	0	0	0.053266038324681526	0.057369455903258114	0	0	0	0	0	0	0.05754835746741449	0.00017270576961609445	0	2.8106987916686282e-101	2.8106987916686282e-101	2.8106987916686282e-101	2.8106987916686285e-11	2.8106987916686285e-11	2.8106987916686285e-11
0.3311311214825908	1.312714429069885e-7	1.312714429069885e-7	2.6230967355696578e-101	2.6230967355696578e-101	0	0	0.045694195924899976	0.049570052519373374	0	0	0	0	0	0	0.04970642166674277	0.00015176066726027812	0	2.6230967355696578e-101	2.6230967355696578e-101	2.6230967355696578e-101	2.6230967355696577e-11	2.6230967355696577e-11	2.6230967355696577e-11
0.354813389233576	7.774947761783679e-8	7.774947761783679e-8	2.4480163098769238e-101	2.4480163098769238e-101	0	0	0.03919870159098429	0.0428309815403681	0	0	0	0	0	0	0.04293308208337672	0.00013335570767832868	0	2.4480163098769238e-101	2.4480163098769238e-101	2.4480163098769238e-101	2.448016309876924e-11	2.448016309876924e-11	2.448016309876924e-11
0.38018939632056126	7.742291435419009e-8	7.742291435419009e-8	2.2846217496138224e-101	2.2846217496138224e-101	6.682157658032807e-8	6.682157658032807e-8	0.03262616788873426	0.036068895036435906	0	0	0	0	0	0	0.03618788398268471	0.00011550665563136548	0	2.2846217496138224e-101	2.2846217496138224e-101	2.2846217496138224e-101	2.2846217496138225e-11	2.2846217496138225e-11	2.2846217496138225e-11
0.40738027780411384	7.709772272117688e-8	7.709772272117688e-8	2.1321330735214407e-101	2.1321330735214407e-101	3.4226466253540646e-8	3.4226466253540646e-8	0.027155665567981192	0.03037439587797586	0	0	0	0	0	0	0.030502421060781108	0.00010004661763203148	0	2.1321330735214407e-101	2.1321330735214407e-101	2.1321330735214407e-101	2.1321330735214406e-11	2.1321330735214406e-11	2.1321330735214406e-11
0.43651583224016655	1.1918438509090622e-7	1.1918438509090622e-7	1.9898223607353944e-101	1.9898223607353944e-101	1.7533093237687575e-8	1.7533093237687575e-8	0.02169093146139745	0.024690148783496926	0	0	0	0	0	0	0.02474331372959789	0.00008312723297356815	0	1.9898223607353944e-101	1.9898223607353944e-101	1.9898223607353944e-101	1.9898223607353945e-11	1.9898223607353945e-11	1.9898223607353945e-11
0.4677351412871981	1.8424561904207434e-7	1.8424561904207434e-7	1.8570102759783318e-101	1.8570102759783318e-101	8.98162714795736e-9	8.98162714795736e-9	0.01732590595083028	0.020069648443386216	0	0	0	0	0	0	0.020071573108945525	0.00006906917020680457	0	1.8570102759783318e-101	1.8570102759783318e-101	1.8570102759783318e-101	1.8570102759783317e-11	1.8570102759783317e-11	1.8570102759783317e-11
0.5011872336272735	9.441991130315185e-8	9.441991130315185e-8	1.7330628266809805e-101	1.7330628266809805e-101	4.602792962335932e-9	4.602792962335932e-9	0.01306726205646998	0.015500469957435651	0	0	0	0	0	0	0.015487009793670316	0.00005440599100578329	0	1.7330628266809805e-101	1.7330628266809805e-101	1.7330628266809805e-101	1.7330628266809805e-11	1.7330628266809805e-11	1.7330628266809805e-11
0.5370317963702532	4.838714590255339e-8	4.838714590255339e-8	1.6173883365514178e-101	1.6173883365514178e-101	2.3587822902388137e-9	2.3587822902388137e-9	0.009855377152401071	0.011971538494016103	0	0	0	0	0	0	0.011949610080255642	0.0000428557610936781	0	1.6173883365514178e-101	1.6173883365514178e-101	1.6173883365514178e-101	1.6173883365514178e-11	1.6173883365514178e-11	1.6173883365514178e-11
0.5754399373371566	2.481567128761788e-8	2.481567128761788e-8	1.5094346211455043e-101	1.5094346211455043e-101	1.209717268125369e-9	1.209717268125369e-9	0.007000695543485425	0.008693479459664267	0	0	0	0	0	0	0.008704931579202735	0.00003219993214541582	0	1.5094346211455043e-101	1.5094346211455043e-101	1.5094346211455043e-101	1.5094346211455044e-11	1.5094346211455044e-11	1.5094346211455044e-11
0.6165950018614835	1.2740745230018978e-8	1.2740745230018978e-8	1.4086863519559146e-101	1.4086863519559146e-101	6.21087349800219e-10	6.21087349800219e-10	0.004708901131827362	0.005975640521251422	0	0	0	0	0	0	0.005986949536616306	0.000021525614390717285	0	1.4086863519559146e-101	1.4086863519559146e-101	1.4086863519559146e-101	1.4086863519559146e-11	1.4086863519559146e-11	1.4086863519559146e-11
0.6606934480075964	6.554350315416495e-9	6.554350315416495e-9	1.314662596436883e-101	1.314662596436883e-101	3.1951224151887423e-10	3.1951224151887423e-10	0.0029558954725088012	0.00383103533404563	0	0	0	0	0	0	0.003831356728389154	0.000013203163573650961	0	1.314662596436883e-101	1.314662596436883e-101	1.314662596436883e-101	1.314662596436883e-11	1.314662596436883e-11	1.314662596436883e-11
0.7079457843841374	3.3842133505810804e-9	3.3842133505810804e-9	1.226914522221662e-101	1.226914522221662e-101	1.6497403119862872e-10	1.6497403119862872e-10	0.0017244315969893007	0.0022723960009769033	0	0	0	0	0	0	0.0022642188482803805	7.071381859641555e-6	0	1.226914522221662e-101	1.226914522221662e-101	1.226914522221662e-101	1.226914522221662e-11	1.226914522221662e-11	1.226914522221662e-11
0.7585775750291851	1.7593036406705256e-9	1.7593036406705256e-9	1.1450232545736484e-101	1.1450232545736484e-101	8.576274118592506e-11	8.576274118592506e-11	0.0009451778291874458	0.0012444061677402921	0	0	0	0	0	0	0.001244328866220912	3.676100340453651e-6	0	1.1450232545736484e-101	1.1450232545736484e-101	1.1450232545736484e-101	1.1450232545736485e-11	1.1450232545736485e-11	1.1450232545736485e-11
0.8128305161640995	9.263762974053219e-10	9.263762974053219e-10	1.068597876843427e-101	1.068597876843427e-101	4.515910090703197e-11	4.515910090703197e-11	0.0004976914260568201	0.0006552526530896268	0	0	0	0	0	0	0.0006552119493170364	1.935681904791587e-6	0	1.068597876843427e-101	1.068597876843427e-101	1.068597876843427e-101	1.068597876843427e-11	1.068597876843427e-11	1.068597876843427e-11
0.8709635899560796	5.000495129522295e-10	5.000495129522295e-10	9.97273564386663e-102	9.97273564386663e-102	2.437647258157493e-11	2.437647258157493e-11	0.0002686493122689676	0.0003536994318138959	0	0	0	0	0	0	0.00035367746028708064	1.0448635143543301e-6	0	9.97273564386663e-102	9.97273564386663e-102	9.97273564386663e-102	9.97273564386663e-12	9.97273564386663e-12	9.97273564386663e-12
0.9332543007969925	2.840128913593238e-10	2.840128913593238e-10	9.307098430349958e-102	9.307098430349958e-102	1.3845093895123468e-11	1.3845093895123468e-11	0.0001525846260478066	0.00020089050323944928	0	0	0	0	0	0	0.00020087802408149283	5.934506485880483e-7	0	9.307098430349958e-102	9.307098430349958e-102	9.307098430349958e-102	9.307098430349958e-12	9.307098430349958e-12	9.307098430349958e-12