1.e-9	0	0	0	0	0	0	1.1602425224227671e-11	0	0	0	0	0	0	0	1.4006757114070193e-19	3.262839614822566e-18	0	2.436117501798539e-18	2.436117501798539e-18	2.436117501798539e-18	0	0	0
1.0715193052376092e-9	0	0	0	0	0	0	1.972857584748392e-11	0	0	0	0	0	0	0	2.2032424393056746e-19	5.545536259725187e-18	0	4.1403986779500434e-18	4.1403986779500434e-18	4.1403986779500434e-18	0	0	0
1.148153621496884e-9	0	0	0	0	0	0	3.354615069245668e-11	0	0	0	0	0	0	0	3.4656681820241315e-19	9.425217307102386e-18	0	7.036976336204287e-18	7.036976336204287e-18	7.036976336204287e-18	0	0	0
1.2302687708123811e-9	0	0	0	0	0	0	5.704133106113672e-11	0	0	0	0	0	0	0	5.451445439513324e-19	1.6019139921827943e-17	0	1.1959968062983768e-17	1.1959968062983768e-17	1.1959968062983768e-17	0	0	0
1.31825673855641e-9	0	0	0	0	0	0	9.699679542740802e-11	0	0	0	0	0	0	0	9.075003888145148e-19	2.7236231375920077e-17	0	2.0334648603646085e-17	2.0334648603646085e-17	2.0334648603646085e-17	0	0	0
1.4125375446227555e-9	0	0	0	0	0	0	1.6493967002807e-10	0	0	0	0	0	0	0	1.510713011505369e-18	4.630787315564902e-17	0	3.457349816121312e-17	3.457349816121312e-17	3.457349816121312e-17	0	0	0
1.5135612484362133e-9	0	0	0	0	0	0	2.8047820134275597e-10	0	0	0	0	0	0	0	2.5529982566666796e-18	7.874278790547491e-17	0	5.878938600238437e-17	5.878938600238437e-17	5.878938600238437e-17	0	0	0
1.6218100973589331e-9	0	0	0	0	0	0	4.769502777293068e-10	0	0	0	0	0	0	0	4.314386682913644e-18	1.3389573358909922e-16	0	9.996650875249646e-17	9.996650875249646e-17	9.996650875249646e-17	0	0	0
1.7378008287493762e-9	0	0	0	0	0	0	8.110525291035017e-10	0	0	0	0	0	0	0	7.32295986872899e-18	2.2768644841451457e-16	0	1.6999058284128334e-16	1.6999058284128334e-16	1.6999058284128334e-16	0	0	0
1.8620871366628732e-9	0	0	0	0	0	0	1.379192414137814e-9	0	0	0	0	0	0	0	1.2429516679946605e-17	3.871752848429463e-16	0	2.8906479395277914e-16	2.8906479395277914e-16	2.8906479395277914e-16	0	0	0
1.9952623149688828e-9	0	0	0	0	0	0	2.3453156646002124e-9	0	0	0	0	0	0	0	2.1124567372882608e-17	6.583888003981403e-16	0	4.915525768660088e-16	4.915525768660088e-16	4.915525768660088e-16	0	0	0
2.1379620895022324e-9	0	0	0	0	0	0	3.98820752654581e-9	0	0	0	0	0	0	0	3.5902228395689147e-17	1.1195854421997812e-15	0	8.358815769972125e-16	8.358815769972125e-16	8.358815769972125e-16	0	0	0
2.2908676527677795e-9	0	0	0	0	0	0	6.781946573869288e-9	0	0	0	0	0	0	0	6.104146179438832e-17	1.903852792613799e-15	0	1.4214149090442014e-15	1.4214149090442014e-15	1.4214149090442014e-15	0	0	0
2.4547089156850337e-9	0	0	0	0	0	0	1.153269959616427e-8	0	0	0	0	0	0	0	1.0378353167746282e-16	3.2374978445783663e-15	0	2.4171131404894363e-15	2.4171131404894363e-15	2.4171131404894363e-15	0	0	0
2.6302679918953816e-9	0	0	0	0	0	0	1.9611357048654308e-8	0	0	0	0	0	0	0	1.764749636746574e-16	5.505363591813454e-15	0	4.110299753451504e-15	4.110299753451504e-15	4.110299753451504e-15	0	0	0
2.818382931264461e-9	0	0	0	0	0	0	3.334911501707019e-8	0	0	0	0	0	0	0	3.00080487728618e-16	9.361868249216482e-15	0	6.98956278885754e-15	6.98956278885754e-15	6.98956278885754e-15	0	0	0
3.019951720402019e-9	0	0	0	0	0	0	5.671017611782277e-8	0	0	0	0	0	0	0	5.102791345645144e-16	1.591985701193915e-14	0	1.1885751539049522e-14	1.1885751539049522e-14	1.1885751539049522e-14	0	0	0
3.2359365692962944e-9	0	0	0	0	0	0	9.643566474458197e-8	0	0	0	0	0	0	0	8.677165154683781e-16	2.7071716940880563e-14	0	2.021172052037894e-14	2.021172052037894e-14	2.021172052037894e-14	0	0	0
3.4673685045253237e-9	0	0	0	0	0	0	1.6398886710274395e-7	0	0	0	0	0	0	0	1.4755453236481053e-15	4.603545862164976e-14	0	3.4370033683432564e-14	3.4370033683432564e-14	3.4370033683432564e-14	0	0	0
3.715352290971728e-9	0	0	0	0	0	0	2.7886310116560296e-7	0	0	0	0	0	0	0	2.5091535810684323e-15	7.828330412635527e-14	0	5.844624727564226e-14	5.844624727564226e-14	5.844624727564226e-14	0	0	0
3.9810717055349855e-9	0	0	0	0	0	0	4.742067606022837e-7	0	0	0	0	0	0	0	4.266810269831656e-15	1.3312077344448803e-13	0	9.938785450711329e-14	9.938785450711329e-14	9.938785450711329e-14	0	0	0
4.265795188015934e-9	0	0	0	0	0	0	8.063886934520357e-7	0	0	0	0	0	0	0	7.255701690045111e-15	2.2637190037169812e-13	0	1.690090653201571e-13	1.690090653201571e-13	1.690090653201571e-13	0	0	0
4.570881896148752e-9	0	0	0	0	0	0	1.0023361553716216e-6	0	0	0	0	0	0	0	1.2338317074986137e-14	3.8494546220254183e-13	0	2.8739994962138507e-13	2.8739994962138507e-13	2.8739994962138507e-13	0	0	0
4.8977881936844766e-9	0	0	0	0	0	0	1.2458976378553328e-6	0	0	0	0	0	0	0	2.0981301980999876e-14	6.545998360530103e-13	0	4.887236722237549e-13	4.887236722237549e-13	4.887236722237549e-13	0	0	0
5.248074602497734e-9	0	0	0	0	0	0	7.141627862780419e-7	0	0	0	0	0	0	0	3.5678703876011184e-14	1.1131471556441344e-12	0	8.310747049725771e-13	8.310747049725771e-13	8.310747049725771e-13	0	0	0
5.623413251903491e-9	0	0	0	0	0	0	4.093662832384497e-7	0	0	0	0	0	0	0	6.067163569853368e-14	1.892906966781342e-12	0	1.413242706461451e-12	1.413242706461451e-12	1.413242706461451e-12	0	0	0
6.025595860743593e-9	0	0	0	0	0	0	2.3558862279022638e-7	0	0	0	0	0	0	0	1.0317212515857862e-13	3.218888687951337e-12	0	2.4032195142009613e-12	2.4032195142009613e-12	2.4032195142009613e-12	0	0	0
6.456542290346562e-9	0	0	0	0	0	0	1.3558028948825244e-7	0	0	0	0	0	0	0	1.754442135469547e-13	5.4737208786538045e-12	0	4.08667528021199e-12	4.08667528021199e-12	4.08667528021199e-12	0	0	0
6.918309709189363e-9	0	0	0	0	0	0	7.857489148583588e-8	0	0	0	0	0	0	0	2.9834291805510153e-13	9.308063486538991e-12	0	6.949392159430191e-12	6.949392159430191e-12	6.949392159430191e-12	0	0	0
7.413102413009192e-9	0	0	0	0	0	0	4.553769279675023e-8	0	0	0	0	0	0	0	5.073321881306597e-13	1.582836388448702e-11	0	1.1817442804765151e-11	1.1817442804765151e-11	1.1817442804765151e-11	0	0	0
7.943282347242822e-9	0	0	0	0	0	0	2.6772134324591525e-8	0	0	0	0	0	0	0	8.627184879837378e-13	2.691613606175906e-11	0	2.009556393549389e-11	2.009556393549389e-11	2.009556393549389e-11	0	0	0
8.511380382023759e-9	0	0	0	0	0	0	1.5739646263877e-8	0	0	0	0	0	0	0	1.4670529623822734e-12	4.577089494418248e-11	0	3.4172510631716126e-11	3.4172510631716126e-11	3.4172510631716126e-11	0	0	0
9.120108393559115e-9	0	0	0	0	0	0	9.67568807687119e-9	0	0	0	0	0	0	0	2.494723863669741e-12	7.783341632779477e-11	0	5.811036140341062e-11	5.811036140341062e-11	5.811036140341062e-11	0	0	0
9.772372209558111e-9	0	0	0	0	0	0	5.947969744133716e-9	0	0	0	0	0	0	0	4.242278442256841e-12	1.3235574057801628e-10	0	9.881668159614022e-11	9.881668159614022e-11	9.881668159614022e-11	0	0	0
1.0471285480509006e-8	0	0	0	0	0	0	4.4087136955139685e-9	0	0	0	0	0	0	0	7.213995367077416e-12	2.2507096425364547e-10	0	1.6803778751159003e-10	1.6803778751159003e-10	1.6803778751159003e-10	0	0	0
1.1220184543019653e-8	0	0	0	0	0	0	3.2677967920368684e-9	0	0	0	0	0	0	0	1.2267400611387053e-11	3.8273322130827367e-10	0	2.857482924511974e-10	2.857482924511974e-10	2.857482924511974e-10	0	0	0
1.202264434617413e-8	0	0	0	0	0	0	3.750898112634838e-9	0	0	0	0	0	0	0	2.0860717277394488e-11	6.508379220705444e-10	0	4.859150304706517e-10	4.859150304706517e-10	4.859150304706517e-10	0	0	0
1.288249551693135e-8	0	0	0	0	0	0	4.30541969000409e-9	0	0	0	0	0	0	0	3.5473654045621445e-11	1.1067500212215086e-9	0	8.262986099125065e-10	8.262986099125065e-10	8.262986099125065e-10	0	0	0
1.3803842646028866e-8	0	0	0	0	0	0	6.696265606831867e-9	0	0	0	0	0	0	0	6.032295604689459e-11	1.8820286402144215e-9	0	1.4051209572224153e-9	1.4051209572224153e-9	1.4051209572224153e-9	0	0	0
1.4791083881682102e-8	0	0	0	0	0	0	1.0414774007130376e-8	0	0	0	0	0	0	0	1.0257919924335844e-10	3.200390092315709e-9	0	2.3894084786549495e-9	2.3894084786549495e-9	2.3894084786549495e-9	0	0	0
1.5848931924611173e-8	0	0	0	0	0	0	1.7446264348790368e-8	0	0	0	0	0	0	0	1.744359495485574e-10	5.4422640145512524e-9	0	4.063189612625728e-9	4.063189612625728e-9	4.063189612625728e-9	0	0	0
1.698243652461746e-8	0	0	0	0	0	0	2.9225035465914575e-8	0	0	0	0	0	0	0	2.966283683178244e-10	9.254571083441915e-9	0	6.909454777461439e-9	6.909454777461439e-9	6.909454777461439e-9	0	0	0
1.8197008586099862e-8	0	0	0	0	0	0	4.9064491012029035e-8	0	0	0	0	0	0	0	5.044166017334072e-10	1.5737400043343515e-8	0	1.1749529279520194e-8	1.1749529279520194e-8	1.1749529279520194e-8	0	0	0
1.9498445997580494e-8	0	0	0	0	0	0	8.23719882590775e-8	0	0	0	0	0	0	0	8.577605356735684e-10	2.6761452031779395e-8	0	1.9980076972299136e-8	1.9980076972299136e-8	1.9980076972299136e-8	0	0	0
2.0892961308540408e-8	0	0	0	0	0	0	1.356551513155599e-7	0	0	0	0	0	0	0	1.4586219684918053e-9	4.550785472039733e-8	0	3.397612502782004e-8	3.397612502782004e-8	3.397612502782004e-8	0	0	0
2.2387211385683424e-8	0	0	0	0	0	0	2.234050733432318e-7	0	0	0	0	0	0	0	2.4803869593932093e-9	7.738611637341156e-8	0	5.7776407643799086e-8	5.7776407643799086e-8	5.7776407643799086e-8	0	0	0
2.3988329190194947e-8	0	0	0	0	0	0	3.752150782378857e-7	0	0	0	0	0	0	0	4.217898537955485e-9	1.3159510691404183e-7	0	9.82487931595861e-8	9.82487931595861e-8	9.82487931595861e-8	0	0	0
2.5703957827688646e-8	0	0	0	0	0	0	6.301842336443337e-7	0	0	0	0	0	0	0	7.172537337012498e-9	2.2377750655113211e-7	0	1.6707209310807671e-7	1.6707209310807671e-7	1.6707209310807671e-7	0	0	0
2.754228703338169e-8	0	0	0	0	0	0	1.0666294909478198e-6	0	0	0	0	0	0	0	1.2196901226501393e-8	3.805336962182953e-7	0	2.841061289188002e-7	2.841061289188002e-7	2.841061289188002e-7	0	0	0
2.95120922666639e-8	0	0	0	0	0	0	1.805342644610972e-6	0	0	0	0	0	0	0	2.0740833060758166e-8	6.470976292001463e-7	0	4.831225310441978e-7	4.831225310441978e-7	4.831225310441978e-7	0	0	0
3.162277660168386e-8	0	0	0	0	0	0	2.4742153174837248e-6	0	0	0	0	0	0	0	3.5269790913740964e-8	1.1003898323456657e-6	0	8.215500339746694e-7	8.215500339746694e-7	8.215500339746694e-7	0	0	0
3.3884415613920346e-8	0	0	0	0	0	0	3.3909028048192583e-6	0	0	0	0	0	0	0	5.997628675063297e-8	1.871213443675337e-6	0	1.3970461217468218e-6	1.3970461217468218e-6	1.3970461217468218e-6	0	0	0
3.6307805477010175e-8	0	0	0	0	0	0	2.8549847735928624e-6	0	0	0	0	0	0	0	1.0198968803618868e-7	2.8364806869090217e-6	0	2.1213884486025786e-6	2.1213884486025786e-6	2.1213884486025786e-6	0	0	0
3.890451449942813e-8	0	0	0	0	0	0	2.40376634973511e-6	0	0	0	0	0	0	0	1.7343348562021486e-7	4.299681960068208e-6	0	3.2212887461707686e-6	3.2212887461707686e-6	3.2212887461707686e-6	0	0	0
4.1686938347033635e-8	0	0	0	0	0	0	1.8410939009629836e-6	0	0	0	0	0	0	0	2.949236782026694e-7	3.3509215192264307e-6	0	2.567004076712576e-6	2.567004076712576e-6	2.567004076712576e-6	0	0	0
4.4668359215096346e-8	0	0	0	0	0	0	1.4101315431662684e-6	0	0	0	0	0	0	0	5.015177758409323e-7	2.611512928699665e-6	0	2.0456129360313168e-6	2.0456129360313168e-6	2.0456129360313168e-6	0	0	0
4.78630092322639e-8	0	0	0	0	0	0	1.746321582894956e-6	0	0	0	0	0	0	0	8.528310816454952e-7	3.1789143704841704e-6	0	2.5550689703183618e-6	2.5550689703183618e-6	2.5550689703183618e-6	0	0	0
5.128613839913659e-8	0	0	0	0	0	0	2.1626628279211276e-6	0	0	0	0	0	0	0	1.4502394308976593e-6	3.869594695019388e-6	0	3.191404066768066e-6	3.191404066768066e-6	3.191404066768066e-6	0	0	0
5.495408738576248e-8	0	0	0	0	0	0	3.3106991924407205e-6	0	0	0	0	0	0	0	2.4661324524808805e-6	5.739176349741293e-6	0	4.817721606158032e-6	4.817721606158032e-6	4.817721606158032e-6	0	0	0
5.888436553555896e-8	0	0	0	0	0	0	5.068163655156461e-6	0	0	0	0	0	0	0	4.193658746000962e-6	8.512040089321178e-6	0	7.272799366313742e-6	7.272799366313742e-6	7.272799366313742e-6	0	0	0
6.309573444801943e-8	0	0	0	0	0	0	6.075666301099883e-6	0	0	0	0	0	0	0	7.1313175657773584e-6	7.102770363295055e-6	0	6.8716235263544464e-6	6.8716235263544464e-6	6.8716235263544464e-6	0	0	0
6.760829753919818e-8	0	0	0	0	0	0	7.283450873723066e-6	0	0	0	0	0	0	0	0.000012126806996983038	5.926822043166192e-6	0	6.492576999533171e-6	6.492576999533171e-6	6.492576999533171e-6	0	0	0
7.244359600749906e-8	0	0	0	0	0	0	0.00001057268152661152	0	0	0	0	0	0	0	0.0000206216378089523	5.176156755982823e-6	0	7.414482141470165e-6	7.414482141470165e-6	7.414482141470165e-6	0	0	0
7.762471166286928e-8	0	0	0	0	0	0	0.00001534733968844792	0	0	0	0	0	0	0	0.000035067099363369124	4.5205674419395505e-6	0	8.467292021354901e-6	8.467292021354901e-6	8.467292021354901e-6	0	0	0
8.317637711026726e-8	0	0	0	0	0	0	0.000023768045454741276	0	0	0	0	0	0	0	0.00005963160972726537	6.268692520587924e-6	0	0.000010150797341262213	0.000010150797341262213	0.000010150797341262213	0	0	0
8.912509381337478e-8	0	0	0	0	0	0	0.000036808984241343453	0	0	0	0	0	0	0	0.0001014035646865959	8.692825938863409e-6	0	0.000012169024807873117	0.000012169024807873117	0.000012169024807873117	0	0	0
9.549925860214369e-8	0	0	0	0	0	0	0.00005989780952404704	0	0	0	0	0	0	0	0.00017243678274287774	0.000011189817103788474	0	0.000014409588764192299	0.000014409588764192299	0.000014409588764192299	0	0	0
1.0232929922807557e-7	0	0	0	0	0	0	0.00009746934504510135	0	0	0	0	0	0	0	0.0002932287847534247	0.000014404062349442473	0	0.000017062685928522525	0.000017062685928522525	0.000017062685928522525	0	0	0
1.0964781961431874e-7	0	0	0	0	0	0	0.00016033792752159393	0	0	0	0	0	0	0	0.0004986356091796227	0.00001363044873340092	0	0.000013801911200317047	0.000013801911200317047	0.000013801911200317047	0	0	0
1.1748975549395303e-7	0	0	0	0	0	0	0.0002637572971278686	0	0	0	0	0	0	0	0.0008479299566412225	0.00001289838437009152	0	0.000011164288763178113	0.000011164288763178113	0.000011164288763178113	0	0	0
1.2589254117941688e-7	0	0	0	0	0	0	0.0004444245708931673	0	0	0	0	0	0	0	0.00144190506681322	0.000018748009386598714	0	0.000014507716704738104	0.000014507716704738104	0.000014507716704738104	0	0	0
1.3489628825916562e-7	0	0	0	0	0	0	0.0007488444921310464	0	0	0	0	0	0	0	0.0024519598646298895	0.000027250533545504766	0	0.000018852418497013392	0.000018852418497013392	0.000018852418497013392	0	0	0
1.445439770745928e-7	0	0	0	0	0	0	0.0012669897908863179	0	0	0	0	0	0	0	0.004169558257426117	0.00003873493042322554	0	0.000026770199444468915	0.000026770199444468915	0.000026770199444468915	0	0	0
1.5488166189124826e-7	0	0	0	0	0	0	0.0021436535182919117	0	0	0	0	0	0	0	0.007090334679966489	0.00005505928287190082	0	0.00003801334976784011	0.00003801334976784011	0.00003801334976784011	0	0	0
1.659586907437563e-7	0	0	0	0	0	0	0.003635237891930808	0	0	0	0	0	0	0	0.012057115591177043	0.0000620744991706004	0	0.00004522237248419485	0.00004522237248419485	0.00004522237248419485	0	0	0
1.7782794100389227e-7	0	0	0	0	0	0	0.006164687725029218	0	0	0	0	0	0	0	0.02050312755895058	0.00006998353858414263	0	0.00005379854671027809	0.00005379854671027809	0.00005379854671027809	0	0	0
1.9054607179632522e-7	0	0	0	0	0	0	0.010468995437713942	0	0	0	0	0	0	0	0.014346498835636136	0.00007751971119330036	0	0.00005597600879105269	0.00005597600879105269	0.00005597600879105269	0	0	0
2.0417379446695318e-7	0	0	0	0	0	0	0.017778656497049957	0	0	0	0	0	0	0	0.010038567445338724	0.00008586741603909523	0	0.0000582416022694793	0.0000582416022694793	0.0000582416022694793	0	0	0
2.1877616239495564e-7	0	0	0	0	0	0	0.021454143629882707	0	0	0	0	0	0	0	0.005828148586803522	0.00007045148486768752	0	0.000050936553451392824	0.000050936553451392824	0.000050936553451392824	0	0	0
2.3442288153199275e-7	0	0	0	0	0	0	0.025889486023199123	0	0	0	0	0	0	0	0.003383681599472899	0.00005780320346197626	0	0.00004454775240389014	0.00004454775240389014	0.00004454775240389014	0	0	0
2.5118864315095823e-7	0	0	0	0	0	0	0.024823954951309412	0	0	0	0	0	0	0	0.003216301737820881	0.0000477622436443928	0	0.000043548712974178825	0.000043548712974178825	0.000043548712974178825	0	0	0
2.6915348039269196e-7	0	0	0	0	0	0	0.02380227783867343	0	0	0	0	0	0	0	0.0030572016203655314	0.00003946549293668391	0	0.000042572078261389365	0.000042572078261389365	0.000042572078261389365	0	0	0
2.8840315031266115e-7	0	0	0	0	0	0	0.01999427788291473	0	0	0	0	0	0	0	0.004651011286294471	0.00003846180425295948	0	0.000049331525387366377	0.000049331525387366377	0.000049331525387366377	0	0	0
3.090295432513592e-7	0	0	0	0	0	0	0.01679549960591073	0	0	0	0	0	0	0	0.00707572109118903	0.000037483641437503204	0	0.00005716421411475899	0.00005716421411475899	0.00005716421411475899	0	0	0
3.3113112148259143e-7	0	0	0	0	0	0	0.01272874299229222	0	0	0	0	0	0	0	0.009056022351872788	0.00003390926774332387	0	0.0000499885814670741	0.0000499885814670741	0.0000499885814670741	0	0	0
3.5481338923357606e-7	0	0	0	0	0	0	0.00964668524101607	0	0	0	0	0	0	0	0.011590555899630083	0.00003067573999728827	0	0.00004371368199121527	0.00004371368199121527	0.00004371368199121527	0	0	0
3.8018939632056126e-7	0	0	0	0	0	0	0.009983666474962846	0	0	0	0	0	0	0	0.008683676661336182	0.00002900825505217786	0	0.000040674801387874643	0.000040674801387874643	0.000040674801387874643	0	0	0
4.0738027780411303e-7	0	0	0	0	0	0	0.010332419250034365	0	0	0	0	0	0	0	0.006505834665017436	0.0000274314119641968	0	0.00003784717718986784	0.00003784717718986784	0.00003784717718986784	0	0	0
4.365158322401665e-7	0	0	0	0	0	0	0.01135817028995003	0	0	0	0	0	0	0	0.008734737163655634	0.0000275709372935211	0	0.000038236703178914766	0.000038236703178914766	0.000038236703178914766	0	0	0
4.677351412871981e-7	0	0	0	0	0	0	0.01248575277615394	0	0	0	0	0	0	0	0.011727262871956426	0.00002771117229530239	0	0.00003863023819868502	0.00003863023819868502	0.00003863023819868502	0	0	0
5.011872336272736e-7	0	0	0	0	0	0	0.01361287188697655	0	0	0	0	0	0	0	0.014881132188059438	0.000029512861984555553	0	0.00004006380981413522	0.00004006380981413522	0.00004006380981413522	0	0	0
5.370317963702533e-7	0	0	0	0	0	0	0.014841738766856986	0	0	0	0	0	0	0	0.018883186777372128	0.00003143169163821619	0	0.000041550581401225476	0.000041550581401225476	0.000041550581401225476	0	0	0
5.754399373371578e-7	0	0	0	0	0	0	0.01838968691560097	0	0	0	0	0	0	0	0.02078727025063603	0.00003614020777356873	0	0.0000424953193164487	0.0000424953193164487	0.0000424953193164487	0	0	0
6.165950018614835e-7	0	0	0	0	0	0	0.02278577935955978	0	0	0	0	0	0	0	0.022883351712158224	0.00004155406692551986	0	0.00004346153779098955	0.00004346153779098955	0.00004346153779098955	0	0	0
6.606934480075964e-7	0	0	0	0	0	0	0.023254758884565446	0	0	0	0	0	0	0	0.024027477033561607	0.00004614044459231908	0	0.0000474254453688215	0.0000474254453688215	0.0000474254453688215	0	0	0
7.079457843841387e-7	0	0	0	0	0	0	0.023733390999961048	0	0	0	0	0	0	0	0.025228806507902986	0.000051233026865762946	0	0.000051750880957032784	0.000051750880957032784	0.000051750880957032784	0	0	0
7.585775750291852e-7	0	0	0	0	0	0	0.022012079473706245	0	0	0	0	0	0	0	0.023979243586196634	0.000054882618732800354	0	0.00005742681098170261	0.00005742681098170261	0.00005742681098170261	0	0	0
8.128305161640995e-7	0	0	0	0	0	0	0.02041560949960989	0	0	0	0	0	0	0	0.022791570532122957	0.00005879218978925461	0	0.00006372526531995228	0.00006372526531995228	0.00006372526531995228	0	0	0
8.709635899560814e-7	0	0	0	0	0	0	0.021564615525093228	0	0	0	0	0	0	0	0.022192164535054893	0.00006300016163545877	0	0.00006762394345732463	0.00006762394345732463	0.00006762394345732463	0	0	0
9.332543007969924e-7	0	0	0	0	0	0	0.022778288483328166	0	0	0	0	0	0	0	0.021608522592017808	0.00006750931340236137	0	0.00007176114066782258	0.00007176114066782258	0.00007176114066782258	0	0	0
1.e-6	0	0	0	0	0	0	0.021779600908686532	0	0	0	0	0	0	0	0.025606663004618016	0.00007189698034022774	0	0.0000760596883307787	0.0000760596883307787	0.0000760596883307787	0	0	0
1.0715193052376091e-6	0	0	0	0	0	0	0.02082469962959882	0	0	0	0	0	0	0	0.030344563698875095	0.00007656981713373863	0	0.0000806157223134717	0.0000806157223134717	0.0000806157223134717	0	0	0
1.148153621496884e-6	0	0	0	0	0	0	0.02309656291041148	0	0	0	0	0	0	0	0.02826324642928736	0.00007646020545763762	0	0.0000850091983738078	0.0000850091983738078	0.0000850091983738078	0	0	0
1.2302687708123837e-6	0	0	0	0	0	0	0.025616274316695473	0	0	0	0	0	0	0	0.02632468558947308	0.00007635075069348921	0	0.00008964211447559959	0.00008964211447559959	0.00008964211447559959	0	0	0
1.3182567385564101e-6	0	0	0	0	0	0	0.027772915285721664	0	0	0	0	0	0	0	0.02547570168496907	0.00007772505142704585	0	0.00009237489767214806	0.00009237489767214806	0.00009237489767214806	0	0	0
1.4125375446227554e-6	0	0	0	0	0	0	0.03011112443331178	0	0	0	0	0	0	0	0.024654097924005944	0.00007912408934378787	0	0.00009519099108558502	0.00009519099108558502	0.00009519099108558502	0	0	0
1.5135612484362104e-6	0	0	0	0	0	0	0.03139968175857756	0	0	0	0	0	0	0	0.02719284649755463	0.00007977902281825172	0	0.00009585366738783122	0.00009585366738783122	0.00009585366738783122	0	0	0
1.6218100973589331e-6	0	0	0	0	0	0	0.0327433808300167	0	0	0	0	0	0	0	0.029993021968147463	0.00008043937737066436	0	0.0000965209569405177	0.0000965209569405177	0.0000965209569405177	0	0	0
1.7378008287493763e-6	0	0	0	0	0	0	0.0325433231908472	0	0	0	0	0	0	0	0.03335223502135011	0.00007570464776939916	0	0.0000944426438750074	0.0000944426438750074	0.0000944426438750074	0	0	0
1.8620871366628694e-6	0	0	0	0	0	0	0.03234448787686166	0	0	0	0	0	0	0	0.03708767933090314	0.0000712486083461275	0	0.00009240908155933634	0.00009240908155933634	0.00009240908155933634	0	0	0
1.995262314968883e-6	0	0	0	0	0	0	0.033785790607677585	0	0	0	0	0	0	0	0.03928324184973557	0.0000752775051338671	0	0.00009430983168530675	0.00009430983168530675	0.00009430983168530675	0	0	0
2.1379620895022326e-6	0	0	0	0	0	0	0.035291319229772834	0	0	0	0	0	0	0	0.04160878000632907	0.00007953422404617984	0	0.00009624967808818468	0.00009624967808818468	0.00009624967808818468	0	0	0
2.2908676527677747e-6	0	0	0	0	0	0	0.03762116798067781	0	0	0	0	0	0	0	0.04519159086025456	0.00008392213537163019	0	0.0000993704626705189	0.0000993704626705189	0.0000993704626705189	0	0	0
2.4547089156850335e-6	0	0	0	0	0	0	0.04010482779108874	0	0	0	0	0	0	0	0.04908290712128514	0.00008855212821646335	0	0.00010259243508644145	0.00010259243508644145	0.00010259243508644145	0	0	0
2.6302679918953817e-6	0	0	0	0	0	0	0.04155650822558308	0	0	0	0	0	0	0	0.05033291453318905	0.00009191312288345192	0	0.00010581882838332309	0.00010581882838332309	0.0001058188283833233	0	0	0
2.8183829312644606e-6	0	0	0	0	0	0	0.04306073535333038	0	0	0	0	0	0	0	0.051614756215340014	0.0000954016840514277	0	0.0001091466873847415	0.0001091466873847415	0.00010914668738474171	0	0	0
3.0199517204020193e-6	0.00007394993162152098	0.000011665524347525549	0	0	0	0	0.045123401052154455	0	0	0	0	0	0	0	0.050116583312336135	0.00009768961938949756	0	0.00011301748104539927	0.00011301748104539927	0.0001130174810453995	0	0	0
3.2359365692962877e-6	0.00007572022200465137	0.000012337954841741373	0	0	0	0	0.04728487114319779	0	0	0	0	0	0	0	0.04866189646277644	0.00010003242428425513	0	0.00011702554908352437	0.00011702554908352437	0.0001170255490835246	0	0	0
3.4673685045253236e-6	0.00007928058616990878	0.000012989379123899899	0	0	0	0	0.048722423029687226	0	0	0	0	0	0	0	0.04665703197982816	0.00010467660803594093	0	0.0001227671937813155	0.0001227671937813155	0.00012276719378131575	0	0	0
3.7153522909717276e-6	0.00008300835862655258	0.000013675197566259785	0	0	0	0	0.05020367928453734	0	0	0	0	0	0	0	0.04473476768074359	0.00010953640630335681	0	0.00012879054178316026	0.00012879054178316026	0.00012879054178316078	0	0	0
3.981071705534978e-6	0.00008707018662097007	0.00001420665425974441	0	0	0	0	0.04973469577095483	0	0	0	0	0	0	0	0.04437007179907656	0.00011392804994542975	0	0.00013463302553596638	0.0001346330255359661	0.0001346330255359672	0	0	0
4.265795188015934e-6	0.00009133077106508934	0.000014758764857180317	0	0	0	0	0.0492700933214524	0	0	0	0	0	0	0	0.04400834906543269	0.00011849576777625629	0	0.00014074054906521139	0.00014074054906521111	0.00014074054906521255	0	0	0
4.570881896148752e-6	0.00009596251125516169	0.000015637139827880577	0	0	0	0	0.053353623277956216	0	0	0	0	0	0	0	0.04880778539349679	0.00012401069395224089	0	0.00014831411442425512	0.00014831411442425453	0.00014831411442425724	0	0	0
4.897788193684467e-6	0.00010082914508445537	0.000016567791706345162	0	0	0	0	0.057775598237940845	0	0	0	0	0	0	0	0.054130635790852734	0.00012978229098911296	0	0.00015629523036221	0.00015629523036220938	0.0001562952303622132	0	0	0
5.248074602497734e-6	0.00010600223930590984	0.000017400511894180364	0	0	0	0	0.06047404093748887	0	0	0	0	0	0	0	0.055026318930032056	0.00013766896114320745	0	0.0001642561455123292	0.00016425614551232785	0.00016425614551233457	0	0	0
5.623413251903491e-6	0.00011144074194475892	0.000018275085753495793	0	0	0	0	0.06329851596253133	0	0	0	0	0	0	0	0.055936822665239964	0.0001460348921089702	0	0.00017262255077165193	0.0001726225507716502	0.00017262255077166007	0	0	0
6.0255958607435935e-6	0.00011698124153123074	0.000019202333277512182	0	0	0	0	0.06542789594668309	0	0	0	0	0	0	0	0.05871000345536879	0.00015469873471580367	0	0.00018126733342613513	0.00018126733342613217	0.0001812673334261507	0	0	0
6.4565422903465625e-6	0.0001227971981465418	0.000020176627802149742	0	0	0	0	0.06762890887590434	0	0	0	0	0	0	0	0.06162067027577813	0.00016387657892617214	0	0.00019034503904931065	0.0001903450390493064	0.0001903450390493348	0	0	0
6.9183097091893625e-6	0.00012667797742667235	0.000020971918201259644	0	0	0	0	0.07082770840790188	0	0	0	0	0	0	0	0.06461197550544057	0.00017057077811545108	0	0.00019688959819178523	0.00019688959819177718	0.00019688959819183155	0	0	0
7.413102413009192e-6	0.00013068140158835128	0.00002179855609932344	0	0	0	0	0.07417780889412191	0	0	0	0	0	0	0	0.06774849023926781	0.00017753842884417285	0	0.00020365917635542052	0.00020365917635540806	0.0002036591763554901	0	0	0
7.943282347242822e-6	0.00013288322962782002	0.000022278979232266846	0	0	0	0	0.07675543502707702	0	0	0	0	0	0	0	0.07193692795620998	0.0001804498088028008	0	0.0002074699966767312	0.00020746999667670742	0.00020746999667686615	0	0	0
8.511380382023777e-6	0.00013512215588215657	0.000022769990515435222	0	0	0	0	0.07942263183595728	0	0	0	0	0	0	0	0.07638430886800045	0.0001834089312886026	0	0.0002113521241288144	0.0002113521241287785	0.00021135212412901668	0	0	0
9.120108393559115e-6	0.00013942181759389155	0.000023165928185613418	0	0	0	0	0.08011329874641517	0	0	0	0	0	0	0	0.0790682755848787	0.00018973557079002043	0	0.00021698226003144636	0.00021698226003137713	0.00021698226003183466	0	0	0
9.772372209558111e-6	0.00014385829691865632	0.000023568750647357883	0	0	0	0	0.08080997176332096	0	0	0	0	0	0	0	0.08184655064131052	0.00019628044594168455	0	0.00022276237517092047	0.0002227623751708166	0.00022276237517150497	0	0	0
0.000010471285480509006	0.000151172157345931	0.000024482982429055375	0	0	0	0	0.0832378866229161	0	0	0	0	0	0	0	0.08357189186698584	0.00020700833411591149	0	0.00023314045982676115	0.00023314045982656277	0.00023314045982787443	0	0	0
0.000011220184543019652	0.0001588578597558739	0.00002543267725939582	0	0	0	0	0.08573874756127828	0	0	0	0	0	0	0	0.08533360362167741	0.00021832256487829753	0	0.0002440020401404332	0.00024400204014013227	0.00024400204014212338	0	0	0
0.000012022644346174132	0.00016486450902776655	0.00002673395457707469	0	0	0	0	0.08793473136670842	0	0	0	0	0	0	0	0.0875368627550234	0.00022561651310902948	0	0.0002543698808963884	0.0002543698808958141	0.0002543698808996132	0	0	0
0.000012882495516931348	0.00017109827854118126	0.00002810181248476501	0	0	0	0	0.09018695981077439	0	0	0	0	0	0	0	0.08979700863172271	0.00023315414517895586	0	0.0002651782594522677	0.0002651782594513973	0.0002651782594571545	0	0	0
0.000013803842646028866	0.00017653481613903916	0.000028847472333767114	0	0	0	0	0.0933584252314194	0	0	0	0	0	0	0	0.09275111837456664	0.0002394876086950436	0	0.0002731119457316407	0.00027311194572997066	0.0002731119457410181	0	0	0
0.000014791083881682102	0.00018214409621744495	0.000029612917689868036	0	0	0	0	0.09664141667462242	0	0	0	0	0	0	0	0.09580241135887581	0.0002459931161611906	0	0.0002812829945237215	0.00028128299452120475	0.0002812829945378532	0	0	0
0.00001584893192461114	0.00018737793400119308	0.00003030243100612322	0	0	0	0	0.09938444392095384	0	0	0	0	0	0	0	0.09837635890115991	0.00025281268950307024	0	0.0002888261315753286	0.0002888261315704921	0.00028882613160248217	0	0	0
0.00001698243652461746	0.0001927621640211735	0.000031007999093416976	0	0	0	0	0.10220532803997048	0	0	0	0	0	0	0	0.10101946134107652	0.00025982131927584283	0	0.0002965715521552224	0.00029657155214794415	0.0002965715521960873	0	0	0
0.000018197008586099864	0.00019948490391936743	0.00003179982747319104	0	0	0	0	0.10684322084365687	0	0	0	0	0	0	0	0.10574492036794829	0.0002695453906383438	0	0.0003059480482041857	0.00030594804819023143	0.0003059480482825379	0	0	0
0.000019498445997580493	0.00020644210493169402	0.000032611876189696064	0	0	0	0	0.1116915728285922	0	0	0	0	0	0	0	0.11069142554492124	0.0002796333950457813	0	0.00031562099439314917	0.00031562099437210393	0.00031562099451131885	0	0	0
0.00002089296130854041	0.0002132319662196552	0.00003363142858782639	0	0	0	0	0.11446411695775155	0	0	0	0	0	0	0	0.1170900450414084	0.00028827818324012955	0	0.0003258242309589704	0.0003258242309237567	0.00032582423119059467	0	0	0
0.000022387211385683423	0.00022024514540260387	0.0000346828554812017	0	0	0	0	0.11730548455096962	0	0	0	0	0	0	0	0.12385854261345002	0.0002971902226435597	0	0.0003363573126183322	0.0003363573125680553	0.0003363573129706222	0	0	0
0.000023988329190194948	0.00022829039904773274	0.00003590232935885363	0	0	0	0	0.12206341789341342	0	0	0	0	0	0	0	0.12702739898955195	0.0003083161207466471	0	0.0003484852203295986	0.00034848522027744043	0.0003484852210477771	0	0	0
0.000025703957827688645	0.00023662953479453635	0.000037164680805772657	0	0	0	0	0.12701433394061162	0	0	0	0	0	0	0	0.13027732890745825	0.0003198585386379684	0	0.00036105041939721544	0.00036105041934310643	0.0003610504205072105	0	0	0
0.00002754228703338169	0.00024591174863495326	0.00003882938337361765	0	0	0	0	0.13157935239807028	0	0	0	0	0	0	0	0.13324020040408363	0.00033186654313161856	0	0.0003759069780330515	0.0003759069779768921	0.0003759069801994954	0	0	0
0.0000295120922666639	0.0002555580738017693	0.00004056865229261396	0	0	0	0	0.1363084420502547	0	0	0	0	0	0	0	0.13627045590051262	0.00034432534744613125	0	0.00039137485664704605	0.0003913748565887591	0.00039137485995500136	0	0	0
0.000031622776601683856	0.0002645540643196071	0.00004229404908473561	0	0	0	0	0.14033511434747678	0	0	0	0	0	0	0	0.13988018936998795	0.0003553933612482493	0	0.00040614946191889795	0.0004061494618583292	0.0004061494682950207	0	0	0
0.000033884415613920276	0.00027386672589460495	0.00004409282751321964	0	0	0	0	0.14448073811641401	0	0	0	0	0	0	0	0.1435855428007703	0.0003668171459235595	0	0.00042148181625722725	0.0004214818161942876	0.00042148182592845245	0	0	0
0.000036307805477010174	0.00028239025487622124	0.00004572142633071415	0	0	0	0	0.1492057801077813	0	0	0	0	0	0	0	0.14934918522718382	0.00037749298860919976	0	0.00043545915374390033	0.00043545915367828203	0.00043545917232916387	0	0	0
0.00003890451449942813	0.0002911790608682615	0.000047410178562219754	0	0	0	0	0.15408534803880755	0	0	0	0	0	0	0	0.15534418502684977	0.00038847954091764385	0	0.000449900012919243	0.00044990001285083773	0.0004499000409991297	0	0	0
0.00004168693834703355	0.00030045420396417386	0.0000488166238005457	0	0	0	0	0.160562493931279	0	0	0	0	0	0	0	0.15978193612132083	0.00040119289794471693	0	0.00046388385468353033	0.00046388385461159477	0.00046388390859456255	0	0	0
0.00004466835921509635	0.0003100247950885013	0.000050264791898147614	0	0	0	0	0.16731191372549506	0	0	0	0	0	0	0	0.16434646141575918	0.0004143223114943936	0	0.0004783023437580474	0.00047830234368242735	0.00047830242507887184	0	0	0
0.0000478630092322639	0.00032037251693634706	0.0000514772868974361	0	0	0	0	0.17193499577066315	0	0	0	0	0	0	0	0.17002397328389096	0.0004293434639185288	0	0.0004927136086963815	0.0004927136086150812	0.0004927137647844251	0	0	0
0.00005128613839913659	0.00033106561550610763	0.00005271902988657525	0	0	0	0	0.17668582058752216	0	0	0	0	0	0	0	0.1758976204428889	0.00044490920449031683	0	0.0005075590855089237	0.0005075590854216705	0.0005075593207958504	0	0	0
0.00005495408738576248	0.00034270018310413893	0.00005438825030888778	0	0	0	0	0.18367126443834303	0	0	0	0	0	0	0	0.18156601972971206	0.0004610071241160015	0	0.0005247819705182914	0.0005247819704194765	0.000524782421246974	0	0	0
0.00005888436553555896	0.00035474362180461537	0.00005611032255385861	0	0	0	0	0.19093288453030674	0	0	0	0	0	0	0	0.18741708635674192	0.0004776875064411762	0	0.0005425892756996478	0.0005425892755885859	0.0005425899562203248	0	0	0
0.00006309573444801943	0.0003669760365647717	0.00005832676068801901	0	0	0	0	0.19636964073545976	0	0	0	0	0	0	0	0.19419715587687195	0.0004936737272516825	0	0.0005622416535770058	0.0005622416534371768	0.0005622429557730021	0	0	0
0.00006760829753919819	0.0003796302544572961	0.000060630751304129085	0	0	0	0	0.20196120693108233	0	0	0	0	0	0	0	0.20122250368828037	0.000510194940609319	0	0.0005826058331311251	0.0005826058329605918	0.0005826078011440394	0	0	0
0.00007244359600749906	0.0003926079170474469	0.00006271352424751689	0	0	0	0	0.20901602474161562	0	0	0	0	0	0	0	0.20715623069487263	0.0005273622755279415	0	0.0006025511050026196	0.0006025511047485393	0.0006025548576057641	0	0	0
0.00007762471166286927	0.00040602922111328873	0.00006486784410464774	0	0	0	0	0.21631727826669236	0	0	0	0	0	0	0	0.2132649337381589	0.0005451072668769811	0	0.0006231791950805353	0.0006231791947373874	0.0006231848521618765	0	0	0
0.00008317637711026725	0.00041940390064899836	0.00006688020076354377	0	0	0	0	0.22346037139798744	0	0	0	0	0	0	0	0.22023275862078645	0.0005630533452422673	0	0.0006432762151907399	0.0006432762145860284	0.0006432821119513775	0	0	0
0.00008912509381337459	0.00043321914466475385	0.00006895498556967523	0	0	0	0	0.2308393392587134	0	0	0	0	0	0	0	0.2274282373551	0.0005815902462735939	0	0.0006640213477868848	0.0006640213469040962	0.0006640274938023284	0	0	0
0.00009549925860214369	0.0004480350965684807	0.00007132020427163044	0	0	0	0	0.23712280575685007	0	0	0	0	0	0	0	0.23443321020846955	0.0006012466602698973	0	0.0006867125417661733	0.000686712540097069	0.0006867174310775107	0	0	0
0.00010232929922807557	0.00046335774914210367	0.00007376655212562404	0	0	0	0	0.24357730874885267	0	0	0	0	0	0	0	0.24165394186666928	0.0006215674158944684	0	0.0007101791479907484	0.00071017914548262	0.0007101826875350426	0	0	0
0.00010964781961431851	0.00047911113645719315	0.00007640552373682265	0	0	0	0	0.25126750662107067	0	0	0	0	0	0	0	0.2492731112171673	0.0006420965486694021	0	0.0007346430060325565	0.0007346430012357822	0.0007346461444606327	0	0	0
0.00011748975549395303	0.0004954001125530005	0.00007913890359897004	0	0	0	0	0.2592004986337508	0	0	0	0	0	0	0	0.25713250731978454	0.000663303717779113	0	0.0007599495815097932	0.0007599495742696719	0.0007599522869870606	0	0	0
0.00012589254117941688	0.0005116000325019453	0.00008154160907150207	0	0	0	0	0.26653740837721873	0	0	0	0	0	0	0	0.264612056068627	0.0006849711909242479	0	0.0007838325462300755	0.0007838325323486916	0.0007838344897778161	0	0	0
0.0001348962882591656	0.0005283297008294265	0.00008401726215039691	0	0	0	0	0.27408199613391326	0	0	0	0	0	0	0	0.27230917221129763	0.0007073464535478817	0	0.0008084660818009868	0.0008084660608680593	0.0008084672128576776	0	0	0
0.0001445439770745928	0.0005449272590573998	0.00008663619777497191	0	0	0	0	0.28177936329688313	0	0	0	0	0	0	0	0.2809541420916844	0.0007285485459055629	0	0.0008327858192832567	0.0008327857791203414	0.0008327868350328664	0	0	0
0.00015488166189124827	0.0005620462321115659	0.00008933676928757879	0	0	0	0	0.28969290467806896	0	0	0	0	0	0	0	0.28987356289719307	0.0007503861524700187	0	0.0008578371268888968	0.0008578370663580106	0.0008578380193707936	0	0	0
0.00016595869074375631	0.0005806528084746795	0.00009283206271142838	0	0	0	0	0.2963618396678168	0	0	0	0	0	0	0	0.2975305452617649	0.0007740428852155784	0	0.0008851332068370925	0.0008851330907890452	0.0008851337912724795	0	0	0
0.00017782794100389227	0.0005998753567350783	0.00009646410919022071	0	0	0	0	0.3031842982447116	0	0	0	0	0	0	0	0.30538978608117867	0.0007984454219746454	0	0.0009132978385851353	0.0009132976635481438	0.0009132980944666489	0	0	0
0.00019054607179632481	0.0006210021657570711	0.0001011850866384345	0	0	0	0	0.3123480447713361	0	0	0	0	0	0	0	0.31330350684666053	0.000824309652793681	0	0.0009415446873922872	0.0009415443516821379	0.0009415447336515917	0	0	0
0.00020417379446695317	0.0006428730327811839	0.0001061371098948109	0	0	0	0	0.3217887655703441	0	0	0	0	0	0	0	0.3214222998811202	0.0008510117097401522	0	0.0009706651662835438	0.0009706646601289674	0.0009706649897093607	0	0	0
0.00021877616239495564	0.0006615933591706347	0.00010837792972360882	0	0	0	0	0.330107998206999	0	0	0	0	0	0	0	0.3305958973768051	0.0008765492143079046	0	0.00099845966517715	0.000998458693401251	0.0009984591165357666	0	0	0
0.00023442288153199226	0.0006808588174947888	0.0001106660588630721	0	0	0	0	0.33864230868063283	0	0	0	0	0	0	0	0.34003131519747776	0.0009028530586710837	0	0.0010270500452825104	0.0010270485816348562	0.0010270491034109358	0	0	0
0.0002511886431509582	0.000699465573558517	0.00011174963180641794	0	0	0	0	0.3477287302970458	0	0	0	0	0	0	0	0.34891144311606825	0.000929387575280633	0	0.0010574732170567191	0.0010574708516755793	0.0010574717622294897	0	0	0
0.00026915348039269194	0.0007185808217829093	0.0001128438144193916	0	0	0	0	0.35705895800524023	0	0	0	0	0	0	0	0.358023481062724	0.0009567019314941378	0	0.0010887975809247838	0.0010887942616730486	0.0010887955835791414	0	0	0
0.00028840315031266115	0.0007398329968572516	0.00011567341422330235	0	0	0	0	0.3668135791996279	0	0	0	0	0	0	0	0.36565321749445634	0.0009848068612624261	0	0.0011205607414367198	0.0011205571853923424	0.0011205596941818567	0	0	0
0.0003090295432513592	0.0007617137093649584	0.00011857396727433134	0	0	0	0	0.37683469037420647	0	0	0	0	0	0	0	0.3734455490661629	0.0010137374265304206	0	0.0011532505189648765	0.001153246715136953	0.0011532504789349778	0	0	0
0.0003311311214825914	0.000784310773685158	0.0001222703542973311	0	0	0	0	0.38419038446736054	0	0	0	0	0	0	0	0.38186969204420634	0.0010421463351720148	0	0.0011853264978362288	0.0011853223852191976	0.0011853274380019066	0	0	0
0.000354813389233576	0.0008075782044561805	0.00012608197130999787	0	0	0	0	0.39168965938514105	0	0	0	0	0	0	0	0.3904838658984826	0.0010713513731357442	0	0.0012182946232131638	0.0012182901875726377	0.0012182965981316352	0	0	0
0.00038018939632056124	0.0008317201193712038	0.0001315028379049027	0	0	0	0	0.4001641037982357	0	0	0	0	0	0	0	0.3987414879832239	0.001098551680980335	0	0.0012507013428227603	0.001250697300431995	0.0012507030601372141	0	0	0
0.00040738027780411304	0.0008565837378346273	0.0001371567734654534	0	0	0	0	0.4088218979791642	0	0	0	0	0	0	0	0.40717373526621226	0.001126442571546333	0	0.0012839700833719974	0.0012839664582906447	0.001283971527980562	0	0	0
0.00043651583224016654	0.0008790556687430464	0.00014062859640925798	0	0	0	0	0.4169464428526911	0	0	0	0	0	0	0	0.4162214366109606	0.001154191313393592	0	0.0013159171487098719	0.001315913437526703	0.0013159174075283928	0	0	0
0.00046773514128719906	0.0009021171365016863	0.00014418830093738873	0	0	0	0	0.42523244734892507	0	0	0	0	0	0	0	0.4254701845668576	0.0011826236166522866	0	0.0013486591040509635	0.001348655304725542	0.0013486581171778607	0	0	0
0.0005011872336272725	0.0009230368426479212	0.00014502191533683685	0	0	0	0	0.43264483545614085	0	0	0	0	0	0	0	0.433705990202948	0.00121134749268142	0	0.0013815420537824944	0.001381538026278015	0.0013815401569983112	0	0	0
0.0005370317963702533	0.0009444416677299757	0.00014586034921860397	0	0	0	0	0.44018643171243943	0	0	0	0	0	0	0	0.44210121592753265	0.0012407690218290241	0	0.0014152267542157375	0.0014152224896639336	0.0014152239037369058	0	0	0
0.0005754399373371578	0.0009660901235511968	0.00014749856012896687	0	0	0	0	0.4477561625511947	0	0	0	0	0	0	0	0.44874251875925597	0.001268624788154005	0	0.001447624778350326	0.001447621065658074	0.0014476222670743624	0	0	0
0.0006165950018614823	0.000988234804449579	0.00014915517038501354	0.0009866662891893274	0.00014758683326281208	0	0	0.4554560673817932	0	0	0	0	0	0	0	0.4554835881188999	0.0012971059276982548	0	0.001480764473008524	0.0014807613396778697	0.0014807623179597569	0	0	0
0.0006606934480075965	0.0010108534850916601	0.00015200996990220533	0.0010091289461704354	0.00015028508432878633	0	0	0.4621759382000789	0	0	0	0	0	0	0	0.46133139275459034	0.0013241780713892275	0	0.0015122631141517018	0.0015122605124331422	0.001512261733329471	0	0	0
0.0007079457843841388	0.0010339898612365536	0.00015491940969946462	0.0010321029928323068	0.00015303266607456467	0	0	0.4689949550547183	0	0	0	0	0	0	0	0.46725427543908216	0.001351815242922854	0	0.0015444317905448787	0.0015444297444732404	0.0015444312178632868	0	0	0
0.0007585775750291852	0.0010567919492797185	0.00015883603167059923	0.0010534975877984484	0.0001555411099540015	0	0	0.47340387028194136	0	0	0	0	0	0	0	0.4729181558850472	0.0013776142426646766	0	0.0015742278770756158	0.0015742253331469845	0.0015742273613468048	0	0	0
0.0008128305161640995	0.0010800968809566765	0.00016285167240054878	0.0010753356740604643	0.00015809067113772173	0	0	0.47785423272148864	0	0	0	0	0	0	0	0.47865069175781666	0.0014039056087939662	0	0.0016045988072336227	0.0016045957469997924	0.0016045983508682846	0	0	0
0.0008709635899560814	0.001101072457666504	0.00016554761633465748	0.0010956995614167181	0.00016017271634755084	0	0	0.4829059242786873	0	0	0	0	0	0	0	0.483334807683046	0.0014281250842589244	0	0.0016319394920028202	0.001631935759585426	0.0016319391158882846	0	0	0
0.0009332543007969925	0.001122455381926414	0.00016828819053622777	0.0011164490845500241	0.00016228218197519826	0	0	0.48801102038028793	0	0	0	0	0	0	0	0.4880647627606651	0.001452762381967858	0	0.001659746033433681	0.001659741606814818	0.0016597457404372285	0	0	0
0.001	0.0011425249859721752	0.00017141179078524285	0.001135179005894267	0.0001640630297623317	0	0	0.4914719088020695	0	0	0	0	0	0	0	0.4912832401909706	0.0014742301762169644	0	0.001684444234062236	0.0016844395589961608	0.0016844444355135068	0	0	0
0.001071519305237607	0.0011629534363587703	0.00017459336823684478	0.0011542231466314186	0.00016586342016839217	0	0	0.49495734123652246	0	0	0	0	0	0	0	0.49452294143778497	0.0014960152048573518	0	0.0017095099614701896	0.0017095050315429911	0.0017095106721496806	0	0	0
0.001148153621496884	0.0011796853224644067	0.00017624941176793741	0.001170794111497198	0.00016735822149018057	0	0	0.4969132206447596	0	0	0	0	0	0	0	0.4968726096605986	0.0015138851851475977	0	0.0017310899869938856	0.001731085619140551	0.001731091241162985	0	0	0
0.0012302687708123836	0.0011966579370497044	0.00017792116311316153	0.001187602982592274	0.00016886649432358588	0	0	0.4988768289296914	0	0	0	0	0	0	0	0.4992334420586093	0.0015319686232921064	0	0.0017529424283046176	0.0017529386375016705	0.0017529442395717424	0	0	0
0.0013182567385564075	0.001212295118509107	0.00018064734445560386	0.0012014367643688078	0.0001697860464683732	0	0	0.4987797345509289	0	0	0	0	0	0	0	0.49929187189178426	0.0015458530475808822	0	0.0017698613911944247	0.0017698582182225395	0.0017698637249869494	0	0	0
0.0014125375446227555	0.0012281366369276566	0.00018341529747142052	0.0012154316888176382	0.00017071060597800475	0	0	0.4986826590692532	0	0	0	0	0	0	0	0.4993503085635347	0.0015598633081530535	0	0.0017869436516921007	0.0017869411088309592	0.0017869465179280075	0	0	0
0.0015135612484362103	0.0012366714608169304	0.00018162929838683663	0.001226101500791484	0.0001710850359657001	0	0	0.4974585853574782	0	0	0	0	0	0	0	0.4982122820075791	0.0015693338192104725	0	0.0017988753639033522	0.0017988728200738087	0.0017988784580122753	0	0	0
0.0016218100973589332	0.0012452655966887884	0.00017986069039652955	0.0012368649789817065	0.00017146028721353243	0	0	0.4962375162748486	0	0	0	0	0	0	0	0.49707684903055954	0.0015788618292674641	0	0.001810886746089735	0.0018108842013922273	0.0018108900709869987	0	0	0
0.0017378008287493763	0.0012513108757685892	0.0001787353655885023	0.0012437803748971302	0.00017121308843613163	0	0	0.4932555391495613	0	0	0	0	0	0	0	0.4941211669014405	0.001583374891040891	0	0.0018169845548522724	0.0018169816820843884	0.0018169873258223597	0	0	0
0.0018620871366628695	0.0012573855023219318	0.0001776170815403028	0.001250734435259746	0.0001709662460516689	0	0	0.4902914812409471	0	0	0	0	0	0	0	0.4911830596339654	0.0015879008530733454	0	0.001823102896799327	0.001823099693780551	0.0018231051100742318	0	0	0
0.001995262314968883	0.0012606080999861204	0.00017765981407235487	0.001253031793808184	0.00017007946492770924	0	0	0.48647682732767766	0	0	0	0	0	0	0	0.48695029480161334	0.0015861935682780722	0	0.0018224417485987446	0.001822437952527239	0.0018224431693369542	0	0	0
0.0021379620895022326	0.001263838956959554	0.00017770255688533964	0.0012553333721623224	0.00016919728342958197	0	0	0.4826918528704764	0	0	0	0	0	0	0	0.4827540057755307	0.0015844881191272402	0	0.0018217808401635352	0.0018217764514700543	0.0018217814689399274	0	0	0
0.0022908676527677745	0.0012610289438486012	0.000175846556835121	0.001252864627633511	0.00016768479597275058	0	0	0.477209296978277	0	0	0	0	0	0	0	0.4770984274578685	0.0015769673989793056	0	0.001814258300455607	0.0018142536894282637	0.0018142586175671261	0	0	0
0.0024547089156850338	0.0012582251785065131	0.00017400994162801778	0.00125040073814933	0.00016618582893575525	0	0	0.4717890135668176	0	0	0	0	0	0	0	0.47150910558909065	0.001569482375679371	0	0.0018067668229931545	0.001806761991542944	0.0018067668310030012	0	0	0
0.002630267991895387	0.001251151026540044	0.00017245611675696673	0.0012427492012314996	0.000164051383666425	0	0	0.4651069294603012	0	0	0	0	0	0	0	0.4643637197640127	0.0015553817636790273	0	0.0017919783950917706	0.0017919734803563444	0.0017919779818390091	0	0	0
0.002818382931264455	0.0012441166477611596	0.00017091616679275933	0.0012351444861168084	0.00016194435262751965	0	0	0.4585194856415466	0	0	0	0	0	0	0	0.4573266171894262	0.001541407835011909	0	0.0017773110108120734	0.0017773060144785052	0.0017773101831923556	0	0	0
0.003019951720402019	0.0012325512370089712	0.00017002287210387792	0.0012216446816804517	0.0001591143057047181	0	0	0.45026291098075905	0	0	0	0	0	0	0	0.4493772491499448	0.001520178629747833	0	0.0017543448455530706	0.0017543398825178975	0.00175434406424647	0	0	0
0.0032359365692962876	0.0012210933392670042	0.00016913424622670776	0.0012082924265566413	0.00015633371506399931	0	0	0.44215501271708	0	0	0	0	0	0	0	0.4415660590556168	0.0014992418059975316	0	0.0017316754458818005	0.0017316705161187268	0.0017316747098296034	0	0	0
0.0034673685045253167	0.0012016547805681265	0.00016499322523717212	0.0011895592394119778	0.000152901569462544	0	0	0.4328237904352571	0	0	0	0	0	0	0	0.4322136977152473	0.0014719088952333233	0	0.0017014596541017942	0.0017014548340665123	0.0017014592982182268	0	0	0
0.003715352290971728	0.0011825256638685942	0.00016095359149012769	0.00117111648883125	0.00014954477308070375	0	0	0.4236894939074534	0	0	0	0	0	0	0	0.4230594192230654	0.0014450742950203924	0	0.0016717710939546367	0.0016717663813188234	0.0016717711051968428	0	0	0
0.003981071705534978	0.0011571744066118318	0.0001555689503905633	0.0011471807677351652	0.00014558617602587886	0	0	0.4136647437169836	0	0	0	0	0	0	0	0.4130789643357286	0.0014121467518859194	0	0.0016345888973431112	0.001634584492642363	0.0016345894897216479	0	0	0
0.004265795188015935	0.0011323666354409398	0.00015036445040809187	0.0011237342539466826	0.00014173236692398386	0	0	0.40387718519122684	0	0	0	0	0	0	0	0.4033339597781377	0.0013799694975778487	0	0.0015982336774330343	0.0015982295693008906	0.001598234825092203	0	0	0
0.004570881896148752	0.0011033136576259661	0.00014558038631029143	0.0010950428412677732	0.0001373105715174924	0	0	0.39308467456134216	0	0	0	0	0	0	0	0.392369469133664	0.0013417986577491398	0	0.0015547444435124198	0.0015547402596640732	0.001554745679251626	0	0	0
0.004897788193684466	0.0010750060881385601	0.00014094853418300472	0.0010670839836023113	0.0001330267281895643	0	0	0.3825805641926433	0	0	0	0	0	0	0	0.3817030442785398	0.0013046836477889785	0	0.0015124385868999575	0.0015124343344978077	0.0015124399050759946	0	0	0
0.005248074602497733	0.001041690231637496	0.00013570522144188964	0.001034250024353501	0.00012826657345585445	0	0	0.37092993895746385	0	0	0	0	0	0	0	0.370000386034267	0.0012617819109248974	0	0.001463672751811309	0.001463668285765211	0.0014636733660030137	0	0	0
0.005623413251903491	0.0010094068774698112	0.00013065696094917512	0.0010024263594175286	0.00012367675346161593	0	0	0.359634107146402	0	0	0	0	0	0	0	0.3586565203436174	0.0012202909061023153	0	0.0014164792824983658	0.001416474621006416	0.0014164792367330134	4.2905385281226346e-11	4.2905385281226346e-11	4.2905385281226346e-11
0.0060255958607435805	0.0009734909163055451	0.00012567918616342998	0.0009664936401238341	0.00011868122103701658	0	0	0.3475568819663483	0	0	0	0	0	0	0	0.3466044129568987	0.0011744573392124108	0	0.0013638258959985604	0.0013638208727570606	0.001363825327292308	4.004163534105638e-11	4.004163534105638e-11	4.004163534105638e-11
0.006456542290346563	0.0009388528900307125	0.00012089105486577462	0.0009318489559099339	0.00011388746739061731	0	0	0.33588523391357844	0	0	0	0	0	0	0	0.33495729832570503	0.0011303452600787015	0	0.0013131297418735254	0.001313124390217652	0.0013131286891673373	3.736902839298564e-11	3.736902839298564e-11	3.736902839298564e-11
0.006918309709189377	0.0009008801665640421	0.00011582364013609557	0.0008938487936264322	0.00010879169850285106	0	0	0.3234448746693805	0	0	0	0	0	0	0	0.3225905250306664	0.001082605267193179	0	0.0012580718642586123	0.0012580666993687976	0.0012580710411701844	3.48748064643587e-11	3.48748064643587e-11	3.48748064643587e-11
0.007413102413009177	0.0008644432829960269	0.00011096863725170227	0.0008573982519380012	0.00010392393416336818	0	0	0.3114652755971066	0.3111969097643282	0	0	0	0	0	0	0.310680338537872	0.001036881567029185	0	0.001205322494166448	0.0012053175097892772	0.0012053218832913178	3.25470631223255e-11	3.25470631223255e-11	3.25470631223255e-11
0.00794328234724282	0.0008259240520901929	0.00010670676983989217	0.0008180178539820177	0.0000988027166831485	0	0	0.29887241435101597	0.2985984456300763	0	0	0	0	0	0	0.29824564188824215	0.0009881615066114724	0	0.0011487981799105887	0.0011487936220347563	0.001148797835170949	3.0374686637221414e-11	3.0374686637221414e-11	3.0374686637221414e-11
0.008511380382023776	0.0007891212219925587	0.0001026085839356294	0.0007804462021246722	0.00009393386521169134	0	0	0.28678869542924784	0.28651001644013735	0	0	0	0	0	0	0.2863086326091616	0.0009417306606639377	0	0.0010949246069439336	0.0010949204465290304	0.0010949245047221013	2.8347306939547758e-11	2.8347306939547758e-11	2.8347306939547758e-11
0.009120108393559097	0.0007488149444979176	0.00009681113971947585	0.0007408916249924812	0.00008888941515471958	0	0	0.2743460307607258	0.27397228388397926	0	0	0	0	0	0	0.2736858835281475	0.0008932447461449127	0	0.0010384829300850843	0.0010384790057439313	0.0010384828642920289	2.6455246117345374e-11	2.6455246117345374e-11	2.6455246117345374e-11
0.009772372209558112	0.0007105674077394229	0.00009134125444771322	0.0007033417530761608	0.00008411586288652635	0	0	0.26244320572507857	0.2619832048778882	0	0	0	0	0	0	0.2616196450661465	0.0008472551758620284	0	0.0009849507347251746	0.0009849470331745314	0.00098495070187683	2.4689472217655453e-11	2.4689472217655453e-11	2.4689472217655453e-11
0.010471285480509006	0.0006710359629341548	0.00008588196143815832	0.0006644030200830844	0.00007924990153998813	0.000672356210192221	0.00008720235405189281	0.2500619749956406	0.24970843648771568	0	0	0	0	0	0	0.24931693770708743	0.0007995379426793552	0	0.0009297220759448208	0.0009297185660771331	0.0009297222228900016	2.3041556131534767e-11	2.3041556131534767e-11	2.3041556131534767e-11
0.011220184543019653	0.0006337037959333147	0.00008074895998595468	0.0006276200313217054	0.0000746654278821387	0.0006357338471586411	0.0000827789753833879	0.23826485111687146	0.2380087810674854	0	0	0	0	0	0	0.23759276720952566	0.0007545081340264783	0	0.0008775902266221767	0.0008775868985793001	0.0008775905333012469	2.150363135681008e-11	2.150363135681008e-11	2.150363135681008e-11
0.012022644346174132	0.0005967733592673612	0.0000768278546536535	0.0005899778622798391	0.00007003705865437198	0.0005979717564374322	0.00007803066386754264	0.22624595506145584	0.22612349571967455	0	0	0	0	0	0	0.22568336575495923	0.0007087589745457137	0	0.0008244534063238879	0.0008244501394826124	0.0008244536597939713	2.0068356446496074e-11	2.0068356446496074e-11	2.0068356446496074e-11
0.01288249551693135	0.000561995122353231	0.0000730971550805059	0.0005545933217703061	0.0000656955933166136	0.000562452704217334	0.00007355472178061417	0.21483333333359492	0.2148317179187922	0	0	0	0	0	0	0.21437092625622903	0.000665783788596587	0	0.0007745339437237107	0.0007745307428737514	0.0007745341493039393	1.872887996361947e-11	1.872887996361947e-11	1.872887996361947e-11
0.013803842646028866	0.0005252990239341831	0.00006789955887620676	0.0005187584012319037	0.00006136060217608792	0.0005259326678328617	0.0000685342001084112	0.2033486758452984	0.20322063827367517	0	0	0	0	0	0	0.20298472477838034	0.0006222736111821932	0	0.000724186290181565	0.0007241831842634081	0.0007241865160278773	1.7478807775158455e-11	1.7478807775158455e-11	1.7478807775158455e-11
0.014791083881682071	0.0004909990381958688	0.0000630715393848892	0.00048523894588138914	0.0000573116598744528	0.0004917838762615503	0.00006385635715554664	0.19247797037076472	0.19223710642192576	0	0	0	0	0	0	0.19220329553508023	0.0005816069027303335	0	0.0006771114256988809	0.0006771084158958612	0.0006771116683078548	1.631217252897054e-11	1.631217252897054e-11	1.631217252897054e-11
0.01584893192461114	0.00045739545526532954	0.000058925804959175314	0.0004517680247621454	0.00005329882739048331	0.0004581034376465474	0.000059633836841995666	0.18146645708892387	0.18127609807573317	0	0	0	0	0	0	0.1812750665804386	0.0005409946675214477	0	0.0006302062048940262	0.0006302033093232288	0.0006302063777873051	1.5223405168004277e-11	1.5223405168004277e-11	1.5223405168004277e-11
0.01698243652461746	0.000426091674774157	0.000055052572427281744	0.00042060586836609534	0.00004956696433890642	0.00042672964632124917	0.00005569053192049901	0.17108490382028652	0.1709400663857206	0	0	0	0	0	0	0.17096819111379302	0.0005032182886975518	0	0.0005865502273529096	0.0005865474446311295	0.0005865503390250596	1.4207308345815123e-11	1.4207308345815123e-11	1.4207308345815123e-11
0.018197008586099864	0.00039526919945170755	0.00005141684459092647	0.0003897495662632824	0.000045898740548239166	0.00039541212798794385	0.000051561099939242554	0.16068150590646182	0.16064771465682848	0	0	0	0	0	0	0.16061682281860293	0.0004661177914619919	0	0.0005434131972107228	0.00054341059385176	0.0005434132781593768	1.3259031616480938e-11	1.3259031616480938e-11	1.3259031616480938e-11
0.019498445997580455	0.0003666763499146173	0.00004802122391609424	0.00036115693057853264	0.000042501985183324655	0.0003663929898187834	0.000047737863785172235	0.15091072189214935	0.15097506845602626	0	0	0	0	0	0	0.15089218412079983	0.0004317525821244313	0	0.0005034486206500251	0.0005034461853227063	0.0005034486747902214	1.2374048280484138e-11	1.2374048280484138e-11	1.2374048280484138e-11
0.02089296130854041	0.0003382762134495955	0.000044469114845899694	0.00033297845736091314	0.000039171886916937274	0.00033765025740877425	0.000043843229956920666	0.14137556839343235	0.14146973552869976	0	0	0	0	0	0	0.1413560168179717	0.00039833352038511804	0	0.0004641213511573602	0.0004641191282417973	0.00046412146381730066	1.1548133776031426e-11	1.1548133776031426e-11	1.1548133776031426e-11
0.022387211385683423	0.00031207574912437715	0.000041179753740409354	0.0003069985473872667	0.00003610270715626122	0.00031116232978310883	0.00004026633495176396	0.13244288469344226	0.13256285474968693	0	0	0	0	0	0	0.13242252146503544	0.00036750120330878013	0	0.0004278661610434247	0.00042786413221474986	0.00042786632275012177	1.0777345512660317e-11	1.0777345512660317e-11	1.0777345512660317e-11
0.02398832919019495	0.0002863181811497275	0.00003783349373308249	0.00028158786557080874	0.00003310336461051289	0.0002854326870591689	0.00003694804019921536	0.12358635582222172	0.12376553379603929	0	0	0	0	0	0	0.12365033053453287	0.000337296500847596	0	0.0003924141038466672	0.0003924121776274475	0.00039241426315754735	1.0058004050865388e-11	1.0058004050865388e-11	1.0058004050865388e-11
0.025703957827688646	0.0002626865467339348	0.000034759150262877875	0.0002582804599941659	0.00003035320159769546	0.00026183059787027033	0.000033903201674505374	0.1153220679296566	0.11555203291859363	0	0	0	0	0	0	0.11545924418405094	0.0003095743046817788	0	0.00035989952681056886	0.0003598977001255807	0.00035989968301247265	9.386675537903695e-12	9.386675537903695e-12	9.386675537903695e-12
0.02754228703338169	0.00023976499647467155	0.00003184439101661798	0.00023558453722172078	0.000027664308732752116	0.00023924299936019315	0.00003132047714931329	0.10728735492912707	0.10756774891764075	0	0	0	0	0	0	0.10741256665265339	0.00028337909279683385	0	0.000328201612075702	0.0003281998520373603	0.0003282016767221224	8.760155315934528e-12	8.760155315934528e-12	8.760155315934528e-12
0.0295120922666639	0.00021884353899830978	0.000029174051481409873	0.00021488297712969043	0.00002521361627035518	0.0002186039874958416	0.000028934502949859448	0.09981243602663828	0.10013515396445027	0.09183714198158334	0	0	0	0	0	0.09992668457554689	0.00025940043802053696	0	0.0002992954703877267	0.0002992937794260971	0.00029929545839438683	8.175452624245517e-12	8.175452624245517e-12	8.175452624245517e-12
0.03162277660168379	0.0001987402979281511	0.00002669349310835282	0.00019488871502395673	0.000022842883715133625	0.00019847609324986196	0.00002642960390815893	0.09255207164728302	0.09284583330114878	0.08405462524615327	0	0	0	0	0	0.09262885693711902	0.00023713793847617598	0	0.00027136436610334465	0.00027136274903735854	0.00027136431247914885	7.629776322539187e-12	7.629776322539187e-12	7.629776322539187e-12
0.03388441561392028	0.00018048376571389312	0.000024423847156769407	0.0001767548632796795	0.00002069506138382125	0.00018020146861446023	0.000024141557363284904	0.0858198267390017	0.08608713743472204	0.07693161909032477	0	0	0	0	0	0.08586400293297512	0.00021678607134918698	0	0.0002460398718873814	0.0002460383296516028	0.00024603978450700724	7.120521567128742e-12	7.120521567128742e-12	7.120521567128742e-12
0.03630780547701017	0.00016282196988822204	0.00002212207235416837	0.00015932822242833565	0.000018628615282324576	0.00016246088980109523	0.00002176120412260475	0.07925210962966836	0.07952718518633238	0.06999418033877358	0	0	0	0	0	0.07931230226748733	0.00019791386878379897	0	0.000221695017506343	0.00022169363048283366	0.00022169494168579757	6.645257376440626e-12	6.645257376440626e-12	6.645257376440626e-12
0.038904514499428125	0.00014688852359334578	0.00002003722354229603	0.00014361971145317613	0.000016768508239755687	0.00014646684579154215	0.000019615553285963927	0.07318701422987786	0.07346710986245751	0.06368233684962049	0	0	0	0	0	0.07326051751721324	0.00018068457633460265	0	0.00019975900820511845	0.00019975776077757552	0.00019975894251228043	6.2017150264661396e-12	6.2017150264661396e-12	6.2017150264661396e-12
0.04168693834703355	0.0001316591525604575	0.000018045117671336712	0.00012859455351112124	0.000014980800510604494	0.00013114570484293463	0.000017531878913706838	0.06738188610721406	0.06762863636659486	0.05762665290688046	0	0	0	0	0	0.06745997027913818	0.00016464674041313134	0	0.0001787488927932996	0.00017874775787721147	0.00017874885178947335	5.787777220766858e-12	5.787777220766858e-12	5.787777220766858e-12
0.04466835921509635	0.00011800875949251522	0.00001625106747374614	0.0001151412924131653	0.000013383682121850873	0.00011742722938970572	0.0000156695441501931	0.062037215524390336	0.06225414971907424	0.05214681636278327	0	0	0	0	0	0.06211869290976456	0.00015003244703337476	0	0.00015994856483279098	0.00015994753256023128	0.00015994854405124205	5.401467983335523e-12	5.401467983335523e-12	5.401467983335523e-12
0.0478630092322639	0.00010504380320746604	0.000014516219629478803	0.00010238589833118706	0.000011858405443655997	0.00010470520645016094	0.000014176005489942905	0.056907657098566634	0.05713677622880775	0.04698927030810219	0	0	0	0	0	0.05700203294274026	0.00013724924348500618	0	0.00014208689401727065	0.00014208596159467034	0.00014208687789035395	5.040943226065125e-12	5.040943226065125e-12	5.040943226065125e-12
0.05128613839913648	0.00009350323348656795	0.000012966571745006243	0.00009104355142608775	0.000010506957531257012	0.00009336148280725727	0.000012824823091513815	0.05220223714223309	0.052440057611462386	0.042341827902340076	0	0	0	0	0	0.05230682758127546	0.0001255552062882517	0	0.0001262198599442283	0.00012621901794377413	0.00012621984769152188	4.704481945798743e-12	4.704481945798743e-12	4.704481945798743e-12
0.05495408738576248	0.00008249800860746425	0.000011355305720178122	0.00008037519091614177	9.232801992350501e-6	0.00008259665865113067	0.000011453727863694608	0.04769239158721103	0.047945175157306306	0.03803745252820419	0	0	0	0	0	0.04782767257971815	0.00011550917715542471	0	0.00011128598634608927	0.00011128524687658519	0.00011128601131680991	4.390478008938471e-12	4.390478008938471e-12	4.390478008938471e-12
0.05888436553555896	0.0000727880862555939	9.944260559724995e-6	0.00007095693449580365	8.113160482124175e-6	0.00007307304699107765	0.000010229215720128041	0.04357215973542424	0.04383557008835781	0.034170650312322144	0	0	0	0	0	0.043732078012920554	0.00010626695938431791	0	0.00009811903421929196	0.00009811838480552369	0.00009811908777669219	4.097432484396436e-12	4.097432484396436e-12	4.097432484396436e-12
0.06309573444801943	0.00006395517932083241	8.861772102403636e-6	0.00006215807212905864	7.065600846951245e-6	0.00006406320094705202	8.97081339375549e-6	0.039687949499471686	0.0399153173109406	0.03071000942714409	0	0	0	0	0	0.03984600703119506	0.00009902083864023839	0	0.00008581333452836498	0.00008581276885030807	0.00008581341970524086	3.823946488288272e-12	3.823946488288272e-12	3.823946488288272e-12
0.06760829753919818	0.000056194154460895786	7.897118576417442e-6	0.00005445029380503701	6.153300608121053e-6	0.00005616426144216354	7.867220239302555e-6	0.036149994515696074	0.03634565611492347	0.02759984578564467	0	0	0	0	0	0.03630525574067089	0.00009226881564904466	0	0.00007505096683299017	0.00007505047410179018	0.00007505107485576454	3.568714506212586e-12	3.568714506212586e-12	3.568714506212586e-12
0.07244359600749906	0.00004888431248069994	6.907456083941694e-6	0.00004727982630896423	5.302959804734641e-6	0.00004885245379192392	6.875623275222396e-6	0.03279031901034629	0.03299603299202494	0.024882511351804856	0	0	0	0	0	0.03296189877399264	0.00008756327516747667	0	0.00006503402337321592	0.00006503357832601815	0.00006503409871519131	3.3305181612395035e-12	3.3305181612395035e-12	3.3305181612395035e-12
0.07762471166286927	0.00004252534858182868	6.041817542674943e-6	0.00004105362560227432	4.570129834631681e-6	0.00004249254205807874	6.009008771180772e-6	0.029742881989468384	0.029955111823219076	0.02243271125430443	0	0	0	0	0	0.02992643209974149	0.00008309770862583541	0	0.000056354026797811626	0.00005635362548343255	0.00005635407625840808	3.1082203978592514e-12	3.1082203978592514e-12	3.1082203978592514e-12
0.08317637711026708	0.00003670829735376149	5.2861143135630124e-6	0.00003531528953419089	3.893494646917039e-6	0.000036671728264385444	5.249646975219982e-6	0.026836922183610196	0.027086673597750605	0.020366434302850903	0	0	0	0	0	0.027059461387586036	0.0000790738911987071	0	0.00004835083197754277	0.00004835047774216206	0.000048350863605893906	2.9007600541270855e-12	2.9007600541270855e-12	2.9007600541270855e-12
0.08912509381337459	0.00003168696176632775	4.624933530131768e-6	0.000030379038552313263	3.3170393652050994e-6	0.00003164827493866638	4.586246153709792e-6	0.024214882490007812	0.02449291095693306	0.01849048211382607	0	0	0	0	0	0.024467148243595083	0.0000752449179731169	0	0.00004148422190499692	0.00004148390947060862	0.00004148423976849312	2.7071467960942135e-12	2.7071467960942135e-12	2.7071467960942135e-12
0.09549925860214369	0.000027045540340086835	3.9661149124576925e-6	0.00002587227246672407	2.792718136135266e-6	0.000026942293726015553	3.862661348433816e-6	0.021750836941040776	0.02204540962509007	0.016862594264438455	0	0	0	0	0	0.022014704034925395	0.00007180901362713535	0	0.000035222533678802996	0.00003522225935288579	0.00003522254177894392	2.526456390343718e-12	2.526456390343718e-12	2.526456390343718e-12
0.10232929922807536	0.000023083981912855958	3.4011445562053765e-6	0.000022034090428495214	2.351275860549404e-6	0.0000229360744819632	3.253238529426901e-6	0.01953752647079615	0.019842479580829343	0.015378024411513638	0	0	0	0	0	0.019808078527183134	0.00006853000278297087	0	0.00002990599369552066	0.000029905753092073673	0.000029905994572707648	2.3578262920643206e-12	2.3578262920643206e-12	2.3578262920643206e-12
0.10964781961431873	0.00001945286032727476	2.8521420512937616e-6	0.00001855633215531503	1.955501635949996e-6	0.00001935493197226425	2.7542378659979664e-6	0.017455307888279044	0.01775610120483318	0.013987400676458065	0	0	0	0	0	0.01773403716850999	0.00006572703044050307	0	0.000025103594359893994	0.00002510339153680835	0.00002510359176295424	2.2004515276012436e-12	2.2004515276012436e-12	2.2004515276012436e-12
0.11748975549395303	0.000016392915933698463	2.3917578763056427e-6	0.000015627487060372297	1.6263453865041713e-6	0.000016332934040023917	2.331776829113551e-6	0.015595002465130504	0.015889099379539483	0.012722530049913165	0	0	0	0	0	0.015877162131728458	0.00006303870356182618	0	0.000021072379543786842	0.000021072208571712328	0.000021072374565873307	2.0535808518291717e-12	2.0535808518291717e-12	2.0535808518291717e-12
0.12589254117941662	0.000013677476323156209	2.023804455813315e-6	0.000012986028995638228	1.332456803444888e-6	0.000013664198219778954	2.0097169859789288e-6	0.013839576015733934	0.014149883523527246	0.011339363608616237	0	0	0	0	0	0.014135537420441983	0.000059871321579431354	0	0.000017447333745784394	0.00001744719521473923	0.000017447330431933867	1.9165131620039264e-12	1.9165131620039264e-12	1.9165131620039264e-12
0.1348962882591656	0.000011411841512951032	1.712457818554864e-6	0.000010791047109754398	1.0916753278729166e-6	0.000011431523113475747	1.7321393339634633e-6	0.012281746330180764	0.012601041691967149	0.010106572084637114	0	0	0	0	0	0.012584957973403374	0.00005686308482140721	0	0.000014445898442757408	0.000014445786250894149	0.000014445896367753102	1.7885941509741998e-12	1.7885941509741998e-12	1.7885941509741998e-12
0.1445439770745928	9.373901041157132e-6	1.4241509924223734e-6	8.829424622112875e-6	8.796992545397125e-7	9.404910761975909e-6	1.4549185527326526e-6	0.01083274415771232	0.011153697310796011	0.008684127081120438	0	0	0	0	0	0.011141599394257141	0.00005319824451335374	0	0.000011774852138158595	0.000011774761933509515	0.000011774857276184461	1.6692131837770173e-12	1.6692131837770173e-12	1.6692131837770173e-12
0.15488166189124797	7.699898445810437e-6	1.1843830704859204e-6	7.224390586443034e-6	7.088836384583153e-7	7.73758190948854e-6	1.2220656581027225e-6	0.009554695466888318	0.009872593611063376	0.0074618834684497416	0	0	0	0	0	0.009863778434894603	0.00004976960409712317	0	9.597682236580436e-6	9.597609723890434e-6	9.59769199120172e-6	1.5578003827069416e-12	1.5578003827069416e-12	1.5578003827069416e-12
0.1659586907437563	6.197267343509198e-6	9.526655465400593e-7	5.805300273761736e-6	5.60626640611869e-7	6.207878326341706e-6	9.630936449055883e-7	0.008377562782967883	0.008684302169315759	0.006179774244982702	0	0	0	0	0	0.008673475463068792	0.0000458049040912433	0	7.682418703639e-6	7.682361061012083e-6	7.68243463558147e-6	1.4538239069444482e-12	1.4538239069444482e-12	1.4538239069444482e-12
0.1778279410038923	4.9878739047296184e-6	7.662821819904324e-7	4.664962513486078e-6	4.4337633585012645e-7	4.980593907174665e-6	7.590012555443057e-7	0.007345452131445672	0.007639036623919112	0.005117958472606123	0	0	0	0	0	0.007626811277747519	0.00004215603633723261	0	6.149355196724152e-6	6.149309376984327e-6	6.149374452116858e-6	1.3567874137573927e-12	1.3567874137573927e-12	1.3567874137573927e-12
0.1905460717963252	3.939357814000465e-6	6.16214808856912e-7	3.665716477450821e-6	3.4264440108672535e-7	3.9233740300279856e-6	6.003434909099923e-7	0.006397172260783333	0.0066792400990670605	0.00411327812694631	0	0	0	0	0	0.0066640845941015265	0.00003847450367658139	0	4.812988933256613e-6	4.812951736176448e-6	4.813000040876508e-6	1.2662276891563103e-12	1.2662276891563103e-12	1.2662276891563103e-12
0.20417379446695316	3.1112534685393037e-6	4.955363697329283e-7	2.88051131262209e-6	2.6479804198609466e-7	3.090567925508733e-6	4.7485073897478227e-7	0.0055713129977312615	0.005840035923024275	0.003305821459899376	0	0	0	0	0	0.005822882179727616	0.00003511448328105453	0	3.767039263562329e-6	3.767009105358145e-6	3.7670448553516303e-6	1.1817124366933634e-12	1.1817124366933634e-12	1.1817124366933634e-12
0.21877616239495518	2.412343052523962e-6	4.0850631241882916e-7	2.2019159733733415e-6	1.989747384571888e-7	2.38617244601905e-6	3.8283341156505846e-7	0.004819673735824297	0.005071205992267155	0.0025951393797706717	0	0	0	0	0	0.005060545839164575	0.000031538615092469995	0	2.8681491305953136e-6	2.86812400051993e-6	2.8681489735343933e-6	1.1028382138493753e-12	1.1028382138493753e-12	1.1028382138493753e-12
0.23442288153199276	1.870435521215395e-6	3.3676116926789324e-7	1.6831851805445997e-6	1.495137435577598e-7	1.8423212430133484e-6	3.086473474316787e-7	0.004169439937991939	0.004403591100290423	0.0020372389985759817	0	0	0	0	0	0.004398015175275898	0.000028326893891320213	0	2.183751975963016e-6	2.1837311915857954e-6	2.183748495242796e-6	1.0292285061581985e-12	1.0292285061581985e-12	1.0292285061581985e-12
0.25118864315095824	1.3891327158771047e-6	2.53878807678724e-7	1.2438108885127776e-6	1.0857618308188533e-7	1.3806522160995665e-6	2.449444524599911e-7	0.0035785348471528747	0.0037990441101268925	0.001556854834724157	0	0	0	0	0	0.00379485812040076	0.000025494252744581107	0	1.6073673243889365e-6	1.6073477872440104e-6	1.607360597955033e-6	9.605319298750025e-13	9.605319298750025e-13	9.605319298750025e-13
0.2691534803926914	1.0316793497731521e-6	1.9139513361499556e-7	9.191297215927179e-7	7.884751764025536e-8	1.034673268329043e-6	1.9438943924248622e-7	0.0030713745353662452	0.0032774923515805055	0.0011897460131571234	0	0	0	0	0	0.0032744198416887436	0.000022944870888358786	0	1.1831149983843244e-6	1.1830974980405284e-6	1.1831069820937006e-6	8.964205546086813e-13	8.964205546086813e-13	8.964205546086813e-13
0.28840315031266117	7.498364876566633e-7	1.5286973121860453e-7	6.510265444944267e-7	5.490850083266264e-8	7.629112575503503e-7	1.647549959301233e-7	0.00261325169275623	0.0028015438746463958	0.0008796532999112385	0	0	0	0	0	0.0027980454961303376	0.000020255514517684858	0	8.348859828576724e-7	8.348712989447089e-7	8.348774048281189e-7	8.365883379113734e-13	8.365883379113734e-13	8.365883379113734e-13
0.30902954325135923	5.449898346273211e-7	1.2209900158620246e-7	4.6112703319169873e-7	3.823764595159944e-8	5.62528872362799e-7	1.396382889405577e-7	0.002223461948732683	0.0023947113340429186	0.0006503824509496842	0	0	0	0	0	0.0023909757993579696	0.000017881376207015658	0	5.891520311416179e-7	5.891400218122706e-7	5.891439165197545e-7	7.807496643523969e-13	7.807496643523969e-13	7.807496643523969e-13
0.3311311214825908	3.791412923919597e-7	9.371123639012912e-8	3.1013465577111575e-7	2.5303883424774627e-8	3.9470281220953005e-7	1.0901465225519146e-7	0.0018678843614934784	0.002020132577230192	0.00046130342842774644	0	0	0	0	0	0.0020165960649127825	0.00001578161690342235	0	3.948636098610168e-7	3.948563833551717e-7	3.9485870001392763e-7	7.286379821026826e-13	7.286379821026826e-13	7.286379821026826e-13
0.354813389233576	2.6376293733064173e-7	7.192356785625787e-8	2.0858353075622162e-7	1.674492507161737e-8	2.769463357707121e-7	8.510698961213308e-8	0.0015691709902661028	0.0017041451182748337	0.00032719341176635065	0	0	0	0	0	0.0017008368257485774	0.00001392842638077637	0	2.646469198966241e-7	2.646426277351144e-7	2.6464398359183745e-7	6.800045305213679e-13	6.800045305213679e-13	6.800045305213679e-13
0.38018939632056126	1.8697774216165916e-7	6.321583795313864e-8	1.3191173967351272e-7	1.0384693773979636e-8	1.792802668174034e-7	5.766629886715538e-8	0.0012903934633283199	0.0014096824534351022	0.0002205755774724531	0	0	0	0	0	0.001408637783502836	0.00001189168756310099	0	1.666854451571318e-7	1.6668314962493e-7	1.6668387141305172e-7	6.346171526705064e-13	6.346171526705064e-13	6.346171526705064e-13
0.40738027780411384	1.325458247382421e-7	5.5562346074156003e-8	8.34232070029958e-8	6.440271563956992e-9	1.1605646985966569e-7	3.9073195282681756e-8	0.0010611433046681937	0.00116610058510422	0.0001486997709234087	0	0	0	0	0	0.0011666377250730325	0.000010152778873396821	0	1.049853050928508e-7	1.0498411615189517e-7	1.0498448750715868e-7	5.922591870892891e-13	5.922591870892891e-13	5.922591870892891e-13
0.43651583224016655	9.27027611657103e-8	4.592484281099188e-8	4.920057613403041e-8	3.7124166699714194e-9	8.41077777221364e-8	3.6489525036784545e-8	0.0008441056860405783	0.0009361739170813112	0.00009378249916600645	0	0	0	0	0	0.0009373554522428275	8.457027567993832e-6	0	6.163234085759646e-8	6.163169557488191e-8	6.163191927402682e-8	5.527284335376095e-13	5.527284335376095e-13	5.527284335376095e-13
0.4677351412871981	6.483645897347745e-8	3.795900166633406e-8	2.901706586074538e-8	2.139977700414526e-9	6.095410520335701e-8	3.407669702406633e-8	0.0006714591762220378	0.0007515831946392829	0.0000591470793479041	0	0.00016467181192813944	0.00016593320637307932	0	0	0.0007531346063700738	7.044506354138576e-6	0	3.6181686915396955e-8	3.618133903169837e-8	3.618147369763699e-8	5.158361877717587e-13	5.158361877717587e-13	5.158361877717587e-13
0.5011872336272735	3.839073842337315e-8	2.3526708591884874e-8	1.5958383769648083e-8	1.1579649525698497e-9	3.908626803668955e-8	2.4007478739331353e-8	0.0005100173440279996	0.0005792981920812427	0.000034900064186154616	0	0.0001132300011690844	0.00011395068445289309	0	0	0.0005797037158993398	5.765103501724603e-6	0	1.9835575009769072e-8	1.983545991637572e-8	1.9835507305550087e-8	4.814063407447169e-13	4.814063407447169e-13	4.814063407447169e-13
0.5370317963702532	2.273179041586464e-8	1.458168004608998e-8	8.776559758369474e-9	6.26587291596731e-10	2.5063715461642628e-8	1.6913582763388306e-8	0.0003873916693981748	0.0004465059859536417	0.000020592977601368335	0	0.00007785809249700868	0.00007825292339671007	0.000058717456792160555	0.00005942552304141221	0.0004462102728849723	4.718062091898261e-6	0	1.0874286676798248e-8	1.0874265038932434e-8	1.0874276524956442e-8	4.492745379309494e-13	4.492745379309494e-13	4.492745379309494e-13
0.5754399373371566	1.3382866741457709e-8	9.053535340220885e-9	4.659846816264188e-9	3.306009117093387e-10	1.4578806216632306e-8	1.0249463093668655e-8	0.0002813739192097664	0.00033047392098602856	0.000011544342659431521	0	0.0000507516221572771	0.00005094459244176846	0.00003787381661971902	0.0000382788110779122	0.00033003100501240184	3.718496461231734e-6	0	5.7666411728563166e-9	5.7666411728563166e-9	5.7666411728563166e-9	4.1928739476264e-13	4.1928739476264e-13	4.1928739476264e-13
0.6165950018614835	9.579215162565687e-9	7.320827570732666e-9	2.4313008543994907e-9	1.729833212114503e-10	1.019322049596541e-8	7.934826886099743e-9	0.00019717309873199188	0.00023732795062340173	6.319597010440749e-6	0	0.00003186489245809335	0.000031945738304951104	0.00002330767209163176	0.000023526928422940864	0.00023645877995554762	2.8910184491574107e-6	0	3.0104189297595618e-9	3.0104189297595618e-9	3.0104189297595618e-9	3.9130176443219846e-13	3.9130176443219846e-13	3.9130176443219846e-13
0.6606934480075964	4.897138615895082e-9	3.764901331580272e-9	1.219964827825423e-9	8.776358448729274e-11	5.213007584152447e-9	4.080767203920277e-9	0.00013312488145534316	0.00016396909005936955	3.4086088767526827e-6	0	0.0000190942006356761	0.00001911819701033607	0.000013808496621112103	0.000013918753492055193	0.00016293238782790162	2.2468578384577038e-6	0	1.5137820454567925e-9	1.5137820454567925e-9	1.5137820454567925e-9	3.651840545658009e-13	3.651840545658009e-13	3.651840545658009e-13
0.7079457843841374	2.433145927026355e-9	1.9376786207801963e-9	5.345076139777213e-10	3.905891680014107e-11	2.5962388238000473e-9	2.100769919036212e-9	0.00008569033476272084	0.00010803460901805471	1.807985866861346e-6	0	0.000011049680487664014	0.000011044658444538034	7.796455224998482e-6	7.843972009121806e-6	0.00010708090124104506	1.6249492785625077e-6	2.3420734158602268e-7	6.652700745694987e-10	6.652700745694987e-10	6.652700745694987e-10	3.4080958950601724e-13	3.4080958950601724e-13	3.4080958950601724e-13
0.7585775750291851	1.0982258838790462e-9	9.953721360045308e-10	1.1120735093348718e-10	8.363277095696703e-12	1.1830107060334122e-9	1.08015612715988e-9	0.00005230678422390317	0.00006740309249662194	9.620860768589596e-7	0	6.108232742806522e-6	6.086105248380151e-6	4.222956795948568e-6	4.23258059961871e-6	0.00006697757847713862	1.1426919827951668e-6	1.2164695311263105e-7	1.3920614816690688e-10	1.3920614816690688e-10	1.3920614816690688e-10	3.180620151593468e-13	3.180620151593468e-13	3.180620151593468e-13
0.8128305161640995	5.197230045357146e-10	5.197179105897203e-10	2.9683603295207335e-103	2.9683312358168275e-103	5.643671738580699e-10	5.643616423424752e-10	0.00003047460098547292	0.00003988510484548852	5.107744620853395e-7	0	3.2826138668802517e-6	3.2644716103601304e-6	2.254099288355361e-6	2.2539058649273294e-6	0.000039647512840878015	7.364474197342904e-7	6.402031030561952e-8	2.968373051730591e-103	2.968373051730591e-103	2.968373051730591e-103	2.968327435676186e-13	2.968327435676186e-13	2.968327435676186e-13
0.8709635899560796	2.805417582639666e-10	2.8053900859817627e-10	2.770235043840402e-103	2.770207892016106e-103	3.0464027545220695e-10	3.0463728959031974e-10	0.00001724922872102319	0.000022731890795346066	2.757114163106196e-7	0	1.7779247536397444e-6	1.768098569914803e-6	1.2167423264661618e-6	1.2166379182561796e-6	0.000022636882507544413	4.164864454583313e-7	3.455758213702297e-8	2.770246916897467e-103	2.770246916897467e-103	2.770246916897467e-103	2.7702043455185086e-13	2.7702043455185086e-13	2.7702043455185086e-13
0.9332543007969925	1.5933917311742193e-10	1.5933761139101085e-10	2.5853337688825896e-103	2.5853084293257907e-103	1.7302639681592468e-10	1.7302470093732502e-10	9.935326611697097e-6	0.000013150496811720735	1.5659568602486432e-7	0	1.009807102739401e-6	1.0042261296988071e-6	6.910725782707414e-7	6.910132775878484e-7	0.000013056059120971699	2.3655161443560677e-7	1.9627653996057102e-8	2.5853448494641594e-103	2.5853448494641594e-103	2.5853448494641594e-103	2.585305119541655e-13	2.585305119541655e-13	2.585305119541655e-13