1.e-9	0	0	0	0	0	0	0.00010204268251209575	0	0	0	0	0	0	0	3.801729657119454e-9	8.556149662103922e-9	0	9.293239557148836e-9	9.293239557148836e-9	9.293239557148836e-9	0	0	0
1.0715193052376092e-9	0	0	0	0	0	0	0.00009324091742428619	0	0	0	0	0	0	0	5.980065232171755e-9	1.4549734271766396e-8	0	1.5803155790888188e-8	1.5803155790888188e-8	1.5803155790888188e-8	0	0	0
1.148153621496884e-9	0	0	0	0	0	0	0.00008519835492458811	0	0	0	0	0	0	0	9.406555280451811e-9	2.4741826141332842e-8	0	2.687326969409208e-8	2.687326969409208e-8	2.687326969409208e-8	0	0	0
1.2302687708123811e-9	0	0	0	0	0	0	0.00007784950944686304	0	0	0	0	0	0	0	1.479637408772337e-8	4.2073480475576247e-8	0	4.569800067831069e-8	4.569800067831069e-8	4.569800067831069e-8	0	0	0
1.31825673855641e-9	0	0	0	0	0	0	0.00008284492023549755	0	0	0	0	0	0	0	2.4631476892948195e-8	7.154596225908541e-8	0	7.770945961421074e-8	7.770945961421074e-8	7.770945961421074e-8	0	0	0
1.4125375446227555e-9	0	0	0	0	0	0	0.00008816087419934824	0	0	0	0	0	0	0	4.100394125822952e-8	1.2166392363354886e-7	0	1.321449521619528e-7	1.321449521619528e-7	1.321449521619528e-7	0	0	0
1.5135612484362133e-9	0	0	0	0	0	0	0.00011084272656817247	0	0	0	0	0	0	0	6.929376377344484e-8	2.068895273266336e-7	0	2.247125185090462e-7	2.247125185090462e-7	2.247125185090462e-7	0	0	0
1.6218100973589331e-9	0	0	0	0	0	0	0.00013936012028743666	0	0	0	0	0	0	0	1.1710156513128613e-7	3.518156840507733e-7	0	3.8212368424631613e-7	3.8212368424631613e-7	3.8212368424631613e-7	0	0	0
1.7378008287493762e-9	0	0	0	0	0	0	0.00017866868828446687	0	0	0	0	0	0	0	1.987605945053217e-7	5.982626435638487e-7	0	6.498014041709577e-7	6.498014041709577e-7	6.498014041709577e-7	0	0	0
1.8620871366628732e-9	0	0	0	0	0	0	0.00022906481500912772	0	0	0	0	0	0	0	3.373633297199554e-7	1.01734574923711e-6	0	1.104987422319441e-6	1.104987422319441e-6	1.104987422319441e-6	0	0	0
1.9952623149688828e-9	0	0	0	0	0	0	0.00024935302133924895	0	0	0	0	0	0	0	5.733653665960376e-7	1.525747118849953e-6	0	1.658259237168732e-6	1.658259237168732e-6	1.658259237168732e-6	0	0	0
2.1379620895022324e-9	0	0	0	0	0	0	0.00027143814840587725	0	0	0	0	0	0	0	9.744622922850414e-7	2.288213493224545e-6	0	2.4885565592081065e-6	2.4885565592081065e-6	2.4885565592081065e-6	0	0	0
2.2908676527677795e-9	0	0	0	0	0	0	0.0003561789120140441	0	0	0	0	0	0	0	1.6567941724678953e-6	2.995567436107476e-6	0	3.2643544757005265e-6	3.2643544757005265e-6	3.2643544757005265e-6	0	0	0
2.4547089156850337e-9	0	0	0	0	0	0	0.0004673750469805245	0	0	0	0	0	0	0	2.816904206202433e-6	3.921585241428612e-6	0	4.282004402751689e-6	4.282004402751689e-6	4.282004402751689e-6	0	0	0
2.6302679918953816e-9	0	0	0	0	0	0	0.0006612840918604969	0	0	0	0	0	0	0	4.78990317085653e-6	6.021037849347181e-6	0	6.581697919370464e-6	6.581697919370464e-6	6.581697919370464e-6	0	0	0
2.818382931264461e-9	0	0	0	0	0	0	0.0009356439822213863	0	0	0	0	0	0	0	8.144818107645847e-6	9.244449515029318e-6	0	0.000010116464960663691	0.000010116464960663691	0.000010116464960663691	0	0	0
3.019951720402019e-9	0	0	0	0	0	0	0.0014585084672180078	0	0	0	0	0	0	0	0.000013850053252757907	0.000013596529710080724	0	0.00001490904788024311	0.00001490904788024311	0.00001490904788024311	0	0	0
3.2359365692962944e-9	0	0	0	0	0	0	0.0022735645067649343	0	0	0	0	0	0	0	0.00002355165855995842	0.000019997471981059306	0	0.000021972073205382686	0.000021972073205382686	0.000021972073205382686	0	0	0
3.4673685045253237e-9	0	0	0	0	0	0	0.0036899118167851366	0	0	0	0	0	0	0	0.00004004941594726406	0.00002455932400718196	0	0.000027180993273180045	0.000027180993273180045	0.000027180993273180045	0	0	0
3.715352290971728e-9	0	0	0	0	0	0	0.005988591559701648	0	0	0	0	0	0	0	0.0000681037266922607	0.000030161832268649402	0	0.0000336247921809965	0.0000336247921809965	0.0000336247921809965	0	0	0
3.9810717055349855e-9	0	0	0	0	0	0	0.009888752928406463	0	0	0	0	0	0	0	0.00011581024081460138	0.00003963511961350149	0	0.000044632538052444906	0.000044632538052444906	0.000044632538052444906	0	0	0
4.265795188015934e-9	0	0	0	0	0	0	0.016328953728802338	0	0	0	0	0	0	0	0.00019693506550882568	0.000052083795599162244	0	0.00005924388892219684	0.00005924388892219684	0.00005924388892219684	0	0	0
4.570881896148752e-9	0	0	0	0	0	0	0.009872566366263385	0	0	0	0	0	0	0	0.0003348879798579399	0.00005730099497216891	0	0.00006737981368906011	0.00006737981368906011	0.00006737981368906011	0	0	0
4.8977881936844766e-9	0	0	0	0	0	0	0.0059690025628742985	0	0	0	0	0	0	0	0.0005694768413312437	0.00006304079775732201	0	0.00007663303971713725	0.00007663303971713725	0.00007663303971713725	0	0	0
5.248074602497734e-9	0	0	0	0	0	0	0.005897202721977062	0	0	0	0	0	0	0	0.000968395364811168	0.00004653387284533811	0	0.00006872746557543462	0.00006872746557543462	0.00006872746557543462	0	0	0
5.623413251903491e-9	0	0	0	0	0	0	0.005826266545837807	0	0	0	0	0	0	0	0.0016467563112760716	0.00003434920557829696	0	0.00006163744178565257	0.00006163744178565257	0.00006163744178565257	0	0	0
6.025595860743593e-9	0	0	0	0	0	0	0.008760560346032417	0	0	0	0	0	0	0	0.0028003093421916855	0.00003281205026731189	0	0.00008034531781251895	0.00008034531781251895	0.00008034531781251895	0	0	0
6.456542290346562e-9	0	0	0	0	0	0	0.013172658163279309	0	0	0	0	0	0	0	0.004761926435787529	0.00003134368392568751	0	0.00010473131115407619	0.00010473131115407619	0.00010473131115407619	0	0	0
6.918309709189363e-9	0	0	0	0	0	0	0.011196576020518838	0	0	0	0	0	0	0	0.008097656797534403	0.00003355378565766054	0	0.00010624076635393704	0.00010624076635393704	0.00010624076635393704	0	0	0
7.413102413009192e-9	0	0	0	0	0	0	0.00951693371446663	0	0	0	0	0	0	0	0.013770066903566884	0.00003591972579322626	0	0.0001077719767956191	0.0001077719767956191	0.0001077719767956191	0	0	0
7.943282347242822e-9	0	0	0	0	0	0	0.0093693416718525	0	0	0	0	0	0	0	0.016085099274449406	0.00004591236855695061	0	0.00010129777281607401	0.00010129777281607401	0.00010129777281607401	0	0	0
8.511380382023759e-9	0	0	0	0	0	0	0.009224038539899827	0	0	0	0	0	0	0	0.018789336354050407	0.000058684901957320026	0	0.00009521249477456075	0.00009521249477456075	0.00009521249477456075	0	0	0
9.120108393559115e-9	0	0	0	0	0	0	0.010571134425065151	0	0	0	0	0	0	0	0.012849583129625145	0.000046798672040743064	0	0.00008251186314683817	0.00008251186314683817	0.00008251186314683817	0	0	0
9.772372209558111e-9	0	0	0	0	0	0	0.01211496271935696	0	0	0	0	0	0	0	0.008787526259252621	0.00003731991758919268	0	0.00007150540037925384	0.00007150540037925384	0.00007150540037925384	0	0	0
1.0471285480509006e-8	0	0	0	0	0	0	0.012247334040213371	0	0	0	0	0	0	0	0.010876858820740867	0.000038697112162892166	0	0.00008225952900513618	0.00008225952900513618	0.00008225952900513618	0	0	0
1.1220184543019653e-8	0	0	0	0	0	0	0.012381151685502684	0	0	0	0	0	0	0	0.013462953545289468	0.000040125128523357246	0	0.00009463103592536608	0.00009463103592536608	0.00009463103592536608	0	0	0
1.202264434617413e-8	0	0	0	0	0	0	0.009491849684007271	0	0	0	0	0	0	0	0.016130080168322174	0.000037624895531857936	0	0.00009154173519148986	0.00009154173519148986	0.00009154173519148986	0	0	0
1.288249551693135e-8	0	0	0	0	0	0	0.00727680370229877	0	0	0	0	0	0	0	0.01932558746201239	0.000035280454315782695	0	0.00008855328698375373	0.00008855328698375373	0.00008855328698375373	0	0	0
1.3803842646028866e-8	0	0	0	0	0	0	0.007027301444121842	0	0	0	0	0	0	0	0.021667821236313986	0.000029184889095899734	0	0.00008062023800723257	0.00008062023800723257	0.00008062023800723257	0	0	0
1.4791083881682102e-8	0	0	0	0	0	0	0.006786353955234092	0	0	0	0	0	0	0	0.02429393042005738	0.000024142482517832463	0	0.00007339787147071498	0.00007339787147071498	0.00007339787147071498	0	0	0
1.5848931924611173e-8	0	0	0	0	0	0	0.00814638384616155	0	0	0	0	0	0	0	0.026262147236809488	0.00002672588523352606	0	0.00008947066778346687	0.00008947066778346687	0.00008947066778346687	0	0	0
1.698243652461746e-8	0	0	0	0	0	0	0.00977897265700629	0	0	0	0	0	0	0	0.028389822707256387	0.000029585728849053097	0	0.00010906311359196885	0.00010906311359196885	0.00010906311359196885	0	0	0
1.8197008586099862e-8	0	0	0	0	0	0	0.01250221297476034	0	0	0	0	0	0	0	0.026479183537473947	0.00003272226201435691	0	0.00010788326061589606	0.00010788326061589606	0.00010788326061589606	0	0	0
1.9498445997580494e-8	0	0	0	0	0	0	0.015983819031774846	0	0	0	0	0	0	0	0.02469713065985517	0.000036191314968077464	0	0.00010671617137817006	0.00010671617137817006	0.00010671617137817006	0	0	0
2.0892961308540408e-8	0	0	0	0	0	0	0.01610790393356711	0	0	0	0	0	0	0	0.025051358034432702	0.000038126500958950965	0	0.00012181046447088234	0.00012181046447088234	0.00012181046447088234	0	0	0
2.2387211385683424e-8	0	0	0	0	0	0	0.01623295212597366	0	0	0	0	0	0	0	0.025410666041032707	0.00004016516329000662	0	0.00013903974498889548	0.00013903974498889548	0.00013903974498889548	0	0	0
2.3988329190194947e-8	0	0	0	0	0	0	0.022386697109499754	0	0	0	0	0	0	0	0.020009002190960398	0.000054773689422928616	0	0.00017398783948468992	0.00017398783948468992	0.00017398783948468992	0	0	0
2.5703957827688646e-8	0	0	0	0	0	0	0.030873263444828603	0	0	0	0	0	0	0	0.015755595230418976	0.00007469550245164454	0	0.00021772025179539467	0.00021772025179539467	0.00021772025179539467	0	0	0
2.754228703338169e-8	0	0	0	0	0	0	0.029647623252570622	0	0	0	0	0	0	0	0.0169745001932588	0.00008238730556459276	0	0.00021182762704350183	0.00021182762704350183	0.0002118276270435023	0	0	0
2.95120922666639e-8	0	0	0	0	0	0	0.028470639849821344	0	0	0	0	0	0	0	0.018287703675875643	0.00009087117557831167	0	0.0002060944868879226	0.0002060944868879226	0.00020609448688792343	0	0	0
3.162277660168386e-8	0	0	0	0	0	0	0.0315528397090468	0	0	0	0	0	0	0	0.01816274785127732	0.00011483690876481055	0	0.0002285441695099366	0.0002285441695099366	0.0002285441695099375	0	0	0
3.3884415613920346e-8	0	0	0	0	0	0	0.03496871510286951	0	0	0	0	0	0	0	0.018038645822124236	0.00014512319809588747	0	0.00025343927538145093	0.00025343927538145093	0.0002534392753814514	0	0	0
3.6307805477010175e-8	0	0	0	0	0	0	0.032631199825397	0	0	0	0	0	0	0	0.018878991844497598	0.00013853710544128566	0	0.00026089846076529335	0.00026089846076529335	0.0002608984607652955	0	0	0
3.890451449942813e-8	0	0	0	0	0	0	0.030449937863390657	0	0	0	0	0	0	0	0.019758486118036066	0.0001322499079118195	0	0.00026857718373464803	0.00026857718373464803	0.00026857718373465134	0	0	0
4.1686938347033635e-8	0	0	0	0	0	0	0.02822364130391731	0	0	0	0	0	0	0	0.021020453762165374	0.0001230888833038546	0	0.0002798301781050169	0.0002798301781050169	0.0002798301781050232	0	0	0
4.4668359215096346e-8	0	0	0	0	0	0	0.026160116714388885	0	0	0	0	0	0	0	0.02236302284130925	0.00011456244796096297	0	0.00029155465661465096	0.00029155465661465096	0.0002915546566146611	0	0	0
4.78630092322639e-8	0	0	0	0	0	0	0.028785530576461802	0	0	0	0	0	0	0	0.02161838178056272	0.00011110398393020348	0	0.0002736501827822691	0.0002736501827822691	0.0002736501827822887	0	0	0
5.128613839913659e-8	0	0	0	0	0	0	0.031674429423040426	0	0	0	0	0	0	0	0.02089853568216473	0.00010774992560711693	0	0.0002568452289744922	0.0002568452289744922	0.00025684522897452056	0	0	0
5.495408738576248e-8	0	0	0	0	0	0	0.03249426060259272	0	0	0	0	0	0	0	0.023047599670079858	0.00012160550471154307	0	0.0002751006299933736	0.0002751006299933736	0.0002751006299934276	0	0	0
5.888436553555896e-8	0	0	0	0	0	0	0.033335311522333266	0	0	0	0	0	0	0	0.025417658855667852	0.00013724277481238893	0	0.0002946535426214489	0.00029465354262144834	0.00029465354262153204	0	0	0
6.309573444801943e-8	0	0	0	0	0	0	0.034677144375502664	0	0	0	0	0	0	0	0.025933985093692376	0.00016154807878028077	0	0.0003169419032662234	0.0003169419032662228	0.00031694190326637966	0	0	0
6.760829753919818e-8	0	0	0	0	0	0	0.03607298948545382	0	0	0	0	0	0	0	0.026460799818701	0.00019015778275596062	0	0.0003409162135039038	0.0003409162135039031	0.00034091621350414435	0	0	0
7.244359600749906e-8	0	0	0	0	0	0	0.03617671446028107	0	0	0	0	0	0	0	0.02751145873407554	0.00019259345291787315	0	0.00035019508548455317	0.0003501950854845517	0.00035019508548501433	0	0	0
7.762471166286928e-8	0	0	0	0	0	0	0.03628073768791613	0	0	0	0	0	0	0	0.028603835366375358	0.00019506032079913	0	0.00035972650475342877	0.00035972650475342725	0.00035972650475412326	0	0	0
8.317637711026726e-8	0	0	0	0	0	0	0.037563016358064645	0	0	0	0	0	0	0	0.03243583269334399	0.00019824573965768186	0	0.00037828984709553285	0.000378289847095529	0.00037828984709685194	0	0	0
8.912509381337478e-8	0.0002700018644808833	0.00003817679448586132	0	0	0	0	0.038890614905720725	0	0	0	0	0	0	0	0.036781194865473724	0.00020148317777500681	0	0.00039781113297072344	0.000397811132970717	0.0003978111329727305	0	0	0
9.549925860214369e-8	0.0002562727408117618	0.00004006552677272954	0	0	0	0	0.040085147301737005	0	0	0	0	0	0	0	0.036826123968845416	0.00018590519363139192	0	0.00039084971095515046	0.00039084971095513854	0.00039084971095909116	0	0	0
1.0232929922807557e-7	0.0002432417191245824	0.00004204770089250997	0	0	0	0	0.04131636998019301	0	0	0	0	0	0	0	0.036871107954184516	0.0001715316454742379	0	0.00038401010905083965	0.0003840101090508216	0.0003840101090566457	0	0	0
1.0964781961431874e-7	0.0002514768670848253	0.00004399032458778732	0	0	0	0	0.04455838019334706	0	0	0	0	0	0	0	0.04021734130540756	0.00017666802383935575	0	0.00039875536614457846	0.0003987553661445442	0.0003987553661556766	0	0	0
1.1748975549395303e-7	0.00025999082273550536	0.000046022698417824714	0	0	0	0	0.04805478425153692	0	0	0	0	0	0	0	0.043867261696758086	0.00018195820695948993	0	0.00041406681303810715	0.0004140668130380555	0.00041406681305489515	0	0	0
1.2589254117941688e-7	0.0002863298134035314	0.00004805829566302475	0	0	0	0	0.04821059661681096	0	0	0	0	0	0	0	0.04452414618943145	0.00020370346992593233	0	0.0004473665086617395	0.00044736650866164247	0.0004473665086932756	0	0	0
1.3489628825916562e-7	0.0003153371383693253	0.000050183927962385377	0	0	0	0	0.04836691418658327	0	0	0	0	0	0	0	0.04519086711182539	0.00022804744206510752	0	0.0004833442013952818	0.0004833442013951326	0.0004833442014438296	0	0	0
1.445439770745928e-7	0.00032609416994247424	0.000050273658228995335	0	0	0	0	0.049181593617611534	0	0	0	0	0	0	0	0.046573230292398154	0.00023784109067012533	0	0.0004944576149450164	0.0004944576149447282	0.0004944576150384631	0	0	0
1.5488166189124826e-7	0.0003372181539426827	0.00005036354893583176	0	0	0	0	0.050009995292171726	0	0	0	0	0	0	0	0.04799787918433569	0.00024805533400810954	0	0.0005058265564608937	0.0005058265564604602	0.0005058265566012783	0	0	0
1.659586907437563e-7	0.00036000008812468964	0.00005314990867101957	0	0	0	0	0.05085716234325915	0	0	0	0	0	0	0	0.05214446985134213	0.00026562017804772435	0	0.0005379446471837034	0.0005379446471828849	0.0005379446474492102	0	0	0
1.7782794100389227e-7	0.0003843211343592533	0.0000560904235588513	0	0	0	0	0.051718680365752695	0	0	0	0	0	0	0	0.05664928914119421	0.00028442879193961803	0	0.0005721021163031278	0.0005721021163018771	0.0005721021167090802	0	0	0
1.9054607179632522e-7	0.0003937484766338391	0.000058205259044852906	0	0	0	0	0.05194751503334522	0	0	0	0	0	0	0	0.05613407448959811	0.0002905872721445935	0	0.0005886201985779127	0.0005886201985755099	0.0005886201993572217	0	0	0
2.0417379446695318e-7	0.00040340707026157005	0.000060399832369314115	0	0	0	0	0.052177362203668726	0	0	0	0	0	0	0	0.05562354561855221	0.0002968790963692676	0	0.0006056152010287676	0.0006056152010251487	0.0006056152022026555	0	0	0
2.1877616239495564e-7	0.0004041564864453738	0.00006403951705546644	0	0	0	0	0.0579111761218342	0	0	0	0	0	0	0	0.05943784863506717	0.00029297099431425786	0	0.0006187745071103014	0.0006187745071033314	0.0006187745093711718	0	0	0
2.3442288153199275e-7	0.00040490729483238364	0.00006789852858566713	0	0	0	0	0.06427508364112523	0	0	0	0	0	0	0	0.06351371188367462	0.0002891143383255397	0	0.0006322197494369187	0.0006322197494264549	0.0006322197528314562	0	0	0
2.5118864315095823e-7	0.00041421377358339995	0.00007239006227903228	0	0	0	0	0.06677213548586328	0	0	0	0	0	0	0	0.06658069658489937	0.0002918015357887254	0	0.0006566936857721893	0.0006566936857521906	0.0006566936922602403	0	0	0
2.6915348039269196e-7	0.00042373415449880843	0.00007717871397095863	0	0	0	0	0.06936619642902764	0	0	0	0	0	0	0	0.06979578151328086	0.00029451370963408445	0	0.0006821150356614898	0.0006821150356312337	0.0006821150454774757	0	0	0
2.8840315031266115e-7	0.0004443117555457946	0.00007802710130882922	0	0	0	0	0.07059013495080647	0	0	0	0	0	0	0	0.07043934704499026	0.00031230102305005017	0	0.0007056423722808234	0.0007056423722228882	0.0007056423910773525	0	0	0
3.090295432513592e-7	0.00046588865688602195	0.00007888481454807859	0	0	0	0	0.07183566937350229	0	0	0	0	0	0	0	0.07108884669742449	0.00033116261079759146	0	0.000729981207752194	0.0007299812076647062	0.0007299812361370976	0	0	0
3.3113112148259143e-7	0.00048543870949782267	0.00008131124867118067	0	0	0	0	0.0744467958038296	0	0	0	0	0	0	0	0.0721618644866087	0.00034638849316962584	0	0.0007576646505154613	0.0007576646503481844	0.0007576647047869376	0	0	0
3.5481338923357606e-7	0.0005058091395785166	0.00008381231797707985	0	0	0	0	0.07715283303953496	0	0	0	0	0	0	0	0.07325107844761684	0.0003623144168097487	0	0.0007863979463367027	0.0007863979460837108	0.0007863980284173501	0	0	0
3.8018939632056126e-7	0.0005240361807663853	0.000084850369057344	0	0	0	0	0.0795996994655094	0	0	0	0	0	0	0	0.07731660068326844	0.000377979719284422	0	0.0008081490792777654	0.0008081490787918269	0.0008081491905061812	0	0	0
4.0738027780411303e-7	0.0005429200409092075	0.00008590127684019338	0	0	0	0	0.08212416712880304	0	0	0	0	0	0	0	0.08160776425279317	0.00039432233872534753	0	0.0008305018310130056	0.0008305018302814277	0.0008305019729388038	0	0	0
4.365158322401665e-7	0.0005660358231960344	0.00008825097955245352	0	0	0	0	0.08434350325914071	0	0	0	0	0	0	0	0.08413089820326382	0.00041277257334571964	0	0.0008615043296861718	0.000861504328287039	0.0008615044891227779	0	0	0
4.677351412871981e-7	0.0005901358008532116	0.00009066495491628694	0	0	0	0	0.0866228150705923	0	0	0	0	0	0	0	0.08673204194839482	0.00043208608940900416	0	0.0008936641466072841	0.0008936641444917764	0.0008936643246642735	0	0	0
5.011872336272736e-7	0.0006022076719320149	0.00009418630854788688	0	0	0	0	0.0885037666517609	0	0	0	0	0	0	0	0.0900135869972519	0.00043911644418326653	0	0.0009175558972284972	0.0009175558931633992	0.0009175561813107763	0	0	0
5.370317963702533e-7	0.0006145264862925701	0.00009784442871083534	0	0	0	0	0.09042556173181386	0	0	0	0	0	0	0	0.09341929074992529	0.0004462611879403349	0	0.0009420863841690653	0.0009420863780516475	0.0009420867798184697	0	0	0
5.754399373371578e-7	0.0006296584101825389	0.00010206233107317271	0	0	0	0	0.09490897488407635	0	0	0	0	0	0	0	0.09823804958120444	0.00045442623682787113	0	0.0009713687943558307	0.0009713687826238117	0.0009713693985788148	0	0	0
6.165950018614835e-7	0.0006451629382250097	0.00010646205983659087	0	0	0	0	0.09961468130285497	0	0	0	0	0	0	0	0.10330536988718207	0.0004627406781007161	0	0.0010015613753727452	0.0010015613576829995	0.0010015622007530812	0	0	0
6.606934480075964e-7	0.0006688657680906467	0.00010861977979557845	0	0	0	0	0.10357547611529695	0	0	0	0	0	0	0	0.10621898532410982	0.00048192052673626766	0	0.001032501543031985	0.0010325015091035854	0.0010325028243106408	0	0	0
7.079457843841387e-7	0.0006934394231546216	0.00011082123134710317	0	0	0	0	0.10769375670534805	0	0	0	0	0	0	0	0.10921477611091128	0.0005018953489090344	0	0.0010643975123009138	0.001064397461147455	0.001064399276857566	0	0	0
7.585775750291852e-7	0.0007243616241221184	0.00011525206119688926	0	0	0	0	0.11157729170773378	0	0	0	0	0	0	0	0.11208577715722175	0.0005250826531438795	0	0.0011101085111319016	0.0011101084135419824	0.0011101112644268543	0	0	0
8.128305161640995e-7	0.0007566627234919041	0.00011986004350130031	0	0	0	0	0.11560087052116391	0	0	0	0	0	0	0	0.11503225010670681	0.0005493411987816336	0	0.0011577825880328529	0.0011577824401123513	0.0011577864117360676	0	0	0
8.709635899560814e-7	0.0007879238049872551	0.0001248055618070137	0	0	0	0	0.11939736085090417	0	0	0	0	0	0	0	0.11855056885946592	0.0005720945171088814	0	0.0012054633733431935	0.001205463090925548	0.0012054693736736543	0	0	0
9.332543007969924e-7	0.0008204764199306182	0.00012995513603159366	0	0	0	0	0.12331853310352912	0	0	0	0	0	0	0	0.1221764971463726	0.0005957902615568109	0	0.001255107789227444	0.0012551073614855922	0.0012551161389829897	0	0	0
1.e-6	0.0008544174507791295	0.00013371352166116707	0	0	0	0	0.12741016840775904	0	0	0	0	0	0	0	0.12652665546414948	0.0006224987571519493	0	0.0013012546427847065	0.0013012538245318595	0.0013012678313896126	0	0	0
1.0715193052376091e-6	0.0008897625360856034	0.00013758060220632332	0	0	0	0	0.13163756172857763	0	0	0	0	0	0	0	0.1310317034524576	0.0006504045595561819	0	0.0013490981889380204	0.0013490969520364986	0.0013491165609435002	0	0	0
1.148153621496884e-6	0.0009099732541750232	0.0001412285839242924	0	0	0	0	0.13670320227002505	0	0	0	0	0	0	0	0.13468830058916234	0.000664617100228395	0	0.0013803589547257491	0.0013803565740704176	0.0013803882887092063	0	0	0
1.2302687708123837e-6	0.0009306430533215998	0.0001449732927273385	0	0	0	0	0.14196377740125124	0	0	0	0	0	0	0	0.13844693946284958	0.0006791402111593643	0	0.0014123440825248128	0.001412340505775499	0.0014123848767173522	0	0	0
1.3182567385564101e-6	0.0009608895682902677	0.00015148886144645773	0	0	0	0	0.14562337699903566	0	0	0	0	0	0	0	0.1437814710327039	0.0006991352966308709	0	0.0014610968261291935	0.0014610899771302355	0.0014611300810214772	0	0	0
1.4125375446227554e-6	0.0009921191150072317	0.00015829726089967172	0	0	0	0	0.1493773152334863	0	0	0	0	0	0	0	0.14932154869249056	0.0007197190726797304	0	0.001511532467009358	0.0015115221241199476	0.0015115576135505896	0	0	0
1.5135612484362104e-6	0.0010319386144157442	0.000165816869032703	0	0	0	0	0.1536982208979059	0	0	0	0	0	0	0	0.1540848276292595	0.0007481208358777811	0	0.001566940101267962	0.0015669203147469694	0.0015669462079826715	0	0	0
1.6218100973589331e-6	0.001073356301490597	0.0001736936817449737	0	0	0	0	0.15814411358416103	0	0	0	0	0	0	0	0.15900005266107078	0.0007776433977087673	0	0.0016243787907643044	0.0016243488822211248	0.0016243644282561075	0	0	0
1.7378008287493763e-6	0.0011098094118728026	0.000186181169525131	0	0	0	0	0.16465380290996925	0	0	0	0	0	0	0	0.16468932994592933	0.0007982981070736442	0	0.0016751428050707936	0.0016750854509549424	0.0016750977042728678	0	0	0
1.8620871366628694e-6	0.0011475005354428908	0.0001995664294608052	0	0	0	0	0.17143145070832735	0	0	0	0	0	0	0	0.17058217871068662	0.0008195014188187488	0	0.0017274932628615143	0.0017274067773938734	0.001727415517140246	0	0	0
1.995262314968883e-6	0.001184702384954664	0.00020533207586605554	0	0	0	0	0.17648093641469234	0	0	0	0	0	0	0	0.17613699069915786	0.0008462288643655937	0	0.0017881819551177178	0.0017881033637598281	0.0017881125399921653	0	0	0
2.1379620895022326e-6	0.001223110314607014	0.00021126429677264036	0	0	0	0	0.18167915390739886	0	0	0	0	0	0	0	0.18187268873598808	0.0008738280062012526	0	0.0018510027062635084	0.0018509326704813534	0.001850942303083216	0	0	0
2.2908676527677747e-6	0.0012656293188972102	0.0002122660145218432	0	0	0	0	0.18773650877073686	0	0	0	0	0	0	0	0.18766412792904538	0.0009092901765381295	0	0.0019206431236399458	0.0019205910819498028	0.001920606069251929	0	0	0
2.4547089156850335e-6	0.0013096264120435292	0.0002132724819540938	0	0	0	0	0.193995821575596	0	0	0	0	0	0	0	0.19363998605910737	0.0009461914922400841	0	0.0019929036278028287	0.001992871033556201	0.0019928917649690266	0	0	0
2.6302679918953817e-6	0.001346820930837219	0.00021949061306724088	0	0	0	0	0.20039221324941583	0	0	0	0	0	0	0	0.20125547957722267	0.000973063529321797	0	0.0020480055108842523	0.002047967624195243	0.0020480024549839964	0	0	0
2.8183829312644606e-6	0.0013850718060204655	0.00022589003880492747	0	0	0	0	0.20699950547827187	0	0	0	0	0	0	0	0.2091704760167376	0.0010006987378998141	0	0.0021046309084381113	0.002104587461571751	0.002104637155588664	0	0	0
3.0199517204020193e-6	0.0014374748059628405	0.00023982016467268038	0	0	0	0	0.21388339350421182	0	0	0	0	0	0	0	0.21602993393662734	0.0010343781040028895	0	0.0021769972685858805	0.0021769299401960766	0.0021769626822429862	0	0	0
3.2359365692962877e-6	0.0014918604283158511	0.0002546093297779221	0	0	0	0	0.22099620919953986	0	0	0	0	0	0	0	0.22311433833964725	0.0010691909777822968	0	0.0022518518987956464	0.0022517590981858612	0.0022517736643079614	0	0	0
3.4673685045253236e-6	0.0015438191872719814	0.00025562629628276434	0	0	0	0	0.22705249553326645	0	0	0	0	0	0	0	0.22960175381777112	0.0011127078182139158	0	0.0023404773518600603	0.0023403734726761163	0.002340383534283011	0	0	0
3.7153522909717276e-6	0.0015975875743816583	0.0002566473247788645	0	0	0	0	0.23327475124849786	0	0	0	0	0	0	0	0.23627780154561348	0.0011579958252944263	0	0.0024325908100348613	0.002432475124012543	0.0024324803040213054	0	0	0
3.981071705534978e-6	0.0016555895919379703	0.00026328365294082853	0	0	0	0	0.24128628285874268	0	0	0	0	0	0	0	0.2437503272518761	0.001202290633948263	0	0.0025384271332162607	0.0025383090640205778	0.0025383230465449128	0	0	0
4.265795188015934e-6	0.0017156974308555242	0.00027009158176728775	0	0	0	0	0.24957296057201864	0	0	0	0	0	0	0	0.25145917918119093	0.0012482797751988271	0	0.002648868146696706	0.0026487477059419077	0.0026487712471790553	0	0	0
4.570881896148752e-6	0.001772778853710499	0.000278133572005636	0	0	0	0	0.25781759188986675	0	0	0	0	0	0	0	0.2589781462827222	0.0012906183700783955	0	0.0027285825632681385	0.0027284619044901284	0.0027284852297577438	0	0	0
4.897788193684467e-6	0.0018317593811375057	0.00028641501290205615	0	0	0	0	0.26633458422555784	0	0	0	0	0	0	0	0.2667219405965996	0.0013343929864749304	0	0.002810695886790553	0.002810575105946762	0.0028105981809243554	0	0	0
5.248074602497734e-6	0.0018986806652519419	0.0002961872883420149	0	0	0	0	0.2752118930045629	0	0	0	0	0	0	0	0.27598543606132214	0.0013783203439648084	0	0.0029023942130574332	0.002902291585938736	0.0029023218633294867	0	0	0
5.623413251903491e-6	0.0019680468437742664	0.00030629298683234794	0	0	0	0	0.2843850950540094	0	0	0	0	0	0	0	0.28557066114466306	0.001423693761764963	0	0.002997084176761756	0.002997001016620536	0.0029970389419344376	0	0	0
6.0255958607435935e-6	0.002034555103474417	0.00031702209073095826	0	0	0	0	0.2926747057009244	0	0	0	0	0	0	0	0.29417390902359547	0.0014720467843539469	0	0.003021992929705418	0.00302191280617796	0.0030219916101388083	0	0	0
6.4565422903465625e-6	0.0021033109461639442	0.00032812702324927696	0	0	0	0	0.301205952234786	0	0	0	0	0	0	0	0.30303634275085717	0.001522042024431192	0	0.00304710869918137	0.0030470316684909657	0.0030471520286135725	0	0	0
6.9183097091893625e-6	0.002172615228837873	0.0003395295378263568	0	0	0	0	0.31011468979300566	0	0	0	0	0	0	0	0.31190249523884916	0.0015793180815552	0	0.003141309358990523	0.0031412071145255327	0.0031413885086805076	0	0	0
7.413102413009192e-6	0.0022442030937875126	0.00035132829327806463	0	0	0	0	0.3192869201683264	0	0	0	0	0	0	0	0.321028051134457	0.0016387494975109835	0	0.003238422210383432	0.003238293266978936	0.0032385393540603907	0	0	0
7.943282347242822e-6	0.0022601946673783515	0.0003631262227505933	0	0	0	0	0.32910658784554253	0	0	0	0	0	0	0	0.3290176338327985	0.0016942396700069745	0	0.003341536299200238	0.0033413658952705415	0.003341711155038318	0	0	0
8.511380382023777e-6	0.002276300192521356	0.0003753203376215147	0	0	0	0	0.339228259354423	0	0	0	0	0	0	0	0.3372060571977678	0.0017516088113437294	0	0.003447933627391592	0.0034477192538194383	0.0034481697527333193	0	0	0
9.120108393559115e-6	0.00234858486268655	0.00038802705350418794	0	0	0	0	0.3488972953469977	0	0	0	0	0	0	0	0.34585349237732005	0.0018089687623078236	0	0.00355695929278017	0.0035566928008016053	0.00355731404005896	0	0	0
9.772372209558111e-6	0.002423164956609136	0.0004011639635765639	0	0	0	0	0.35884192824061834	0	0	0	0	0	0	0	0.35472268554012326	0.0018682070801500045	0	0.003669432413078825	0.0036691107216053017	0.0036699130515745393	0	0	0
0.000010471285480509006	0.0025004627311363153	0.00041390731530696823	0	0	0	0	0.3684050072892942	0	0	0	0	0	0	0	0.3636586070661623	0.0018798096047104116	0	0.0037835006818389594	0.0037831175529623503	0.003784114603779818	0	0	0
0.000011220184543019652	0.002580226266787403	0.00042705547162619054	0	0	0	0	0.378222940839892	0	0	0	0	0	0	0	0.37281963596980605	0.001891484186901682	0	0.0039011148859027377	0.003900666811512849	0.003901869917162196	0	0	0
0.000012022644346174132	0.002657747442665239	0.0004410312021965115	0	0	0	0	0.38755321287071337	0	0	0	0	0	0	0	0.3823778764122883	0.001947425576499496	0	0.004016355636784086	0.004015829252608744	0.004016941846080503	0	0	0
0.000012882495516931348	0.0027375976905267274	0.00045546429968506755	0	0	0	0	0.39711365067618387	0	0	0	0	0	0	0	0.3921811682188653	0.00200502145472153	0	0.004135000653125959	0.004134391724642926	0.004135407416792628	0	0	0
0.000013803842646028866	0.002824226372871511	0.0004722683091364667	0	0	0	0	0.40610480520787967	0	0	0	0	0	0	0	0.40182389596777157	0.0020677913329490982	0	0.004256337030138842	0.004255625160064017	0.004256502636837398	0	0	0
0.000014791083881682102	0.002913596337703022	0.0004896922897553892	0	0	0	0	0.41529953083232035	0	0	0	0	0	0	0	0.4117037136281107	0.002132526306165251	0	0.004381233870044366	0.0043804135430669505	0.004381143832124668	0	0	0
0.00001584893192461114	0.003003554465005117	0.0005058646156613349	0	0	0	0	0.42442353144685285	0	0	0	0	0	0	0	0.42086798738968473	0.002199164991652493	0	0.004512251835321634	0.004511461624469424	0.004512161723876065	0	0	0
0.00001698243652461746	0.0030962900754345174	0.0005225710404916068	0	0	0	0	0.4337479834971187	0	0	0	0	0	0	0	0.43023625230022766	0.0022678860497654107	0	0.004647187808113365	0.0046464302488686965	0.004647097699264248	0	0	0
0.000018197008586099864	0.003181624368059135	0.0005243180217123964	0.0031711272631025755	0.0005127807443673393	0	0	0.44406395732264603	0	0	0	0	0	0	0	0.4400373868924209	0.002333741285420152	0	0.004777936982024679	0.004777133278821267	0.00477777087945958	0	0	0
0.000019498445997580493	0.0032693104886198964	0.0005260708431791068	0.00326183737899715	0.0005178245142640109	0	0	0.4546252794149529	0	0	0	0	0	0	0	0.4500617993668981	0.002401508835877317	0	0.004912364799275695	0.004911512955387238	0.004912118499300377	0	0	0
0.00002089296130854041	0.0033588576176184068	0.0005382420928742627	0.003352057357970438	0.0005307434359814904	0	0	0.4637994373109152	0	0	0	0	0	0	0	0.45934333759577956	0.0024700458646469414	0	0.0050431368348892325	0.005042335425792738	0.005042934102732094	0	0	0
0.000022387211385683423	0.003450857462056417	0.000550694938329884	0.0034447727539925403	0.0005439846648392202	0	0	0.47315872607599585	0	0	0	0	0	0	0	0.4688162872086456	0.0025405388821859707	0	0.005177390152125262	0.005176642467840135	0.005177233482482283	0	0	0
0.000023988329190194948	0.0035437715579047903	0.000562283006938936	0.0035386771868015803	0.0005566750047847772	0	0	0.4815807764233733	0	0	0	0	0	0	0	0.477980932019455	0.0026119393304025215	0	0.005313275691657291	0.005312574133400488	0.005313221792795963	0	0	0
0.000025703957827688645	0.0036391873592864312	0.0005741149189624489	0.003635141452473613	0.0005696613911785958	0	0	0.4901527361524131	0	0	0	0	0	0	0	0.48732473168644225	0.0026853464489523956	0	0.005452727676697857	0.005452075181590003	0.005452782053380888	0	0	0
0.00002754228703338169	0.003734906067902874	0.0005851571693279487	0.003731566569044093	0.0005814942414452048	0	0	0.4984347886875443	0	0	0	0	0	0	0	0.4961769456542811	0.002758607806811805	0	0.005592200060192851	0.005591566754961425	0.005592319538997272	0	0	0
0.0000295120922666639	0.0038331423911059457	0.0005964118010287999	0.003830549441131704	0.0005935728804340271	0	0	0.5068567820801582	0	0	0	0	0	0	0	0.5051899593661865	0.0028338678738349826	0	0.005735239932642202	0.005734627226118286	0.005735427809160243	0	0	0
0.000031622776601683856	0.003930180933933417	0.0006084078290656048	0.0039275742620863505	0.0006055564350273856	0	0	0.514354809878839	0	0	0	0	0	0	0	0.5125883311491151	0.002908057411946751	0	0.005859798568583157	0.005859154602372175	0.005859977739755713	0	0	0
0.000033884415613920276	0.004029676071855246	0.0006206451412091448	0.0040270566458595536	0.000617781923821957	0	0	0.5219637574143289	0	0	0	0	0	0	0	0.5200950501072441	0.002984189202771144	0	0.005987062384075355	0.00598638608942961	0.0059872323831864395	0	0	0
0.000036307805477010174	0.004121195386733846	0.0006334699904877971	0.004117861938864315	0.0006298137006259334	0	0	0.5286932924785479	0	0	0	0	0	0	0	0.5259640198870406	0.0030598990167453968	0	0.006131417993989784	0.006130705002122477	0.006131555417105707	0	0	0
0.00003890451449942813	0.004214793227242401	0.0006465598491060821	0.0042107147822173134	0.0006420798055115137	0	0	0.5355095895861769	0	0	0	0	0	0	0	0.5318992175731934	0.003137529612393492	0	0.006279254199357672	0.0062785031338716294	0.006279357376977129	0	0	0
0.00004168693834703355	0.004315466321724285	0.0006595639239030957	0.004309896180696761	0.000653422636578635	0	0	0.5407914965083551	0	0	0	0	0	0	0	0.5375589947266108	0.0032084973573949433	0	0.006420959766933925	0.006420152955712474	0.006420960717670561	0	0	0
0.00004466835921509635	0.004418544058950436	0.0006728295459668599	0.004411413750185888	0.0006649658474357928	0	0	0.546125500612873	0	0	0	0	0	0	0	0.5432789958404454	0.0032810703209768515	0	0.006565863241020157	0.0065649985507495	0.00656575730010699	0	0	0
0.0000478630092322639	0.0045186738243832595	0.0006846312372530633	0.004510483120946914	0.0006755869536460336	0	0	0.5508360561733233	0	0	0	0	0	0	0	0.5479424568663809	0.003358361537504921	0	0.00670502186028119	0.006704111880120968	0.006704888218858998	0	0	0
0.00005128613839913659	0.004621072656230695	0.0006966399347833438	0.0046117773431453265	0.0006863777045042876	0	0	0.5555872421999632	0	0	0	0	0	0	0	0.5526459486479811	0.003437473480676426	0	0.006847129843640098	0.006846173042345596	0.006846967375212249	0	0	0
0.00005495408738576248	0.004720326551986374	0.0007072899680064838	0.00471020172205357	0.0006960990126487014	0	0	0.5592684031622759	0	0	0	0	0	0	0	0.55604553370116	0.0035146439899543117	0	0.006984618529971893	0.0069836856426058825	0.0069845013329113866	0	0	0
0.00005888436553555896	0.004821712276552292	0.0007181028159090471	0.004810726670361149	0.0007059580056733483	0	0	0.5629739544363197	0	0	0	0	0	0	0	0.559466031200296	0.0035935469598710164	0	0.007124867955372618	0.00712396032835737	0.0071247979136060775	0	0	0
0.00006309573444801943	0.004916943498925332	0.0007270421109116647	0.004906265923249105	0.0007152460797093589	0	0	0.5650264646342968	0	0	0	0	0	0	0	0.5617467374089982	0.003669127276680218	0	0.007257324117295697	0.007256379762599295	0.007257207785193201	0	0	0
0.00006760829753919819	0.0050140555854384615	0.0007360926866297671	0.005003702550373427	0.0007246563541009252	0	0	0.5670864579459793	0	0	0	0	0	0	0	0.5640367410915804	0.0037462972163196926	0	0.007392242729742985	0.007391260595523555	0.007392078410658061	0	0	0
0.00007244359600749906	0.005105017075676643	0.0007448387832810076	0.0050943365924360365	0.0007330399123736957	0	0	0.5678118742013758	0	0	0	0	0	0	0	0.5646244865837694	0.003818552691689558	0	0.0075129638679235335	0.0075119508224183555	0.007512782506300737	0	0	0
0.00007762471166286927	0.00519762872566385	0.0007536887991913641	0.005186612324726644	0.0007415204601352325	0	0	0.5685382184083	0	0	0	0	0	0	0	0.5652128445267792	0.0038922017707751885	0	0.007635656477244401	0.007634611772802048	0.007635457560298525	0	0	0
0.00008317637711026725	0.005281307563259755	0.0007613630921022387	0.005270557863724975	0.0007494964438034325	0	0	0.5678837970677355	0	0	0	0	0	0	0	0.5645867119963042	0.0039597813603769495	0	0.007751772445224171	0.007750686303072097	0.007751591537412723	0	0	0
0.00008912509381337459	0.005366333582085992	0.0007691155270416875	0.005355862064808802	0.0007575582191913444	0	0	0.5672301290050998	0	0	0	0	0	0	0	0.5639612730840832	0.004028534322069824	0	0.007869654196939786	0.007868525598464269	0.007869491892053602	0	0	0
0.00009549925860214369	0.0054438473178690765	0.0007773762394101392	0.005432549891777171	0.0007648993910229894	0	0	0.5652444415926734	0	0	0	0	0	0	0	0.5618801709909917	0.004090865825733991	0	0.007974757395369018	0.007973599868243439	0.007974586592408356	0	0	0
0.00010232929922807557	0.005522480696913828	0.0007857256762503181	0.005510335772193143	0.0007723117030026742	0	0	0.5632657054233108	0	0	0	0	0	0	0	0.5598067484782695	0.0041541617536871005	0	0.008081264299989606	0.008080077272832487	0.008081084800917654	0	0	0
0.00010964781961431851	0.005591418548330979	0.0007927005807861345	0.0055788366545388	0.0007787955516704503	0	0	0.5596314293674732	0	0	0	0	0	0	0	0.5563894281886053	0.004210613856324939	0	0.008172128943384585	0.00817100498356322	0.008172015619240539	0	0	0
0.00011748975549395303	0.005661216959996095	0.0007997374017067058	0.005648189094952065	0.0007853338346985778	0	0	0.5560206022138541	0	0	0	0	0	0	0	0.5529929688085197	0.004267833102873187	0	0.008264015256547146	0.008262955933094696	0.008263969618723433	0	0	0
0.00012589254117941688	0.005718716616358751	0.0008035269898396206	0.005707089117576682	0.0007906855115852587	0	0	0.5508553259355171	0	0	0	0	0	0	0	0.5473862597377671	0.0043284569285206385	0	0.00834028356568345	0.008339249092407392	0.00834026412514979	0	0	0
0.0001348962882591656	0.005776800283280469	0.0008073345350896897	0.005766603357007212	0.0007960736576067619	0	0	0.5457380336328185	0	0	0	0	0	0	0	0.5418363962118526	0.00438994190504899	0	0.008417255752389888	0.008416246678344761	0.008417262996666926	0	0	0
0.0001445439770745928	0.005823540257499937	0.0008094109777674608	0.005813294706412281	0.000798096991979318	0	0	0.5392745806916138	0	0	0	0	0	0	0	0.5352279820141613	0.004420259432011201	0	0.008474345056780797	0.008473330346169088	0.008474340722619324	0	0	0
0.00015488166189124827	0.0058706584039051836	0.0008114927609998645	0.005860364108888486	0.0008001254689438215	0	0	0.5328876777090849	0	0	0	0	0	0	0	0.5287001662009874	0.004450786335876551	0	0.008531821564408897	0.008530801187190275	0.008531805494432226	0	0	0
0.00016595869074375631	0.00590120044517778	0.0008124456035970132	0.005891555181782298	0.0008018003586693555	0	0	0.5250939261610136	0	0	0	0	0	0	0	0.5208810182694784	0.004482006637853246	0	0.008570757941644424	0.008569764442480482	0.008570756449398621	0	0	0
0.00017782794100389227	0.005931901381112753	0.0008133995650076088	0.005922912265355672	0.000803478754414508	0	0	0.517414162167419	0	0	0	0	0	0	0	0.5131775106919604	0.004513445936470515	0	0.008609872011470055	0.00860890565705368	0.00860988523037073	4.070362241272178e-11	4.070362241272178e-11	4.070362241272178e-11
0.00019054607179632481	0.005949387072576908	0.0008125299776623864	0.005940950569517358	0.000803222746629006	0	0	0.5082977303602366	0	0	0	0	0	0	0	0.5041918177410074	0.004534222667603775	0	0.008627636401749472	0.008626710683657762	0.00862766914161181	3.7986830674689384e-11	3.7986830674689384e-11	3.7986830674689384e-11
0.00020417379446695317	0.005966924307279292	0.0008116613199736147	0.005959043809562358	0.0008029668204137846	0	0	0.49934192293284924	0	0	0	0	0	0	0	0.49536346348110555	0.00455509504019651	0	0.0086454374445554	0.008644552534799729	0.00864548978592083	3.5451373100800903e-11	3.5451373100800903e-11	3.5451373100800903e-11
0.00021877616239495564	0.005970065653857481	0.000808435905914408	0.005963042060597695	0.0008006962561935262	0	0	0.489273980939308	0.4895078842355033	0	0	0	0	0	0	0.48542004744341155	0.0045644436974937525	0	0.008642346437754224	0.008641479945081385	0.008642379323475365	3.308514641548119e-11	3.308514641548119e-11	3.308514641548119e-11
0.00023442288153199226	0.005973208654228795	0.0008052233091419183	0.005967042994280101	0.0007984321124899683	0	0	0.47940903302924054	0.47956332670377894	0	0	0	0	0	0	0.47567622529947057	0.004573811541524208	0	0.008639256536082	0.008638408447473678	0.008639269980107825	3.0876855184746015e-11	3.0876855184746015e-11	3.0876855184746015e-11
0.0002511886431509582	0.005959994601667767	0.0008009527110401902	0.005953665072117615	0.0007939770651190035	0	0	0.4684715939447305	0.4683759487280979	0	0	0	0	0	0	0.46485913664257	0.004570395121768092	0	0.008611185552257143	0.008610360617492034	0.008611208262765497	2.8815957896250074e-11	2.8815957896250074e-11	2.8815957896250074e-11
0.00026915348039269194	0.005946809781500115	0.0007967047625661369	0.005940317142834614	0.0007895468757751243	0	0	0.45778368619043236	0.45744955281464217	0	0	0	0	0	0	0.4542880333866374	0.004566981253915098	0	0.008583205777685031	0.008582403855300421	0.008583237694326036	2.689261663826038e-11	2.689261663826038e-11	2.689261663826038e-11
0.00028840315031266115	0.00591773052651128	0.0007905188302541134	0.005911056825433325	0.0007831576298295514	0	0	0.4459420083398579	0.44566348051326216	0	0	0	0	0	0	0.4423333875674552	0.004552029125897571	0	0.008533052179651645	0.008532268999328478	0.008533109038688216	2.5097650137341204e-11	2.5097650137341204e-11	2.5097650137341204e-11
0.0003090295432513592	0.005888793465926127	0.0007843809279782675	0.0058819406360564866	0.0007768200875446547	0.005889260591021151	0.0007848943029452922	0.43440664401365503	0.4341810733907826	0	0	0	0	0	0	0.43069332973245716	0.004537125950595155	0	0.00848319164034955	0.008482427010462963	0.008483273149277493	2.3422489930571905e-11	2.3422489930571905e-11	2.3422489930571905e-11
0.0003311311214825914	0.005842796123490973	0.0007798401986532261	0.0058356806017117865	0.0007719881745616355	0.005843075691945321	0.0007801456854709895	0.4218085922494268	0.42164616690587975	0	0	0	0	0	0	0.41818570105801856	0.004510503867994632	0	0.008408986898244188	0.008408222006516636	0.008409077330040943	2.1859139463080438e-11	2.1859139463080438e-11	2.1859139463080438e-11
0.000354813389233576	0.005797158066115363	0.0007753257553099915	0.005789784391300365	0.0007671863166498592	0.0057972529851803315	0.0007754257971744014	0.4095758915000623	0.4094731460263488	0	0	0	0	0	0	0.4060413024692528	0.004484037993374595	0	0.00833543124482906	0.008334666154352436	0.008335530437167508	2.0400135915641035e-11	2.0400135915641035e-11	2.0400135915641035e-11
0.00038018939632056124	0.0057349902768457205	0.0007624748502263365	0.005726995670636159	0.000753640381754443	0.005734569468439921	0.0007619993735780412	0.39652109952786585	0.3964499384271623	0	0	0	0	0	0	0.39309911466220415	0.004445490137626154	0	0.00823850476850354	0.008237733335734958	0.008238574627512717	1.9038514580115187e-11	1.9038514580115187e-11	1.9038514580115187e-11
0.00040738027780411304	0.005673489164933948	0.0007498369469168886	0.0056648878774774045	0.0007403336225953618	0.0056725637249967955	0.0007488054272235341	0.3838824150389811	0.38384093121649276	0	0	0	0	0	0	0.38056944702050377	0.0044072736655959175	0	0.008142705377452543	0.008141927853372003	0.00814274657200587	1.7767775612678707e-11	1.7767775612678707e-11	1.7767775612678707e-11
0.00043651583224016654	0.005595696549281416	0.0007375651899640266	0.005587368473397285	0.000728364794358448	0.0055947647390022	0.000736527035633065	0.3705811783675837	0.3706009898198728	0	0	0	0	0	0	0.36754300962443337	0.0043576641468737205	0	0.008025169956142907	0.008024407631399116	0.008025204338507931	1.6581853006128287e-11	1.6581853006128287e-11	1.6581853006128287e-11
0.00046773514128719906	0.00551897059487986	0.0007254942713658628	0.005510909859599149	0.000716589463816347	0.005518032763007884	0.0007244499765844932	0.3577408195328816	0.3578177377284563	0	0	0	0	0	0	0.3549624516140107	0.004308613046923441	0	0.007909331093240098	0.00790858369104666	0.007909358851498847	1.547508563315273e-11	1.547508563315273e-11	1.547508563315273e-11
0.0005011872336272725	0.0054278926463055205	0.0007116796127653514	0.0054201272082575955	0.0007031020024035311	0.005427058393020992	0.0007107520910077322	0.34424768765052716	0.3443547532647187	0	0	0	0	0	0	0.3415832347790613	0.0042494917520757205	0	0.007773387965660379	0.007772659940359901	0.007773396172464788	1.4442190222341531e-11	1.4442190222341531e-11	1.4442190222341531e-11
0.0005370317963702533	0.005338317730330081	0.000698128009022446	0.005330840043141465	0.0006898683984984615	0.005337583893794196	0.0006973132047757684	0.3312634845737593	0.3313983170560267	0	0	0	0	0	0	0.32870830633377823	0.004191181699144225	0	0.007639781386357398	0.007639072292662303	0.007639770705641872	1.347823613792848e-11	1.347823613792848e-11	1.347823613792848e-11
0.0005754399373371578	0.005234515527629414	0.0006823399105979121	0.005227785743403298	0.0006749110623514626	0.00523408117751826	0.0006818586404268559	0.31804013464246783	0.31804564791582607	0	0	0	0	0	0	0.31553658225945946	0.004122630422735038	0	0.007486888201786966	0.007486212504787051	0.007486882013382274	1.2578621842879173e-11	1.2578621842879173e-11	1.2578621842879173e-11
0.0006165950018614823	0.0051327317318182976	0.000666908858515369	0.005126723660390558	0.0006602780227008703	0.005132585513963117	0.0006667465958489428	0.30534463336201834	0.3052309832373006	0	0	0	0	0	0	0.30289266448558133	0.0040552003760492734	0	0.007337054833290573	0.0073364114803131765	0.0073370529616696885	1.1739052932965979e-11	1.1739052932965979e-11	1.1739052932965979e-11
0.0006606934480075965	0.005018393018821791	0.0006503134272094246	0.005012689874933677	0.0006440198748031487	0.005018312613406336	0.0006502244998020919	0.2923172671783693	0.292222289550928	0	0	0	0	0	0	0.2898318413355213	0.003979727032842224	0	0.0071689743708203335	0.00716835979987658	0.007168972769345221	1.0955521636974025e-11	1.0955521636974025e-11	1.0955521636974025e-11
0.0007079457843841388	0.004906601359124141	0.0006341309583896031	0.004901192544547715	0.0006281620542887056	0.004906583907342976	0.0006341118241549556	0.2798457066357568	0.27976801569976034	0	0	0	0	0	0	0.27733420482336424	0.003905658361416251	0	0.007004744369128445	0.007004157599171774	0.0070047430264040915	1.0224287685180495e-11	1.0224287685180495e-11	1.0224287685180495e-11
0.0007585775750291852	0.004783258708376512	0.0006169492593137443	0.004777882996499905	0.0006110157377787224	0.004782889202537779	0.0006165384943274087	0.2671417450461685	0.2670621232689379	0	0	0	0	0	0	0.26471251502157955	0.003823980711952821	0	0.006823908935774555	0.006823337980844566	0.006823899489971391	9.541860454780404e-12	9.541860454780404e-12	9.541860454780404e-12
0.0008128305161640995	0.004663016657897779	0.0006002330962273029	0.004657675804562692	0.0005943374472627544	0.004662312834295416	0.0005994521794228842	0.25501449639604257	0.2549332792975685	0	0	0	0	0	0	0.2526652478863176	0.0037440111582326845	0	0.006647741974563701	0.006647186409160956	0.006647724844966436	8.904982307028557e-12	8.904982307028557e-12	8.904982307028557e-12
0.0008709635899560814	0.004532927639150817	0.0005823422880025669	0.004527672528264437	0.0005765403278305708	0.004532317908222494	0.0005816658282433178	0.24272572413146148	0.2426550933927191	0.24244195863510562	0	0	0	0	0	0.2405402558799845	0.003657917576986264	0	0.006457402532005617	0.006456866638394292	0.006457388264407459	8.310613036555509e-12	8.310613036555509e-12	8.310613036555509e-12
0.0009332543007969925	0.004406467848871196	0.000564984740974099	0.004401297853989474	0.0005592761336945165	0.004405947509590199	0.0005644072160546865	0.23102912966816194	0.2309682537786694	0.23076611205541916	0	0	0	0	0	0.22899712240933637	0.0035738037186676267	0	0.006272512925426714	0.006271996032569763	0.006272501369980765	7.755915358624964e-12	7.755915358624964e-12	7.755915358624964e-12
0.001	0.004270966325220574	0.0005463477109814483	0.004266032985933917	0.0005409008330639631	0.004270616947054749	0.0005459602736040033	0.21931530495753496	0.2192762488060041	0.21910462137035372	0	0	0	0	0	0.2173923174618414	0.0034849597147554577	0	0.0060758509122431	0.006075354702257186	0.00607584345835192	7.238241365054196e-12	7.238241365054196e-12	7.238241365054196e-12
0.001071519305237607	0.0041396315545206884	0.0005283254566840628	0.004134925206341139	0.0005231292622422115	0.004139443120639346	0.0005281162463466396	0.20819540400686115	0.2081761129670586	0.2080324302309908	0	0	0	0	0	0.2063756050477915	0.0033983243539732694	0	0.005885354840507386	0.005884878524566876	0.0058853512423403375	6.755119884143508e-12	6.755119884143508e-12	6.755119884143508e-12
0.001148153621496884	0.004000808022385626	0.0005094051410927098	0.003996391722311415	0.0005045302935020975	0.00400072482522104	0.0005093132355686047	0.197182966680238	0.19710751873993165	0.19701022698887957	0	0	0	0	0	0.19543877246599292	0.003308798587333003	0	0.005684914998237323	0.005684457136089323	0.0056849096779235195	6.304244684276198e-12	6.304244684276198e-12	6.304244684276198e-12
0.0012302687708123836	0.0038666399705319914	0.0004911623971336664	0.00386249956194287	0.00048659257937563833	0.003866655166086149	0.0004911796857601279	0.18675302912805172	0.1866274347718284	0.18657201425332304	0	0	0	0	0	0.18508153506887995	0.003221631295652065	0	0.0054913016144320466	0.0054908615015830005	0.005491294693449255	5.883463464877327e-12	5.883463464877327e-12	5.883463464877327e-12
0.0013182567385564075	0.003726242502563276	0.0004721508100421244	0.0037224805279358563	0.0004680007341915053	0.003726422170833823	0.00047235145731436127	0.17639772893144623	0.17626730702149723	0.17622013711580764	0	0	0	0	0	0.17474096233069053	0.003130964162091183	0	0.005289360211306418	0.00528893992635068	0.0052893514844644185	5.49076758217874e-12	5.49076758217874e-12	5.49076758217874e-12
0.0014125375446227555	0.0035909428583284033	0.00045387511080732416	0.0035875373080667666	0.0004501192506569356	0.0035912750423352483	0.0004542449651225215	0.16661662152123047	0.1664822943239682	0.16644262993779035	0	0	0	0	0	0.1649781211555873	0.0030428486951717426	0	0.00509484515864552	0.005094443838454456	0.005094834768125059	5.124282460745001e-12	5.124282460745001e-12	5.124282460745001e-12
0.0015135612484362103	0.0034510077683479307	0.0004351496727148527	0.0034479323877928876	0.0004317594493390316	0.0034513628806081133	0.00043554461384484936	0.15695509373599165	0.15684755319288485	0.15681226298837597	0	0	0	0	0	0.15540302867709005	0.0029534752301318447	0	0.004893674778042438	0.004893298486510371	0.004893671505355779	4.782258644988859e-12	4.782258644988859e-12	4.782258644988859e-12
0.0016218100973589332	0.0033165257947718094	0.00041719678641781064	0.0033137600336754225	0.00041414852135622906	0.003316901544219723	0.0004176141184043547	0.14785380488905728	0.14777039830266828	0.1477391088612717	0	0	0	0	0	0.14638366077182455	0.0028667268105849754	0	0.004700447626482011	0.004700095012795132	0.004700450925741045	4.46306344795944e-12	4.46306344795944e-12	4.46306344795944e-12
0.0017378008287493763	0.003178532600684785	0.0003990938616740347	0.003175866019380743	0.00039615424905978757	0.0031789185368984057	0.00039952192434750404	0.13898034711231538	0.13892678736014902	0.13886378526985907	0	0	0	0	0	0.13756040759269592	0.0027794153885924936	0	0.004502067407618115	0.004501736233452722	0.004502080058629027	4.165173157538002e-12	4.165173157538002e-12	4.165173157538002e-12
0.0018620871366628695	0.0030462809936658715	0.00038177645564695876	0.0030437101270336564	0.0003789418069976248	0.0030466756186498553	0.00038221353397775303	0.13063943060479996	0.13061243975724945	0.13052164053311385	0	0	0	0	0	0.12926897467446585	0.002694763196067634	0	0.004312059734171962	0.004311748817930629	0.004312080941704476	3.887165762836521e-12	3.887165762836521e-12	3.887165762836521e-12
0.001995262314968883	0.0029114158358796065	0.0003642153131438327	0.002908895321522978	0.00036143503158311927	0.002911727622685865	0.0003645601499110378	0.12249370793708457	0.12244282142776308	0.12240649459622051	0	0	0	0	0	0.12123527031575036	0.0026102390969684384	0	0.004118603562041543	0.004118311483890442	0.0041186242541719435	3.627714166077998e-12	3.627714166077998e-12	3.627714166077998e-12
0.0021379620895022326	0.0027825214374627323	0.00034746195677171017	0.0027800518572459695	0.0003447370536666846	0.002782756948857264	0.0003477221267389612	0.11485589316113035	0.11478420085449008	0.11479590555355651	0	0	0	0	0	0.11370083815970998	0.0025283661856763807	0	0.00393382660421764	0.00393355229966385	0.00393384678450592	3.3855798475544665e-12	3.3855798475544665e-12	3.3855798475544665e-12
0.0022908676527677745	0.0026521655818852554	0.00033059046391089913	0.0026497745476390575	0.00032795187532521687	0.0026522376563556035	0.00033066893641957334	0.10744181251728552	0.1073938856575829	0.10743216372240745	0	0	0	0	0	0.10636642113892719	0.0024482183868000788	0	0.0037476094628816473	0.0037473476077950424	0.00374762592335835	3.159606953421826e-12	3.159606953421826e-12	3.159606953421826e-12
0.0024547089156850338	0.002527916651075565	0.0003145381895740298	0.002525602223935261	0.0003119839639672605	0.002527840093501274	0.00031445207855563346	0.10050631934754026	0.10047939168261263	0.10054077927625689	0	0	0	0	0	0.09950512000634204	0.0023706112284769968	0	0.003570207357696504	0.0035699573880960634	0.003570220405315428	2.948716778108995e-12	2.948716778108995e-12	2.948716778108995e-12
0.002630267991895387	0.0024028445251353526	0.0002984438644678742	0.0024005958878137194	0.000295961931366962	0.0024027769945479103	0.00029836828244025947	0.09385311508087456	0.09381212150838537	0.0938501332761174	0	0	0	0	0	0.09286077121869318	0.0022948764646177813	0	0.0033916204061350264	0.0033913803313424867	0.003391626897494198	2.7519026150024644e-12	2.7519026150024644e-12	2.7519026150024644e-12
0.002818382931264455	0.0022839605133011024	0.0002831730555807621	0.0022817768221667	0.00028076271518767725	0.0022839013038724832	0.0002831071506197737	0.0876403321459356	0.08758725540161676	0.0876047269510773	0	0	0	0	0	0.08666009176996016	0.002221561226317172	0	0.0032219666329782394	0.0032217360885505343	0.003221967191347628	2.5682249508255406e-12	2.5682249508255406e-12	2.5682249508255406e-12
0.003019951720402019	0.002164701496760225	0.00026793178608775376	0.0021626084992063302	0.0002656214743560669	0.002164541377186104	0.0002677536133334544	0.08164970143162682	0.08159945492594739	0.08155878117734874	0	0	0	0	0	0.08070552813326086	0.002150334219286025	0	0.0030519955712352844	0.0030517751034403063	0.0030519947653906143	2.3968069807720752e-12	2.3968069807720752e-12	2.3968069807720752e-12
0.0032359365692962876	0.0020516696951573777	0.00025351084992512564	0.002049663873962244	0.0002512967848737609	0.002051419369832938	0.0002532327328934436	0.0760685586263262	0.07602100344028834	0.07593008983235988	0	0	0	0	0	0.07516011278361419	0.0020813908704635804	0	0.0028909911330241567	0.0028907803202987297	0.0028909891053470757	2.2368304229857887e-12	2.2368304229857887e-12	2.2368304229857887e-12
0.0034673685045253167	0.001939085598666865	0.0002390899343906282	0.001937153933907228	0.00023695758434761567	0.0019389141093344973	0.0002388996610590482	0.07070239715161392	0.0706769221785552	0.07056848836936241	0	0	0	0	0	0.06985805588395849	0.0020147442275215708	0	0.0027305647429381507	0.002730362495845258	0.0027305619255657055	2.087531612405043e-12	2.087531612405043e-12	2.087531612405043e-12
0.003715352290971728	0.0018326794843400965	0.0002254893498396546	0.0018308198779920383	0.00022343659035695075	0.0018325789346926831	0.00022537784670255675	0.06571478483693148	0.06570851610183105	0.06558548214194908	0	0	0	0	0	0.06493002459876815	0.0019502316263294635	0	0.0025790407069071343	0.002578846723969657	0.0025790371937268034	1.9481978553266826e-12	1.9481978553266826e-12	1.9481978553266826e-12
0.003981071705534978	0.0017266201293428837	0.00021202681253539	0.0017248436819102214	0.0002100656538916982	0.0017265974693576017	0.00021200186320360491	0.06096073052032594	0.06093731881790697	0.060833476310455555	0	0	0	0	0	0.06022212677727918	0.0018870529111706012	0	0.002428291037335655	0.0024281078509085854	0.0024282897048234827	1.8181640272870994e-12	1.8181640272870994e-12	1.8181640272870994e-12
0.004265795188015935	0.001626698556144694	0.00019936803785138924	0.0016250018709041709	0.00019749486364095873	0.0016267451102683333	0.00019941973294791508	0.05655060234608427	0.05651256557004736	0.05642577776595697	0	0	0	0	0	0.055855585701526024	0.001825920901641591	0	0.002286352963027115	0.002286179973724286	0.0022863535682596846	1.6968093980200622e-12	1.6968093980200622e-12	1.6968093980200622e-12
0.004570881896148752	0.001527402406931649	0.00018669172790508886	0.0015258971819780119	0.00018503074555296069	0.0015275680408220111	0.00018687579395049658	0.052346779127442525	0.052296265048508685	0.05224472241446459	0	0	0	0	0	0.05170773479364486	0.001765797650877282	0	0.0021455699934560396	0.0021454084897412225	0.002145574374520667	1.583554668334979e-12	1.583554668334979e-12	1.583554668334979e-12
0.004897788193684466	0.0014341674453991924	0.0001748214089069182	0.0014328366333959388	0.00017335325166797954	0.0014344374571108357	0.0001751208962542817	0.048455457083331745	0.04839453509917109	0.04837347624140735	0	0	0	0	0	0.04786790441652924	0.0017076541163642174	0	0.0020134557836266804	0.002013305006935032	0.002013463473238658	1.477859204770771e-12	1.477859204770771e-12	1.477859204770771e-12
0.005248074602497733	0.0013421417224625351	0.00016315193948466768	0.0013409228452059393	0.0001618075609074127	0.0013424006129377285	0.0001634391729358636	0.044752432743641754	0.04470543570054166	0.04467615282620877	0	0	0	0	0	0.04421667776167443	0.0016497146141781743	0	0.0018829738178200047	0.0018828328038358036	0.0018829806465870138	1.3792184588247424e-12	1.3792184588247424e-12	1.3792184588247424e-12
0.005623413251903491	0.0012560209820362436	0.00015226141651667792	0.0012549051544931632	0.00015103083740795038	0.0012562690667916323	0.0001525366979116638	0.04133239798006409	0.04129755512848187	0.04126142643522154	0	0	0	0	0	0.04084395621891145	0.0015937409585188964	0	0.0017609477334581726	0.0017608158500519728	0.0017609537806604102	1.2871615584367905e-12	1.2871615584367905e-12	1.2871615584367905e-12
0.0060255958607435805	0.0011710450375590604	0.000141631087009124	0.0011699677409400977	0.0001404426042252878	0.0011712166401047343	0.00014182116628366914	0.038123302858729995	0.038083745825491955	0.03802929593368199	0	0	0	0	0	0.0376703315639768	0.0015361886961378602	0	0.001640217928157543	0.001640094125102173	0.0016402236508597716	1.2012490602316917e-12	1.2012490602316917e-12	1.2012490602316917e-12
0.006456542290346563	0.0010918181301147487	0.00013174292782957824	0.0010907792592447538	0.00013059667429575237	0.0010919224665473226	0.0001318583887118627	0.03516336558937288	0.035120037774352186	0.035050347846845985	0	0	0	0	0	0.034743301372037495	0.001480714728154336	0	0.0015277653054279737	0.0015276490946598792	0.0015277707197010027	1.1210708517895692e-12	1.1210708517895692e-12	1.1210708517895692e-12
0.006918309709189377	0.0010137517553266194	0.00012206005704828054	0.0010127506784518825	0.00012095533421808608	0.00101388045828122	0.00012220284655636	0.03235158531626375	0.03233059132609845	0.032238142006039146	0	0	0	0	0	0.031964511236209824	0.0014222330585339238	0	0.0014176395053574322	0.0014175288732858782	0.00141764336904302	1.046244193930761e-12	1.046244193930761e-12	1.046244193930761e-12
0.007413102413009177	0.0009412672248992564	0.00011308886004038365	0.0009403038497586689	0.00011202576906879764	0.0009414162774166057	0.00011325434697302504	0.02976464439432975	0.02976269963634673	0.029651568781651053	0	0	0	0	0	0.029407970406407826	0.0013660611556880033	0	0.001315451895660826	0.0013153466418585563	0.0013154544041693412	9.764118936697655e-13	9.764118936697655e-13	9.764118936697655e-13
0.00794328234724282	0.0008703405661727135	0.00010433513903358111	0.0008693910087316222	0.00010328683498080771	0.0008704257500828936	0.00010442961863198985	0.02733385657636325	0.027329927848126743	0.027208921270647647	0	0	0	0	0	0.02700824131321909	0.0013065882597954714	0	0.0012150912647658227	0.0012149915090961885	0.0012150921373550658	9.112405991166422e-13	9.112405991166422e-13	9.112405991166422e-13
0.008511380382023776	0.0008047583949466784	0.00009625900582311475	0.0008038260465033472	0.00009522960983915254	0.0008047884921710231	0.00009629250919808247	0.025101583793137098	0.02509600826907704	0.02496749504769641	0	0	0	0	0	0.024804333272660416	0.001249704578398291	0	0.0011223875130519344	0.0011222930292276326	0.0011223869847426767	8.504192081864327e-13	8.504192081864327e-13	8.504192081864327e-13
0.009120108393559097	0.0007404971954515456	0.00008832177087643483	0.0007395935552239444	0.00008732359206870208	0.0007404743282105891	0.00008829609157513406	0.02300305339313066	0.023008801701161426	0.02286016521723058	0	0	0	0	0	0.02273563976595784	0.0011881562509450997	0	0.0010319411879481026	0.0010318535553292128	0.0010319414473925234	7.936573835203612e-13	7.936573835203612e-13	7.936573835203612e-13
0.009772372209558112	0.000681367351884456	0.00008103901701503174	0.0006804937825892092	0.00008007393650631094	0.0006812997900352727	0.00008096372035966933	0.021079963310995865	0.021095185738191406	0.02093070020683925	0	0	0	0	0	0.02083947630784113	0.0011296391971847186	0	0.0009487833773988758	0.0009487021053479061	0.0009487843010677088	7.406841665296636e-13	7.406841665296636e-13	7.406841665296636e-13
0.010471285480509006	0.0006238994398864785	0.00007397587241723621	0.0006231119699620362	0.0000731060812974523	0.0006238587293325061	0.00007393035920613353	0.019274619131000325	0.01929315721525424	0.019126828883820123	0	0	0	0	0	0.01907449403024717	0.0010664775412171923	0	0.0008680353988716053	0.0008679607511327958	0.0008680384794409245	6.912466839460429e-13	6.912466839460429e-13	6.912466839460429e-13
0.011220184543019653	0.0005712784887830512	0.00006752833266568547	0.0005705688090678028	0.00006674455329479758	0.0005712605814016457	0.00006750798985110091	0.017623889433020675	0.017645064611051364	0.017478420670866822	0	0	0	0	0	0.01745899547259912	0.001006847450721634	0	0.0007941596276274303	0.0007940910653199593	0.0007941644912781293	6.451089407043025e-13	6.451089407043025e-13	6.451089407043025e-13
0.012022644346174132	0.000520648627694839	0.00006136594793463933	0.0005200099482401378	0.00006066078240281787	0.0005206602072909612	0.00006137853127089034	0.016090271930027173	0.016111139159173088	0.01593132357761291	0	0	0	0	0	0.015944890879812854	0.0009435779394097793	0	0.0007231897561829958	0.000723125550429997	0.0007231942991261269	6.020506933948823e-13	6.020506933948823e-13	6.020506933948823e-13
0.01288249551693135	0.00047450586507811235	0.00005576591953721433	0.0004739311752959424	0.00005513154767055467	0.0004745418470693819	0.000055805603296455136	0.01469010865996143	0.014710561322834034	0.014521167313340395	0	0	0	0	0	0.014562094684551165	0.0008842842350176025	0	0.0006585620890985154	0.000658502008801712	0.0006585663298126006	5.618663989085841e-13	5.618663989085841e-13	5.618663989085841e-13
0.013803842646028866	0.0004303304313237417	0.00005048383115809473	0.0004297874798625656	0.00004988442328268807	0.00043037638831972517	0.000050534735697221576	0.013382860878321835	0.01340165465273397	0.013201213686565806	0	0.008347541190024635	0.008401155922578788	0	0	0.013273202844989052	0.0008225295965504602	0	0.0005967995078563931	0.0005967428244680924	0.0005968025094813663	5.243642332547537e-13	5.243642332547537e-13	5.243642332547537e-13
0.014791083881682071	0.00039026763155560406	0.0000457020565526271	0.00038975549082895933	0.00004513669199196924	0.00039032139476637134	0.00004576170422209672	0.012191942853129837	0.012209211021224652	0.012001241982679408	0	0.007812513632467466	0.00783191305922814	0	0	0.012098390896409421	0.0007650876385781056	0	0.0005408292679968612	0.0005407758728058588	0.0005408312256483084	4.893651758691162e-13	4.893651758691162e-13	4.893651758691162e-13
0.01584893192461114	0.0003523475945168745	0.000041210188348185186	0.00035185026526979475	0.00004066096536937949	0.0003523698294127514	0.0000412347895640633	0.011083362721043495	0.011100624431616551	0.010882007196138294	0	0.007259884658540991	0.007254177020505497	0.007629834356951674	0.007336405900321545	0.01100368413053392	0.0007066765986135104	0	0.0004879150305222923	0.0004878650562221732	0.00048791610536633135	4.567021550401283e-13	4.567021550401283e-13	4.567021550401283e-13
0.01698243652461746	0.00031811202703891007	0.00003715980749656821	0.0003176314691734588	0.00003662904904648386	0.0003181083546667759	0.000037155693812022956	0.01007558275871362	0.01009269661713507	0.009867152148728483	0	0.006746346660603839	0.006719058785110693	0.0070512214347472225	0.0068027622378788255	0.010008030446470254	0.000652724981880594	0	0.00044017787330797887	0.00044013116163581483	0.00044017821935203117	4.262192503744537e-13	4.262192503744537e-13	4.262192503744537e-13
0.018197008586099864	0.00028592870236197963	0.000033346466256866106	0.0002854748501160702	0.00003284514506131781	0.0002859154841704103	0.00003333174560512512	0.009143486075621784	0.009160282978185219	0.008925797972781821	0	0.006228433237738093	0.006186509054991536	0.0064766239231663185	0.006267103791277289	0.00908987107867939	0.0005990829905852295	0	0.00039538091482715725	0.00039533703341035944	0.0003953808990346176	3.977709484944282e-13	3.977709484944282e-13	3.977709484944282e-13
0.019498445997580455	0.0002570013576519251	0.000029924450279324182	0.00025657372759966705	0.000029452131086722025	0.0002569805630349838	0.000029901346229881994	0.00829761807502275	0.008314010360518412	0.008074251643234555	0	0.00575027975118736	0.0056961689890709655	0.005948849831239786	0.00577362379533775	0.008255945729676877	0.0005498493846129494	0	0.00035514294854204045	0.0003551018051183274	0.00035514264097743044	3.7122144841452406e-13	3.7122144841452406e-13	3.7122144841452406e-13
0.02089296130854041	0.00023005988954015268	0.000026749035145966477	0.00022965552999240345	0.00002630232668771939	0.0002300466521412273	0.000026734304341604288	0.0075136422836443425	0.00752860085753687	0.0072778621700466265	0	0.005275736588350883	0.0052154624050160655	0.00543685683497713	0.005291003544235276	0.007482837078506981	0.0005019415554713416	0.006575533024565172	0.0003177085868513822	0.0003176701419688356	0.00031770860063896845	3.4644401328094274e-13	3.4644401328094274e-13	3.4644401328094274e-13
0.022387211385683423	0.00020594269718571213	0.000023910577289184873	0.00020556143042979353	0.000023489383065370343	0.00020593566118921793	0.00002390270401655903	0.006803738115701764	0.006817387568010043	0.006560023158378682	0	0.004840355209486457	0.004775323230459917	0.004968928966538921	0.004848725773874672	0.006782124371555235	0.00045820788775882606	0.005979087281482603	0.0002842200487817194	0.00028418419068546686	0.0002842203195937443	3.2332036537980955e-13	3.2332036537980955e-13	3.2332036537980955e-13
0.02398832919019495	0.0001835810547780704	0.0000212862171351057	0.000183229988810227	0.000020898413190948018	0.00018358385885229798	0.000021289366256660314	0.006151503161556017	0.0061631767445821965	0.005893256781230236	0	0.004417320138954929	0.004351224075281772	0.004519377619575193	0.00442134274502621	0.006134735025825922	0.0004162710564801289	0.005411545475627775	0.0002532134141473651	0.000253179881805824	0.0002532129709008631	3.017401215259616e-13	3.017401215259616e-13	3.017401215259616e-13
0.025703957827688646	0.00016364748123618924	0.000018949899638258218	0.00016332455329387522	0.000018593237322757508	0.0001636580718292087	0.000018961750741516144	0.005561794193592465	0.005571745365218611	0.005294261110215347	0	0.004031257287021934	0.00396478940578192	0.0041104982997058155	0.0040316306965272495	0.005549142388915715	0.000378172434592153	0.004897875387349412	0.00022558940996244458	0.00022555812269710958	0.00022558840523467227	2.8160026613711086e-13	2.8160026613711086e-13	2.8160026613711086e-13
0.02754228703338169	0.00014529456220088168	0.000016816311065539503	0.00014498654323208667	0.000016476048990428264	0.00014528497700226422	0.00001680572924050798	0.005019186352319517	0.005025977405277086	0.0047367624097524675	0	0.003663618119313563	0.0035983336119639843	0.0037234634700183365	0.003660906404153244	0.005009979710826468	0.0003420664550522316	0.004414129877254562	0.00020016523412513064	0.0002001363076810982	0.0002001641833741907	2.6280465947803585e-13	2.6280465947803585e-13	2.6280465947803585e-13
0.0295120922666639	0.00012899990666325918	0.00001492294541138684	0.00012870751699265803	0.000014599942206015623	0.00012897454006775887	0.000014894855393647162	0.004529515253968499	0.00453366893541889	0.004237969691965451	0.004099997771311479	0.00332950659521862	0.0032657484314570348	0.003372870927486635	0.0033242716679170543	0.004523202856179964	0.0003094076906958895	0.003978162168763512	0.00017760639100496088	0.0001775796906503358	0.00017760531736627855	2.4526357872736556e-13	2.4526357872736556e-13	2.4526357872736556e-13
0.03162277660168379	0.00011403640839905221	0.000013172782430313054	0.00011377622985690389	0.000012885390718041244	0.00011402216377446528	0.00001315703736591333	0.004077296911201505	0.004081714542534707	0.0037764133677888707	0.003644860049111032	0.0030133199727084294	0.002952105978750512	0.0030439965386800617	0.003007073083879061	0.004076138595864899	0.0002786890631815717	0.0035691312501117	0.00015693272141766403	0.0001569085114911247	0.00015693196917562565	2.288932896761756e-13	2.288932896761756e-13	2.288932896761756e-13
0.03388441561392028	0.00010080861898994825	0.000011627878557001164	0.00010057711299946383	0.000011372188438401636	0.00010080325795293099	0.000011621974680054414	0.003670227203126868	0.0036748147789489875	0.003365125038872198	0.003240246829050377	0.0027271600155299564	0.0026685857446423927	0.0027471893015487735	0.002720141262538813	0.0036732612666263253	0.00025102024375134145	0.0032021565084872595	0.0001386655002232783	0.00013864356271933717	0.00013866500910301812	2.1361564701386228e-13	2.1361564701386228e-13	2.1361564701386228e-13
0.03630780547701017	0.00008874687098980408	0.000010230309306723894	0.0000885319030937146	9.992860528931345e-6	0.000088739697151874	0.000010222414185893256	0.0032952237690155716	0.0033041392614683793	0.002987116906116016	0.002875738178341739	0.0024585599249042174	0.0024031488895970704	0.0024703984252494454	0.002451590494562479	0.0033036826497429986	0.00022520049031863695	0.002859787959225287	0.00012200387089312009	0.00012198357877797157	0.00012200303393866826	1.9935772129321879e-13	1.9935772129321879e-13	1.9935772129321879e-13
0.038904514499428125	0.0000781283107475785	9.000715650596987e-6	0.00007792923888595456	8.780830716230102e-6	0.0000781198347208513	8.991393860742976e-6	0.0029585361033328482	0.0029708534758585044	0.002651570835476164	0.002552234600225168	0.002216414464103392	0.0021641143055515844	0.002221495393868323	0.0022095528771985387	0.002971288524825537	0.00020203653730012545	0.002554024811108781	0.00010734425281657992	0.0001073255274145246	0.00010734316022855875	1.860514507939842e-13	1.860514507939842e-13	1.860514507939842e-13
0.04168693834703355	0.00006847928698107422	7.886580852988094e-6	0.00006829248263861992	7.680228863229411e-6	0.0000684637599611872	7.869422908313333e-6	0.0026517435440394487	0.002663429080957187	0.00234363969223037	0.002260451408670168	0.0019905356386409633	0.0019415120071162115	0.001989319223673156	0.001983366678029653	0.0026666257133616425	0.00018052365360207733	0.002271240542096739	0.00009402418308850378	0.00009400648589730161	0.00009402267313286655	1.7363331662300579e-13	1.7363331662300579e-13	1.7363331662300579e-13
0.04466835921509635	0.000060021939557699275	6.910356905519263e-6	0.00005984741095407731	6.717578017140785e-6	0.00006000123329462111	6.887454589245334e-6	0.0023767645814541443	0.002387817011822998	0.0020714690829714472	0.0020020262128364443	0.001787676534723671	0.001741806735488334	0.00178140858837636	0.001780334573620119	0.002393201681946721	0.00016130146529601228	0.0020197664398664914	0.00008235696624174532	0.00008234033042882184	0.00008235515932479387	1.620440395000657e-13	1.620440395000657e-13	1.620440395000657e-13
0.0478630092322639	0.00005235340032811412	6.03208366377609e-6	0.000052185571986436665	5.846668577399907e-6	0.00005233534545161446	6.012140546797319e-6	0.0021251820665659942	0.0021360392026930817	0.001825806429676225	0.0017677992018130617	0.0015991442670001041	0.0015564747215700875	0.001588885362195732	0.0015919974551182907	0.002144885913480487	0.0001434932727951693	0.0017888011461409063	0.00007177730171894794	0.00007176180862199557	0.00007177552687006683	1.5122829678195372e-13	1.5122829678195372e-13	1.5122829678195372e-13
0.05128613839913648	0.00004566461107577136	5.26543474154471e-6	0.00004550462384481879	5.088669363680161e-6	0.00004564886808393946	5.248068569611446e-6	0.0019002297708805968	0.0019108095188409401	0.0016092777565693498	0.0015609755745921486	0.0014304950235723695	0.0013908624358416463	0.0014171688127432036	0.001423584046873605	0.0019223350946773487	0.0001276511611328678	0.0015842473056669583	0.00006255671228745989	0.00006254234285775168	0.0000625549910863293	1.411344583739623e-13	1.411344583739623e-13	1.411344583739623e-13
0.05495408738576248	0.0000396028432948044	4.564094463828972e-6	0.00003945909850273093	4.40525550115786e-6	0.00003959486332368531	4.555319035177135e-6	0.0016960763870144243	0.0017058626563324086	0.0014157516256076853	0.0013747308916868721	0.0012740130766818103	0.001237556518584668	0.0012587997027856774	0.0012680130062018961	0.001718332566320037	0.00011305740839526014	0.0013960163745377451	0.000054228596177400575	0.00005421573866816705	0.00005422732741839067	1.3171434026815412e-13	1.3171434026815412e-13	1.3171434026815412e-13
0.05888436553555896	0.0000343457473979229	3.956170629254283e-6	0.000034216752564706853	3.8136248680238175e-6	0.000034343747554452524	3.954013031080402e-6	0.001513856458134959	0.0015228976899982123	0.001245498272270707	0.0012107076211310818	0.0011346487004917141	0.0011011485372129032	0.001118128396197244	0.0011294429629414965	0.0015359792455807977	0.00010013209029683884	0.0012301499336664814	0.00004700919431088914	0.00004699770083797996	0.00004700828803385418	1.2292297453189307e-13	1.2292297453189307e-13	1.2292297453189307e-13
0.06309573444801943	0.00002962894204284548	3.409794321497015e-6	0.000029513892489380367	3.2826596920608134e-6	0.000029633172953543362	3.4145453092961854e-6	0.0013463968270598374	0.0013568610871908025	0.0010941903064512358	0.0010616643212984424	0.0010058013964408192	0.0009753253208792059	0.0009885012782090779	0.0010016830234597252	0.001369680503279422	0.00008829549009328149	0.0010799236827663719	0.00004051983523923788	0.00004050954313561113	0.000040519169872549556	1.1471839464864818e-13	1.1471839464864818e-13	1.1471839464864818e-13
0.06760829753919818	0.000025559909831264616	2.938876606822417e-6	0.00002545740856697134	2.8256199880154408e-6	0.000025568698870219033	2.9486801327133874e-6	0.0011974612296796743	0.0012089269174311858	0.0009612638197796173	0.0009309688907922169	0.0008915856058742236	0.0008638793490620665	0.0008739021210303045	0.0008883749887415902	0.0012213867384349962	0.000077858092722338	0.0009480431032692947	0.000034926296267848894	0.000034917092874675186	0.00003492582256937647	1.0706143518637757e-13	1.0706143518637757e-13	1.0706143518637757e-13
0.07244359600749906	0.000021924092434382206	2.523541454966298e-6	0.00002182828514995361	2.4176490515249276e-6	0.000021928899187338768	2.5289085885409956e-6	0.0010620989373143776	0.0010737441638971339	0.0008457195837783145	0.0008109732202709965	0.0007864893048937319	0.0007615590163782912	0.0007687492493631051	0.0007843475209112641	0.0010857044683563449	0.00006835113536738477	0.000827997343590342	0.000029930390878177305	0.00002992216713314039	0.000029930078112673153	9.991554483718512e-14	9.991554483718512e-14	9.991554483718512e-14
0.07762471166286927	0.000018805458714231825	2.1669033195030743e-6	0.000018716517485831874	2.068582102735128e-6	0.000018807238569678035	2.168895357025844e-6	0.0009420381426011506	0.0009536776068755052	0.0007440638039931058	0.0007064441900277171	0.0006937813067380169	0.0006713577955726795	0.0006762489690488394	0.0006925015239691703	0.0009650949658412947	0.00006000503663340012	0.0007231523531245198	0.00002564910665735621	0.000025641770612379895	0.00002564891847718933	9.324661193577754e-14	9.324661193577754e-14	9.324661193577754e-14
0.08317637711026708	0.00001602062689136791	1.842318139392219e-6	0.000015942662135003064	1.756132099546407e-6	0.00001602674448467316	1.8491269863327737e-6	0.0008327780440386341	0.0008441751468556247	0.0006565129156945531	0.0006092723815581923	0.0006083950724481311	0.0005885976174283284	0.0005911275712996881	0.000607950282432136	0.0008549767814795195	0.000052423487266893124	0.0006273669297705473	0.000021828449522210716	0.000021821910975698088	0.000021828376825010826	8.702280162381256e-14	8.702280162381256e-14	8.702280162381256e-14
0.08912509381337459	0.00001364819066062881	1.5663532822091736e-6	0.000013579902144897468	1.4908762610773432e-6	0.000013657323366499813	1.5765032649029573e-6	0.0007361902233787149	0.0007472458967590515	0.000579263775714798	0.0005254666117574346	0.0005335176381725976	0.0005160395209930916	0.0005167206480804708	0.0005337223574482226	0.0007574231787976007	0.00004579985566898851	0.0005442688015452658	0.00001857691244022502	0.000018571096584156402	0.000018576924997380286	8.121440388282639e-14	8.121440388282639e-14	8.121440388282639e-14
0.09549925860214369	0.000011550945726575094	1.3271194659350246e-6	0.00001148657033547916	1.255938578652769e-6	0.000011556406981021096	1.3331902497161262e-6	0.0006484811049686685	0.0006595030054897501	0.0005116439411800375	0.0004467684494696095	0.00046403358481599563	0.00044920128072531987	0.00044853232017548814	0.00046555997066174525	0.0006686875754747917	0.00003981637405831805	0.0004678568105067889	0.000015696492614814785	0.000015691259747291377	0.00001569649216828447	7.579369171031156e-14	7.579369171031156e-14	7.579369171031156e-14
0.10232929922807536	9.775973277042178e-6	1.1244245451317488e-6	9.715924066616788e-6	1.0580232273659582e-6	9.778676152501527e-6	1.1274294709738916e-6	0.0005712215812529969	0.000582063034586675	0.00045191764705675337	0.0003798567653497647	0.0004035989673644573	0.000391020033149689	0.0003893423709491023	0.00040610269226653623	0.0005903477555363307	0.000034614599107249126	0.00040217259287345265	0.000013262692667563195	0.000013258001827798467	0.000013262682947999247	7.07347887619296e-14	7.07347887619296e-14	7.07347887619296e-14
0.10964781961431873	8.208562231818744e-6	9.439014550494358e-7	8.153907597324416e-6	8.834369061302527e-7	8.211480430562513e-6	9.471366249259309e-7	0.000500456018530385	0.0005113557921806285	0.00039678935162844716	0.0003171307761934978	0.0003485321410992387	0.00033818645072513254	0.00033539005620944576	0.00035172420607805906	0.0005192431795149345	0.00002993419399212457	0.00034147253510648684	0.000011115580425959748	0.00001111152859873007	0.000011115694494244856	6.60135458280373e-14	6.60135458280373e-14	6.60135458280373e-14
0.11748975549395303	6.892458889170412e-6	7.923608219883349e-7	6.843014483218047e-6	7.376593886847147e-7	6.895453925454172e-6	7.956753033085005e-7	0.0004384572199353909	0.00044923784995616714	0.0003483860180966833	0.0002647627695046757	0.0003009786030238447	0.0002924916008338649	0.00028891407202860344	0.00030462717804403977	0.00045670281108774045	0.00002588664878601754	0.00028993395944497483	9.316066601480118e-6	9.31256982794513e-6	9.316264633169579e-6	6.160742555487516e-14	6.160742555487516e-14	6.160742555487516e-14
0.12589254117941662	5.736542841159761e-6	6.582060785773937e-7	5.692911293810845e-6	6.099146742695324e-7	5.740061571445968e-6	6.621028197287827e-7	0.00038231082560184613	0.00039250819723215695	0.0003004574210260224	0.00021735730096581813	0.00025790212922992213	0.0002511622779305622	0.0002466756427483574	0.0002616066684664233	0.0004001665750377256	0.000022232183260810457	0.00024177033441060268	7.737784666512329e-6	7.734828032507111e-6	7.737998290955256e-6	5.749539486011778e-14	5.749539486011778e-14	5.749539486011778e-14
0.1348962882591656	4.774482415871447e-6	5.467650972306699e-7	4.736105568485907e-6	5.042922459817047e-7	4.778265100483612e-6	5.509535636835409e-7	0.00033335422642578866	0.00034294235205129935	0.0002591225168644824	0.00017843972689789525	0.00022099081992236311	0.00021567282505010897	0.00021061235369418234	0.00022466166487681698	0.00035062908282966124	0.000019093625313494915	0.00020160761682733318	6.426887452243003e-6	6.424388305033357e-6	6.427105702605467e-6	5.3657824529225996e-14	5.3657824529225996e-14	5.3657824529225996e-14
0.1445439770745928	3.9348676046963805e-6	4.493075182407079e-7	3.901773451881305e-6	4.126700218180289e-7	3.9368328908620684e-6	4.514736199887325e-7	0.00028906168139636497	0.00029843214975946335	0.00021683494454190964	0.0001439816421332571	0.00018784337260901047	0.0001837365403281057	0.00017791736741748254	0.00019095061143110822	0.00030546408241551	0.000016333412473093466	0.00016480319695781186	5.2854586064810745e-6	5.283343978491546e-6	5.285636179516548e-6	5.007639551331051e-14	5.007639551331051e-14	5.007639551331051e-14
0.15488166189124797	3.2429029406453463e-6	3.6922116457345063e-7	3.214420761881937e-6	3.37694161003361e-7	3.243573323088487e-6	3.699557330802672e-7	0.000250654256127438	0.00025969888955777726	0.0001814485045276188	0.00011617767877021916	0.00015966786604766503	0.00015652929961805845	0.00015029787699315692	0.00016229798717955028	0.0002661168460212398	0.000013972221547033876	0.0001347175972561422	4.346749945197048e-6	4.344962083501884e-6	4.346894405500222e-6	4.673401148120825e-14	4.673401148120825e-14	4.673401148120825e-14
0.1659586907437563	2.6422516570341384e-6	2.995654113941435e-7	2.61842695393989e-6	2.7319216729260864e-7	2.6424327456064692e-6	2.99761155962144e-7	0.0002160640855600318	0.00022473178060998267	0.0001472028511530447	0.00009231396780829777	0.0001346716633176981	0.00013227773682136405	0.00012569730008416216	0.00013656327114000517	0.00023087472057116523	0.000011844168068387807	0.0001081264027741071	3.534573762117661e-6	3.533042915676853e-6	3.5346229366640406e-6	4.361471720833345e-14	4.361471720833345e-14	4.361471720833345e-14
0.1778279410038923	2.152853152524629e-6	2.430506274130211e-7	2.1329378513300033e-6	2.210105145089871e-7	2.1527032440890906e-6	2.4288514162386574e-7	0.00018624734241559467	0.00019447281157857122	0.00011942054548202358	0.00007335203063719696	0.00011358864716925187	0.00011178354276980085	0.00010512331620737021	0.00011490917015395121	0.00020029974575363682	0.000010040229949116372	0.00008678390362499974	2.874150074736907e-6	2.872842617294872e-6	2.8741345289140875e-6	4.070362241272178e-14	4.070362241272178e-14	4.070362241272178e-14
0.1905460717963252	1.7336059910782875e-6	1.9624964389941376e-7	1.7158202554074354e-6	1.7655802406266725e-7	1.7317341035899091e-6	1.941705166284018e-7	0.00015952738201970492	0.00016736210742796876	0.00009448844214637872	0.000057360261150634124	0.00009490179019740498	0.00009358227886918171	0.00008711412907612734	0.00009579259452706885	0.00017292272460673038	8.424207567402938e-6	0.00006825318865368027	2.3080242634615455e-6	2.3069164370330407e-6	2.307957436696677e-6	3.7986830674689307e-14	3.7986830674689307e-14	3.7986830674689307e-14
0.20417379446695316	1.3960031267242623e-6	1.5846049500295916e-7	1.3802742292892886e-6	1.410463928839284e-7	1.3930870470747839e-6	1.5522641391595242e-7	0.00013664079864975415	0.00014403080191708188	0.00007476155516802273	0.000044854921270584737	0.00007928917200019572	0.00007834465343779853	0.00007219018347672899	0.00007985630001446827	0.0001492876018035206	7.068291612677194e-6	0.00005367928344782317	1.8534091339036625e-6	1.8524730228572215e-6	1.8533118321417235e-6	3.5451373100800913e-14	3.5451373100800913e-14	3.5451373100800913e-14
0.21877616239495518	1.107211535034323e-6	1.260098836315727e-7	1.0937632258347655e-6	1.1111819778226624e-7	1.1044660024382168e-6	1.229641298518826e-7	0.00011625641375220343	0.00012315340852247887	0.000057644008881879253	0.00003438941304981786	0.00006564093305990296	0.0000648222709196634	0.000059218247632186696	0.00006574900430315813	0.0001278625277118145	5.8905468321621384e-6	0.00004141750088619068	1.4665602948762615e-6	1.465772355053463e-6	1.466485852442073e-6	3.308514641548126e-14	3.308514641548126e-14	3.308514641548126e-14
0.23442288153199276	8.781623478091156e-7	1.0020472782535322e-7	8.667248643803542e-7	8.754037324825184e-8	8.756417289955285e-7	9.740724435222263e-8	0.00009891301772296617	0.00010530221194932935	0.00004444572818885626	0.00002636570740536597	0.00005434199884145564	0.000053633868079055287	0.0000485772536339014	0.00005413388256247074	0.00010951228230172315	4.909042224525954e-6	0.000031956637076293565	1.1604556485472201e-6	1.1597948096027622e-6	1.1603987618896667e-6	3.0876855184745956e-14	3.0876855184745956e-14	3.0876855184745956e-14
0.25118864315095824	6.833541497181521e-7	7.813703699521664e-8	6.739746936803483e-7	6.775144995692484e-8	6.827912050371957e-7	7.749730355260734e-8	0.00008352881983083561	0.00008934295817545373	0.000033310774775323445	0.00001975137805552347	0.000044406782898740196	0.00004385834033006799	0.000039355484182118354	0.00004405513081600401	0.00009316339174254012	4.023685471783057e-6	0.000024071200170858042	9.013472188683477e-7	9.007966598533519e-7	9.013028510827516e-7	2.8815957896250073e-14	2.8815957896250073e-14	2.8815957896250073e-14
0.2691534803926914	5.317614619916774e-7	6.092922642365698e-8	5.240900617824897e-7	5.243590815232636e-8	5.324139019858515e-7	6.165693422357798e-8	0.00007053736609142224	0.00007580243593915996	0.000024965452504624173	0.000014796376561958582	0.00003628799840743997	0.00003586454017586032	0.00003188434955343061	0.00003585286071021184	0.00007925519748607624	3.298004791026516e-6	0.000018131528554841296	7.000929419222423e-7	6.99636362988104e-7	7.00058338606826e-7	2.6892616638260437e-14	2.6892616638260437e-14	2.6892616638260437e-14
0.28840315031266117	4.0502317113268895e-7	4.6834034058654145e-8	3.98572568476458e-7	3.969261325145122e-8	4.052515260028205e-7	4.709114201244497e-8	0.000058987496605339285	0.00006370282991362931	0.00001810977181310711	0.000010824826903509995	0.000029178821810451634	0.000028749440749648925	0.000025445979802570666	0.00002862959472477501	0.00006670682999531692	2.6512673257394406e-6	0.000013310530700937554	5.318222303696399e-7	5.314576131958013e-7	5.318028997339013e-7	2.50976501373412e-14	2.50976501373412e-14	2.50976501373412e-14
0.30902954325135923	3.0849127076634526e-7	3.5999583040095344e-8	3.0311601750588866e-7	3.0046271767668574e-8	3.0846076467023146e-7	3.5966362647792516e-8	0.00004932881603851213	0.00005353456638599153	0.000013136707017910803	7.919295443738388e-6	0.000023462402987527127	0.000023045892666258302	0.00002030770259333001	0.000022861598150560346	0.00005614522844140177	2.1313548275185444e-6	9.771389489017915e-6	4.0399619504628096e-7	4.037057099454752e-7	4.0398679448374853e-7	2.3422489930571906e-14	2.3422489930571906e-14	2.3422489930571906e-14
0.3311311214825908	2.2857304865864195e-7	2.6790445671036865e-8	2.2436410786094427e-7	2.2129014765601215e-8	2.2883957626445952e-7	2.7084323544140606e-8	0.00004065189151103389	0.00004434929104533721	9.165789153009114e-6	5.639850112738304e-6	0.000018506660125807148	0.00001810389500910129	0.00001588874335153605	0.00001788043836089799	0.000046541730567056206	1.6856612072082469e-6	6.942101105617249e-6	2.986785586542205e-7	2.9844889793473955e-7	2.9866851099753525e-7	2.1859139463080478e-14	2.1859139463080478e-14	2.1859139463080478e-14
0.354813389233576	1.693585638365642e-7	1.993711922866942e-8	1.6607255964379554e-7	1.6297971950820327e-8	1.6977054349483106e-7	2.0395740014835732e-8	0.00003350123550775363	0.000036739993409915305	6.395186456002608e-6	4.0165074683889186e-6	0.00001459767225011904	0.000014221667142467467	0.000012431350327825573	0.00001398458996052432	0.00003858088646726588	1.3331678370958605e-6	4.9320281229987955e-6	2.208161425617917e-7	2.2063533530523747e-7	2.208064240700609e-7	2.0400135915641036e-14	2.0400135915641036e-14	2.0400135915641036e-14
0.38018939632056126	1.217756129356789e-7	1.5074873628005136e-8	1.1862212322558241e-7	1.160206258641396e-8	1.2119614122047482e-7	1.4453551817629887e-8	0.00002690100132757664	0.000029722897246810976	4.24571020304289e-6	2.759794993164935e-6	0.000011178927671899595	0.000010834958390890076	9.473077686516124e-6	0.00001063123664097736	0.000031246597013273906	1.038224254086882e-6	3.3843540371787335e-6	1.576128724884453e-7	1.5746397776140065e-7	1.575890623082414e-7	1.9038514580115186e-14	1.9038514580115186e-14	1.9038514580115186e-14
0.40738027780411384	8.756155915546533e-8	1.1398427841748287e-8	8.47292782668365e-8	8.25917829931523e-9	8.651974803379349e-8	1.024258791262056e-8	0.000021601109972758556	0.00002404602012002668	2.818691097161448e-6	1.896291358659702e-6	8.560845986423707e-6	8.25475115936013e-6	7.218781426656553e-6	8.081981154649464e-6	0.000025306567948829085	8.085325581528702e-7	2.3223412282579383e-6	1.1250000695536475e-7	1.1237957083410919e-7	1.1247096937410865e-7	1.776777561267867e-14	1.776777561267867e-14	1.776777561267867e-14
0.43651583224016655	6.011424380099713e-8	8.010769475076339e-9	5.7968457989099196e-8	5.634849837491343e-9	5.948006763099563e-8	7.303946164536738e-9	0.000016764444679337644	0.000018842429617253502	1.7570059505038976e-6	1.2482478171413273e-6	6.3123502343712e-6	6.045519400725021e-6	5.30709586508347e-6	5.91383345568981e-6	0.00001989461918820129	6.142695798244562e-7	1.526988890202506e-6	7.692373669753706e-8	7.683301076221592e-8	7.69092196592493e-8	1.658185300612829e-14	1.658185300612829e-14	1.658185300612829e-14
0.4677351412871981	4.1270648245876545e-8	5.629936731079219e-9	3.965975150940492e-8	3.844393660045908e-9	4.089099339501036e-8	5.20841315003192e-9	0.000013010748325479749	0.000014764902969762541	1.0952139853902147e-6	8.216683611844167e-7	4.654419147892148e-6	4.427547738141102e-6	3.901664956523149e-6	4.327333295192886e-6	0.000015640045439739695	4.666814130030021e-7	1.0040277640641805e-6	5.259787468155204e-8	5.2530112893036826e-8	5.2591598538816587e-8	1.5475085633152762e-14	1.5475085633152762e-14	1.5475085633152762e-14
0.5011872336272735	2.692404781636522e-8	3.8149235133029785e-9	2.5722519829695596e-8	2.486199631085681e-9	2.682796996459564e-8	3.6982703721928613e-9	9.628798002010136e-6	0.000011073035881768882	6.391545893726207e-7	5.143637860302607e-7	3.275900024623107e-6	3.0838757485643996e-6	2.7374424357540013e-6	3.0112979454929706e-6	0.000011749755524805177	3.4881230050607364e-7	6.316343343880456e-7	3.4095500377303874e-8	3.404591008428174e-8	3.4092908259941696e-8	1.4442190222341506e-14	1.4442190222341506e-14	1.4442190222341506e-14
0.5370317963702532	1.756464658609679e-8	2.5850452869232163e-9	1.668311074092823e-8	1.6078448650695417e-9	1.7601430355787972e-8	2.625982876522756e-9	7.1259353147235015e-6	8.304295930020252e-6	3.730034445921941e-7	3.219913494028398e-7	2.305662775598082e-6	2.1479812742971553e-6	1.9206136796903806e-6	2.095497318545731e-6	8.827132595273945e-6	2.607132351841888e-7	3.9736145419215306e-7	2.2101713291972362e-8	2.2065895723987135e-8	2.2100990004381457e-8	1.347823613792848e-14	1.347823613792848e-14	1.347823613792848e-14
0.5754399373371566	1.0872958881623396e-8	1.6269596603457088e-9	1.0298158885017294e-8	9.898707786931086e-10	1.0894696628781098e-8	1.6512401855791005e-9	5.0288292094982e-6	5.987928982873697e-6	2.077466384881257e-7	1.939785203433063e-7	1.5503726523291252e-6	1.4373470363158575e-6	1.2828618762372758e-6	1.397346745500146e-6	6.3603795121617675e-6	1.8753094103085234e-7	2.4060717990149406e-7	1.3636641595975113e-8	1.3612074100642031e-8	1.363500916253934e-8	1.2578621842879201e-14	1.2578621842879201e-14	1.2578621842879201e-14
0.6165950018614835	6.516912096820237e-9	1.0022745288201036e-9	6.1436682982636234e-9	5.885575649952943e-10	6.533130912396259e-9	1.0204576274954818e-9	3.4229510320525486e-6	4.174698951701534e-6	1.1344926039621212e-7	1.1367631355735889e-7	1.0017932925860957e-6	9.191914740093186e-7	8.26428042298247e-7	8.925546073300513e-7	4.432358635228697e-6	1.3717048062297492e-7	1.387360576375804e-7	8.129651429215944e-9	8.114056668030476e-9	8.12751523568717e-9	1.1739052932965955e-14	1.1739052932965955e-14	1.1739052932965955e-14
0.6606934480075964	3.7345884721871094e-9	5.621392464535542e-10	3.531344493278721e-9	3.369041990039198e-10	3.751971418450107e-9	5.81548140490348e-10	2.235262623107163e-6	2.786141164771488e-6	6.095514837382465e-8	6.482648409997209e-8	6.263660781167432e-7	5.67634088480096e-7	5.10961090377462e-7	5.472516498276961e-7	2.954174005634024e-6	9.802154444600177e-8	7.875247483257469e-8	4.668389367565378e-9	4.659241159509232e-9	4.667185616009086e-9	1.0955521636974027e-14	1.0955521636974027e-14	1.0955521636974027e-14
0.7079457843841374	2.0727944874438115e-9	3.228279978564393e-10	1.9487519548285094e-9	1.8538273802618159e-10	2.0973066540802713e-9	3.5011576135131095e-10	1.3977959461351696e-6	1.774584112813491e-6	3.2099894734495987e-8	3.5392977459676496e-8	3.7435813248856085e-7	3.362894809946292e-7	3.0396162898587124e-7	3.23357701969134e-7	1.8795434586286846e-6	6.782412315730807e-8	4.381901585500194e-8	2.5752205950238112e-9	2.5693811212639838e-9	2.5746352380074245e-9	1.0224287685180517e-14	1.0224287685180517e-14	1.0224287685180517e-14
0.7585775750291851	1.1275288336253377e-9	2.0575807934424024e-10	1.0302076696424153e-9	9.789836103196665e-11	1.166926133270041e-9	2.496278233673031e-10	8.344727843389402e-7	1.0738454235178248e-6	1.685983260855243e-8	1.8957087359552976e-8	2.1451479554164357e-7	1.909538994418156e-7	1.7406156222481029e-7	1.8367547876869253e-7	1.13609932878174e-6	4.4682713443006465e-8	2.3704430783760952e-8	1.3622202988805177e-9	1.3579543565755172e-9	1.3611240882706391e-9	9.541860454780406e-15	9.541860454780406e-15	9.541860454780406e-15
0.8128305161640995	6.252576188145496e-10	1.6945677823545837e-10	5.169297720860161e-10	4.92477845031252e-11	5.889136095822781e-10	1.2913755580921675e-10	4.764731242291836e-7	6.19242134644539e-7	8.849383060695416e-9	1.0174482898762682e-8	1.1895649644748897e-7	1.0448051700012985e-7	9.641499665412387e-8	1.005400645572169e-7	6.568003365854468e-7	2.837245217680507e-8	1.2490021679298692e-8	6.844882039917066e-10	6.818027897703915e-10	6.83437867517573e-10	8.904982307028559e-15	8.904982307028559e-15	8.904982307028559e-15
0.8709635899560796	2.9463018166775785e-10	8.752171917916254e-11	2.3617990689903194e-10	2.2651493738670703e-11	2.750220771093371e-10	6.576507025697555e-11	2.6535010038377567e-7	3.4801847157336526e-7	4.709481081691624e-9	5.403411588632504e-9	6.512233313414382e-8	5.542366495956844e-8	5.301529915926224e-8	5.370326067749969e-8	3.6944630089871904e-7	1.6431375427957944e-8	6.291473708438523e-9	3.1333538408792744e-10	3.120131685458861e-10	3.1282155932030536e-10	8.310613036555527e-15	8.310613036555527e-15	8.310613036555527e-15
0.9332543007969925	1.1571821230911182e-10	4.4816991503838634e-11	8.25489126712876e-11	7.993488233365736e-12	1.0459439111452281e-10	3.2469300167123256e-11	1.5156259955593747e-7	1.9944695981107958e-7	2.5865051381095278e-9	2.9481122589688766e-9	3.664550277812793e-8	2.8980338899233305e-8	3.005145453543455e-8	2.851461725181146e-8	2.1307234914890277e-7	8.994128117052544e-9	3.0030891199950423e-9	1.099092554730425e-10	1.0930972110472317e-10	1.0968599466936918e-10	7.755915358624965e-15	7.755915358624965e-15	7.755915358624965e-15