1.e-9	0	0	0	0	0	0	2.078548481630639e-13	0	0	0	0	0	0	0	8.8009668696004e-18	2.237480216415647e-19	0	1.8749074743963619e-19	1.8749074743963619e-19	1.8749074743963619e-19	0	0	0
1.0715193052376092e-9	0	0	0	0	0	0	3.2695265352625515e-13	0	0	0	0	0	0	0	1.384379236115141e-17	3.791891282200317e-19	0	3.1774197727412075e-19	3.1774197727412075e-19	3.1774197727412075e-19	0	0	0
1.148153621496884e-9	0	0	0	0	0	0	5.142917694370567e-13	0	0	0	0	0	0	0	2.1776083216566425e-17	6.426175029632023e-19	0	5.384797143366575e-19	5.384797143366575e-19	5.384797143366575e-19	0	0	0
1.2302687708123811e-9	0	0	0	0	0	0	8.089734744712155e-13	0	0	0	0	0	0	0	3.425346089309714e-17	1.0890535207408738e-18	0	9.125656145267717e-19	9.125656145267717e-19	9.125656145267717e-19	0	0	0
1.31825673855641e-9	0	0	0	0	0	0	1.3466955862053294e-12	0	0	0	0	0	0	0	5.702162742640149e-17	1.8500445325813756e-18	0	1.5502312460298528e-18	1.5502312460298528e-18	1.5502312460298528e-18	0	0	0
1.4125375446227555e-9	0	0	0	0	0	0	2.2418398861473666e-12	0	0	0	0	0	0	0	9.492372185405539e-17	3.142788400523755e-18	0	2.6334730105005514e-18	2.6334730105005514e-18	2.6334730105005514e-18	0	0	0
1.5135612484362133e-9	0	0	0	0	0	0	3.7885510335303375e-12	0	0	0	0	0	0	0	1.604143835156562e-16	5.342670194334505e-18	0	4.4768436132875614e-18	4.4768436132875614e-18	4.4768436132875614e-18	0	0	0
1.6218100973589331e-9	0	0	0	0	0	0	6.402383605695356e-12	0	0	0	0	0	0	0	2.7108897476936396e-16	9.082420184786687e-18	0	7.61053128622125e-18	7.61053128622125e-18	7.61053128622125e-18	0	0	0
1.7378008287493762e-9	0	0	0	0	0	0	1.0866990305670349e-11	0	0	0	0	0	0	0	4.601288268742528e-16	1.5443228485548143e-17	0	1.2940511132977914e-17	1.2940511132977914e-17	1.2940511132977914e-17	0	0	0
1.8620871366628732e-9	0	0	0	0	0	0	1.844492388717265e-11	0	0	0	0	0	0	0	7.809927995072415e-16	2.6258783584614116e-17	0	2.2003303328626037e-17	2.2003303328626037e-17	2.2003303328626037e-17	0	0	0
1.9952623149688828e-9	0	0	0	0	0	0	3.134804413550371e-11	0	0	0	0	0	0	0	1.3273352002129221e-15	4.465182273083775e-17	0	3.7415577961947166e-17	3.7415577961947166e-17	3.7415577961947166e-17	0	0	0
2.1379620895022324e-9	0	0	0	0	0	0	5.3277523785551133e-11	0	0	0	0	0	0	0	2.2558706493016968e-15	7.592831810969587e-17	0	6.362342296146534e-17	6.362342296146534e-17	6.362342296146534e-17	0	0	0
2.2908676527677795e-9	0	0	0	0	0	0	9.058317765469728e-11	0	0	0	0	0	0	0	3.835462259745571e-15	1.291150371102161e-16	0	1.0819073479175687e-16	1.0819073479175687e-16	1.0819073479175687e-16	0	0	0
2.4547089156850337e-9	0	0	0	0	0	0	1.5401076271955276e-10	0	0	0	0	0	0	0	6.5211056097056294e-15	2.1955830476696028e-16	0	1.839768209558442e-16	1.839768209558442e-16	1.839768209558442e-16	0	0	0
2.6302679918953816e-9	0	0	0	0	0	0	2.618820473530308e-10	0	0	0	0	0	0	0	1.1088578862086566e-14	3.733579989980037e-16	0	3.128518303279788e-16	3.128518303279788e-16	3.128518303279788e-16	0	0	0
2.818382931264461e-9	0	0	0	0	0	0	4.453078831295716e-10	0	0	0	0	0	0	0	1.8855174036395324e-14	6.3489374981169295e-16	0	5.320032557963215e-16	5.320032557963215e-16	5.320032557963215e-16	0	0	0
3.019951720402019e-9	0	0	0	0	0	0	7.572345770964782e-10	0	0	0	0	0	0	0	3.206273744148388e-14	1.0796361310619048e-15	0	9.046709570008981e-16	9.046709570008981e-16	9.046709570008981e-16	0	0	0
3.2359365692962944e-9	0	0	0	0	0	0	1.2876578800283125e-9	0	0	0	0	0	0	0	5.4521858576179844e-14	1.8359200666885067e-15	0	1.5383919769737562e-15	1.5383919769737562e-15	1.5383919769737562e-15	0	0	0
3.4673685045253237e-9	0	0	0	0	0	0	2.1896524146642324e-9	0	0	0	0	0	0	0	9.271400512097007e-14	3.1219817376174906e-15	0	2.6160352747008563e-15	2.6160352747008563e-15	2.6160352747008563e-15	0	0	0
3.715352290971728e-9	0	0	0	0	0	0	3.723487248755332e-9	0	0	0	0	0	0	0	1.576594593443736e-13	5.308929373813801e-15	0	4.448567504844477e-15	4.448567504844477e-15	4.448567504844477e-15	0	0	0
3.9810717055349855e-9	0	0	0	0	0	0	6.3317820608748336e-9	0	0	0	0	0	0	0	2.680995716412996e-13	9.027834875766296e-15	0	7.56478943983508e-15	7.56478943983508e-15	7.56478943983508e-15	0	0	0
4.265795188015934e-9	0	0	0	0	0	0	1.076718178095496e-8	0	0	0	0	0	0	0	4.559027451518008e-13	1.535183401499157e-14	0	1.2863925118978548e-14	1.2863925118978548e-14	1.2863925118978548e-14	0	0	0
4.570881896148752e-9	0	0	0	0	0	0	1.8309587203638292e-8	0	0	0	0	0	0	0	7.752623888544265e-13	2.6105796377701784e-14	0	2.187510687238403e-14	2.187510687238403e-14	2.187510687238403e-14	0	0	0
4.8977881936844766e-9	0	0	0	0	0	0	3.113544383179236e-8	0	0	0	0	0	0	0	1.318333302362822e-12	4.4392911221452587e-14	0	3.719862299044522e-14	3.719862299044522e-14	3.719862299044522e-14	0	0	0
5.248074602497734e-9	0	0	0	0	0	0	5.2945822024236524e-8	0	0	0	0	0	0	0	2.2418257717029384e-12	7.549015424965995e-14	0	6.325626569955497e-14	6.325626569955497e-14	6.325626569955497e-14	0	0	0
5.623413251903491e-9	0	0	0	0	0	0	9.003436999217679e-8	0	0	0	0	0	0	0	3.812224709535888e-12	1.2837102212579708e-13	0	1.075672922430652e-13	1.075672922430652e-13	1.075672922430652e-13	0	0	0
6.025595860743593e-9	0	0	0	0	0	0	1.5310345901274797e-7	0	0	0	0	0	0	0	6.482688662279932e-12	2.1829494928931377e-13	0	1.8291820238309618e-13	1.8291820238309618e-13	1.8291820238309618e-13	0	0	0
6.456542290346562e-9	0	0	0	0	0	0	2.603524538873705e-7	0	0	0	0	0	0	0	1.1023812994792254e-11	3.712106057590127e-13	0	3.110524404337983e-13	3.110524404337983e-13	3.110524404337983e-13	0	0	0
6.918309709189363e-9	0	0	0	0	0	0	4.4272939668526874e-7	0	0	0	0	0	0	0	1.8745996066036435e-11	6.312437115852076e-13	0	5.289447390530429e-13	5.289447390530429e-13	5.289447390530429e-13	0	0	0
7.413102413009192e-9	0	0	0	0	0	0	7.528614221324346e-7	0	0	0	0	0	0	0	3.187756982759826e-11	1.0734300616253929e-12	0	8.9947063775395e-13	8.9947063775395e-13	8.9947063775395e-13	0	0	0
7.943282347242822e-9	0	0	0	0	0	0	1.2802409998005186e-6	0	0	0	0	0	0	0	5.420781390511498e-11	1.8253680417109507e-12	0	1.529550005453495e-12	1.529550005453495e-12	1.529550005453495e-12	0	0	0
8.511380382023759e-9	0	0	0	0	0	0	2.1770500777259495e-6	0	0	0	0	0	0	0	9.218039845144206e-11	3.1040387322994022e-12	0	2.601000100486704e-12	2.601000100486704e-12	2.601000100486704e-12	0	0	0
9.120108393559115e-9	0	0	0	0	0	0	3.702074104051214e-6	0	0	0	0	0	0	0	1.5675278648834305e-10	5.278418506624477e-12	0	4.4230012091279485e-12	4.4230012091279485e-12	4.4230012091279485e-12	0	0	0
9.772372209558111e-9	0	0	0	0	0	0	6.295377773855651e-6	0	0	0	0	0	0	0	2.665581455997239e-10	8.97595176283015e-12	0	7.521314471416869e-12	7.521314471416869e-12	7.521314471416869e-12	0	0	0
1.0471285480509006e-8	0	0	0	0	0	0	0.000010705291204420956	0	0	0	0	0	0	0	4.5328218163590636e-10	1.526360783072405e-11	0	1.2789996815564122e-11	1.2789996815564122e-11	1.2789996815564122e-11	0	0	0
1.1220184543019653e-8	0	0	0	0	0	0	0.000018204349903733406	0	0	0	0	0	0	0	7.708064434734834e-10	2.5955768275729635e-11	0	2.174939223240948e-11	2.174939223240948e-11	2.174939223240948e-11	0	0	0
1.202264434617413e-8	0	0	0	0	0	0	0.000030956500777193286	0	0	0	0	0	0	0	1.3107565165817315e-9	4.4137789326229143e-11	0	3.698484599376093e-11	3.698484599376093e-11	3.698484599376093e-11	0	0	0
1.288249551693135e-8	0	0	0	0	0	0	0.00005264153597552228	0	0	0	0	0	0	0	2.2289417276006493e-9	7.505631988663802e-11	0	6.289273826897619e-11	6.289273826897619e-11	6.289273826897619e-11	0	0	0
1.3803842646028866e-8	0	0	0	0	0	0	0.00008951694282208908	0	0	0	0	0	0	0	3.790315869129906e-9	1.2763328750576815e-10	0	1.0694911444676782e-10	1.0694911444676782e-10	1.0694911444676782e-10	0	0	0
1.4791083881682102e-8	0	0	0	0	0	0	0.00015222357979713296	0	0	0	0	0	0	0	6.4454329199729945e-9	2.1704043182686027e-10	0	1.8186699125788675e-10	1.8186699125788675e-10	1.8186699125788675e-10	0	0	0
1.5848931924611173e-8	0	0	0	0	0	0	0.0002588562289572824	0	0	0	0	0	0	0	1.0960460014702395e-8	3.6907729925475587e-10	0	3.0926485628537e-10	3.0926485628537e-10	3.0926485628537e-10	0	0	0
1.698243652461746e-8	0	0	0	0	0	0	0.0004401850709284535	0	0	0	0	0	0	0	1.863826452395864e-8	6.276160237915827e-10	0	5.259049521393648e-10	5.259049521393648e-10	5.259049521393648e-10	0	0	0
1.8197008586099862e-8	0	0	0	0	0	0	0.0007485348042423432	0	0	0	0	0	0	0	3.1694372681544373e-8	1.0672611783912373e-9	0	8.943014799896757e-10	8.943014799896757e-10	8.943014799896757e-10	0	0	0
1.9498445997580494e-8	0	0	0	0	0	0	0.0012728835895781312	0	0	0	0	0	0	0	5.38962873064348e-8	1.8148778548064702e-9	0	1.52075985186724e-9	1.52075985186724e-9	1.52075985186724e-9	0	0	0
2.0892961308540408e-8	0	0	0	0	0	0	0.002164538807597862	0	0	0	0	0	0	0	9.165064772253583e-8	3.086200167827949e-9	0	2.586052442939286e-9	2.586052442939286e-9	2.586052442939286e-9	0	0	0
2.2387211385683424e-8	0	0	0	0	0	0	0.003680798690436328	0	0	0	0	0	0	0	1.5585194542625376e-7	5.248084024319459e-9	0	4.3975827146020176e-9	4.3975827146020176e-9	4.3975827146020176e-9	0	0	0
2.3988329190194947e-8	0	0	0	0	0	0	0.006259198935112088	0	0	0	0	0	0	0	2.650262654629228e-7	8.92436796985293e-9	0	7.478090316601265e-9	7.478090316601265e-9	7.478090316601265e-9	0	0	0
2.5703957827688646e-8	0	0	0	0	0	0	0.010643769084981793	0	0	0	0	0	0	0	4.506772192873126e-7	1.5175889580324114e-8	0	1.2716494131550472e-8	1.2716494131550472e-8	1.2716494131550472e-8	0	0	0
2.754228703338169e-8	0	0	0	0	0	0	0.01809973153256321	0	0	0	0	0	0	0	7.663767047006007e-7	2.5806603373167667e-8	0	2.1624400903365503e-8	2.1624400903365503e-8	2.1624400903365503e-8	0	0	0
2.95120922666639e-8	0	0	0	0	0	0	0.03077859721826386	0	0	0	0	0	0	0	1.3032237450043304e-6	4.3884134378748077e-8	0	3.677229821301859e-8	3.677229821301859e-8	3.677229821301859e-8	0	0	0
3.162277660168386e-8	0	0	0	0	0	0	0.05233901094167175	0	0	0	0	0	0	0	2.2161322481829383e-6	7.462497959628259e-8	0	6.253130072411438e-8	6.253130072411438e-8	6.253130072411438e-8	0	0	0
3.3884415613920346e-8	0	0	0	0	0	0	0.08900249894192423	0	0	0	0	0	0	0	3.76853334683541e-6	1.2689979325290373e-7	0	1.0633448982705723e-7	1.0633448982705723e-7	1.0633448982705723e-7	0	0	0
3.6307805477010175e-8	0	0	0	0	0	0	0.04558551796645047	0	0	0	0	0	0	0	6.408391736483438e-6	2.1579312469830254e-7	0	1.8082182196506838e-7	1.8082182196506838e-7	1.8082182196506838e-7	0	0	0
3.890451449942813e-8	0	0	0	0	0	0	0.023348102277728003	0	0	0	0	0	0	0	0.000010897471474603776	3.6695625322458847e-7	0	3.074875456866989e-7	3.074875456866989e-7	3.074875456866989e-7	0	0	0
4.1686938347033635e-8	0	0	0	0	0	0	0.011958869748126842	0	0	0	0	0	0	0	0.00001853115249863964	6.240092585290425e-7	0	5.228826746278864e-7	5.228826746278864e-7	5.228826746278864e-7	0	0	0
4.4668359215096346e-8	0	0	0	0	0	0	0.006125318621252118	0	0	0	0	0	0	0	0.0000315122286603937	1.0611279990687093e-6	0	8.891621636753499e-7	8.891621636753499e-7	8.891621636753499e-7	0	0	0
4.78630092322639e-8	0	0	0	0	0	0	0.003137678035505695	0	0	0	0	0	0	0	0.00005358655136089835	1.0793825462729674e-6	0	9.044249887352893e-7	9.044249887352893e-7	9.044249887352893e-7	0	0	0
5.128613839913659e-8	0	0	0	0	0	0	0.001607267158370702	0	0	0	0	0	0	0	0.00009112394168309751	1.0979511258031187e-6	0	9.199498063071914e-7	9.199498063071914e-7	9.199498063071914e-7	0	0	0
5.495408738576248e-8	0	0	0	0	0	0	0.0008235722363271108	0	0	0	0	0	0	0	0.00015495628169726776	8.535671114062079e-7	0	7.133747168469195e-7	7.133747168469195e-7	7.133747168469195e-7	0	0	0
5.888436553555896e-8	0	0	0	0	0	0	0.00042200279207869467	0	0	0	0	0	0	0	0.00026350318910641575	6.635785478533143e-7	0	5.531861446650424e-7	5.531861446650424e-7	5.531861446650424e-7	0	0	0
6.309573444801943e-8	0	0	0	0	0	0	0.00021713754537499314	0	0	0	0	0	0	0	0.0004480872276278689	8.72536465859084e-7	0	7.2632128597171e-7	7.2632128597171e-7	7.2632128597171e-7	0	0	0
6.760829753919818e-8	0	0	0	0	0	0	0.00011172607029264869	0	0	0	0	0	0	0	0.0007619724233475595	1.1472942980401139e-6	0	9.53643932595273e-7	9.53643932595273e-7	9.53643932595273e-7	0	0	0
7.244359600749906e-8	0	0	0	0	0	0	0.000059252004068823764	0	0	0	0	0	0	0	0.0012957342636517749	1.1176410590915453e-6	0	9.283237814260057e-7	9.283237814260057e-7	9.283237814260057e-7	0	0	0
7.762471166286928e-8	0	0	0	0	0	0	0.000031423283544977435	0	0	0	0	0	0	0	0.0022033963835924354	1.088754244748802e-6	0	9.036759042924888e-7	9.036759042924888e-7	9.036759042924888e-7	0	0	0
8.317637711026726e-8	0	0	0	0	0	0	0.00002060799259606831	0	0	0	0	0	0	0	0.0037468760064627237	7.678268200630995e-7	0	6.326139496276322e-7	6.326139496276322e-7	6.326139496276322e-7	0	0	0
8.912509381337478e-8	0	0	0	0	0	0	0.000013515117165644176	0	0	0	0	0	0	0	0.006371563424696135	5.41497797553254e-7	0	4.428583382189594e-7	4.428583382189594e-7	4.428583382189594e-7	0	0	0
9.549925860214369e-8	0	0	0	0	0	0	0.000015899196063366105	0	0	0	0	0	0	0	0.010834844922784265	6.0216906155367e-7	0	4.884837227828331e-7	4.884837227828331e-7	4.884837227828331e-7	0	0	0
1.0232929922807557e-7	0	0	0	0	0	0	0.0000187038286359773	0	0	0	0	0	0	0	0.01842465603430556	6.69638141338472e-7	0	5.388096527287324e-7	5.388096527287324e-7	5.388096527287324e-7	0	0	0
1.0964781961431874e-7	0	0	0	0	0	0	0.000030190073611193168	0	0	0	0	0	0	0	0.019498440458522857	1.0621800179401058e-6	0	8.508901544248259e-7	8.508901544248259e-7	8.508901544248259e-7	0	0	0
1.1748975549395303e-7	0	0	0	0	0	0	0.00004873015907000307	0	0	0	0	0	0	0	0.020634804775007603	1.6848299415205285e-6	0	1.343728812634316e-6	1.343728812634316e-6	1.343728812634316e-6	0	0	0
1.2589254117941688e-7	0	0	0	0	0	0	0.0000821328304312051	0	0	0	0	0	0	0	0.021630724956353608	1.9210329515833026e-6	0	1.503159130438666e-6	1.503159130438666e-6	1.503159130438666e-6	0	0	0
1.3489628825916562e-7	0	0	0	0	0	0	0.00013843176306792767	0	0	0	0	0	0	0	0.022674712324107626	2.190350201005082e-6	0	1.6815054869527656e-6	1.6815054869527656e-6	1.6815054869527656e-6	0	0	0
1.445439770745928e-7	0	0	0	0	0	0	0.00023493094990576557	0	0	0	0	0	0	0	0.02655562474458944	2.682960190837075e-6	0	2.0068497877980552e-6	2.0068497877980552e-6	2.0068497877980552e-6	0	0	0
1.5488166189124826e-7	0	0	0	0	0	0	0.0003986986078949625	0	0	0	0	0	0	0	0.031100778501418035	3.286358219025284e-6	0	2.395142984685568e-6	2.395142984685568e-6	2.395142984685568e-6	0	0	0
1.659586907437563e-7	0	0	0	0	0	0	0.0006779809617122252	0	0	0	0	0	0	0	0.01595940780808047	6.009596668987653e-6	0	4.127561043906281e-6	4.127561043906281e-6	4.127561043906281e-6	0	0	0
1.7782794100389227e-7	0	0	0	0	0	0	0.0011528963867497145	0	0	0	0	0	0	0	0.00818959234647463	0.000010989444764368873	0	7.11304514181625e-6	7.11304514181625e-6	7.11304514181625e-6	0	0	0
1.9054607179632522e-7	0	0	0	0	0	0	0.0019597911545662277	0	0	0	0	0	0	0	0.004281031034178071	0.000015107146156851746	0	0.000010912867994352458	0.000010912867994352458	0.000010912867994352458	0	0	0
2.0417379446695318e-7	0	0	0	0	0	0	0.0033314193830931457	0	0	0	0	0	0	0	0.0022378680085932807	0.000020767733939066436	0	0.00001674257445127826	0.00001674257445127826	0.00001674257445127826	0	0	0
2.1877616239495564e-7	0	0	0	0	0	0	0.005661433402869083	0	0	0	0	0	0	0	0.001375837069892118	0.00002363221262442921	0	0.00001917379866791272	0.00001917379866791272	0.00001917379866791272	0	0	0
2.3442288153199275e-7	0	0	0	0	0	0	0.009621072728874512	0	0	0	0	0	0	0	0.0008458620596123778	0.000026891786805668907	0	0.000021958066032645415	0.000021958066032645415	0.000021958066032645415	0	0	0
2.5118864315095823e-7	0	0	0	0	0	0	0.011411829136732568	0	0	0	0	0	0	0	0.0009059366996511233	0.00003053347364943262	0	0.000021295607839732342	0.000021295607839732342	0.000021295607839732342	0	0	0
2.6915348039269196e-7	0	0	0	0	0	0	0.01353589645519836	0	0	0	0	0	0	0	0.0009702779483345913	0.00003466831787109303	0	0.000020653135507901138	0.000020653135507901138	0.000020653135507901138	0	0	0
2.8840315031266115e-7	0	0	0	0	0	0	0.0119357366346581	0	0	0	0	0	0	0	0.0015319096406847094	0.000027040625283036647	0	0.000017011517784697554	0.000017011517784697554	0.000017011517784697554	0	0	0
3.090295432513592e-7	0	0	0	0	0	0	0.010524741341177238	0	0	0	0	0	0	0	0.0024186339092325693	0.00002109117086143069	0	0.000014012000126003848	0.000014012000126003848	0.000014012000126003848	0	0	0
3.3113112148259143e-7	0	0	0	0	0	0	0.011284681389173675	0	0	0	0	0	0	0	0.00408291858935921	0.000017740178718413267	0	0.000016849145512424556	0.000016849145512424556	0.000016849145512424556	0	0	0
3.5481338923357606e-7	0	0	0	0	0	0	0.012099492987721951	0	0	0	0	0	0	0	0.006892413169144672	0.000014921596483614907	0	0.000020260755205960507	0.000020260755205960507	0.000020260755205960507	0	0	0
3.8018939632056126e-7	0	0	0	0	0	0	0.011702116774417575	0	0	0	0	0	0	0	0.008502855790190774	0.000015319655837895317	0	0.0000260027845084514	0.0000260027845084514	0.0000260027845084514	0	0	0
4.0738027780411303e-7	0	0	0	0	0	0	0.011317791343907159	0	0	0	0	0	0	0	0.010489585405651711	0.000015728334112859218	0	0.00003337214212005514	0.00003337214212005514	0.00003337214212005514	0	0	0
4.365158322401665e-7	0	0	0	0	0	0	0.010677459198390823	0	0	0	0	0	0	0	0.010962406220121223	0.000014190469177638341	0	0.00002805697023000944	0.00002805697023000944	0.00002805697023000944	0	0	0
4.677351412871981e-7	0	0	0	0	0	0	0.010073355433847787	0	0	0	0	0	0	0	0.011456539556864124	0.000012802971633014076	0	0.000023588344303932765	0.000023588344303932765	0.000023588344303932765	0	0	0
5.011872336272736e-7	0	0	0	0	0	0	0.015278722709143475	0	0	0	0	0	0	0	0.012616425256938008	0.00001163039209253001	0	0.000021024219627138793	0.000021024219627138793	0.000021024219627138793	0	0	0
5.370317963702533e-7	0	0	0	0	0	0	0.023173943295845673	0	0	0	0	0	0	0	0.013893740380666137	0.000010565205024526168	0	0.000018738823091389177	0.000018738823091389177	0.000018738823091389177	0	0	0
5.754399373371578e-7	0	0	0	0	0	0	0.02213531549279546	0	0	0	0	0	0	0	0.014027685664261482	0.000010855064692022434	0	0.000017894389102509773	0.000017894389102509773	0.000017894389102509773	0	0	0
6.165950018614835e-7	0	0	0	0	0	0	0.02114323771791678	0	0	0	0	0	0	0	0.014162922273195256	0.000011152876749145548	0	0.00001708800813105293	0.00001708800813105293	0.00001708800813105293	0	0	0
6.606934480075964e-7	0	0	0	0	0	0	0.016275598638296383	0	0	0	0	0	0	0	0.014991578434135311	0.00001278050375644171	0	0.000016735956219441144	0.000016735956219441144	0.000016735956219441144	0	0	0
7.079457843841387e-7	0	0	0	0	0	0	0.012528597302315885	0	0	0	0	0	0	0	0.015868718306262877	0.000014645663172143846	0	0.00001639115737954592	0.00001639115737954592	0.00001639115737954592	0	0	0
7.585775750291852e-7	0	0	0	0	0	0	0.013252527587920603	0	0	0	0	0	0	0	0.017218303033607673	0.000015958107125242103	0	0.000016073805312266847	0.000016073805312266847	0.000016073805312266847	0	0	0
8.128305161640995e-7	0	0	0	0	0	0	0.014018288179486053	0	0	0	0	0	0	0	0.01868266570968958	0.000017388163310014434	0	0.00001576259755391445	0.00001576259755391445	0.00001576259755391445	0	0	0
8.709635899560814e-7	0	0	0	0	0	0	0.017088736896168834	0	0	0	0	0	0	0	0.013278811822063032	0.000019304442887265843	0	0.000017866514498677438	0.000017866514498677438	0.000017866514498677438	0	0	0
9.332543007969924e-7	0	0	0	0	0	0	0.020831711045419827	0	0	0	0	0	0	0	0.009437991673442687	0.000021431907933201646	0	0.00002025125232307767	0.00002025125232307767	0.00002025125232307767	0	0	0
1.e-6	0	0	0	0	0	0	0.022233188137947356	0	0	0	0	0	0	0	0.010649329343905011	0.00002257045775152841	0	0.000021954381439049915	0.000021954381439049915	0.000021954381439049915	0	0	0
1.0715193052376091e-6	0	0	0	0	0	0	0.0237289511984682	0	0	0	0	0	0	0	0.01201613853867572	0.000023769491951033562	0	0.00002380074361238548	0.00002380074361238548	0.00002380074361238548	0	0	0
1.148153621496884e-6	0	0	0	0	0	0	0.02004885982064431	0	0	0	0	0	0	0	0.010808547370733158	0.000025652490012176293	0	0.000026529317233984758	0.000026529317233984758	0.000026529317233984758	0	0	0
1.2302687708123837e-6	0	0	0	0	0	0	0.01693950890394995	0	0	0	0	0	0	0	0.009722316024350508	0.000027684657508894937	0	0.000029570700998398475	0.000029570700998398475	0.000029570700998398475	0	0	0
1.3182567385564101e-6	0	0	0	0	0	0	0.023532478505658434	0	0	0	0	0	0	0	0.01141556827648889	0.000029315015140435265	0	0.00003159059048555167	0.00003159059048555167	0.00003159059048555167	0	0	0
1.4125375446227554e-6	0	0	0	0	0	0	0.032691475754065676	0	0	0	0	0	0	0	0.01340371972571053	0.000031041385012902144	0	0.00003374845281076938	0.00003374845281076938	0.00003374845281076938	0	0	0
1.5135612484362104e-6	0	0	0	0	0	0	0.03535120308622904	0	0	0	0	0	0	0	0.017249707533991625	0.00002992025802771176	0	0.00003690897341714061	0.00003690897341714061	0.00003690897341714061	0	0	0
1.6218100973589331e-6	0	0	0	0	0	0	0.03822732167385821	0	0	0	0	0	0	0	0.022199241411881513	0.000028839622976640926	0	0.000040365474718072954	0.000040365474718072954	0.000040365474718072954	0	0	0
1.7378008287493763e-6	0	0	0	0	0	0	0.03916938186902323	0	0	0	0	0	0	0	0.02581403626351622	0.0000293929104999444	0	0.000041947176862353474	0.000041947176862353474	0.000041947176862353474	0	0	0
1.8620871366628694e-6	0	0	0	0	0	0	0.04013465785259449	0	0	0	0	0	0	0	0.030017443202247838	0.00002995681283203692	0	0.00004359085726133571	0.00004359085726133571	0.00004359085726133571	0	0	0
1.995262314968883e-6	0	0	0	0	0	0	0.036625147533229284	0	0	0	0	0	0	0	0.034546660830462164	0.00002840731465866818	0	0.000042239291938122514	0.000042239291938122514	0.000042239291938122514	0	0	0
2.1379620895022326e-6	0	0	0	0	0	0	0.033422520674213314	0	0	0	0	0	0	0	0.039759274848752746	0.000026937963348810472	0	0.00004092963285254002	0.00004092963285254002	0.00004092963285254002	0	0	0
2.2908676527677747e-6	0	0	0	0	0	0	0.031469097371901796	0	0	0	0	0	0	0	0.0417733485506531	0.000024424991474972552	0	0.00003736206843483328	0.00003736206843483328	0.00003736206843483328	0	0	0
2.4547089156850335e-6	0	0	0	0	0	0	0.029629844470895818	0	0	0	0	0	0	0	0.043889448582060474	0.00002214644814931148	0	0.00003410546492704588	0.00003410546492704588	0.00003410546492704588	0	0	0
2.6302679918953817e-6	0	0	0	0	0	0	0.03136765225741537	0	0	0	0	0	0	0	0.04004660872926064	0.000023446695145064828	0	0.00003372075466303299	0.00003372075466303299	0.00003372075466303299	0	0	0
2.8183829312644606e-6	0	0	0	0	0	0	0.03320738349162155	0	0	0	0	0	0	0	0.03654023740389414	0.000024823281346029406	0	0.00003334038393778781	0.00003334038393778781	0.00003334038393778781	0	0	0
3.0199517204020193e-6	0	0	0	0	0	0	0.034868899987781504	0	0	0	0	0	0	0	0.03593033444213914	0.000027416629951453953	0	0.00003506260246228658	0.00003506260246228658	0.00003506260246228658	0	0	0
3.2359365692962877e-6	0	0	0	0	0	0	0.03661354971446852	0	0	0	0	0	0	0	0.03533061153528214	0.000030280911996157	0	0.000036873783269033195	0.000036873783269033195	0.000036873783269033195	0	0	0
3.4673685045253236e-6	0	0	0	0	0	0	0.0396358185160414	0	0	0	0	0	0	0	0.036926568645499785	0.000031659752129941346	0	0.000037323377024037	0.000037323377024037	0.000037323377024037	0	0	0
3.7153522909717276e-6	0.000025292353719893437	3.7296139834191943e-6	0	0	0	0	0.04290756077157263	0	0	0	0	0	0	0	0.0385946184534365	0.0000331013776948504	0	0.000037778452574685556	0.000037778452574685556	0.000037778452574685556	0	0	0
3.981071705534978e-6	0.00002675015018796729	4.123129860022458e-6	0	0	0	0	0.04692508444093554	0	0	0	0	0	0	0	0.04509909466143839	0.00003464014492489831	0	0.00004056259431957578	0.00004056259431957578	0.00004056259431957578	0	0	0
4.265795188015934e-6	0.000028291970885887843	4.558166051014057e-6	0	0	0	0	0.05131877716171109	0	0	0	0	0	0	0	0.05269979133840233	0.00003625044405945153	0	0.000043551917715045867	0.000043551917715045867	0.000043551917715045867	0	0	0
4.570881896148752e-6	0.000029611502681457408	4.527887824596528e-6	0	0	0	0	0.050743762351353944	0	0	0	0	0	0	0	0.05069008336990369	0.000038103512084282155	0	0.000044783769659938736	0.000044783769659938736	0.000044783769659938736	0	0	0
4.897788193684467e-6	0.00003099257717288742	4.497810725339542e-6	0	0	0	0	0.050175190446506666	0	0	0	0	0	0	0	0.0487570156691571	0.000040051306151613704	0	0.00004605046413975908	0.00004605046413975908	0.00004605046413975908	0	0	0
5.248074602497734e-6	0.000031779825371659746	4.66615533216897e-6	0	0	0	0	0.05007003037248457	0	0	0	0	0	0	0	0.05045552557797867	0.00004088126299162468	0	0.00004740201182744485	0.00004740201182744485	0.00004740201182744485	0	0	0
5.623413251903491e-6	0.00003258707060788454	4.840800761416096e-6	0	0	0	0	0.04996509069904463	0	0	0	0	0	0	0	0.052213205144146735	0.000041728418480630524	0	0.00004879322645847683	0.00004879322645847683	0.00004879322645847683	0	0	0
6.0255958607435935e-6	0.00003451378793934636	5.511883347680396e-6	0	0	0	0	0.0503428727433389	0	0	0	0	0	0	0	0.054795918053028324	0.000043555419213534016	0	0.00005299811206326602	0.00005299811206326602	0.00005299811206326602	0	0	0
6.4565422903465625e-6	0.00003655442283400469	6.275998442362892e-6	0	0	0	0	0.05072351116737768	0	0	0	0	0	0	0	0.057506384198879476	0.00004546241175536714	0	0.00005756536482908776	0.00005756536482908776	0.00005756536482908776	0	0	0
6.9183097091893625e-6	0.00003890815440501457	6.744504405120415e-6	0	0	0	0	0.053508184131826446	0	0	0	0	0	0	0	0.05875639760692481	0.000048715060596467545	0	0.00006148822214665694	0.00006148822214665694	0.00006148822214665694	0	0	0
7.413102413009192e-6	0.00004141344225509751	7.247984537989008e-6	0	0	0	0	0.056445733017923785	0	0	0	0	0	0	0	0.060033582494138635	0.00005220042310310061	0	0.00006567840704183701	0.00006567840704183701	0.00006567840704183701	0	0	0
7.943282347242822e-6	0.00004439720965715917	7.838036379926502e-6	0	0	0	0	0.05942332284970675	0	0	0	0	0	0	0	0.06158137038236433	0.000056155666492856104	0	0.0000706381649167195	0.0000706381649167195	0.0000706381649167195	0	0	0
8.511380382023777e-6	0.00004759595237701186	8.476123806701256e-6	0	0	0	0	0.0625579846288685	0	0	0	0	0	0	0	0.06316906339114765	0.000060410599987446816	0	0.0000759724629073784	0.0000759724629073784	0.0000759724629073784	0	0	0
9.120108393559115e-6	0.00004981866712356363	8.612615510248555e-6	0	0	0	0	0.06736558683663554	0	0	0	0	0	0	0	0.06334399956433373	0.00006372442247555892	0	0.00007866009430876019	0.00007866009430876019	0.00007866009430876019	0	0	0
9.772372209558111e-6	0.000052145181890869245	8.751305150678534e-6	0	0	0	0	0.07254265489476873	0	0	0	0	0	0	0	0.06351942019404064	0.00006722002464281627	0	0.00008144280440409552	0.00008144280440409552	0.00008144280440409552	0	0	0
0.000010471285480509006	0.000053174816909084855	8.727016718151565e-6	0	0	0	0	0.07366018852009883	0	0	0	0	0	0	0	0.06752426083710385	0.0000686212850260932	0	0.00008239561763077869	0.00008239561763077869	0.00008239561763077869	0	0	0
0.000011220184543019652	0.00005422478263154352	8.702795695907323e-6	0	0	0	0	0.0747949379670105	0	0	0	0	0	0	0	0.07178160297541523	0.00007005175591133224	0	0.00008335957798152691	0.00008335957798152691	0.00008335957798152691	0	0	0
0.000012022644346174132	0.00005602523566845772	8.86041213175688e-6	0	0	0	0	0.07593010144447133	0	0	0	0	0	0	0	0.07647249829163393	0.00007262392842029804	0	0.00008568920391100852	0.00008568920391100852	0.00008568920391100852	0	0	0
0.000012882495516931348	0.00005788547006328242	9.020883160741524e-6	0	0	0	0	0.07708249330871295	0	0	0	0	0	0	0	0.08146994149694378	0.00007529054640503802	0	0.00008808393522013216	0.00008808393522013216	0.00008808393522013216	0	0	0
0.000013803842646028866	0.00006100965496591776	9.58819542800727e-6	0	0	0	0	0.07902737811100616	0	0	0	0	0	0	0	0.08548990139005075	0.00007929939311437649	0	0.00009310644168124659	0.00009310644168124659	0.00009310644168124659	0	0	0
0.000014791083881682102	0.000064302457853259	0.000010191185267286153	0	0	0	0	0.08102133471588124	0	0	0	0	0	0	0	0.08970821760016497	0.00008352169095013482	0	0.00009841532920706757	0.00009841532920706757	0.00009841532920706757	0	0	0
0.00001584893192461114	0.00006680325417725202	0.000010810591510981262	0	0	0	0	0.08582321649762636	0	0	0	0	0	0	0	0.09235141618833825	0.00008603421522148756	0	0.00010298996551550063	0.00010298996551550063	0.00010298996551550063	0	0	0
0.00001698243652461746	0.00006940130933804389	0.000011467644415458856	0	0	0	0	0.090909690834243	0	0	0	0	0	0	0	0.09507249503055569	0.00008862232199293486	0	0.00010777724448359931	0.00010777724448359931	0.00010777724448359931	0	0	0
0.000018197008586099864	0.00007076803134343682	0.000011688302276780867	0	0	0	0	0.0926591491966996	0	0	0	0	0	0	0	0.09677320975197842	0.00009015722031398756	0	0.00010986808306253597	0.00010986808306253597	0.00010986808306253597	0	0	0
0.000019498445997580493	0.00007216166824507382	0.000011913205987555457	0	0	0	0	0.09444227398716763	0	0	0	0	0	0	0	0.09850434789463139	0.00009171870237605501	0	0.00011199948313461707	0.00011199948313461707	0.00011199948313461707	0	0	0
0.00002089296130854041	0.0000738405820315561	0.000012063603764014073	0	0	0	0	0.09927977622826115	0	0	0	0	0	0	0	0.10136673305150923	0.00009414186337157053	0	0.00011414107477661348	0.00011414107477661348	0.00011414107477661348	0	0	0
0.000022387211385683423	0.00007555855743580617	0.000012215900230983724	0	0	0	0	0.10436506398896046	0	0	0	0	0	0	0	0.10431229472761194	0.00009662904303566893	0	0.00011632361673938605	0.00011632361673938605	0.00011632361673938605	0	0	0
0.000023988329190194948	0.00007802035528934714	0.00001235882504789474	0	0	0	0	0.10832796704827853	0	0	0	0	0	0	0	0.1082976738866445	0.00010014016254385897	0	0.00011914799563301679	0.00011914799563301679	0.00011914799563301679	0	0	0
0.000025703957827688645	0.00008056236177679249	0.000012503422070938979	0	0	0	0	0.1124413476721889	0	0	0	0	0	0	0	0.11243531934451308	0.00010377886233033314	0	0.00012204095145331466	0.00012204095145331466	0.00012204095145331466	0	0	0
0.00002754228703338169	0.00008281766657012282	0.000012862019922403504	0	0	0	0	0.11622908434180179	0	0	0	0	0	0	0	0.11641377969223289	0.00010662513576332403	0	0.0001251459845177167	0.0001251459845177167	0.0001251459845177167	0	0	0
0.0000295120922666639	0.00008513610754266454	0.0000132309023518296	0	0	0	0	0.12014441596981167	0	0	0	0	0	0	0	0.12053301561501817	0.00010954947203371227	0	0.00012833001754251119	0.00012833001754251119	0.00012833001754251119	0	0	0
0.000031622776601683856	0.00008839471684046057	0.000013924355810179167	0	0	0	0	0.12378537746314108	0	0	0	0	0	0	0	0.1246149400534613	0.00011373410740375204	0	0.00013291040717318875	0.00013291040717318875	0.00013291040717318875	0	0	0
0.000033884415613920276	0.000091778050357652	0.000014654154310318613	0	0	0	0	0.12753667783896297	0	0	0	0	0	0	0	0.12883510136448287	0.000118078589944709	0	0.000137654281307106	0.000137654281307106	0.000137654281307106	0	0	0
0.000036307805477010174	0.00009600264319160167	0.00001605940799353313	0	0	0	0	0.13188280843506012	0	0	0	0	0	0	0	0.13367393729065233	0.00012222492467929043	0	0.0001437598611553756	0.0001437598611553756	0.0001437598611553756	0	0	0
0.00003890451449942813	0.00010042169629729442	0.00001759941786071899	0	0	0	0	0.13637704427804226	0	0	0	0	0	0	0	0.13869451198888233	0.00012651685813535975	0	0.00015013625063578623	0.00015013625063578623	0.00015013625063578623	0	0	0
0.00004168693834703355	0.00010567277229929205	0.000020206998841642266	0	0	0	0	0.14180260212808743	0	0	0	0	0	0	0	0.14380614119359064	0.0001303029247350722	0	0.00015607675333329744	0.00015607675333329744	0.00015607675333329744	0	0	0
0.00004466835921509635	0.00011119842839897154	0.000023200926611185454	0	0	0	0	0.14744400772684954	0	0	0	0	0	0	0	0.1491061610761393	0.00013420229086267885	0	0.00016225230634110742	0.00016225230634110742	0.00016225230634110742	0	0	0
0.0000478630092322639	0.0001201474398539862	0.000028989519424419796	0	0	0	0	0.15246691166097973	0	0	0	0	0	0	0	0.15474306812031663	0.00013815499691227466	0	0.00016807624019900388	0.00016807624019900388	0.00016807624019900388	0	0	0
0.00005128613839913659	0.0001298166485921362	0.00003622235656974292	0	0	0	0	0.15766092844208374	0	0	0	0	0	0	0	0.16059307649307214	0.00014222412336731957	0	0.00017410922011822165	0.00017410922011822165	0.00017410922011822165	0	0	0
0.00005495408738576248	0.00014871905236380563	0.00005054809044569668	0	0	0	0	0.16364370446624668	0	0	0	0	0	0	0	0.16431756277205542	0.00014696016030850423	0	0.0001789587944134923	0.0001789587944134923	0.0001789587944134923	0	0	0
0.00005888436553555896	0.00017037380625560373	0.00007053956974849778	0	0	0	0	0.16985350952866973	0	0	0	0	0	0	0	0.16812842760698482	0.00015185390640181683	0	0.00018394344697072662	0.00018394344697072662	0.00018394344697072662	0	0	0
0.00006309573444801943	0.0001547624857943176	0.000048579158857761144	0	0	0	0	0.17502856761671234	0	0	0	0	0	0	0	0.17225671237673523	0.00015753416167164656	0	0.0001889641303877185	0.0001889641303877185	0.0001889641303877185	0	0	0
0.00006760829753919819	0.00014058162774918182	0.00003345547305918825	0	0	0	0	0.1803612981972994	0	0	0	0	0	0	0	0.17648636450822752	0.000163426892871106	0	0.00019412185191282962	0.00019412185191282962	0.00019412185191282962	0	0	0
0.00007244359600749906	0.00014038214450857222	0.000028941485761706903	0	0	0	0	0.18815571198673423	0	0	0	0	0	0	0	0.18311798558688658	0.0001694312135697352	0	0.00020116077465169837	0.00020116077465169837	0.00020116077465169837	0	0	0
0.00007762471166286927	0.0001401829443317174	0.000025036549225091278	0	0	0	0	0.19628696570207513	0	0	0	0	0	0	0	0.1899987953111028	0.0001756561336227228	0	0.00020845493106382896	0.00020845493106382896	0.00020845493106382896	0	0	0
0.00008317637711026725	0.0001438914320482315	0.000024720037625373714	0	0	0	0	0.20152780236108755	0	0	0	0	0	0	0	0.19765478025077507	0.00018162459831026428	0	0.00021643770532723728	0.00021643770532723728	0.00021643770532723728	0	0	0
0.00008912509381337459	0.00014769802642964087	0.00002440752735954032	0	0	0	0	0.20690856868271554	0	0	0	0	0	0	0	0.20561926243802536	0.0001877958601902052	0	0.0002247261796506798	0.0002247261796506798	0.0002247261796506798	0	0	0
0.00009549925860214369	0.0001525055798989533	0.00002507316592078101	0	0	0	0	0.21254664040960197	0	0	0	0	0	0	0	0.21169566664975195	0.0001939469299980634	0	0.00023258507884648752	0.00023258507884648752	0.00023258507884648752	0	0	0
0.00010232929922807557	0.00015746961867087306	0.000025756957680733048	0	0	0	0	0.21833834450173958	0	0	0	0	0	0	0	0.21795163909699525	0.0002002994720840799	0	0.00024071881160492582	0.00024071881160492582	0.00024071881160492582	0	0	0
0.00010964781961431851	0.00016273703172640477	0.00002675783592869808	0	0	0	0	0.22567561326405408	0	0	0	0	0	0	0	0.22481905489922072	0.00020685267641803838	0	0.00024794805373238026	0.00024794805373238026	0.00024794805373238026	0	0	0
0.00011748975549395303	0.00016818064156536543	0.00002779760686265758	0	0	0	0	0.2332594512353328	0	0	0	0	0	0	0	0.2319028554003453	0.00021362028215104095	0	0.00025539440370192154	0.00025539440370192154	0.00025539440370192154	0	0	0
0.00012589254117941688	0.00017475559833460684	0.000029865879925935395	0	0	0	0	0.2410239930025841	0	0	0	0	0	0	0	0.2387404413823777	0.0002204997844153689	0	0.0002639681433304526	0.0002639681433304526	0.0002639681433304526	0	0	0
0.0001348962882591656	0.0001815876004814547	0.00003208804226052389	0	0	0	0	0.24904699421718435	0	0	0	0	0	0	0	0.24577963153172763	0.00022760083657621531	0	0.0002728297084169891	0.0002728297084169891	0.0002728297084169891	0	0	0
0.0001445439770745928	0.0001907851294655194	0.000036302397265800306	0	0	0	0	0.2563602662191209	0	0	0	0	0	0	0	0.2529032651432578	0.0002350163559406952	0	0.00028193234377418163	0.00028193234377418163	0.00028193234377418163	0	0	0
0.00015488166189124827	0.00020044851921974997	0.00004107025403869179	0	0	0	0	0.26388829265944186	0	0	0	0	0	0	0	0.2602333688984496	0.0002426734821826911	0	0.0002913386776212744	0.0002913386776212744	0.0002913386776212744	0	0	0
0.00016595869074375631	0.0002053759220006276	0.00004115553864121399	0	0	0	0	0.27255588227620076	0	0	0	0	0	0	0	0.26802549859647723	0.00025003342470598987	0	0.0002993632744936635	0.0002993632744936635	0.0002993632744936635	0	0	0
0.00017782794100389227	0.00021042444963819838	0.000041241000341823324	0	0	0	0	0.281508164741616	0	0	0	0	0	0	0	0.27605094689422033	0.00025761658384718523	0	0.00030760889987997995	0.00030760889987997995	0.00030760889987997995	0	0	0
0.00019054607179632481	0.0002126480027322098	0.00003863371586813912	0	0	0	0	0.28926054795014894	0	0	0	0	0	0	0	0.28418361446045254	0.0002646852702182511	0	0.0003157921022351137	0.0003157921022351137	0.0003157921022351137	0	0	0
0.00020417379446695317	0.0002148950520899418	0.000036191265716376615	0	0	0	0	0.2972264221082866	0	0	0	0	0	0	0	0.29255587650186105	0.0002719479127635142	0	0.00032419299920445106	0.00032419299920445106	0.00032419299920445106	0	0	0
0.00021877616239495564	0.00022098861524930908	0.000036604359464298284	0	0	0	0	0.30533223605910004	0	0	0	0	0	0	0	0.30172153086803116	0.0002805393346201751	0	0.00033433393349879516	0.00033433393349879516	0.00033433393349879516	0	0	0
0.00023442288153199226	0.00022725496745903452	0.0000370221683400608	0	0	0	0	0.3136591078127135	0	0	0	0	0	0	0	0.31117434138694994	0.00028940217804712567	0	0.0003447920817632583	0.0003447920817632583	0.0003447920817632583	0	0	0
0.0002511886431509582	0.00023456906508014964	0.00003836395554793714	0	0	0	0	0.32226288948937254	0	0	0	0	0	0	0	0.3203435517628395	0.00029858425711829813	0	0.0003542670161574485	0.0003542670161574485	0.0003542670161574485	0	0	0
0.00026915348039269194	0.00024211856360188916	0.00003975437288721701	0	0	0	0	0.33110267597920534	0	0	0	0	0	0	0	0.3297829464300901	0.0003080576628706933	0	0.00036400232306748893	0.00036400232306748893	0.00036400232306748893	0	0	0
0.00028840315031266115	0.00025070651597275016	0.000042625853474471414	0	0	0	0	0.3393569564249428	0	0	0	0	0	0	0	0.33799997224595457	0.0003165896533746969	0	0.00037295284577811173	0.00037295284577811173	0.00037295284577811173	0	0	0
0.0003090295432513592	0.0002595990832596531	0.00004570474271048914	0	0	0	0	0.34781701335821563	0	0	0	0	0	0	0	0.34642173731225373	0.00032535794659320396	0	0.00038212345460279454	0.00038212345460279454	0.00038212345460279454	0	0	0
0.0003311311214825914	0.0002675926389815204	0.00004782364571180104	0	0	0	0	0.3560578919009961	0	0	0	0	0	0	0	0.3553098962259568	0.0003342222267335412	0	0.00039229341920538	0.00039229341920538	0.00039229341920538	0	0	0
0.000354813389233576	0.0002758323316784345	0.00005004078249942705	0	0	0	0	0.36449402276482035	0	0	0	0	0	0	0	0.36442609905367046	0.00034332801154044303	0	0.0004027340507318919	0.0004027340507318919	0.0004027340507318919	0	0	0
0.00038018939632056124	0.00028077249964448913	0.000048940900665360444	0	0	0	0	0.3731947732545321	0	0	0	0	0	0	0	0.3733819158966363	0.0003525346999146593	0	0.0004127227079377841	0.0004127227079377841	0.0004127227079377841	0	0	0
0.00040738027780411304	0.00028580114621413707	0.00004786519391386621	0	0	0	0	0.38210321729847596	0	0	0	0	0	0	0	0.3825578230556724	0.0003619882749627588	0	0.00042295910499233285	0.00042295910499233285	0.00042295910499233285	0	0	0
0.00043651583224016654	0.0002907700215650511	0.00004682810366026018	0	0	0	0	0.3906513246984797	0	0	0	0	0	0	0	0.39076531514007534	0.0003709332731003204	0	0.00043280477231859646	0.00043280477231859646	0.00043280477231859646	0	0	0
0.00046773514128719906	0.0002958252846809554	0.00004581348393494794	0	0	0	0	0.399390663516629	0	0	0	0	0	0	0	0.39914889283103444	0.00038009930876096065	0	0.000442879627677357	0.000442879627677357	0.000442879627677357	0	0	0
0.0005011872336272725	0.0003017592395408126	0.00004625857371540837	0	0	0	0	0.40717405851616534	0	0	0	0	0	0	0	0.4069055577749991	0.0003882547647267773	0	0.0004522202618117818	0.0004522202618117818	0.0004522202618117818	0	0	0
0.0005370317963702533	0.00030781222351042634	0.00004670798765757089	0	0	0	0	0.41510913767673174	0	0	0	0	0	0	0	0.4148129580764547	0.00039658520512554966	0	0.0004617578963060814	0.0004617578963060814	0.0004617578963060814	0	0	0
0.0005754399373371578	0.0003143045968219807	0.00004753364250261743	0	0	0	0	0.42313354379804297	0	0	0	0	0	0	0	0.4229312199863803	0.000405043692849522	0	0.0004708049889348563	0.0004708049889348563	0.0004708049889348563	0	0	0
0.0006165950018614823	0.0003209339072269879	0.00004837389240853773	0	0	0	0	0.43131306838762007	0	0	0	0	0	0	0	0.4312083635685267	0.00041368258572641546	0	0.0004800293387057155	0.0004800293387057155	0.0004800293387057155	0	0	0
0.0006606934480075965	0.0003276609178409393	0.00004958118700941316	0	0	0	0	0.4395647740412035	0	0	0	0	0	0	0	0.4389658104301851	0.0004218299566815845	0	0.0004886890035289509	0.0004886890035289509	0.0004886890035289509	0	0	0
0.0007079457843841388	0.0003345289315423832	0.000050818612744682095	0	0	0	0	0.4479743479607492	0	0	0	0	0	0	0	0.44686281391201943	0.00043013778798913854	0	0.0004975048875429818	0.0004975048875429818	0.0004975048875429818	0	0	0
0.0007585775750291852	0.0003416299313073206	0.00005289764645085988	0.00033848411646804767	0.000049768185626017645	0	0	0.45457021604806025	0	0	0	0	0	0	0	0.4537508469425197	0.0004374352907443235	0	0.0005051005641415545	0.0005051005641415545	0.0005051005641415545	0	0	0
0.0008128305161640995	0.0003488816630207008	0.00005506173523662328	0.00034418173316980047	0.000050370141847052395	0	0	0.46126320013324806	0	0	0	0	0	0	0	0.4607450534955251	0.0004448565992844201	0	0.0005128122080490624	0.0005128122080490624	0.0005128122080490624	0	0	0
0.0008709635899560814	0.0003535065962766443	0.0000550800679019623	0.000349245144749663	0.00005083065129927064	0	0	0.46712685524326275	0	0	0	0	0	0	0	0.4662848117635817	0.0004516670272839571	0	0.0005194190578795898	0.0005194190578795898	0.0005194190578795898	0	0	0
0.0009332543007969925	0.0003581928397414329	0.00005509840667111594	0.00035438304644435834	0.000051295370963090544	0	0	0.47306505011981237	0	0	0	0	0	0	0	0.47189117719635054	0.00045858171793714805	0	0.000526111027494705	0.000526111027494705	0.000526111027494705	0	0	0
0.001	0.000363306007382679	0.000055938273592899074	0.0003589757285287356	0.00005161436149337952	0	0	0.4770485203890112	0	0	0	0	0	0	0	0.47668211296063584	0.0004649074605084026	0	0.0005317742345612614	0.0005317742345612614	0.0005317742345612614	0	0	0
0.001071519305237607	0.00036849216499029643	0.000056790942635268205	0.00036362793018928773	0.00005193533573012201	0	0	0.48106553368866933	0	0	0	0	0	0	0	0.481521689315393	0.00047132046128798113	0	0.0005374984019814355	0.0005374984019814355	0.0005374984019814355	0	0	0
0.001148153621496884	0.00037429647942856405	0.00005908294309439198	0.0003672282377392069	0.00005204553216593376	0	0	0.4848869886598399	0	0	0	0	0	0	0	0.48546525416022673	0.0004764831765668473	0	0.0005414711611455025	0.0005414711611455025	0.0005414711611455025	0	0	0
0.0012302687708123836	0.00038019222068481906	0.00006146744538322406	0.00037086419220559697	0.00005215596241662895	0	0	0.4887388002395684	0	0	0	0	0	0	0	0.4894411160002545	0.00048170244281525487	0	0.0005454732837743118	0.0005454732837743118	0.0005454732837743118	0	0	0
0.0013182567385564075	0.0003814244890961913	0.00006002392143437998	0.0003735633916985562	0.0000522015095177564	0	0	0.49175015096893543	0	0	0	0	0	0	0	0.4912434287704961	0.00048546916240334314	0	0.000548327389354582	0.000548327389354582	0.000548327389354582	0	0	0
0.0014125375446227555	0.00038266075150153635	0.00005861429772944379	0.0003762822363286199	0.00005224709639455533	0	0	0.49478005605333053	0	0	0	0	0	0	0	0.49305237835815235	0.0004892653362254033	0	0.0005511964286060443	0.0005511964286060443	0.0005511964286060443	0	0	0
0.0015135612484362103	0.0003834549711494831	0.000057841413125675614	0.00037773679832413254	0.000052140353079841276	0	0	0.4960206496876102	0	0	0	0	0	0	0	0.49421487196861397	0.0004913280215353857	0	0.0005522957128012683	0.0005522957128012683	0.0005522957128012683	0	0	0
0.0016218100973589332	0.0003842508392153736	0.000057078719731797765	0.00037919698309530226	0.00005203382784682012	0	0	0.49726435394154095	0	0	0	0	0	0	0	0.4953801064468892	0.000493399402884864	0	0.000553397189365091	0.000553397189365091	0.000553397189365091	0	0	0
0.0017378008287493763	0.00038378543443979375	0.00005625692495581997	0.00037918676955740277	0.00005167078514431419	0	0	0.4966064883827095	0	0	0	0	0	0	0	0.4954318855142509	0.000493645155391287	0	0.0005521744612967433	0.0005521744612967433	0.0005521744612967433	0	0	0
0.0018620871366628695	0.00038332059336267083	0.000055446962026404086	0.00037917655629460094	0.00005131027540948113	0	0	0.49594949315992737	0	0	0	0	0	0	0	0.49548366999376275	0.000493891030302184	0	0.0005509544348393864	0.0005509544348393864	0.0005509544348393864	0	0	0
0.001995262314968883	0.0003823574885146635	0.00005531753492987547	0.0003777968377791786	0.00005076350946489455	0	0	0.4937460579391876	0	0	0	0	0	0	0	0.49335506382271327	0.0004923496484203543	0	0.0005477471668605919	0.0005477471668605919	0.0005477471668605919	0	0	0
0.0021379620895022326	0.00038139680349737843	0.00005518840994860624	0.00037642213967746627	0.000050222569897106124	0	0	0.4915524122773422	0	0	0	0	0	0	0	0.49123560217953777	0.0004908130770290168	0	0.0005445585693329948	0.0005445585693329948	0.0005445585693329948	0	0	0
0.0022908676527677745	0.00037785539220424924	0.000053708878859413855	0.0003735954456346968	0.00004946478561213184	0	0	0.4880005026392785	0	0	0	0	0	0	0	0.48795140490391603	0.0004874117778787189	0	0.0005391983166176797	0.0005391983166176797	0.0005391983166176797	0	0	0
0.0024547089156850338	0.00037434686423324536	0.000052269012117245226	0.00037078997829027805	0.00004871843517101967	0	0	0.4844742587527438	0	0	0	0	0	0	0	0.4846891644076838	0.0004840340494857037	0	0.0005338908264715179	0.0005338908264715179	0.0005338908264715179	0	0	0
0.002630267991895387	0.00037062922002379213	0.000051969798738044025	0.0003664854505807138	0.00004783269824155993	0	0	0.47934004415929254	0	0	0	0	0	0	0	0.4797565842866452	0.0004785916432866574	0	0.0005266234852993049	0.0005266234852993049	0.0005266234852993049	0	0	0
0.002818382931264455	0.0003669484957936118	0.000051672298202508154	0.00036223089444505264	0.00004696306465994899	0	0	0.4742602393905444	0	0	0	0	0	0	0	0.47487420200050245	0.00047321043068601046	0	0.0005194550674370559	0.0005194550674370559	0.0005194550674370559	0	0	0
0.003019951720402019	0.0003625817190272283	0.00005179611401824436	0.000356711826524134	0.000045941709091571064	0	0	0.46795569161243566	0	0	0	0	0	0	0	0.4682894435908732	0.0004662230923373315	0	0.0005105190438424727	0.0005105190438424727	0.0005105190438424727	0	0	0
0.0032359365692962876	0.00035826690797141717	0.00005192022651821476	0.00035127684892014526	0.00004494256602581854	0	0	0.4617349529319175	0	0	0	0	0	0	0	0.46179599155908146	0.00045933892774399035	0	0.0005017367438761465	0.0005017367438761465	0.0005017367438761465	0	0	0
0.0034673685045253167	0.00035141128589707277	0.00005078572710540398	0.00034442863875004475	0.000043814870822953546	0	0	0.45411666064121187	0	0	0	0	0	0	0	0.4537152988175292	0.0004504518985037397	0	0.0004911148917764732	0.0004911148917764732	0.0004911148917764732	0	0	0
0.003715352290971728	0.00034468684968717845	0.000049676017432622745	0.0003377139357628912	0.000042715471656185686	0	0	0.44662406465540555	0	0	0	0	0	0	0	0.4457760053006925	0.0004417368104684397	0	0.00048071790609012185	0.00048071790609012185	0.00048071790609012185	0	0	0
0.003981071705534978	0.0003366643662014848	0.00004861352148840359	0.0003294979922559569	0.00004145931839337258	0	0	0.4378314405879719	0	0	0	0	0	0	0	0.4369424450756959	0.0004310599375249272	0	0.0004682979102521091	0.0004682979102521091	0.0004682979102521091	0	0	0
0.004265795188015935	0.00032882860362300475	0.00004757375074821297	0.0003214819271684803	0.0000402401053997055	0	0	0.4292119156526928	0	0	0	0	0	0	0	0.4282839319266313	0.00042064112687812744	0	0.0004561988017674941	0.0004561988017674941	0.0004561988017674941	0	0	0
0.004570881896148752	0.0003206802670613222	0.0000473037832203547	0.00031224872481419244	0.000038897130805876205	0	0	0.41946853394238354	0	0	0	0	0	0	0	0.41829006787747186	0.00040872400371560563	0	0.0004424706137349039	0.0004424706137349039	0.0004424706137349039	0	0	0
0.004897788193684466	0.0003127338453817115	0.000047035347681565124	0.00030328070696488134	0.00003759897669006894	0	0	0.4099463331538772	0	0	0	0	0	0	0	0.408529407343989	0.00039714450285246463	0	0.0004291555419707646	0.0004291555419707646	0.0004291555419707646	0	0	0
0.005248074602497733	0.0003034190220144653	0.000046151160060057	0.0002934624428799125	0.000036215258514851756	0	0	0.3989322417470342	0	0	0	0	0	0	0	0.39755814583494414	0.00038460813255529805	0	0.00041470573274719617	0.00041470573274719617	0.00041470573274719617	0	0	0
0.005623413251903491	0.0002943816420248529	0.00004528359371995879	0.00028396203056536124	0.000034882463959290755	0	0	0.3882140676340118	0	0	0	0	0	0	0	0.3868815230396278	0.0003724674886980021	0	0.00040074245338559544	0.00040074245338559544	0.00040074245338559544	0	0	0
0.0060255958607435805	0.0002830519889409898	0.000042955267534543176	0.0002735332522429449	0.000033457707546513825	0	0	0.37648568334706867	0	0	0	0	0	0	0	0.3755720286703641	0.00035869566256717416	0	0.0003855445678516939	0.0003855445678516939	0.0003855445678516939	0	0	0
0.006456542290346563	0.00027215837201114015	0.00004074665585012793	0.0002634874808214215	0.000032091144581255844	0	0	0.365111626760872	0	0	0	0	0	0	0	0.3645931385178215	0.0003454330438188234	0	0.00037092305181084316	0.00037092305181084316	0.00037092305181084316	0	0	0
0.006918309709189377	0.000260912764615186	0.00003897286716684251	0.0002525944497243592	0.00003066926148028799	0	0	0.35301675069177374	0	0	0	0	0	0	0	0.35266259181428106	0.0003311298541533352	0	0.00035527015383248286	0.00035527015383248286	0.00035527015383248286	0	0	0
0.007413102413009177	0.00025013182668638613	0.000037276295281532536	0.00024215175549382187	0.00002931037867361312	0	0	0.34132253572575977	0	0	0	0	0	0	0	0.3411224472593494	0.0003174189101871737	0	0.0003402778058359181	0.0003402778058359181	0.0003402778058359181	4.1846224014418515e-11	4.1846224014418515e-11	4.1846224014418515e-11
0.00794328234724282	0.00023983135577430555	0.0000364382919281782	0.00023128007674100187	0.00002791005331765341	0	0	0.3290067296066442	0	0	0	0	0	0	0	0.32875643758606526	0.000303255950862695	0	0.0003247183847176816	0.0003247183847176816	0.0003247183847176816	3.905316853357038e-11	3.905316853357038e-11	3.905316853357038e-11
0.008511380382023776	0.00022995505999585817	0.00003561912761488758	0.00022089649438320302	0.000026576629557349666	0	0	0.31713530985082894	0	0	0	0	0	0	0	0.3168387073985444	0.0002897249306268757	0	0.0003098704281186778	0.0003098704281186778	0.0003098704281186778	3.644653749370426e-11	3.644653749370426e-11	3.644653749370426e-11
0.009120108393559097	0.00021863963700653418	0.00003374469733406956	0.00021008379297118317	0.0000252041727690377	0	0	0.3045963973355239	0	0	0	0	0	0	0	0.3043632205535547	0.00027572803505693065	0	0.0002944632219712671	0.0002944632219712671	0.0002944632219712671	3.401388786515833e-11	3.401388786515833e-11	3.401388786515833e-11
0.009772372209558112	0.0002078810132345422	0.000031968907562239726	0.0001998003643851168	0.000023902591696238076	0	0	0.29255324900094143	0.2928642751569896	0	0	0	0	0	0	0.2923789545360242	0.0002624073432405665	0	0.00027982208441165284	0.00027982208441165284	0.00027982208441165284	3.174360713698558e-11	3.174360713698558e-11	3.174360713698558e-11
0.010471285480509006	0.00019714712020299968	0.000030434002268008017	0.00018927401479888327	0.00002257500637281342	0	0	0.2801528655130757	0.2801968971924678	0	0	0	0	0	0	0.27987252610697755	0.00024883654281135007	0	0.00026485145644446147	0.00026485145644446147	0.00026485145644446147	2.962485788340184e-11	2.962485788340184e-11	2.962485788340184e-11
0.011220184543019653	0.00018696746951336142	0.000028972791523947388	0.00017930223895405695	0.000021321157103343485	0	0	0.2682780940673637	0.26807742649457994	0	0	0	0	0	0	0.2679010566742069	0.00023596757725464598	0	0.0002506817649087286	0.0002506817649087286	0.0002506817649087286	2.764752603018439e-11	2.764752603018439e-11	2.764752603018439e-11
0.012022644346174132	0.00017664951605553668	0.0000276309012880178	0.0001690568484038803	0.00002005306163491866	0	0	0.25590190728373713	0.2557361567929817	0	0	0	0	0	0	0.2555548760807416	0.00022286846093177762	0	0.00023619115906256798	0.00023619115906256798	0.00023619115906256798	2.580217257406638e-11	2.580217257406638e-11	2.580217257406638e-11
0.01288249551693135	0.00016690096733873366	0.000026351161411462195	0.00015939688293337855	0.000018860387313162596	0.00016541825556503834	0.000024871079585394975	0.2440966579068175	0.2439630324210334	0	0	0	0	0	0	0.24377766739481052	0.00021049650742693815	0	0.00022253817959048828	0.00022253817959048828	0.00022253817959048828	2.407998852465361e-11	2.407998852465361e-11	2.407998852465361e-11
0.013803842646028866	0.00015708294256883742	0.000025077450647111774	0.00014965026759719295	0.000017659720864783686	0.0001562161018750671	0.00002420114732842175	0.23206201660484227	0.23198085741699612	0	0	0	0	0	0	0.23169976899599296	0.00019806936224515652	0	0.00020877209412903058	0.00020877209412903058	0.00020877209412903058	2.2472752853775157e-11	2.2472752853775157e-11	2.2472752853775157e-11
0.014791083881682071	0.00014784246753948095	0.00002386530601587751	0.00014049962696743447	0.000016535489745983476	0.00014752586044196642	0.000023549260497558536	0.2206207164510387	0.2205871835329961	0	0	0	0	0	0	0.22022026679684034	0.00018637588214531322	0	0.00019585757089964008	0.00019585757089964008	0.00019585757089964008	2.0972793251533552e-11	2.0972793251533552e-11	2.0972793251533552e-11
0.01584893192461114	0.0001386840496383591	0.00002276077058220252	0.00013133563806800753	0.00001542910056177156	0.0001386026678153341	0.000022675086035187196	0.20900651353744595	0.20886521997251953	0	0	0	0	0	0	0.20868846232773225	0.0001747916540821696	0	0.00018298964381476533	0.00018298964381476533	0.00018298964381476533	1.9572949501719783e-11	1.9572949501719783e-11	1.9572949501719783e-11
0.01698243652461746	0.00013009296952486702	0.000021707355319516835	0.00012276936386976115	0.000014396739848790072	0.0001302191999963621	0.000021833361890767068	0.19800372061058505	0.19776615946340081	0	0	0	0	0	0	0.19776051923908652	0.00016392744589645986	0	0.00017096714510266695	0.00017096714510266695	0.00017096714510266695	1.82665393017623e-11	1.82665393017623e-11	1.82665393017623e-11
0.018197008586099864	0.0001215534295974019	0.000020739897390713066	0.00011417750069489107	0.000013383272455545803	0.00012067231110325912	0.000019862509475653394	0.1867953050354875	0.1866466655025426	0	0	0	0	0	0	0.1866267431198521	0.00015348203262113597	0	0.00015898237250692196	0.00015898237250692196	0.00015898237250692196	1.7047326364046924e-11	1.7047326364046924e-11	1.7047326364046924e-11
0.019498445997580455	0.00011357444065466046	0.00001981555732819146	0.00010618692851387224	0.000012441148725377896	0.00011182534270989693	0.000018069561831302624	0.17622136531426155	0.17615237024241817	0	0	0	0	0	0	0.17611979065151756	0.00014370219830298853	0	0.00014783773076839827	0.00014783773076839827	0.00014783773076839827	1.5909490646336748e-11	1.5909490646336748e-11	1.5909490646336748e-11
0.02089296130854041	0.00010507389250149731	0.00001830185370781049	0.00009828698996775882	0.000011527013871685574	0.00010360327177697948	0.000016833566604572142	0.1657546734474291	0.1656997532975479	0	0	0	0	0	0	0.1656138984513455	0.00013399168187618838	0	0.00013687744138059287	0.00013687744138059287	0.00013687744138059287	1.484760056918326e-11	1.484760056918326e-11	1.484760056918326e-11
0.022387211385683423	0.0000972095730498602	0.00001690378138724135	0.00009097477940197044	0.000010680046652524532	0.00009598573688918124	0.000015682115995733513	0.15590965216202626	0.15586737893497069	0	0	0	0	0	0	0.15573470340152404	0.0001249373428105471	0	0.00012672971819520463	0.00012672971819520463	0.00012672971819520463	1.3856587087706124e-11	1.3856587087706124e-11	1.3856587087706124e-11
0.02398832919019495	0.00008974854811184112	0.00001580783345273579	0.00008378463970173063	9.85605895017793e-6	0.00008869977059598474	0.000014759525775059999	0.14605648444300515	0.14612321089311764	0	0	0	0	0	0	0.1459783185127058	0.0001166525757147144	0	0.0001167810603165887	0.0001167810603165887	0.0001167810603165887	1.2931719493969782e-11	1.2931719493969782e-11	1.2931719493969782e-11
0.025703957827688646	0.0000828601714365319	0.000014782940736446321	0.00007716276858371581	9.09564360436764e-6	0.00008196685839755343	0.00001389121220401172	0.1368260165552833	0.13698820694625805	0	0	0	0	0	0	0.1368331464365732	0.00010891718292353849	0	0.00010761340152007712	0.00010761340152007712	0.00010761340152007712	1.2068582834447608e-11	1.2068582834447608e-11	1.2068582834447608e-11
0.02754228703338169	0.00007602874621863536	0.000013686724949931095	0.00007068426258740866	8.352368370917914e-6	0.00007553761627765412	0.000013190001074419703	0.12775029822649966	0.12793172578050546	0	0	0	0	0	0	0.1277740433256893	0.00010115951815676722	0	0.0000986465991308076	0.0000986465991308076	0.0000986465991308076	1.1263056834772964e-11	1.1263056834772964e-11	1.1263056834772964e-11
0.0295120922666639	0.00006976053936848573	0.00001267179806743229	0.00006474968523330216	7.669831892930705e-6	0.00006961266522178217	0.000012524186211261648	0.11927657552148069	0.1194739811989744	0	0	0	0	0	0	0.11931470241651489	0.00009395439579899182	0	0.00009042694852702665	0.00009042694852702665	0.00009042694852702665	1.0511296231172808e-11	1.0511296231172808e-11	1.0511296231172808e-11
0.03162277660168379	0.00006362758055720197	0.000011644979002770247	0.000058969881948056026	6.995935513891723e-6	0.00006361570560152364	0.00001163166954869192	0.11103867532276218	0.1111646638807626	0	0	0	0	0	0	0.1110682226592398	0.00008876296335682987	0	0.0000823910771554553	0.0000823910771554553	0.0000823910771554553	9.809712414693242e-12	9.809712414693242e-12	9.809712414693242e-12
0.03388441561392028	0.00005803379739050743	0.000010701364972306385	0.000053706005896985086	6.381249862808908e-6	0.000058135369279229935	0.000010802756698739405	0.10336973008764257	0.10343325276105374	0	0	0	0	0	0	0.1033917013983596	0.00008385838253637569	0	0.00007506932065508439	0.00007506932065508439	0.00007506932065508439	9.154956300594097e-12	9.154956300594097e-12	9.154956300594097e-12
0.03630780547701017	0.00005253598649478238	9.7354753180247e-6	0.00004856498939357383	5.771666999944311e-6	0.00005273980642369356	9.937885984100089e-6	0.09584442153226737	0.09592487517945616	0	0	0	0	0	0	0.09588635800782952	0.00007944599696737563	0	0.00006788752707243178	0.00006788752707243178	0.00006788752707243178	8.543902341137948e-12	8.543902341137948e-12	8.543902341137948e-12
0.038904514499428125	0.00004755900873430374	8.856765460587866e-6	0.000043916097564990223	5.2203158745429265e-6	0.000047845007541775594	9.14225698006304e-6	0.08886695487224769	0.08896154217881237	0.07648831251366463	0	0	0	0	0	0.08892583764127443	0.00007526577836631195	0	0.00006139280723193827	0.00006139280723193827	0.00006139280723193827	7.973633605456464e-12	7.973633605456464e-12	7.973633605456464e-12
0.04168693834703355	0.000042695195599518655	7.936764766278876e-6	0.000039433874544941294	4.681239331038515e-6	0.00004305033161304833	8.290969457817877e-6	0.08209466931675562	0.08217662427021896	0.06944806897384245	0	0	0	0	0	0.08215855612046903	0.00007188944965700923	0	0.000055105859754754134	0.000055105859754754134	0.000055105859754754134	7.441427855271676e-12	7.441427855271676e-12	7.441427855271676e-12
0.04466835921509635	0.000038328799859243695	7.1123295785078225e-6	0.00003540912211803233	4.197830591310834e-6	0.000038736142958598074	7.518950156440988e-6	0.07583847944284774	0.07590917840514974	0.06305583331223222	0	0	0	0	0	0.07590626664693065	0.00006866457883202909	0	0.000049462728880246796	0.000049462728880246796	0.000049462728880246796	6.9447445500028155e-12	6.9447445500028155e-12	6.9447445500028155e-12
0.0478630092322639	0.000034252661923871566	6.408826808548772e-6	0.00003156733007176802	3.7284994646236184e-6	0.000034550593722672615	6.706500762380875e-6	0.0698059966197491	0.06992220175526404	0.05698810801918346	0	0	0	0	0	0.06988294623118098	0.00006685656171811463	0	0.00004404975958075924	0.00004404975958075924	0.00004404975958075924	6.481212719226588e-12	6.481212719226588e-12	6.481212719226588e-12
0.05128613839913648	0.00003061000744034766	5.774909698516917e-6	0.000028142361861958755	3.311641085868035e-6	0.000030817304858284037	5.981839424389122e-6	0.06425336056148989	0.06440741951136937	0.0515042666952769	0	0	0	0	0	0.06433758884053374	0.00006509615176847337	0	0.00003922916027986481	0.00003922916027986481	0.00003922916027986481	6.0486196445983845e-12	6.0486196445983845e-12	6.0486196445983845e-12
0.05495408738576248	0.000027410362291251307	5.409867317612335e-6	0.000024896801058169088	2.9075316956102004e-6	0.000027412979933885367	5.418235737681281e-6	0.058874144782329295	0.0590941172932276	0.046430169488971225	0	0	0	0	0	0.059033762542091105	0.00006371885309356588	0	0.000034630913761511774	0.000034630913761511774	0.000034630913761511774	5.644900297206606e-12	5.644900297206606e-12	5.644900297206606e-12
0.05888436553555896	0.000024545174070990654	5.067899919142657e-6	0.000022025539504128414	2.552734533054643e-6	0.00002438472385276088	4.907734298147696e-6	0.0539452706218157	0.05421913694352097	0.04185596217744587	0	0	0	0	0	0.05416717012062475	0.00006237069518333295	0	0.00003057165076696356	0.00003057165076696356	0.00003057165076696356	5.2681274799382746e-12	5.2681274799382746e-12	5.2681274799382746e-12
0.06309573444801943	0.00002184774178085403	4.722945871519273e-6	0.000019329738205105792	2.21561434398534e-6	0.000021486593143839228	4.368515209336354e-6	0.04926377102206476	0.04954129041148403	0.037768937337311397	0	0	0	0	0	0.049494484337422956	0.00006286156459630823	0	0.00002674755860196645	0.00002674755860196645	0.00002674755860196645	4.9165026277992065e-12	4.9165026277992065e-12	4.9165026277992065e-12
0.06760829753919818	0.00001944674825048458	4.401471627536513e-6	0.00001696388771806904	1.9230150482586585e-6	0.00001893290601593628	3.888540816361197e-6	0.044988543153827054	0.045267032896367285	0.034080989980405395	0	0	0	0	0	0.04522488389871898	0.0000633562972463355	0	0.00002340180766223932	0.00002340180766223932	0.00002340180766223932	4.588347222273325e-12	4.588347222273325e-12	4.588347222273325e-12
0.07244359600749906	0.00001694209061854927	3.834102102280922e-6	0.000014758754141541727	1.6545228689732086e-6	0.000016549470903124197	3.4418381287977505e-6	0.04093437414685968	0.041216991241890905	0.030883276431846244	0	0	0	0	0	0.04116076187747815	0.00006409767580040493	0	0.000020298058475918854	0.000020298058475918854	0.000020298058475918854	4.282094778736505e-12	4.282094778736505e-12	4.282094778736505e-12
0.07762471166286927	0.00001476002212966287	3.3398690653250166e-6	0.000012840265594216576	1.4235176820036704e-6	0.00001446608285821619	3.046451166206714e-6	0.037245548962670794	0.03752930683403471	0.027985594424170084	0	0	0	0	0	0.0374618610879938	0.00006484772976930015	0	0.000017605955225272343	0.000017605955225272343	0.000017605955225272343	3.996283368676181e-12	3.996283368676181e-12	3.996283368676181e-12
0.08317637711026708	0.000012753599948509236	2.899795970647696e-6	0.000011064973527564379	1.2141359966106983e-6	0.000012493183857090877	2.63986629902295e-6	0.033717722102679495	0.03401951767847546	0.02551189707843653	0	0	0	0	0	0.033958155733759016	0.00006554099540133063	0	0.000015129847283630714	0.000015129847283630714	0.000015129847283630714	3.7295486410205385e-12	3.7295486410205385e-12	3.7295486410205385e-12
0.08912509381337459	0.000011019923291289068	2.5177084810557587e-6	9.53513291974628e-6	1.0355517440366062e-6	0.000010789350815755082	2.2875449815249827e-6	0.030524044226947922	0.03083796852934517	0.023256854318542415	0	0	0	0	0	0.030782142353514938	0.00006624167250695108	0	0.000013001980062825347	0.000013001980062825347	0.000013001980062825347	3.4806173092639893e-12	3.4806173092639893e-12	3.4806173092639893e-12
0.09549925860214369	9.414950937965917e-6	2.1636732186128616e-6	8.121657449666596e-6	8.726661736810936e-7	9.281696159889729e-6	2.0294694708472437e-6	0.027475806425106317	0.02779869179286122	0.021304268988736854	0	0	0	0	0	0.027754922784190197	0.00006642736331397258	0	0.000011043314745556477	0.000011043314745556477	0.000011043314745556477	3.2483010732990663e-12	3.2483010732990663e-12	3.2483010732990663e-12
0.10232929922807536	8.043731233081648e-6	1.8594217051608215e-6	6.917713710432518e-6	7.354014466903198e-7	7.984714286860743e-6	1.800509439755481e-6	0.024731976310119502	0.02505895499112184	0.01951561767244633	0	0	0	0	0	0.025025410184564358	0.00006661357465549305	0	9.379709858047937e-6	9.379709858047937e-6	9.379709858047937e-6	3.0314909469398403e-12	3.0314909469398403e-12	3.0314909469398403e-12
0.10964781961431873	6.861189514073942e-6	1.6580505989301982e-6	5.808828514356053e-6	6.096563586152499e-7	6.815212862161366e-6	1.6119054712215226e-6	0.022132046171908448	0.022490543271130804	0.017812077445343386	0	0	0	0	0	0.022456982521462804	0.00006506383220329709	0	7.849975987558926e-6	7.849975987558926e-6	7.849975987558926e-6	2.8291519640587413e-12	2.8291519640587413e-12	2.8291519640587413e-12
0.11748975549395303	5.8524980738327464e-6	1.4784875216754735e-6	4.877693718129685e-6	5.054122170588088e-7	5.817005429111137e-6	1.443057831736086e-6	0.019805431705636457	0.02018538030854915	0.016257241161618925	0	0	0	0	0	0.020152159754821944	0.00006355014398900327	0	6.5697259230656985e-6	6.5697259230656985e-6	6.5697259230656985e-6	2.6403182380660783e-12	2.6403182380660783e-12	2.6403182380660783e-12
0.12589254117941662	4.862083699320914e-6	1.241226075379147e-6	4.030925162325523e-6	4.1158397696252224e-7	4.913546558939331e-6	1.289886146168238e-6	0.017613388892401535	0.018020508014522957	0.014523440865240654	0	0	0	0	0	0.017986446472574788	0.00006153994298364012	0	5.40894745731885e-6	5.40894745731885e-6	5.40894745731885e-6	2.464088351147905e-12	2.464088351147905e-12	2.464088351147905e-12
0.1348962882591656	4.0392764937247356e-6	1.0420393460305965e-6	3.331155788621178e-6	3.351746641149609e-7	4.150406954416997e-6	1.152972689996128e-6	0.015663958902076468	0.016087817228984624	0.012974546693944457	0	0	0	0	0	0.01605347817041728	0.00005959332811401654	0	4.453262272832132e-6	4.453262272832132e-6	4.453262272832132e-6	2.2996210512525425e-12	2.2996210512525425e-12	2.2996210512525425e-12
0.1445439770745928	3.3136062384237493e-6	8.823364692297123e-7	2.696073158055916e-6	2.664546932273603e-7	3.454950292923186e-6	1.0212360794282916e-6	0.01385087557505877	0.014262958569110753	0.011164035958468148	0	0	0	0	0	0.014235002238078599	0.00005792009687930806	0	3.5882248081570844e-6	3.5882248081570844e-6	3.5882248081570844e-6	2.1461312362847365e-12	2.1461312362847365e-12	2.1461312362847365e-12
0.15488166189124797	2.7183052015327155e-6	7.471096440823799e-7	2.182068607664334e-6	2.1182419539483805e-7	2.8760267746435295e-6	9.045514598698498e-7	0.012247654337903537	0.01264509561792239	0.009606169820186496	0	0	0	0	0	0.012622516227761222	0.000056293845782366836	0	2.89121917485575e-6	2.89121917485575e-6	2.89121917485575e-6	2.0028862063374964e-12	2.0028862063374964e-12	2.0028862063374964e-12
0.1659586907437563	2.1780321868662888e-6	6.203834722946989e-7	1.7193378298374883e-6	1.6300614433050698e-7	2.2765695994668603e-6	7.192888771400708e-7	0.010760230095972411	0.011149753025458446	0.007955003510806162	0	0	0	0	0	0.011131544203636113	0.00005304736603846715	0	2.2651697506887446e-6	2.2651697506887446e-6	2.2651697506887446e-6	1.8692021660714333e-12	1.8692021660714333e-12	1.8692021660714333e-12
0.1778279410038923	1.7451403927531012e-6	5.1515283699643e-7	1.3547340183196752e-6	1.254389426097922e-7	1.8020587245260063e-6	5.719702103536179e-7	0.009453447045770409	0.009831241794053444	0.0065876496086876785	0	0	0	0	0	0.009816685843111251	0.00004998811156903716	0	1.7746817827089754e-6	1.7746817827089754e-6	1.7746817827089754e-6	1.744440960545219e-12	1.744440960545219e-12	1.744440960545219e-12
0.1905460717963252	1.3867336279846598e-6	4.426332614601983e-7	1.0344150913325686e-6	9.288226147356861e-8	1.3656396899162448e-6	4.23398388279686e-7	0.008244859892165774	0.008617645517560512	0.0053087232252487125	0	0	0	0	0	0.008591964325130064	0.0000466839988035738	0	1.3454815482943406e-6	1.3454815482943406e-6	1.3454815482943406e-6	1.6280070289152558e-12	1.6280070289152558e-12	1.6280070289152558e-12
0.20417379446695316	1.1019343560948636e-6	3.803224792339668e-7	7.898336992406548e-7	6.877540831383782e-8	1.0349117580311426e-6	3.134187619439282e-7	0.007190785997141481	0.007553858995844333	0.004278087627054241	0	0	0	0	0	0.007520038039733333	0.000043598281188961985	0	1.0200818053348069e-6	1.0200818053348069e-6	1.0200818053348069e-6	1.5193445614628961e-12	1.5193445614628961e-12	1.5193445614628961e-12
0.21877616239495518	8.821634809443126e-7	3.4589434684848526e-7	5.797058969122252e-7	4.859599121882703e-8	7.738090887894143e-7	2.422013267931218e-7	0.006233932386610207	0.006567597778682516	0.003368799132104954	0	0	0	0	0	0.006540966827989657	0.00003997791086998511	0	7.424885689148599e-7	7.424885689148599e-7	7.424885689148599e-7	1.4179348463777684e-12	1.4179348463777684e-12	1.4179348463777684e-12
0.23442288153199276	7.062239259602326e-7	3.1458277044975056e-7	4.2548061349862386e-7	3.43374240944361e-8	5.785812183951185e-7	1.8716646807137383e-7	0.005404404054894122	0.005710106662870518	0.0026527758619767586	0	0	0	0	0	0.005689365774322318	0.00003665817353215059	0	5.404363376408665e-7	5.404363376408665e-7	5.404363376408665e-7	1.3232937936319695e-12	1.3232937936319695e-12	1.3232937936319695e-12
0.25118864315095824	5.309742624878613e-7	2.552214408078681e-7	2.967408444719368e-7	2.28037736271914e-8	4.1829486414562665e-7	1.437687637533755e-7	0.004650588867229909	0.004930120802804832	0.002029710241243929	0	0	0	0	0	0.004920154122392002	0.000032579269544102364	0	3.73156666078276e-7	3.73156666078276e-7	3.73156666078276e-7	1.234969624125003e-12	1.234969624125003e-12	1.234969624125003e-12
0.2691534803926914	3.992128517044956e-7	2.0706151120392988e-7	2.0695450270662777e-7	1.514417884725523e-8	3.0241319249170597e-7	1.1043354957839903e-7	0.004001917064734812	0.004256679001864759	0.0015529859580147938	0	0	0	0	0	0.0042549411565957086	0.000028954219530233338	0	2.576545797170041e-7	2.576545797170041e-7	2.576545797170041e-7	1.1525407130683044e-12	1.1525407130683044e-12	1.1525407130683044e-12
0.28840315031266117	2.8631079588465566e-7	1.5930345774843598e-7	1.3519961514084398e-7	9.333957608710443e-9	2.3134875278410186e-7	1.020246316233093e-7	0.003411442931708742	0.0036451989163115454	0.0011500326711707456	0	0	0	0	0	0.0036428071557816255	0.000025670110295591416	0	1.6649109137414612e-7	1.6649109137414612e-7	1.6649109137414612e-7	1.075613577314623e-12	1.075613577314623e-12	1.075613577314623e-12
0.30902954325135923	2.0533875973708623e-7	1.225606415361973e-7	8.832345126669907e-8	5.752887992140705e-9	1.7698383120712697e-7	9.425600732395632e-8	0.0029080919689366026	0.003121559115370934	0.0008516336789360362	0	0	0	0	0	0.0031187373657667766	0.000022758498529023304	0	1.0758311976212679e-7	1.0758311976212679e-7	1.0758311976212679e-7	1.0038209970245102e-12	1.0038209970245102e-12	1.0038209970245102e-12
0.3311311214825908	1.3953339872734647e-7	8.862531347593712e-8	5.357115801620044e-8	3.2822403361206763e-9	1.333541887361423e-7	8.10762193210969e-8	0.002445317726927255	0.0026373101080610756	0.0006048506755489924	0	0	0	0	0	0.0026373451182882804	0.000019899355620210895	0	6.457659590164064e-8	6.457659590164064e-8	6.457659590164064e-8	9.36820262703449e-13	9.36820262703449e-13	9.36820262703449e-13
0.354813389233576	9.481682554882864e-8	6.408620328890995e-8	3.2492717732811935e-8	1.8726423387305337e-9	1.004800242608736e-7	6.973935694952642e-8	0.0020561862724758177	0.002228182888426428	0.0004295794644583832	0	0	0	0	0	0.002230258100379942	0.000017399405922786507	0	3.876199860595329e-8	3.876199860595329e-8	3.876199860595329e-8	8.742915392417587e-13	8.742915392417587e-13	8.742915392417587e-13
0.38018939632056126	6.08775033057704e-8	4.333782941629505e-8	1.8253473262740802e-8	9.921716178306891e-10	8.473864447220539e-8	6.555737500091581e-8	0.001693110556332658	0.0018472598784199396	0.0002896677816825334	0	0	0	0	0	0.001846897211002505	0.000014966745627275628	0	2.15799088501128e-8	2.15799088501128e-8	2.15799088501128e-8	8.159363391477938e-13	8.159363391477938e-13	8.159363391477938e-13
0.40738027780411384	3.908663243355939e-8	2.9306892312668082e-8	1.0254275708588074e-8	5.256767396896832e-10	7.14633373131341e-8	6.162616928230531e-8	0.0013941457514514946	0.0015314582461540532	0.00019532456899602697	0	0	0	0	0	0.0015294325385154736	0.000012874202467925296	0	1.2014150011027473e-8	1.2014150011027473e-8	1.2014150011027473e-8	7.614760976862289e-13	7.614760976862289e-13	7.614760976862289e-13
0.43651583224016655	2.3130123356995117e-8	1.7880489773516624e-8	5.452943873520468e-9	2.7162647897825204e-10	4.6709634197447624e-8	4.1332667651055067e-8	0.001111716119417634	0.001234351955881524	0.00012348613089250096	0	0	0	0	0	0.0012308426124438016	0.000010820906900338714	0	6.3626235202829934e-9	6.3626235202829934e-9	6.3626235202829934e-9	7.106508431197838e-13	7.106508431197838e-13	7.106508431197838e-13
0.4677351412871981	1.368761065357128e-8	1.090910326246485e-8	2.8997266830714676e-9	1.4035421107975478e-10	3.0530199244674596e-8	2.7721817452688993e-8	0.0008865018086424978	0.0009948849436899891	0.00007806915740902048	0	0	0	0	0	0.0009905461656242618	9.095089690994086e-6	0	3.369608172338466e-9	3.369608172338466e-9	3.369608172338466e-9	6.632179557065469e-13	6.632179557065469e-13	6.632179557065469e-13
0.5011872336272735	8.898970929075799e-9	7.401440192402181e-9	1.5169518424065767e-9	7.340914348654277e-11	1.7654440917776754e-8	1.617439293248888e-8	0.0006762092031051693	0.0007684274344155012	0.000045991841067336213	0	0	0	0	0	0.0007653476957798883	7.572464010595314e-6	0	1.7627128925353082e-9	1.7627128925353082e-9	1.7627128925353082e-9	6.189510095289216e-13	6.189510095289216e-13	6.189510095289216e-13
0.5370317963702532	5.785647005956899e-9	5.021615031383466e-9	7.935723410122776e-10	3.839501719236508e-11	1.0208884705318305e-8	9.4370070498093e-9	0.0005158014139467306	0.0005935165927552664	0.000027094559682269167	0	0	0	0	0	0.0005913475976825742	6.30474389367944e-6	0	9.221121811780208e-10	9.221121811780208e-10	9.221121811780208e-10	5.776386916255064e-13	5.776386916255064e-13	5.776386916255064e-13
0.5754399373371566	2.9869059008559197e-9	2.5763296341052223e-9	4.266870324400057e-10	2.065193252953917e-11	5.255392928286884e-9	4.840792951612969e-9	0.0003761298056868791	0.00043974645508931625	0.000015206250082016945	0	0.00005293978335341966	0.0000531408805775504	0	0	0.00043928614512621725	5.027670433188473e-6	0	4.958261109084635e-10	4.958261109084635e-10	4.958261109084635e-10	5.390837932662515e-13	5.390837932662515e-13	5.390837932662515e-13
0.6165950018614835	1.5407313108684104e-9	1.3230598654902386e-9	2.2627578163796145e-10	1.0935840779163462e-11	2.7054072504841257e-9	2.485669970883009e-9	0.0002643230857345559	0.00031545066976057187	8.369603987992245e-6	0	0.00003226635430475135	0.000032362284822826483	0	0	0.0003159203376696382	3.928607666021432e-6	0	2.6288707468124766e-10	2.6288707468124766e-10	2.6288707468124766e-10	5.031022685556838e-13	5.031022685556838e-13	5.031022685556838e-13
0.6606934480075964	7.802904077056435e-10	6.800153989460953e-10	1.0408176707499294e-10	5.006177745475556e-12	1.3794464205103088e-9	1.2781086637759518e-9	0.00017871849937064774	0.0002178042548948677	4.482916196390043e-6	0	0.000018765527681675364	0.000018801389209337145	0.000012230845538937728	0.000012298453638113412	0.00021749487379642293	3.1119545873068306e-6	0	1.2084157952723733e-10	1.2084157952723733e-10	1.2084157952723733e-10	4.695223558703154e-13	4.695223558703154e-13	4.695223558703154e-13
0.7079457843841374	3.584197635302028e-10	3.489701610511051e-10	9.27237297680056e-12	4.420677663462104e-13	6.677825043109633e-10	6.577841722535611e-10	0.00011543771849301893	0.00014341393359456684	2.387482303848063e-6	0	0.00001046554688810425	0.0000104642264392613	6.685343524003175e-6	6.704382206631268e-6	0.00014294112157463602	2.3106282298433155e-6	0	1.0752338977176964e-11	1.0752338977176964e-11	1.0752338977176964e-11	4.381837579363079e-13	4.381837579363079e-13	4.381837579363079e-13
0.7585775750291851	1.8150636845213612e-10	1.8118442304665812e-10	4.097586159727942e-103	4.0903181004914977e-103	3.42330447717099e-10	3.4172324194389325e-10	0.00007076814252729362	0.00008966787248408568	1.2627254230030004e-6	0	5.665982327417523e-6	5.663516590317896e-6	3.556865478987185e-6	3.5655154926573686e-6	0.00008954245035105864	1.552165546468165e-6	0	4.1007643653841046e-103	4.1007643653841046e-103	4.1007643653841046e-103	4.089368766334459e-13	4.089368766334459e-13	4.089368766334459e-13
0.8128305161640995	9.557372228144318e-11	9.540419918957956e-11	3.824089906452334e-103	3.817306958911475e-103	1.802570092587353e-10	1.799372798936945e-10	0.00004142145764483892	0.000053063719412796435	6.676423362320229e-7	0	3.0257873658895736e-6	3.02447059578114e-6	1.8755425413483907e-6	1.8801037114903408e-6	0.00005297137662500878	9.988717657129161e-7	0	3.8270559805497655e-103	3.8270559805497655e-103	3.8270559805497655e-103	3.816420988726525e-13	3.816420988726525e-13	3.816420988726525e-13
0.8709635899560796	5.158982738626429e-11	5.149832036070871e-11	3.568848351831009e-103	3.5625181368664215e-103	9.730109669096772e-11	9.712850968316865e-11	0.000023458290049000695	0.000030295146285495582	3.6038727026392997e-7	0	1.6332925430496792e-6	1.632581762502685e-6	1.0124008320909115e-6	1.014862910313727e-6	0.000030237974848394552	5.631801309831286e-7	0	3.571616453238919e-103	3.571616453238919e-103	3.571616453238919e-103	3.5616913013809395e-13	3.5616913013809395e-13	3.5616913013809395e-13
0.9332543007969925	2.9301450478767074e-11	2.9249477275645174e-11	3.330643073238533e-103	3.324735372897862e-103	5.526405903384008e-11	5.516603487057925e-11	0.000013501610392109661	0.000017558384897828765	2.0468899176096435e-7	0	9.276604127629226e-7	9.272567110633029e-7	5.750128339074979e-7	5.764112193407451e-7	0.000017438775160366313	3.2421561222534834e-7	7.2076913727302325e-9	3.333226415782507e-103	3.333226415782507e-103	3.333226415782507e-103	3.3239637251249847e-13	3.3239637251249847e-13	3.3239637251249847e-13