1.e-9	0	0	0	0	0	0	1.1850175219586745e-7	0	0	0	0	0	0	0	4.956997556037744e-11	3.196949405804842e-14	0	1.5751741505031086e-13	1.5751741505031086e-13	1.5751741505031086e-13	0	0	0
1.0715193052376092e-9	0	0	0	0	0	0	1.873355270929161e-7	0	0	0	0	0	0	0	7.797284766240353e-11	5.436413126416054e-14	0	2.6785839686141247e-13	2.6785839686141247e-13	2.6785839686141247e-13	0	0	0
1.148153621496884e-9	0	0	0	0	0	0	2.961525805388254e-7	0	0	0	0	0	0	0	1.2265015069815223e-10	9.24462164693736e-14	0	4.554932592453052e-13	4.554932592453052e-13	4.554932592453052e-13	0	0	0
1.2302687708123811e-9	0	0	0	0	0	0	4.681778855342794e-7	0	0	0	0	0	0	0	1.929268959293608e-10	1.5720481024474629e-13	0	7.745663815246051e-13	7.745663815246051e-13	7.745663815246051e-13	0	0	0
1.31825673855641e-9	0	0	0	0	0	0	7.805406073555869e-7	0	0	0	0	0	0	0	3.2116479016673913e-10	2.673268123667414e-13	0	1.3171502920768423e-12	1.3171502920768423e-12	1.3171502920768423e-12	0	0	0
1.4125375446227555e-9	0	0	0	0	0	0	1.301308025336836e-6	0	0	0	0	0	0	0	5.346420049208974e-10	4.5458929977332316e-13	0	2.239814344256903e-12	2.239814344256903e-12	2.239814344256903e-12	0	0	0
1.5135612484362133e-9	0	0	0	0	0	0	2.2001073861842566e-6	0	0	0	0	0	0	0	9.035072155390472e-10	7.730291983768955e-13	0	3.8088047560577805e-12	3.8088047560577805e-12	3.808804756057811e-12	0	0	0
1.6218100973589331e-9	0	0	0	0	0	0	3.7196977322026513e-6	0	0	0	0	0	0	0	1.5268633609360855e-9	1.3145363118779915e-12	0	6.476873276111359e-12	6.476873276111359e-12	6.476873276111411e-12	0	0	0
1.7378008287493762e-9	0	0	0	0	0	0	6.314427800634166e-6	0	0	0	0	0	0	0	2.591598745992924e-9	2.2353692704935148e-12	0	1.1013924346870979e-11	1.1013924346870979e-11	1.1013924346870979e-11	0	0	0
1.8620871366628732e-9	0	0	0	0	0	0	0.000010719150135301743	0	0	0	0	0	0	0	4.398811466740832e-9	3.801245907256788e-12	0	1.872918063195872e-11	1.872918063195872e-11	1.872918063195872e-11	0	0	0
1.9952623149688828e-9	0	0	0	0	0	0	0.000018218458686422697	0	0	0	0	0	0	0	7.475993764077212e-9	6.46401945225247e-12	0	3.1848975542059406e-11	3.1848975542059406e-11	3.1848975542059406e-11	0	0	0
2.1379620895022324e-9	0	0	0	0	0	0	0.0000309644172083946	0	0	0	0	0	0	0	1.2705814555388022e-8	1.0992066416785328e-11	0	5.4159189502816425e-11	5.4159189502816425e-11	5.4159189502816425e-11	0	0	0
2.2908676527677795e-9	0	0	0	0	0	0	0.00005264670025691818	0	0	0	0	0	0	0	2.1602600406899163e-8	1.869201121740354e-11	0	9.20977129619477e-11	9.20977129619477e-11	9.20977129619477e-11	0	0	0
2.4547089156850337e-9	0	0	0	0	0	0	0.00008951161681125369	0	0	0	0	0	0	0	3.672903789881243e-8	3.178576894495309e-11	0	1.5661217995848392e-10	1.5661217995848392e-10	1.5661217995848392e-10	0	0	0
2.6302679918953816e-9	0	0	0	0	0	0	0.00015040850777269698	0	0	0	0	0	0	0	6.245456792838783e-8	5.405170667142163e-11	0	2.663190444424015e-10	2.663190444424015e-10	2.663190444424015e-10	0	0	0
2.818382931264461e-9	0	0	0	0	0	0	0.0002527350082181183	0	0	0	0	0	0	0	1.0619861772223812e-7	9.191493838494285e-11	0	4.528755902096192e-10	4.528755902096192e-10	4.528755902096192e-10	0	0	0
3.019951720402019e-9	0	0	0	0	0	0	0.0004247384963022095	0	0	0	0	0	0	0	1.8058801208114435e-7	1.563013717525087e-10	0	7.701150349091046e-10	7.701150349091046e-10	7.701150349091046e-10	0	0	0
3.2359365692962944e-9	0	0	0	0	0	0	0.0007138021420656552	0	0	0	0	0	0	0	3.0708525974150046e-7	2.657905150238307e-10	0	1.3095807762979109e-9	1.3095807762979109e-9	1.3095807762979109e-9	0	0	0
3.4673685045253237e-9	0	0	0	0	0	0	0.0012017556110263206	0	0	0	0	0	0	0	5.22196144587901e-7	4.519768258239752e-10	0	2.226942381213839e-9	2.226942381213839e-9	2.226942381213839e-9	0	0	0
3.715352290971728e-9	0	0	0	0	0	0	0.0020232729260993214	0	0	0	0	0	0	0	8.879905653954025e-7	7.685866858852542e-10	0	3.78691598029218e-9	3.78691598029218e-9	3.78691598029218e-9	0	0	0
3.9810717055349855e-9	0	0	0	0	0	0	0.0034286588566215304	0	0	0	0	0	0	0	1.5100260472415902e-6	1.2554748098796704e-9	0	6.387952787364695e-9	6.387952787364695e-9	6.387952787364695e-9	0	0	0
4.265795188015934e-9	0	0	0	0	0	0	0.005810240132927979	0	0	0	0	0	0	0	2.5677960467211427e-6	2.050799249048745e-9	0	1.0775507306198711e-8	1.0775507306198711e-8	1.0775507306198711e-8	0	0	0
4.570881896148752e-9	0	0	0	0	0	0	0.009874834744836098	0	0	0	0	0	0	0	4.3665358860893505e-6	3.0385224337215975e-9	0	1.7890341707068723e-8	1.7890341707068723e-8	1.7890341707068723e-8	0	0	0
4.8977881936844766e-9	0	0	0	0	0	0	0.016782845288130694	0	0	0	0	0	0	0	7.425292078337713e-6	4.501961166853181e-9	0	2.9702947369498745e-8	2.9702947369498745e-8	2.9702947369498745e-8	0	0	0
5.248074602497734e-9	0	0	0	0	0	0	0.02853672857874561	0	0	0	0	0	0	0	0.000012626709128719086	7.191561377434195e-9	0	5.0048900289111074e-8	5.0048900289111074e-8	5.0048900289111074e-8	0	0	0
5.623413251903491e-9	0	0	0	0	0	0	0.04852245635326772	0	0	0	0	0	0	0	0.000021471718787522214	1.1488005588807821e-8	0	8.433144323992877e-8	8.433144323992877e-8	8.433144323992877e-8	0	0	0
6.025595860743593e-9	0	0	0	0	0	0	0.024882196021868655	0	0	0	0	0	0	0	0.00003651266086056066	1.8548168124539018e-8	0	1.424209728849359e-7	1.424209728849359e-7	1.424209728849359e-7	0	0	0
6.456542290346562e-9	0	0	0	0	0	0	0.012759528791436528	0	0	0	0	0	0	0	0.00006208978500095522	2.99472818076726e-8	0	2.405239699240258e-7	2.405239699240258e-7	2.405239699240258e-7	0	0	0
6.918309709189363e-9	0	0	0	0	0	0	0.006607540772556931	0	0	0	0	0	0	0	0.00010558369104399793	4.355647151734997e-8	0	4.019796226002954e-7	4.019796226002954e-7	4.019796226002954e-7	0	0	0
7.413102413009192e-9	0	0	0	0	0	0	0.0034217247184160095	0	0	0	0	0	0	0	0.00017954508643094238	6.335019729756438e-8	0	6.718150254917505e-7	6.718150254917505e-7	6.718150254917505e-7	0	0	0
7.943282347242822e-9	0	0	0	0	0	0	0.0018415413569902095	0	0	0	0	0	0	0	0.00030531645559756784	9.711253142647952e-8	0	1.132087418837491e-6	1.132087418837491e-6	1.132087418837491e-6	0	0	0
8.511380382023759e-9	0	0	0	0	0	0	0.0009911009355174332	0	0	0	0	0	0	0	0.0005191906941687272	1.4886841971085378e-7	0	1.907700595044109e-6	1.907700595044109e-6	1.907700595044109e-6	0	0	0
9.120108393559115e-9	0	0	0	0	0	0	0.0007182161568876699	0	0	0	0	0	0	0	0.0008828838820070401	2.4593112478173807e-7	0	3.2323537250041364e-6	3.2323537250041364e-6	3.2323537250041364e-6	0	0	0
9.772372209558111e-9	0	0	0	0	0	0	0.0005204661094837842	0	0	0	0	0	0	0	0.0015013442225805898	4.0627903657394323e-7	0	5.476808378993364e-6	5.476808378993364e-6	5.476808378993364e-6	0	0	0
1.0471285480509006e-8	0	0	0	0	0	0	0.0006755712446939862	0	0	0	0	0	0	0	0.002553036160522043	6.621635938913518e-7	0	5.687882819162174e-6	5.687882819162174e-6	5.687882819162174e-6	0	0	0
1.1220184543019653e-8	0	0	0	0	0	0	0.0008768995681775681	0	0	0	0	0	0	0	0.004341438518163265	1.079210556302769e-6	0	5.907092000627293e-6	5.907092000627293e-6	5.907092000627293e-6	0	0	0
1.202264434617413e-8	0	0	0	0	0	0	0.0014011850277709727	0	0	0	0	0	0	0	0.0073826170982406285	1.616231150978264e-6	0	6.2447870363008025e-6	6.2447870363008025e-6	6.2447870363008025e-6	0	0	0
1.288249551693135e-8	0	0	0	0	0	0	0.0022389331153736024	0	0	0	0	0	0	0	0.012554141902784246	2.4204758915087054e-6	0	6.601787330315781e-6	6.601787330315781e-6	6.601787330315781e-6	0	0	0
1.3803842646028866e-8	0	0	0	0	0	0	0.003677246561259539	0	0	0	0	0	0	0	0.012325256887375942	3.920584091733631e-6	0	8.277713000819327e-6	8.277713000819327e-6	8.277713000819327e-6	0	0	0
1.4791083881682102e-8	0	0	0	0	0	0	0.006039547219810064	0	0	0	0	0	0	0	0.012100544865285978	6.350395669825982e-6	0	0.000010379088131070763	0.000010379088131070763	0.000010379088131070763	0	0	0
1.5848931924611173e-8	0	0	0	0	0	0	0.010125359489955934	0	0	0	0	0	0	0	0.009566351164770337	0.000010503226683586653	0	0.0000152093258316322	0.0000152093258316322	0.0000152093258316322	0	0	0
1.698243652461746e-8	0	0	0	0	0	0	0.01697526338804909	0	0	0	0	0	0	0	0.007562888748112705	0.000017371794845946037	0	0.00002228746777477069	0.00002228746777477069	0.00002228746777477069	0	0	0
1.8197008586099862e-8	0	0	0	0	0	0	0.010467919638112468	0	0	0	0	0	0	0	0.010534736903794558	0.00002204064525518775	0	0.00003123674802959628	0.00003123674802959628	0.00003123674802959628	0	0	0
1.9498445997580494e-8	0	0	0	0	0	0	0.006455118783436867	0	0	0	0	0	0	0	0.014674377123405956	0.00002796429773509492	0	0.00004377951041028529	0.00004377951041028529	0.00004377951041028529	0	0	0
2.0892961308540408e-8	0	0	0	0	0	0	0.006724700085221871	0	0	0	0	0	0	0	0.018982768806069656	0.00003017255905513909	0	0.00005388990876997173	0.00005388990876997173	0.00005388990876997173	0	0	0
2.2387211385683424e-8	0	0	0	0	0	0	0.007005539751215283	0	0	0	0	0	0	0	0.02455610268935541	0.00003255520051173409	0	0.0000663351928794876	0.0000663351928794876	0.00006633519287948786	0	0	0
2.3988329190194947e-8	0	0	0	0	0	0	0.010826589707417929	0	0	0	0	0	0	0	0.024547109095297552	0.00003679189845024709	0	0.00006121120584407546	0.00006121120584407546	0.00006121120584407596	0	0	0
2.5703957827688646e-8	0	0	0	0	0	0	0.016731764982481346	0	0	0	0	0	0	0	0.024538118795114697	0.00004157995559220627	0	0.00005648301539866936	0.00005648301539866936	0.00005648301539867005	0	0	0
2.754228703338169e-8	0	0	0	0	0	0	0.01791567800234658	0	0	0	0	0	0	0	0.02343244960402568	0.00003521935727707394	0	0.000051237070549822465	0.000051237070549822465	0.000051237070549823935	0	0	0
2.95120922666639e-8	0	0	0	0	0	0	0.019183362820349742	0	0	0	0	0	0	0	0.022376601035712592	0.00002983175689689004	0	0.00004647835070415454	0.00004647835070415454	0.00004647835070415645	0	0	0
3.162277660168386e-8	0	0	0	0	0	0	0.015759814466262307	0	0	0	0	0	0	0	0.019127173370421517	0.000028884720955045687	0	0.000058164330475237176	0.000058164330475237176	0.00005816433047524051	0	0	0
3.3884415613920346e-8	0	0	0	0	0	0	0.012947247796801006	0	0	0	0	0	0	0	0.016349612729756116	0.000027967749520573284	0	0.00007278849805077707	0.00007278849805077707	0.00007278849805078214	0	0	0
3.6307805477010175e-8	0	0	0	0	0	0	0.010103121612332303	0	0	0	0	0	0	0	0.014453217716956384	0.000030429270452393577	0	0.00010125010542402317	0.00010125010542402317	0.00010125010542403186	0	0	0
3.890451449942813e-8	0	0	0	0	0	0	0.007883765562809009	0	0	0	0	0	0	0	0.012776785959801572	0.00003310743682053478	0	0.00014084071141603292	0.00014084071141603292	0.00014084071141604734	0	0	0
4.1686938347033635e-8	0	0	0	0	0	0	0.007192494403083906	0	0	0	0	0	0	0	0.012313824745904544	0.00003374671614292205	0	0.0001247222303240718	0.0001247222303240718	0.00012472223032410188	0	0	0
4.4668359215096346e-8	0	0	0	0	0	0	0.0065618358798534655	0	0	0	0	0	0	0	0.011867638727760763	0.00003439833946083665	0	0.00011044842489513341	0.00011044842489513341	0.00011044842489517542	0	0	0
4.78630092322639e-8	0	0	0	0	0	0	0.009542192643406737	0	0	0	0	0	0	0	0.01278749959845443	0.00003757109093807366	0	0.00010852566132637452	0.00010852566132637452	0.00010852566132645686	0	0	0
5.128613839913659e-8	0	0	0	0	0	0	0.0138762142350193	0	0	0	0	0	0	0	0.013778658900187627	0.00004103648305128568	0	0.00010663637057304812	0.00010663637057304812	0.00010663637057316936	0	0	0
5.495408738576248e-8	0	0	0	0	0	0	0.011825043151380476	0	0	0	0	0	0	0	0.017527805360481423	0.00004681704038768041	0	0.00010667161985962136	0.00010667161985962136	0.00010667161985985741	0	0	0
5.888436553555896e-8	0	0	0	0	0	0	0.010077074565418414	0	0	0	0	0	0	0	0.022297087327616354	0.00005341186933398877	0	0.00010670688079805615	0.00010670688079805615	0.00010670688079840706	0	0	0
6.309573444801943e-8	0	0	0	0	0	0	0.00917548851574372	0	0	0	0	0	0	0	0.023217589928698344	0.0000637448384579687	0	0.00011747093977997316	0.00011747093977997316	0.00011747093978062781	0	0	0
6.760829753919818e-8	0	0	0	0	0	0	0.008354566492090893	0	0	0	0	0	0	0	0.024176094131790043	0.00007607680616126164	0	0.00012932082345191564	0.00012932082345191564	0.00012932082345293148	0	0	0
7.244359600749906e-8	0	0	0	0	0	0	0.010581275619201178	0	0	0	0	0	0	0	0.026132356908950917	0.00008269166133090917	0	0.00013744375617999	0.00013744375617999	0.0001374437561819115	0	0	0
7.762471166286928e-8	0	0	0	0	0	0	0.01340146060666268	0	0	0	0	0	0	0	0.028246915068005956	0.00008988167614675188	0	0.00014607690864177426	0.00014607690864177426	0.00014607690864471118	0	0	0
8.317637711026726e-8	0	0	0	0	0	0	0.013070116471022249	0	0	0	0	0	0	0	0.02412839612732012	0.00008933102952086705	0	0.00015824108043005153	0.00015824108043005153	0.00015824108043556182	0	0	0
8.912509381337478e-8	0	0	0	0	0	0	0.012746964646611585	0	0	0	0	0	0	0	0.02061037455861145	0.00008878375634905573	0	0.0001714181917490877	0.0001714181917490877	0.00017141819175757955	0	0	0
9.549925860214369e-8	0	0	0	0	0	0	0.014989658333792717	0	0	0	0	0	0	0	0.026112463413005445	0.00008402983085211891	0	0.0001754386269605796	0.0001754386269605796	0.00017543862697692216	0	0	0
1.0232929922807557e-7	0	0	0	0	0	0	0.017626930268734332	0	0	0	0	0	0	0	0.03308337476140933	0.0000795304542564652	0	0.00017955335729398972	0.00017955335729398972	0.00017955335731854662	0	0	0
1.0964781961431874e-7	0	0	0	0	0	0	0.01771899787294867	0	0	0	0	0	0	0	0.0321604367070116	0.00008438332980656371	0	0.000180129965322239	0.000180129965322239	0.00018012996536994854	0	0	0
1.1748975549395303e-7	0	0	0	0	0	0	0.01781154635747616	0	0	0	0	0	0	0	0.03126324616653605	0.00008953232338245415	0	0.00018070842503860587	0.00018070842503860587	0.00018070842510961688	0	0	0
1.2589254117941688e-7	0	0	0	0	0	0	0.02264672598048912	0	0	0	0	0	0	0	0.03403005279383104	0.00010003550353621347	0	0.00018615007248319593	0.00018615007248319593	0.00018615007261944081	0	0	0
1.3489628825916562e-7	0	0	0	0	0	0	0.028794479004911635	0	0	0	0	0	0	0	0.03704172263437203	0.00011177082856430027	0	0.00019175558349366544	0.00019175558349366544	0.00019175558369900812	0	0	0
1.445439770745928e-7	0	0	0	0	0	0	0.029885079266936326	0	0	0	0	0	0	0	0.03708208785819549	0.00011719146435842507	0	0.00021016323626403533	0.00021016323626403533	0.00021016323664745253	0	0	0
1.5488166189124826e-7	0	0	0	0	0	0	0.031016986368766347	0	0	0	0	0	0	0	0.03712249706893914	0.00012287498889364734	0	0.00023033793891290985	0.00023033793891290985	0.00023033793950669835	0	0	0
1.659586907437563e-7	0	0	0	0	0	0	0.03089527938710034	0	0	0	0	0	0	0	0.033744137338343604	0.0001360342480692619	0	0.0002576090112647554	0.0002576090112647554	0.0002576090123644441	0	0	0
1.7782794100389227e-7	0	0	0	0	0	0	0.030774049969218693	0	0	0	0	0	0	0	0.030673227681705138	0.0001506027940623992	0	0.0002881088673364252	0.0002881088673364252	0.0002881088690534841	0	0	0
1.9054607179632522e-7	0	0	0	0	0	0	0.030516330108515042	0	0	0	0	0	0	0	0.03165583483130123	0.00016047437253983172	0	0.0002948283174157188	0.0002948283174157188	0.0002948283207203002	0	0	0
2.0417379446695318e-7	0	0	0	0	0	0	0.030260768544385027	0	0	0	0	0	0	0	0.032669919490224374	0.0001709930044948763	0	0.00030170448259297434	0.00030170448259297434	0.0003017044875581947	0	0	0
2.1877616239495564e-7	0	0	0	0	0	0	0.02974602687335588	0	0	0	0	0	0	0	0.03180223506313166	0.00016558351022736924	0	0.0002954099137850022	0.0002954099137850016	0.0002954099235477524	0	0	0
2.3442288153199275e-7	0	0	0	0	0	0	0.02924004106017969	0	0	0	0	0	0	0	0.03095759557391352	0.0001603451494417067	0	0.0002892466708232283	0.0002892466708232277	0.0002892466851811619	0	0	0
2.5118864315095823e-7	0	0	0	0	0	0	0.03084167633714974	0	0	0	0	0	0	0	0.03089608710753055	0.00016215207203785318	0	0.0002909729625065591	0.0002909729625065591	0.00029097299036463537	0	0	0
2.6915348039269196e-7	0	0	0	0	0	0	0.03253104184524887	0	0	0	0	0	0	0	0.03083470084997442	0.00016397935676705903	0	0.0002927095571018208	0.0002927095571018208	0.0002927095986206721	0	0	0
2.8840315031266115e-7	0	0	0	0	0	0	0.03595835961379396	0	0	0	0	0	0	0	0.03223239057269681	0.0001659877441306445	0	0.00029710630035509946	0.00029710630035509946	0.00029710638056803997	0	0	0
3.090295432513592e-7	0	0	0	0	0	0	0.03974676348411364	0	0	0	0	0	0	0	0.03369343542801804	0.00016802072983320159	0	0.00030156908638274575	0.00030156908638274515	0.00030156920644284737	0	0	0
3.3113112148259143e-7	0	0	0	0	0	0	0.04171441254076929	0	0	0	0	0	0	0	0.035497061811703624	0.00016784802885877256	0	0.00030307735754867747	0.0003030773575486762	0.00030307759060402956	0	0	0
3.5481338923357606e-7	0.00020604716359116492	0.000029435820753202058	0	0	0	0	0.04377946934766077	0	0	0	0	0	0	0	0.037397237214228975	0.0001676755053959308	0	0.0003045931721997087	0.00030459317219970683	0.0003045935193776208	0	0	0
3.8018939632056126e-7	0.00021535377290513532	0.00003237776724970093	0	0	0	0	0.045323528629580674	0	0	0	0	0	0	0	0.038004003531924166	0.00017388603343788267	0	0.0003238429877010258	0.00032384298770102185	0.0003238436443899045	0	0	0
4.0738027780411303e-7	0.00022508073732331257	0.000035613744928847176	0	0	0	0	0.04692204537984361	0	0	0	0	0	0	0	0.03862061457055905	0.00018032659304269638	0	0.00034430936165031625	0.0003443093616503106	0.00034431036558501497	0	0	0
4.365158322401665e-7	0.00023455504729689774	0.000036882063839589834	0	0	0	0	0.04713471256492405	0	0	0	0	0	0	0	0.040647813969849025	0.00018746829168551942	0	0.0003580313563290333	0.000358031356329023	0.0003580332742079791	0	0	0
4.677351412871981e-7	0.0002444281588318397	0.00003819555162719653	0	0	0	0	0.04734834363235992	0	0	0	0	0	0	0	0.042781421240950225	0.000194892831913959	0	0.00037230022297504435	0.0003723002229750284	0.00037230312605397026	0	0	0
5.011872336272736e-7	0.00025058594517021103	0.00003983136412776054	0	0	0	0	0.0503086485722127	0	0	0	0	0	0	0	0.04481524833992867	0.0001983721206316399	0	0.00038394708315924315	0.0003839470831592133	0.0003839526501906256	0	0	0
5.370317963702533e-7	0.0002568988622953548	0.00004153723406755517	0	0	0	0	0.05345403718479005	0	0	0	0	0	0	0	0.0469457634999522	0.0002019135227162515	0	0.00039595829808668204	0.0003959582980866367	0.00039596669292278305	0	0	0
5.754399373371578e-7	0.00026645151980211597	0.00004454317868053356	0	0	0	0	0.05377426549565592	0	0	0	0	0	0	0	0.04917458214238208	0.00020762364517516168	0	0.0004156275365323553	0.00041562753653226855	0.0004156435056675856	0	0	0
6.165950018614835e-7	0.0002763593881674478	0.00004776665590537557	0	0	0	0	0.05409641220551444	0	0	0	0	0	0	0	0.05150921720296159	0.0002134952501244835	0	0.00043627384489398565	0.0004362738448938536	0.00043629812024954963	0	0	0
6.606934480075964e-7	0.000285833921408706	0.000049413910857363516	0	0	0	0	0.05398842307578303	0	0	0	0	0	0	0	0.054097894878120854	0.00022078935939662817	0	0.0004512631032348495	0.0004512631032345957	0.0004513095901194912	0	0	0
7.079457843841387e-7	0.0002956332736500891	0.00005111797214895002	0	0	0	0	0.05388064951768877	0	0	0	0	0	0	0	0.05681667066910786	0.0002283326734170895	0	0.00046676735432221576	0.0004667673543218329	0.0004668375513910624	0	0	0
7.585775750291852e-7	0.0003157865857570976	0.000053884520876448596	0	0	0	0	0.05495190385629904	0	0	0	0	0	0	0	0.05838435687261319	0.00024435710548223124	0	0.0004961926530602897	0.000496192653059567	0.0004963254364434916	0	0	0
8.128305161640995e-7	0.0003373137485943274	0.00005680079760644508	0	0	0	0	0.05604445685905413	0	0	0	0	0	0	0	0.05999529869112917	0.00026150613535095104	0	0.0005274729405798319	0.0005274729405787284	0.0005276759295107931	0	0	0
8.709635899560814e-7	0.00035032946727938817	0.000057723849975194445	0	0	0	0	0.057602859330688934	0	0	0	0	0	0	0	0.061718301244721344	0.0002737622927848574	0	0.0005436083118335179	0.0005436083118314012	0.0005439438292242938	0	0	0
9.332543007969924e-7	0.000363847415516591	0.000058661902585337185	0	0	0	0	0.05920459558410495	0	0	0	0	0	0	0	0.06349078663887654	0.00028659286655068896	0	0.0005602372632985545	0.0005602372632953636	0.0005607132575205606	0	0	0
1.e-6	0.000376567252337815	0.000060237470231105694	0	0	0	0	0.06241247520048942	0	0	0	0	0	0	0	0.0663095244421274	0.00029781092789687644	0	0.0005782358813138838	0.0005782358813077665	0.0005785467741520865	0	0	0
1.0715193052376091e-6	0.00038973176525637583	0.00006185535517817142	0	0	0	0	0.06579416719632984	0	0	0	0	0	0	0	0.06925340296616739	0.00030946809612622284	0	0.0005968127369290349	0.0005968127369198051	0.0005969474867811732	0	0	0
1.148153621496884e-6	0.00040148390549530526	0.00006306259660797888	0	0	0	0	0.06947288926515939	0	0	0	0	0	0	0	0.07077657655799971	0.000320371286260418	0	0.0006126139648611176	0.0006126139648433808	0.0006127017057544398	0	0	0
1.2302687708123837e-6	0.000413590424854715	0.00006429339997297564	0	0	0	0	0.0733572982001101	0	0	0	0	0	0	0	0.07233325114316176	0.0003316586179477809	0	0.0006288335464721852	0.0006288335464454974	0.0006288716990143084	0	0	0
1.3182567385564101e-6	0.0004289175897992229	0.00006750306247569251	0	0	0	0	0.07496238832092948	0	0	0	0	0	0	0	0.07577784107200192	0.00034299305837197933	0	0.0006549173491081187	0.0006549173490571716	0.0006549424109180573	0	0	0
1.4125375446227554e-6	0.0004448127610879742	0.0000708729581187574	0	0	0	0	0.0766025985233107	0	0	0	0	0	0	0	0.07938646620720043	0.00035471485354222394	0	0.0006820830990475406	0.0006820830989703688	0.000682093918825557	0	0	0
1.5135612484362104e-6	0.0004621059268044438	0.00007428497203023997	0	0	0	0	0.08104595477404301	0	0	0	0	0	0	0	0.08160209745654981	0.0003665049748682233	0	0.0007108054670740258	0.000710805466926747	0.0007108126011329268	0	0	0
1.6218100973589331e-6	0.00048007140592254855	0.00007786124942445537	0	0	0	0	0.08574704921057473	0	0	0	0	0	0	0	0.0838795657175162	0.00037868697987062896	0	0.0007407373276479763	0.0007407373274248214	0.0007407404464172848	0	0	0
1.7378008287493763e-6	0.0005000142093499927	0.00008072462309398794	0	0	0	0	0.08937791341799584	0	0	0	0	0	0	0	0.08536041286871451	0.0003954666045453529	0	0.000770268053027602	0.0007702680526012982	0.0007702701767359139	0	0	0
1.8620871366628694e-6	0.0005207854633030057	0.00008369329829453922	0	0	0	0	0.09316252256491243	0	0	0	0	0	0	0	0.08686740355399636	0.00041298973459309425	0	0.0008009760698827642	0.0008009760692374683	0.0008009771142354281	0	0	0
1.995262314968883e-6	0.0005364786012832713	0.0000854274538659428	0	0	0	0	0.0953685361211319	0	0	0	0	0	0	0	0.09002278490420086	0.0004266605632717894	0	0.0008224827186569824	0.000822482717417067	0.0008224836261830787	0	0	0
2.1379620895022326e-6	0.0005526446299200978	0.00008719754177132203	0	0	0	0	0.09762678630294173	0	0	0	0	0	0	0	0.09329278268194782	0.0004407839251277246	0	0.0008445668327998823	0.0008445668309338808	0.0008445675953987793	0	0	0
2.2908676527677747e-6	0.0005684013422713203	0.00008948097474248637	0	0	0	0	0.1009634893561989	0	0	0	0	0	0	0	0.09671265942559397	0.00045320451606828903	0	0.0008679685818006684	0.0008679685782165987	0.0008679697356861211	0	0	0
2.4547089156850335e-6	0.0005846073016986524	0.00009182420373573876	0	0	0	0	0.10441423475057199	0	0	0	0	0	0	0	0.10025790017495965	0.00046597509953471	0	0.0008920187600731561	0.0008920187546772404	0.0008920203263438204	0	0	0
2.6302679918953817e-6	0.000602368767160683	0.00009479587695045696	0	0	0	0	0.10750306867330531	0	0	0	0	0	0	0	0.10430074357940243	0.0004803090518193334	0	0.0009197292481749767	0.0009197292378266313	0.000919732164363136	0	0	0
2.8183829312644606e-6	0.0006206698592309395	0.00009786372134157333	0	0	0	0	0.11068327802032862	0	0	0	0	0	0	0	0.10850661236902027	0.0004950839336478391	0	0.000948300560269759	0.0009483005446664958	0.0009483049087359611	0	0	0
3.0199517204020193e-6	0.0006458522749693539	0.0001007857379545676	0	0	0	0	0.11359523066979992	0	0	0	0	0	0	0	0.11266144371830453	0.0005159008733382177	0	0.0009832772347530916	0.0009832772049063786	0.0009832813281883553	0	0	0
3.2359365692962877e-6	0.0006720564159502447	0.0001037950001879978	0	0	0	0	0.1165837935207795	0	0	0	0	0	0	0	0.11697536789303102	0.0005375931090109944	0	0.0010195439725445817	0.0010195439274249497	0.0010195477862205756	0	0	0
3.4673685045253236e-6	0.000698597825076665	0.00010875598974284924	0	0	0	0	0.12008063083969159	0	0	0	0	0	0	0	0.12054073071240903	0.0005573542241084008	0	0.0010627014392753204	0.001062701353173947	0.0010627046553997204	0	0	0
3.7153522909717276e-6	0.0007261874295356396	0.00011395409493254484	0	0	0	0	0.12368235298749435	0	0	0	0	0	0	0	0.12421476437645007	0.0005778417281109941	0	0.0011076857687846774	0.001107685638312883	0.001107688329935624	0	0	0
3.981071705534978e-6	0.0007492497422385985	0.00011826375706940242	0	0	0	0	0.1285640698754602	0	0	0	0	0	0	0	0.12846011213426325	0.0005956115419020236	0	0.001145180385054981	0.001145180135145253	0.0011451824741515225	0	0	0
4.265795188015934e-6	0.000773044469529821	0.00012273640753717317	0	0	0	0	0.13363846711918026	0	0	0	0	0	0	0	0.13285055518469435	0.0006139278137745741	0	0.0011839441755702458	0.0011839437982862594	0.0011839457577205083	0	0	0
4.570881896148752e-6	0.0007973878853695939	0.00012722061413017908	0	0	0	0	0.13889367461811036	0	0	0	0	0	0	0	0.13728991804896296	0.0006325541060118043	0	0.0012233028357246745	0.001223302112867524	0.0012233039276145375	0	0	0
4.897788193684467e-6	0.0008224978831048571	0.00013186865237813	0	0	0	0	0.14435553822775649	0	0	0	0	0	0	0	0.14187762762215814	0.000651745511532263	0	0.0012639699225440756	0.0012639688315545599	0.0012639704898291682	0	0	0
5.248074602497734e-6	0.0008483058717380066	0.00013509229688767345	0	0	0	0	0.14936787313602473	0	0	0	0	0	0	0	0.1474467576595382	0.0006739507459459841	0	0.0013005756471726035	0.0013005735528720857	0.001300575395368181	0	0	0
5.623413251903491e-6	0.0008749236524581308	0.00013839474620591533	0	0	0	0	0.1545542470977382	0	0	0	0	0	0	0	0.15323449305347214	0.0006969125217192474	0	0.0013382415070556865	0.0013382383522463567	0.0013382403882433367	0	0	0
6.0255958607435935e-6	0.0009048886119553358	0.0001423005458602053	0	0	0	0	0.15978850195818728	0	0	0	0	0	0	0	0.1583214226211719	0.0007221417973703552	0	0.0013812833489084274	0.0013812801656679732	0.001381283082173194	0	0	0
6.4565422903465625e-6	0.0009358798310526211	0.00014631657564502951	0	0	0	0	0.16520002418241791	0	0	0	0	0	0	0	0.16357722312589892	0.0007482844105352036	0	0.0014257095448858281	0.0014257063346489111	0.0014257101861963523	0	0	0
6.9183097091893625e-6	0.0009717377721236526	0.00015181911055972354	0	0	0	0	0.17075914495716168	0	0	0	0	0	0	0	0.16939836957805987	0.0007766203312265128	0	0.001479976426264402	0.0014799732961384333	0.0014799797267875715	0	0	0
7.413102413009192e-6	0.001008969598917186	0.00015752857958529408	0	0	0	0	0.17650533485578315	0	0	0	0	0	0	0	0.17542667045777602	0.0008060292722696098	0	0.0015363088717160656	0.0015363058324505906	0.0015363150329632115	0	0	0
7.943282347242822e-6	0.0010461860750668687	0.00016342533878126563	0	0	0	0	0.18344935732797507	0	0	0	0	0	0	0	0.18096149132090697	0.0008358956047974635	0	0.0015932301773401523	0.0015932270307993253	0.0015932427462661699	0	0	0
8.511380382023777e-6	0.001084775304269254	0.000169542831060128	0	0	0	0	0.1906665695489853	0	0	0	0	0	0	0	0.18667093923422975	0.0008668685941792955	0	0.0016522604566827442	0.0016522571990894733	0.0016522798996724728	0	0	0
9.120108393559115e-6	0.0011219391881814832	0.00017582449095780982	0	0	0	0	0.1950584318175225	0	0	0	0	0	0	0	0.19259633005822052	0.000895853583117602	0	0.0017103499963006833	0.001710345831309076	0.0017103865532024723	0	0	0
9.772372209558111e-6	0.001160376289009693	0.00018233888998591284	0	0	0	0	0.1995514573588419	0	0	0	0	0	0	0	0.198709807236525	0.0009258077265383641	0	0.001770481825679516	0.0017704766935125976	0.0017705366759928026	0	0	0
0.000010471285480509006	0.0011981719740135988	0.000188517513443717	0	0	0	0	0.20683236751033132	0	0	0	0	0	0	0	0.20593461889703157	0.0009562944081500113	0	0.001828656458025846	0.0018286492441335392	0.0018287046917992422	0	0	0
0.000011220184543019652	0.0012371987370897093	0.00019490550193514703	0	0	0	0	0.21437893171083353	0	0	0	0	0	0	0	0.21342211464070182	0.0009877850106936661	0	0.0018887425970589614	0.0018887331701812988	0.0018887837202995867	0	0	0
0.000012022644346174132	0.0012801839729661927	0.00020176415138645708	0	0	0	0	0.22128833808170742	0	0	0	0	0	0	0	0.22069322755061765	0.0010219824885841812	0	0.001953804182143287	0.0019537911148222852	0.001953834740874241	0	0	0
0.000012882495516931348	0.0013246626879806342	0.00020886415406704326	0	0	0	0	0.22842043376265783	0	0	0	0	0	0	0	0.22821206119480497	0.0010573638956509928	0	0.0020211069460204572	0.0020210899986428856	0.002021126163688872	0	0	0
0.000013803842646028866	0.0013760985435379786	0.0002169084704750169	0	0	0	0	0.2358465836088288	0	0	0	0	0	0	0	0.23539066383891968	0.001098555252549487	0	0.0020969207196896147	0.0020968970708453117	0.002096941994760048	0	0	0
0.000014791083881682102	0.0014295316224344466	0.00022526261039847346	0	0	0	0	0.24351416413888835	0	0	0	0	0	0	0	0.24279507547687953	0.0011413512867876467	0	0.0021755783449863416	0.0021755475157821174	0.002175601804769429	0	0	0
0.00001584893192461114	0.0014774430749070096	0.0002340457403823337	0	0	0	0	0.2504293913688511	0	0	0	0	0	0	0	0.24888344655990827	0.0011784436989907472	0	0.0022454869338159496	0.0022454419881365187	0.0022455045215071003	0	0	0
0.00001698243652461746	0.0015269603031749554	0.00024317133009431867	0	0	0	0	0.25754099472260666	0	0	0	0	0	0	0	0.25512449068365695	0.001216741565692368	0	0.00231764191878359	0.0023175819813220128	0.0023176532327997598	0	0	0
0.000018197008586099864	0.0015753616155257995	0.00025497712816640905	0	0	0	0	0.2649106749113171	0	0	0	0	0	0	0	0.2631997366317867	0.001252125246996113	0	0.002384177089753284	0.002384105037212711	0.0023841779116902558	0	0	0
0.000019498445997580493	0.0016252971439478972	0.00026735608948132687	0	0	0	0	0.2724912426371468	0	0	0	0	0	0	0	0.27153058170702676	0.0012885379100803067	0	0.0024526223612178527	0.0024525375474401846	0.0024526120793855843	0	0	0
0.00002089296130854041	0.001673527940162421	0.000272018417501257	0	0	0	0	0.2815050553381353	0	0	0	0	0	0	0	0.2799115084291775	0.0013293278411723372	0	0.0025330315248256064	0.002532942593900058	0.002533008329679961	0	0	0
0.000022387211385683423	0.001723189988325038	0.0002767620502059169	0	0	0	0	0.29081703842662954	0	0	0	0	0	0	0	0.28855111663125954	0.001371409017531958	0	0.0026160769008786115	0.0026159836740072048	0.002616039956810227	0	0	0
0.000023988329190194948	0.0017841350202357667	0.00028704491365766794	0	0	0	0	0.29992360150018804	0	0	0	0	0	0	0	0.29723665802967164	0.001420260957445282	0	0.002701202138079171	0.0027010760943859532	0.002701130597127252	0	0	0
0.000025703957827688645	0.0018472355294529854	0.00029770982833605513	0	0	0	0	0.3093153249325122	0	0	0	0	0	0	0	0.3061836388231705	0.0014708530871945992	0	0.00278909728850592	0.0027889363913680123	0.002788988938698508	0	0	0
0.00002754228703338169	0.0019000152065496451	0.00030229663720962824	0	0	0	0	0.31741237053357124	0	0	0	0	0	0	0	0.3145914014552638	0.0015169418367861345	0	0.002872091726709547	0.002871936944911414	0.0028720047619031036	0	0	0
0.0000295120922666639	0.001954302917824953	0.00030695411494811674	0	0	0	0	0.3257213750716148	0	0	0	0	0	0	0	0.32323004014836854	0.0015644747638127953	0	0.0029575558086940216	0.0029574076486919574	0.002957491597741247	0	0	0
0.000031622776601683856	0.0020184832604853427	0.00031777104025162257	0	0	0	0	0.334804154639223	0	0	0	0	0	0	0	0.3321115357330246	0.0016160186220855889	0	0.0030526213386998977	0.003052462885514936	0.003052572489245201	0	0	0
0.000033884415613920276	0.002084771319583346	0.00032896914915007963	0	0	0	0	0.3441402086032531	0	0	0	0	0	0	0	0.34123707102322076	0.0016692606664762285	0	0.0031507425861900095	0.003150573331196731	0.0031507101522159054	0	0	0
0.000036307805477010174	0.002152831181701459	0.0003408147730959251	0	0	0	0	0.3532078181645824	0	0	0	0	0	0	0	0.35092145877150044	0.001723670838176267	0	0.003249553511927228	0.003249357921758941	0.0032495229284953365	0	0	0
0.00003890451449942813	0.002223112939711941	0.0003530869379713008	0	0	0	0	0.36251434646048697	0	0	0	0	0	0	0	0.36088069170520226	0.0017798545296409942	0	0.0033514632623947785	0.003351239851854836	0.003351434677477514	0	0	0
0.00004168693834703355	0.002291102503997284	0.000360308417085776	0	0	0	0	0.37147659947077005	0	0	0	0	0	0	0	0.3699430481777705	0.0018381123099810266	0	0.003456562281009693	0.0034563581839392797	0.0034565314465450103	0	0	0
0.00004466835921509635	0.0023611713962236915	0.0003676775928579062	0	0	0	0	0.38066042158529384	0	0	0	0	0	0	0	0.3792329765507561	0.0018982769703011987	0	0.003564957114869761	0.0035647737624843233	0.00356492391788073	0	0	0
0.0000478630092322639	0.0024336317101891288	0.0003801662195219304	0	0	0	0	0.39007667778927413	0	0	0	0	0	0	0	0.38834266183602967	0.001955883449536301	0	0.0036705942643933025	0.003670416662784784	0.0036705604022287466	0	0	0
0.00005128613839913659	0.002508315707326557	0.00039307903792073313	0	0	0	0	0.3997258604438942	0	0	0	0	0	0	0	0.3976711739932472	0.0020152380964528205	0	0.003779361664015204	0.003779190315028428	0.0037793271264030424	0	0	0
0.00005495408738576248	0.002586123279752895	0.0004049869079309728	0	0	0	0	0.40963516448174087	0	0	0	0	0	0	0	0.4068128716417727	0.0020794738735351644	0	0.003889953330720841	0.0038897749237416894	0.0038899341338033077	0	0	0
0.00005888436553555896	0.002666344431263087	0.00041725551294486746	0	0	0	0	0.419790122644657	0	0	0	0	0	0	0	0.4161647193875719	0.0021457571680124263	0	0.0040037811303589846	0.004003595399046712	0.004003778201578854	0	0	0
0.00006309573444801943	0.0027443484954020403	0.0004277989844444479	0	0	0	0	0.4282749440133645	0	0	0	0	0	0	0	0.42500913933748635	0.0022114416134532216	0	0.004119480070103265	0.0041192714724894025	0.004119509868061838	0	0	0
0.00006760829753919819	0.002824634573053911	0.0004386088749314697	0	0	0	0	0.436931261064739	0	0	0	0	0	0	0	0.43404152275620833	0.002279136746047815	0	0.004238522410553583	0.004238289780257369	0.004238586829402001	0	0	0
0.00007244359600749906	0.002904125066786163	0.00044846255165734627	0.002893439159445572	0.0004373135774068941	0	0	0.4451896606777076	0	0	0	0	0	0	0	0.44263701090473123	0.0023470368746116932	0	0.004357756000688819	0.004357490775631691	0.004357820582863792	0	0	0
0.00007762471166286927	0.002985852571512376	0.000458537598607513	0.0029767477529818423	0.0004490366230288188	0	0	0.4536041515806482	0	0	0	0	0	0	0	0.4514027187503084	0.002416959886386519	0	0.004480343742964732	0.00448004427355658	0.004480408446678136	0	0	0
0.00008317637711026725	0.0030693826883463993	0.0004702469436467272	0.0030596653220012994	0.00046010757309471515	0	0	0.4610980533078516	0	0	0	0	0	0	0	0.45924588259936355	0.002487499855547292	0	0.004600380892401673	0.004600030439384676	0.004600398106891358	0	0	0
0.00008912509381337459	0.0031552495851289385	0.00048225530181303145	0.0031448925671581575	0.0004714514762541376	0	0	0.46871576025796063	0	0	0	0	0	0	0	0.46722532214328805	0.0025600985627439073	0	0.004723634071248772	0.00472323011809592	0.004723601205952723	0	0	0
0.00009549925860214369	0.003240452747934016	0.0004957868302405877	0.003228108698488534	0.000482905799768469	0	0	0.4763568252851595	0	0	0	0	0	0	0	0.4751167752224657	0.0026304929649172636	0	0.004845219371897115	0.004844795733303986	0.004845160519623074	0	0	0
0.00010232929922807557	0.003327956704624369	0.0005096980377735825	0.0033135267888256843	0.000494638416031427	0	0	0.48412245594402725	0	0	0	0	0	0	0	0.48314151523783755	0.002702822984699042	0	0.0049699342514058775	0.004969490181626547	0.004969848096263922	0	0	0
0.00010964781961431851	0.0034122143210427837	0.0005185799287058229	0.0034002773671453837	0.0005061429806849353	0	0	0.4911657982916267	0	0	0	0	0	0	0	0.4900036390922844	0.00277697432570257	0	0.005095213940770775	0.005094760640032992	0.005095140179685973	0	0	0
0.00011748975549395303	0.0034986051821379177	0.0005276165936035979	0.0034892991396694413	0.0005179151246520922	0	0	0.4983116119681553	0	0	0	0	0	0	0	0.49696322661381054	0.002853159992077657	0	0.0052236516197132704	0.0052231889048090525	0.005223590932319663	0	0	0
0.00012589254117941688	0.003585377406754637	0.0005380758519876851	0.003576616962992893	0.0005289477318464442	0	0	0.504526558188293	0	0	0	0	0	0	0	0.5025779321091226	0.0029293107364149864	0	0.005335729193172868	0.005335281213186929	0.005335684123845202	0	0	0
0.0001348962882591656	0.003674301751594388	0.0005487424504881949	0.0036661198676076587	0.0005402153551963597	0	0	0.5108190172650264	0	0	0	0	0	0	0	0.5082560727161498	0.003007493941560404	0	0.005450211479539644	0.0054497790798983025	0.005450182726466114	0	0	0
0.0001445439770745928	0.003755511814552454	0.0005588028119622462	0.0037483942768298233	0.0005513910222350528	0	0	0.5156117078515517	0	0	0	0	0	0	0	0.5126326132057714	0.0030849320805664978	0	0.005579212093806049	0.005578790320322479	0.0055791797471474265	0	0	0
0.00015488166189124827	0.003838516796592152	0.0005690476149222756	0.0038325150736926677	0.0005627978850969618	0	0	0.5204493652115934	0	0	0	0	0	0	0	0.5170468396330227	0.003164364127287521	0	0.005711266013167767	0.00571085561117909	0.005711229918921042	0	0	0
0.00016595869074375631	0.003925723761471153	0.0005803647843493181	0.003919644858415437	0.0005740334279798854	0	0	0.5241910985260019	0	0	0	0	0	0	0	0.5203236395187939	0.003237349983140366	0	0.005835533808877615	0.005835147845185113	0.005835532357678421	0	0	0
0.00017782794100389227	0.004014911974609924	0.0005919070286567053	0.004008755483197493	0.0005854932741646085	0	0	0.5279597327632115	0	0	0	0	0	0	0	0.5236212062223227	0.003312019253082189	0	0.005962505468321858	0.005962145200890209	0.0059625401850299	0	0	0
0.00019054607179632481	0.0041022914870493	0.0006019673344403093	0.004096598725049683	0.0005960400331382813	0	0	0.5300339634888698	0	0	0	0	0	0	0	0.5263442607710972	0.0033918706314439054	0	0.006084927839023532	0.006084558337536856	0.0060849701525205885	0	0	0
0.00020417379446695317	0.004191572704742107	0.0006121986294968233	0.004186366862339246	0.0006067767757202345	0	0	0.5321163433835591	0	0	0	0	0	0	0	0.5290814763698596	0.003473647192643965	0	0.006209863790119881	0.006209484827266814	0.006209913997733645	0	0	0
0.00021877616239495564	0.004278264105356116	0.0006229096660232244	0.004272030207961619	0.0006164099685110575	0	0	0.5334025917651993	0	0	0	0	0	0	0	0.5303464754853703	0.0035526244164547057	0	0.0063285910311807626	0.006328179049257964	0.0063286057689214	0	0	0
0.00023442288153199226	0.004366748484279186	0.0006338081030074883	0.004359446435981683	0.000626196097945238	0	0	0.5346919493069329	0	0	0	0	0	0	0	0.5316144991308149	0.0036333972750939017	0	0.006449588234715293	0.006449142109764074	0.006449566128136775	0	0	0
0.0002511886431509582	0.004450423499953523	0.0006446126703438754	0.004441975873072256	0.0006358017445549498	0	0	0.5349336121283569	0	0	0	0	0	0	0	0.5312292570884464	0.003710989134357269	0	0.006563238950102534	0.006562783141924865	0.006563198623862032	0	0	0
0.00026915348039269194	0.004535701884421212	0.0006556014238318314	0.004526067689259924	0.0006455547386922068	0	0	0.5351753841732682	0	0	0	0	0	0	0	0.5308442942172282	0.003790237981879316	0	0.006678892349170961	0.006678426655031297	0.0066788331680705795	0	0	0
0.00028840315031266115	0.004613619124702863	0.0006645488598933152	0.004603467515760277	0.0006539604605410485	0	0	0.5335707086411913	0	0	0	0	0	0	0	0.5297947350042	0.0038649062208745604	0	0.006784509798867562	0.006784042950596175	0.00678443170967775	0	0	0
0.0003090295432513592	0.004692874878071964	0.0006736184076665239	0.004682190948877574	0.0006624756326898638	0	0	0.5319708445852006	0	0	0	0	0	0	0	0.5287472509279935	0.003941045435027902	0	0.0068917974425270435	0.006891329520084089	0.006891699862085019	0	0	0
0.0003311311214825914	0.004762972229394142	0.0006805070710302877	0.004751579991904672	0.0006686214588381063	0	0	0.5289759277662067	0	0	0	0	0	0	0	0.5258049887955527	0.0040104958717586976	0	0.006985383050920685	0.006984915644261664	0.0069853029010700325	0	0	0
0.000354813389233576	0.004834116623049644	0.000687466180335549	0.004821997365331952	0.0006748243001838597	0	0	0.5259978718839419	0	0	0	0	0	0	0	0.5228790991481518	0.00408117018759507	0	0.007080239483968037	0.0070797726933910865	0.007080177256142869	0	0	0
0.00038018939632056124	0.004897584439098708	0.0006948635618271651	0.004884111226382882	0.0006808025502630182	0	0	0.5218358095344194	0	0	0	0	0	0	0	0.518360086118077	0.004146527025719776	0	0.007162792572797919	0.007162322564951034	0.007162750400288666	0	0	0
0.00040738027780411304	0.00496188553328071	0.0007023405417841291	0.004947025198143622	0.0006868337614966581	0	0	0.5177066803276479	0	0	0	0	0	0	0	0.5138801289209844	0.004212930503924005	0	0.007246308201453016	0.007245834964771393	0.007246286560456166	0	0	0
0.00043651583224016654	0.005014851900941619	0.0007058756449117046	0.005001265840840664	0.0006917071612510424	0	0	0.5122496904682429	0	0	0	0	0	0	0	0.5077693611287107	0.004273914759347355	0	0.007317076654841226	0.0073166107210116465	0.0073170697684006745	0	0	0
0.00046773514128719906	0.005068383665785589	0.0007094285413366606	0.005056101193934834	0.0006966151400061937	0	0	0.5068502210918783	0	0	0	0	0	0	0	0.5017312590826092	0.004335781792069324	0	0.007388536242784542	0.007388077799604086	0.007388544401185356	0	0	0
0.0005011872336272725	0.005112836266146023	0.0007132725899529412	0.00510014967049868	0.0007000360714743318	0	0	0.4994306579036142	0	0	0	0	0	0	0	0.49475662873363996	0.004390357035050381	0	0.007443584709371335	0.007443120855589399	0.007443597223532801	0	0	0
0.0005370317963702533	0.005157678741032352	0.000717137467601186	0.005144581894976803	0.0007034738024224656	0	0	0.4921197065213898	0	0	0	0	0	0	0	0.4878789536124424	0.004445619226150428	0	0.007499043315879476	0.0074985739963212925	0.0074990602502566115	0	0	0
0.0005754399373371578	0.005189215237786535	0.0007194207368047967	0.005175636374038135	0.0007052507656582932	0	0	0.4839962404237606	0	0	0	0	0	0	0	0.47990807413988446	0.004491798152557589	0	0.007534927416162585	0.00753446992726007	0.007534953826477144	0	0	0
0.0006165950018614823	0.005220944563655797	0.0007217112756303301	0.005206878308696332	0.0007070322174739799	0	0	0.4760068691420166	0	0	0	0	0	0	0	0.47206742147685715	0.0045384567631517264	0	0.00757098322750254	0.007570537693251564	0.007571019204066232	0	0	0
0.0006606934480075965	0.005237751397368625	0.0007206719178967006	0.00522430981623101	0.0007066486952144444	0	0	0.4669402389619631	0	0	0	0	0	0	0	0.4626742820201494	0.004575842130046469	0	0.007587355715124157	0.007586913765361538	0.007587392992022575	0	0	0
0.0007079457843841388	0.0052546123342530095	0.0007196340569728548	0.005241799680699895	0.000706265380992562	0	0	0.4580463033124946	0	0	0	0	0	0	0	0.453468046096367	0.004613535457494936	0	0.007603763608761455	0.0076033252610766145	0.007603802191450575	4.089715074072198e-11	4.089715074072198e-11	4.089715074072198e-11
0.0007585775750291852	0.005257890388406186	0.0007179600988497776	0.005244547886406722	0.0007040344357860302	0	0	0.44737524816547974	0	0	0	0	0	0	0	0.44309977678880097	0.004640825330443427	0	0.007599982242818873	0.007599557071381884	0.00760002227370678	3.8167441819121617e-11	3.8167441819121617e-11	3.8167441819121617e-11
0.0008128305161640995	0.005261170487551147	0.0007162900345610341	0.005247297532961176	0.0007018105376706478	0	0	0.43695279543513627	0	0	0	0	0	0	0	0.4329685716125665	0.0046682766277859455	0	0.007596202757356696	0.007595790749192904	0.0075962442349937435	3.561992922811423e-11	3.561992922811423e-11	3.561992922811423e-11
0.0008709635899560814	0.005247309872558792	0.0007104916854006403	0.005235006775137217	0.0006976603395130231	0	0	0.42565515018721906	0.4252073203045542	0	0	0	0	0	0	0.4216796271030829	0.004685758619941644	0	0.007570068132382081	0.007569660514619899	0.007570095080844787	3.3242452146222035e-11	3.3242452146222035e-11	3.3242452146222035e-11
0.0009332543007969925	0.005233485773518245	0.0007047402737255715	0.005222744805985321	0.000693534683797871	0	0	0.4146496115226242	0.4142034481555957	0	0	0	0	0	0	0.4106850232836487	0.004703306079522279	0	0.007544023423204132	0.007543620170511415	0.007544035942003597	3.1023661434499855e-11	3.1023661434499855e-11	3.1023661434499855e-11
0.001	0.0052030316662651606	0.0006972765955408672	0.005193446750539052	0.0006872842890791089	0	0	0.4025295445034161	0.40218966220014607	0	0	0	0	0	0	0.3989389152686973	0.004709222121146355	0	0.007493724845902679	0.00749332451089139	0.0074937300264977975	2.8952965460216784e-11	2.8952965460216784e-11	2.8952965460216784e-11
0.001071519305237607	0.005172754774101357	0.000689891962777749	0.00516431304852854	0.0006810902252621077	0	0	0.3907637429181259	0.3905243307388005	0	0	0	0	0	0	0.3875287607112049	0.004715145604248384	0	0.007443761626372089	0.007443364188061853	0.007443759566065961	2.7020479536574033e-11	2.7020479536574033e-11	2.7020479536574033e-11
0.001148153621496884	0.0051281405732881225	0.0006819999720709375	0.005119466396646752	0.0006729542225906117	0	0	0.37829107044230037	0.37804739895080286	0	0	0	0	0	0	0.37512899596029275	0.0047103942833750965	0	0.0073715045344015795	0.00737110659821538	0.007371498440921077	2.521697873710479e-11	2.521697873710479e-11	2.521697873710479e-11
0.0012302687708123836	0.0050839111629784215	0.00067419826146692	0.005075009190982902	0.0006649154090095107	0.005083762443643529	0.0006740438920163808	0.3662165095147147	0.3659690948911922	0	0	0	0	0	0	0.36312598670591645	0.004705647750275491	0	0.007299948846855617	0.007299550459911312	0.00729993879869767	2.353385385950931e-11	2.353385385950931e-11	2.353385385950931e-11
0.0013182567385564075	0.005022257601952756	0.0006634224432792828	0.005014226535899228	0.0006550513206848861	0.005022599412866522	0.0006637823385058112	0.3536078085040896	0.3533452404907973	0	0	0	0	0	0	0.3503802887755392	0.004689838043700311	0	0.007205140368455659	0.007204753189195692	0.00720513313527678	2.196307032871496e-11	2.196307032871496e-11	2.196307032871496e-11
0.0014125375446227555	0.004961351725429292	0.0006528188567099241	0.004954171865932425	0.0006453335671227848	0.004962172237939446	0.0006536770055050585	0.34143322047593455	0.34115683734064967	0	0	0	0	0	0	0.33808196399299406	0.004674081453472814	0	0.007111563220269795	0.0071111870247768825	0.007111558730646476	2.0497129842980005e-11	2.0497129842980005e-11	2.0497129842980005e-11
0.0015135612484362103	0.004884867610689849	0.000640926152286314	0.004877546411701252	0.0006332915089943947	0.004885031434492664	0.0006410952249733618	0.32852206474159756	0.3281043165043898	0	0	0	0	0	0	0.32540863991883034	0.004648052615489551	0	0.006995022858477943	0.006994656975512876	0.006995014507039092	1.9129034579955437e-11	1.9129034579955437e-11	1.9129034579955437e-11
0.0016218100973589332	0.004809562573776611	0.0006292501027847445	0.004802106112203306	0.000621474158166779	0.004809089844469167	0.0006287556148102338	0.3160991390106676	0.3155511797681497	0	0	0	0	0	0	0.3132103874550885	0.004622168725858924	0	0.00688039229562985	0.006880036488229749	0.006880380210153918	1.785225379183776e-11	1.785225379183776e-11	1.785225379183776e-11
0.0017378008287493763	0.0047187248581763794	0.0006155425379930345	0.00471130342526772	0.0006078021260578485	0.004718090748518897	0.0006148790108254933	0.3032473919686053	0.3027714767171483	0	0	0	0	0	0	0.300476144951301	0.004584594171519177	0	0.006743899361334813	0.006743549865655848	0.006743883548514495	1.666069263015201e-11	1.666069263015201e-11	1.666069263015201e-11
0.0018620871366628695	0.004629602785204527	0.0006021335783691065	0.004622217719956868	0.0005944308698694147	0.004628813565806168	0.000601308662774876	0.29091816264851444	0.29050934679070817	0	0	0	0	0	0	0.2882596404876299	0.004547325068411861	0	0.006610114168155673	0.006609770873800685	0.006610094780635234	1.5548663051346084e-11	1.5548663051346084e-11	1.5548663051346084e-11
0.001995262314968883	0.004526062592817236	0.000587094500613396	0.004518657673607211	0.0005793697671822363	0.004524917375714146	0.0005858962923609694	0.2781351991020791	0.2777672495964222	0	0	0	0	0	0	0.27545868705204185	0.004499502010643686	0	0.0064560258406194	0.006455696234199727	0.006456013368581963	1.4510856664311992e-11	1.4510856664311992e-11	1.4510856664311992e-11
0.0021379620895022326	0.004424838057287994	0.0005724310435967839	0.0044174178734791136	0.0005646902678498833	0.0044233531910403984	0.0005708789622591044	0.26591391982981205	0.26558403645424117	0	0	0	0	0	0	0.26322619477384307	0.004452181895774887	0	0.006305529465064436	0.006305213094973204	0.006305523596637985	1.3542319390217866e-11	1.3542319390217866e-11	1.3542319390217866e-11
0.0022908676527677745	0.004308713937728376	0.0005557322655257366	0.004301652148676676	0.0005483658744809227	0.0043075213213985	0.0005544861531740087	0.2535069273330412	0.2531660423727063	0	0	0	0	0	0	0.25094136905749925	0.004395100542711714	0	0.00613527258990377	0.006134969882748404	0.00613526708287686	1.2638427813687304e-11	1.2638427813687304e-11	1.2638427813687304e-11
0.0024547089156850338	0.004195637344647447	0.0005395206189479674	0.004188920255724176	0.0005325133961316406	0.004194722675974807	0.0005385640641670138	0.24167881939753533	0.24132868024129844	0	0	0	0	0	0	0.23922987892050615	0.00433875102876559	0	0.005969612855030863	0.0059693233036384645	0.005969607694165517	1.179486711243598e-11	1.179486711243598e-11	1.179486711243598e-11
0.002630267991895387	0.004070194558069535	0.0005218001629606256	0.00406365689715579	0.0005149792964970811	0.004069594639621778	0.0005211725605667514	0.22972865403916498	0.22934757828419333	0	0	0	0	0	0	0.22736762200223115	0.00427288957976554	0	0.005785955747379399	0.005785684718254935	0.005785961949305304	1.1007610460009858e-11	1.1007610460009858e-11	1.1007610460009858e-11
0.002818382931264455	0.003948502308397424	0.0005046617321070256	0.003942139350883168	0.0004980225431832493	0.003948199156453078	0.000504342669628014	0.21836938221647353	0.21796129499498595	0	0	0	0	0	0	0.21609355724385781	0.00420802789554472	0	0.005607948911196128	0.005607695538729715	0.005607965781659065	1.0272899803302162e-11	1.0272899803302162e-11	1.0272899803302162e-11
0.003019951720402019	0.0038149154172168586	0.0004858819643063164	0.003809009370928417	0.0004797210478132404	0.0038152472537900523	0.00048622955184449005	0.206842802390592	0.2065880607914746	0	0	0	0	0	0	0.20477143975973194	0.004134111307974338	0	0.005413626230028793	0.005413383109852119	0.005413637431230139	9.587227923088301e-12	9.587227923088301e-12	9.587227923088301e-12
0.0032359365692962876	0.0036858480770208106	0.0004678010402185558	0.003680375323254391	0.00046209210178334276	0.0036867723817228183	0.00046876695414502326	0.1959246505463893	0.1958082826703878	0	0	0	0	0	0	0.1940425391487019	0.004061493110541492	0	0.005226037081034097	0.005225803806864745	0.005226042985616384	8.947321691943155e-12	8.947321691943155e-12	8.947321691943155e-12
0.0034673685045253167	0.003546319705552915	0.0004484442104548951	0.003541289975927191	0.00044319887953055695	0.003547199292818811	0.0004493633677255893	0.18517409742625282	0.184983766976244	0.18509785924966193	0	0	0	0	0	0.183298438069906	0.0039783383519897235	0	0.005023843288296226	0.0050236203519224065	0.005023849918040188	8.350126449620171e-12	8.350126449620171e-12	8.350126449620171e-12
0.003715352290971728	0.003412073203016583	0.00042988833414427536	0.0034074608136740766	0.0004250781306563798	0.0034129101339026627	0.0004307629504771195	0.17501343634913652	0.17475764343597017	0.17491536848308015	0	0	0	0	0	0.17314923596788998	0.0038968860988175262	0	0.00482947231219509	0.004829259262871171	0.0048294796021498025	7.79279142130673e-12	7.79279142130673e-12	7.79279142130673e-12
0.003981071705534978	0.0032690117080542876	0.0004104236995127299	0.0032646678898962016	0.0004058940045842626	0.0032697580489399573	0.0004112030640819421	0.1648891606580711	0.16463250179875474	0.16479738448297077	0	0	0	0	0	0.16312391304227866	0.0038054335565794683	0	0.004622883721313861	0.004622679229119683	0.0046228898104834935	7.2726561091483975e-12	7.2726561091483975e-12	7.2726561091483975e-12
0.004265795188015935	0.003131948499213977	0.0003918403914286791	0.0031278588409729413	0.00038757567391917445	0.0031326103762310646	0.0003925313440329384	0.15535055976093537	0.1550939925465842	0.15526467552824066	0	0	0	0	0	0.15367905528130385	0.0037161272324421507	0	0.004425132295887441	0.004424936018578925	0.004425137273663801	6.787237592080249e-12	6.787237592080249e-12	6.787237592080249e-12
0.004570881896148752	0.0029875281076476713	0.00037282015424430813	0.0029832681708983153	0.0003683760409225912	0.0029878959347895973	0.00037320342095543827	0.14595764904278924	0.1456717006619616	0.14580202286103783	0	0	0	0	0	0.14435401762018116	0.003615990939982017	0	0.004216461452623217	0.0042162753874714545	0.0042164659975154175	6.334218673339916e-12	6.334218673339916e-12	6.334218673339916e-12
0.004897788193684466	0.0028497672283643387	0.0003547231741576313	0.00284536145394803	0.00035012751485043327	0.002849866738893062	0.00035482718903883113	0.13713265885157777	0.13682183316916272	0.1369160744261108	0	0	0	0	0	0.13559481065877318	0.003518552961234104	0	0.004017630658857412	0.004017454279193542	0.004017634800622545	5.911436819083084e-12	5.911436819083084e-12	5.911436819083084e-12
0.005248074602497733	0.002704841153233076	0.0003354030485965969	0.002700760994098848	0.0003311475991640991	0.002704829191805121	0.000335390027518243	0.1284297230236939	0.12817669322503694	0.12825327913815726	0	0	0	0	0	0.12698964128114665	0.0034094633054716113	0	0.003809534177411387	0.003809366718160412	0.0038095399249498865	5.51687383529897e-12	5.51687383529897e-12	5.51687383529897e-12
0.005623413251903491	0.0025672853527838684	0.00031713520063930456	0.002563509088493836	0.000313196557771219	0.002567173003914862	0.0003170176188115554	0.12027910706372909	0.1200777997601638	0.12013858620060754	0	0	0	0	0	0.11893057643110426	0.0033037558790305218	0	0.003612216224224242	0.0036120572344985643	0.003612223400080675	5.148646233747162e-12	5.148646233747162e-12	5.148646233747162e-12
0.0060255958607435805	0.0024245797388692536	0.00029837609618263634	0.002421099602615724	0.00029474659928310814	0.0024247536494813424	0.0002985587016676653	0.1123643415002145	0.11217438781769783	0.11217949313755175	0	0	0	0	0	0.11110511898348208	0.0031857726280424413	0	0.0034078826768782038	0.0034077312691488406	0.003407887813162869	4.804996240926767e-12	4.804996240926767e-12	4.804996240926767e-12
0.006456542290346563	0.002289806586463315	0.00028072662572215234	0.0022866013278813897	0.0002773835012976649	0.0022902353100890094	0.0002811745879476424	0.10497039385308332	0.104791171285683	0.10474768414191958	0	0	0	0	0	0.10379456515528378	0.003072002777808959	0	0.0032151077395320355	0.003214963564758371	0.003215111044030284	4.484283407158277e-12	4.484283407158277e-12	4.484283407158277e-12
0.006918309709189377	0.002151406498484655	0.00026283069226011417	0.0021482977280572624	0.00025958751701635516	0.0021517019955045336	0.000263138881888423	0.09780370557861803	0.09766777815939352	0.09751900422769788	0	0	0	0	0	0.09669754234118844	0.002945101450745721	0	0.003017008292671425	0.0030168726904595826	0.0030170127411261252	4.184976775723044e-12	4.184976775723044e-12	4.184976775723044e-12
0.007413102413009177	0.0020213715643428937	0.0002460755997626762	0.002018359331861371	0.00024293326270477726	0.002021548378484421	0.0002462600609354608	0.0911263116559989	0.09102861217752016	0.09078917842877572	0	0	0	0	0	0.09008578320875558	0.002823442289128016	0	0.0028311147791809377	0.002830987240480563	0.0028311202180771873	3.905647574679062e-12	3.905647574679062e-12	3.905647574679062e-12
0.00794328234724282	0.001888588506308374	0.00022910877835299222	0.0018856968162884683	0.00022609175574509778	0.001888808075564268	0.0002293380714350817	0.08467281132611447	0.08459611739630797	0.08432731746208284	0	0	0	0	0	0.08370369896322427	0.0026893636599284627	0	0.002642015571143433	0.002641895666994477	0.002642020738890413	3.644962396466569e-12	3.644962396466569e-12	3.644962396466569e-12
0.008511380382023776	0.0017645279121751075	0.0002133118129917169	0.001761753928960306	0.00021041779724508575	0.001764783857901765	0.00021357889220756303	0.07867634328197688	0.0786181718839524	0.07832537526407479	0	0	0	0	0	0.07777375042508501	0.002561652109268907	0	0.002465546903818502	0.0024654341833414274	0.0024655518123733503	3.401676832745731e-12	3.401676832745731e-12	3.401676832745731e-12
0.009120108393559097	0.0016392349664745838	0.00019744401948358907	0.0016366378247332904	0.00019473461512460128	0.0016395166657553507	0.00019773851481044355	0.07291808783464887	0.07283836628955019	0.0725289679839711	0	0	0	0	0	0.07210357509511109	0.002423128694827378	0	0.0022882783257144935	0.002288171428054442	0.0022882822348931223	3.174629534081445e-12	3.174629534081445e-12	3.174629534081445e-12
0.009772372209558112	0.0015228386339327354	0.0001827565960041304	0.0015204072063165312	0.00018022035599753506	0.001523141140063149	0.00018307296116809493	0.06758127426442787	0.0674834771223371	0.06716151922776276	0	0	0	0	0	0.06684678973407791	0.002292096046317373	0	0.002123755053219693	0.0021236537237707383	0.002123758081355034	2.9627366661186543e-12	2.9627366661186543e-12	2.9627366661186543e-12
0.010471285480509006	0.001406716612478101	0.00016819223107604367	0.0014044775858428258	0.00016585681392567242	0.00140689254685711	0.0001683757636751887	0.062464044604643096	0.062377852551735224	0.06202040500507373	0	0	0	0	0	0.06179103763909727	0.002152506889401068	0	0.001959782512322979	0.0019596870036587863	0.0019597853780738907	2.7649867357841718e-12	2.7649867357841718e-12	2.7649867357841718e-12
0.011220184543019653	0.0012994493203206127	0.0001547885395813454	0.0012973874899697279	0.0001526380445389385	0.001299516234142308	0.00015485846523874197	0.0577342897250544	0.05765850627276134	0.057272835415600944	0	0	0	0	0	0.05711766186087893	0.002021418743059739	0	0.0018084700915881266	0.0018083801089238893	0.0018084728019783119	2.58043576281721e-12	2.58043576281721e-12	2.58043576281721e-12
0.012022644346174132	0.0011936145644499433	0.00014179448479485478	0.0011916341316884915	0.00013972848553371131	0.001193679424932588	0.00014186242603182265	0.05324256919313739	0.05317124489088718	0.05274613733790095	0	0	0	0	0	0.05268675075225879	0.0018844366369774085	0	0.0016595081564777978	0.0016594227728599876	0.0016595093895867931	2.408202773579529e-12	2.408202773579529e-12	2.408202773579529e-12
0.01288249551693135	0.001096399610348409	0.0001298912437097593	0.0010945009989560745	0.00012791076909114804	0.001096462308104844	0.00012995704102199468	0.04910030395776806	0.04903320370237008	0.04857721787091498	0	0	0	0	0	0.048599568231484334	0.0017567371683749025	0	0.0015228160721186747	0.0015227351404152277	0.0015228160529227302	2.2474655956343364e-12	2.2474655956343364e-12	2.2474655956343364e-12
0.013803842646028866	0.0010016279677612333	0.00011831320843543211	0.0009998663539876346	0.00011647582189962216	0.001001715571496452	0.00011840493236933559	0.04515758975978201	0.045115022610529826	0.044603858727191026	0	0	0	0	0	0.04473438256648146	0.0016264914838689313	0	0.0013898904784854953	0.0013898136807644877	0.0013898916018115375	2.097456933019015e-12	2.097456933019015e-12	2.097456933019015e-12
0.014791083881682071	0.0009150482874421018	0.00010776719731442756	0.0009134141739386843	0.00010606313435208162	0.0009151560238425596	0.00010787971085779167	0.041531472283078484	0.041509938398135694	0.04095549931743641	0	0	0	0	0	0.04117660004863801	0.001505902302702118	0	0.0012685678707717869	0.0012684951019869568	0.0012685699373069762	1.957460703476465e-12	1.957460703476465e-12	1.957460703476465e-12
0.01584893192461114	0.0008315425911418332	0.00009769722001260346	0.0008300407726577222	0.00009613113214365517	0.0008316186817427981	0.00009777657905289123	0.038114141916515194	0.0380856048942006	0.03748318313415695	0	0	0	0	0	0.037808448649276086	0.0013856601593261763	0	0.001151939838891622	0.0011518718725292152	0.0011519420991638254	1.826808620160513e-12	1.826808620160513e-12	1.826808620160513e-12
0.01698243652461746	0.0007556574777225898	0.00008856820104862478	0.0007542774175523986	0.00008712918606142923	0.0007557068016880669	0.0000886196239799784	0.034977999434519	0.03494375940153895	0.034305259154064016	0	0	0	0	0	0.034715804305757124	0.0012750190192940094	0	0.0010460342114910575	0.0010459707795841397	0.0010460366124101612	1.7048770014978149e-12	1.7048770014978149e-12	1.7048770014978149e-12
0.018197008586099864	0.0006835548797076787	0.0000800210549187832	0.0006822055178390098	0.00007861361633998788	0.0006834935923098192	0.00007995662457976842	0.03201880538178581	0.031995149439637854	0.031282037261755824	0	0	0	0	0	0.03178439904326275	0.001166488564904702	0	0.000945448844870533	0.0009453907884828886	0.0009454513689209078	1.5910837939777129e-12	1.5910837939777129e-12	1.5910837939777129e-12
0.019498445997580455	0.000618332098003419	0.00007229873876290451	0.0006170201543090239	0.00007093031570033983	0.0006181808734353749	0.0000721404755185422	0.029309963824429835	0.029295347873179247	0.028525243049503546	0	0	0	0	0	0.0291005218730833	0.001067196293908514	0	0.0008545356437174899	0.0008544825155666834	0.0008545382450188299	1.4848857936580963e-12	1.4848857936580963e-12	1.4848857936580963e-12
0.02089296130854041	0.0005568225853110252	0.00006507716396709251	0.0005555069269385126	0.00006370447064412689	0.0005566154923202266	0.00006486053562189905	0.026768917661976723	0.026765521206078047	0.02592360930616973	0	0	0	0	0	0.02660155735535685	0.0009714825463827228	0	0.0007688289578153924	0.0007687788678318387	0.0007688296297286622	1.385776053123771e-12	1.385776053123771e-12	1.385776053123771e-12
0.022387211385683423	0.000501431823632646	0.0000585769176954548	0.0005001262012620082	0.00005721474012879624	0.0005011814819975618	0.00005831523913476754	0.02444816913067715	0.024454160043919218	0.023559256560677266	0	0	0	0	0	0.024317187740364156	0.0008843530879120211	0	0.0006917183276335287	0.0006916712008236307	0.0006917174310152584	1.2932814615192382e-12	1.2932814615192382e-12	1.2932814615192382e-12
0.02398832919019495	0.0004493599473196914	0.000052433795705585715	0.0004481444363672177	0.00005116552681677962	0.00044912909985249703	0.00005219246131313286	0.02227431593825033	0.02228693642607037	0.021330221396606036	0	0	0	0	0	0.02217510242814841	0.0008013261501168162	0	0.000619481351814219	0.0006194379698151314	0.0006194809281362723	1.2069604861038464e-12	1.2069604861038464e-12	1.2069604861038464e-12
0.025703957827688646	0.0004026955465098052	0.00004693491976462321	0.00040156551554410295	0.00004575588613258436	0.00040248284419913243	0.000046712541324362034	0.020293754835589702	0.020311780669122412	0.019312084133742812	0	0	0	0	0	0.020221712023164702	0.0007260941445651646	0	0.000554788170147904	0.000554748264770581	0.0005547881304094444	1.1264010645484435e-12	1.1264010645484435e-12	1.1264010645484435e-12
0.02754228703338169	0.0003591713818196643	0.000041777653585593954	0.0003581811141209979	0.00004074460190589523	0.0003590248018772063	0.000041624492487384376	0.01844527522364805	0.018473984340408606	0.01741609131297177	0	0	0	0	0	0.01839590482944831	0.0006549760723835487	0	0.0004946241359421331	0.0004945870922360817	0.0004946238179352418	1.0512186379121434e-12	1.0512186379121434e-12	1.0512186379121434e-12
0.0295120922666639	0.0003203513985598696	0.000037187074099004915	0.00031948388381688417	0.000036282164433651966	0.0003202591370557729	0.00003709064687364197	0.01676516646783656	0.016802470594243973	0.015706240430663727	0	0	0	0	0	0.016734948757378187	0.0005908237362964703	0	0.00044098459379780656	0.0004409502603991102	0.0004409840583436359	9.810543149094622e-13	9.810543149094622e-13	9.810543149094622e-13
0.03162277660168379	0.0002844215933342137	0.000032973562124246304	0.0002836393685563188	0.000032157645514125934	0.0002843643403232175	0.0000329137607847653	0.015199774663147545	0.015243320182744522	0.014096445170807794	0	0	0	0	0	0.01519163800048014	0.0005305928275741317	0	0.0003913245220447169	0.0003912934175903357	0.00039132409016577667	9.155731587047024e-13	9.155731587047024e-13	9.155731587047024e-13
0.03388441561392028	0.00025252158448015705	0.000029237465584597343	0.00025181643103205356	0.000028501997638625814	0.0002524926495176816	0.00002920724603934035	0.013780546125425671	0.013828847900097804	0.012651644251264818	0	0	0	0	0	0.013790652632616017	0.00047650209593448514	0	0.00034725676068343285	0.0003472285933359965	0.00034725641584245807	8.544625880554491e-13	8.544625880554491e-13	8.544625880554491e-13
0.03630780547701017	0.00022324053840637478	0.000025836087005798357	0.00022257620752648026	0.00002514299023789208	0.00022321473664857193	0.00002580906478839309	0.01247182383010691	0.012513767769961404	0.011303799860977745	0	0	0	0	0	0.012484706298307306	0.0004262214359412857	0	0.0003067655727336091	0.0003067394522840774	0.000306765384213577	7.974308851728751e-13	7.974308851728751e-13	7.974308851728751e-13
0.038904514499428125	0.00019735476510081916	0.000022830412227071793	0.0001967312774382257	0.000022179847395889924	0.00019733175897305535	0.000022806252405799103	0.01128738935550842	0.01132374764201559	0.01009954822941424	0	0	0	0	0	0.011302430385807397	0.0003812464079503835	0	0.00027099577969157953	0.00027097161176611455	0.00027099571572608935	7.442058031759368e-13	7.442058031759368e-13	7.442058031759368e-13
0.04168693834703355	0.00017363028758092728	0.000020112527248114658	0.00017301294584012535	0.000019468270689394555	0.00017357422601023485	0.00002005385787127701	0.01018821067500476	0.010222513139669058	0.00897723716855083	0	0	0	0	0	0.010209025699948845	0.0003395752389837009	0	0.00023820720706654915	0.0002381849779515372	0.00023820731238267582	6.945332664920231e-13	6.945332664920231e-13	6.945332664920231e-13
0.04466835921509635	0.000152757784946487	0.000017718197476368376	0.000152154145584081	0.00001708819528243335	0.00015267695424113557	0.0000176336387217708	0.009196071251641975	0.009228373696970306	0.007979642786961018	0	0	0	0	0	0.00922139771575955	0.0003024588311553195	0	0.00020938581981986757	0.0002093654141554191	0.00020938605439036013	6.481761580002628e-13	6.481761580002628e-13	6.481761580002628e-13
0.0478630092322639	0.00013363739952693474	0.000015479967588971492	0.00013310625237260808	0.000014925755696867694	0.00013362240522865284	0.000015464282534158144	0.008279674541221199	0.00830732993244103	0.007070137261265749	0	0	0	0	0	0.008313729014825124	0.0002681796924443986	0	0.00018311582896878858	0.00018309704149546802	0.00018311553488279623	6.049131871278149e-13	6.049131871278149e-13	6.049131871278149e-13
0.05128613839913648	0.00011691027438357977	0.000013524479387658606	0.00011644292932452423	0.000013036963789359026	0.00011694592198171942	0.000013561808658414795	0.0074545975811471064	0.007478211532448843	0.006264295561553031	0	0	0	0	0	0.0074954027862632125	0.00023778557618851518	0	0.00016014172711300838	0.0001601244729920238	0.00016014103333214364	5.645378334958492e-13	5.645378334958492e-13	5.645378334958492e-13
0.05495408738576248	0.00010176524533594566	0.000011790008218066688	0.00010131704408227545	0.000011322399000471827	0.00010176926375575544	0.000011794273259130295	0.0066911394952494695	0.006719566206040477	0.0055362782913659795	0	0.004990367089580123	0.004959341291376999	0	0	0.006737193419444868	0.00020996147216667419	0	0.00013925424001244834	0.00013923819192968818	0.0001392535112245026	5.268573610726165e-13	5.268573610726165e-13	5.268573610726165e-13
0.05888436553555896	0.00008858216450939885	0.000010277977421365626	0.00008815600467213429	9.833326317169158e-6	0.00008856215650689805	0.000010257103990677874	0.006005870505755452	0.006037883496801194	0.004892868961606189	0	0.004466554025105856	0.004437153999570171	0	0	0.006055681924685472	0.00018539316177633783	0	0.00012109113415368803	0.0001210762710383092	0.00012109039129361237	4.916918981275723e-13	4.916918981275723e-13	4.916918981275723e-13
0.06309573444801943	0.00007665985244355948	8.90456345602973e-6	0.00007625846597448747	8.485688629506245e-6	0.00007661927778075541	8.862144829407272e-6	0.005372637621352613	0.005412515461843537	0.004322133022221513	0	0.003978938688938792	0.003951415798763778	0.003907163415888513	0.003954455950947276	0.00542644492204734	0.0001630804490190018	0	0.0001046803018879504	0.00010466713617281645	0.00010468022234802937	4.588735785945927e-13	4.588735785945927e-13	4.588735785945927e-13
0.06760829753919818	0.00006634216954638536	7.714674501778108e-6	0.00006596661968076121	7.322741989270366e-6	0.00006628693292024044	7.656899164595485e-6	0.004806170060228882	0.004851919325739857	0.003817971420932018	0	0.00354455649732319	0.003518851682008906	0.0034717450610535485	0.0035213502999664414	0.004862591010927788	0.0001434531489587755	0	0.000090493541743896	0.00009048188634049242	0.0000904939593783521	4.2824574074551026e-13	4.2824574074551026e-13	4.2824574074551026e-13
0.07244359600749906	0.00005703982379237966	6.633703963047002e-6	0.00005669529325926162	6.274086670739235e-6	0.000057001753635851376	6.593870700701169e-6	0.004288285977440081	0.00433320136791332	0.0033794826852128796	0	0.003137780887650197	0.0031151048573224817	0.0030684225585894593	0.0031205020108780964	0.00434460889552068	0.00012564981606477492	0	0.00007771022092311128	0.00007769991789595564	0.00007771060281376455	3.996621793487405e-13	3.996621793487405e-13	3.996621793487405e-13
0.07762471166286927	0.00004904183147026713	5.704197663712554e-6	0.00004872701213597465	5.3756043309495266e-6	0.00004901720104431264	5.678425415161164e-6	0.003826205979784552	0.003869939468134636	0.0029913537741635735	0	0.0027776871115859476	0.0027576832299377246	0.002711955178875809	0.0027652837606037205	0.0038818042505770855	0.00011005597570847871	0	0.000066732700693816	0.00006672360054828393	0.00006673304860526738	3.729864477431102e-13	3.729864477431102e-13	3.729864477431102e-13
0.08317637711026708	0.000041880925528445745	4.878474897439443e-6	0.000041588890755113776	4.5736312269625506e-6	0.00004184718695852946	4.8432029121392175e-6	0.0034026297627382713	0.003446247497204938	0.0026591840108834775	0	0.0024440859243502803	0.002427452925011591	0.002381401236243872	0.002435921472863293	0.0034580727564870344	0.00009611637427153674	0	0.00005690890999418379	0.00005690066867409658	0.00005690893798931173	3.4809120649525024e-13	3.4809120649525024e-13	3.4809120649525024e-13
0.08912509381337459	0.00003576562845501856	4.172281314223756e-6	0.00003549644762568578	3.89130250524818e-6	0.00003572597004792253	4.1308307731797404e-6	0.0030259451172893206	0.0030689425273403453	0.0023638994708058366	0	0.0021505503556145606	0.0021367674282446046	0.002091137748941212	0.0021457882574267883	0.003080595109189246	0.00008394235155006104	0.0022211122201014097	0.00004853128980326455	0.00004852385166499489	0.00004853108453396328	3.2485761553130557e-13	3.2485761553130557e-13	3.2485761553130557e-13
0.09549925860214369	0.00003029359612615991	3.513574827645649e-6	0.00003007350266528361	3.2838957388203912e-6	0.000030268546586917707	3.4874435886281118e-6	0.002680847518910509	0.0027220422633016717	0.0021076975163499346	0	0.0018790617366215004	0.0018687294520241407	0.0018252133929263109	0.001879342633376775	0.0027342082612837946	0.00007296930135807257	0.001914037383564395	0.00004107394110873468	0.000041067476511185584	0.00004107366483819813	3.0317476684124624e-13	3.0317476684124624e-13	3.0317476684124624e-13
0.10232929922807536	0.000025658768093759684	2.958862823410075e-6	0.00002547904432849145	2.7713011797202806e-6	0.000025644787566452284	2.9442655610172526e-6	0.0023751069966816865	0.0024143541357295657	0.0018792630039014796	0	0.001641846237553459	0.0016343143941179056	0.0015931059211208578	0.0016459819469154067	0.002426769682835758	0.0000634306621432904	0.0016494164826641588	0.00003476249333250417	0.00003475687871277237	0.00003476217272787303	2.829391550477184e-13	2.829391550477184e-13	2.829391550477184e-13
0.10964781961431873	0.000021561755395779873	2.4799992902762887e-6	0.00002140572013123178	2.3171378750990394e-6	0.000021551093425962575	2.4688624201541996e-6	0.002093065211397267	0.002133145131348752	0.0016694406623870403	0	0.0014252869452520951	0.0014207865686923804	0.0013776527333483864	0.0014286653383130147	0.002146918945074883	0.000054863762699123265	0.0014018597120939533	0.000029168017757536187	0.000029163159970059414	0.000029167892638946216	2.640541833121492e-13	2.640541833121492e-13	2.640541833121492e-13
0.11748975549395303	0.000018118925041475997	2.0786352213120364e-6	0.000017983596575647353	1.9374032571806142e-6	0.00001811087834715195	2.070221426474783e-6	0.0018445156303620001	0.001884689608727144	0.0014830452786253054	0.0011182993067447332	0.0012372917937389502	0.001235156761172754	0.0011913376433671003	0.001240040726280187	0.0018993400936735837	0.00004745390251020944	0.0011914581144587123	0.000024473884878345352	0.000024469685740991123	0.000024473900629201453	2.4642970221950064e-13	2.4642970221950064e-13	2.4642970221950064e-13
0.12589254117941662	0.000015100031439249746	1.7290052357900987e-6	0.000014980050579329252	1.603758856843173e-6	0.00001511140782253785	1.7408372074007604e-6	0.0016173946781969152	0.0016564875593487456	0.001293975693431371	0.0009223283335368513	0.001065935745405447	0.001065985357294274	0.0010206487270037713	0.0010663372237153228	0.0016713528011080099	0.0000409922237884441	0.0009946431729060722	0.00002035295587413631	0.00002034923370469408	0.000020353063134257137	2.299815794404711e-13	2.299815794404711e-13	2.299815794404711e-13
0.1348962882591656	0.000012584132278509284	1.438183609485168e-6	0.000012478144425411338	1.3275720794677683e-6	0.000012608700804120085	1.4638599252792342e-6	0.0014182398359759523	0.001455916678041387	0.0011290100978867128	0.0007606993491940322	0.0009183112820133858	0.0009199842624727864	0.0008744152673545732	0.0009169659113469881	0.0014707319637362645	0.000035410415629364674	0.0008303397571454715	0.00001692591163493869	0.000016922624865368648	0.00001692607914133584	2.1463129811690398e-13	2.1463129811690398e-13	2.1463129811690398e-13
0.1445439770745928	0.000010387547101901255	1.1933858955006766e-6	0.000010285371030378727	1.086718198995975e-6	0.000010398602239913044	1.2049511444429994e-6	0.0012353069292515674	0.0012732051945841226	0.0009535497930657804	0.0006166703645546835	0.0007854581423177069	0.0007884409231035822	0.0007421089666766318	0.0007809439865431386	0.0012866446263999224	0.000030417891928672586	0.0006772454053770324	0.000013926358182425741	0.00001392357916288111	0.000013926504326343536	2.0030558205324203e-13	2.0030558205324203e-13	2.0030558205324203e-13
0.15488166189124797	8.574380212014033e-6	9.90255963277018e-7	8.477931784241765e-6	8.895610734013834e-7	8.575897725211392e-6	9.918348302468477e-7	0.0010759697836345444	0.0011134232418415313	0.0008053579056181561	0.0004999114813532028	0.0006718250177440271	0.0006757062208363777	0.0006298217094127431	0.0006650994356180686	0.0011255989775582633	0.00002612926544180765	0.0005523779093525275	0.000011458375560987536	0.000011456027551715951	0.000011458502653341507	1.86936045924833e-13	1.86936045924833e-13	1.86936045924833e-13
0.1659586907437563	6.999141266732444e-6	8.089187416558498e-7	6.914156114471584e-6	7.201660477215005e-7	6.9950666023321326e-6	8.046420951223612e-7	0.0009317930916561285	0.0009685544109850428	0.0006576326241559424	0.0003987978676720362	0.0005694761179001952	0.0005738996580751409	0.0005292676442833188	0.0005607419712487199	0.0009796153448165966	0.000022276043556943756	0.0004403731057149451	9.327191296174717e-6	9.325195092222774e-6	9.327250455244132e-6	1.744588688333338e-13	1.744588688333338e-13	1.744588688333338e-13
0.1778279410038923	5.713296735201668e-6	6.607882758278739e-7	5.638822768560506e-6	5.830281380318383e-7	5.705636697044074e-6	6.527789521989001e-7	0.0008069356397028636	0.0008425346371313718	0.0005370043124147182	0.00031813580042063173	0.0004827195181681119	0.0004874319746991368	0.000444767519281622	0.0004727587206982152	0.0008525649391419008	0.000018991047324158157	0.00035107934070778253	7.592393617437035e-6	7.5906995784931815e-6	7.59240571711895e-6	1.6281448965088712e-13	1.6281448965088712e-13	1.6281448965088712e-13
0.1905460717963252	4.597034778756644e-6	5.304873375221619e-7	4.535176175430088e-6	4.6589010538215274e-7	4.594919778023037e-6	5.282724806195157e-7	0.0006951610748356096	0.0007288851345406749	0.0004266550690998241	0.0002497596973555479	0.00040525855945094827	0.0004099009032789523	0.0003700941311018174	0.0003945144769664611	0.0007381018616628102	0.000016098840814499047	0.00027426554942995725	6.0963301019161434e-6	6.094919547519744e-6	6.096298173992452e-6	1.5194732269875723e-13	1.5194732269875723e-13	1.5194732269875723e-13
0.20417379446695316	3.6988677004805455e-6	4.258804606040873e-7	3.6475384643875815e-6	3.72286646448517e-7	3.700426242947738e-6	4.275134987729619e-7	0.0005988692235040576	0.0006305658140812356	0.0003389815384722573	0.000196079492910444	0.00034022759351334754	0.0003447019465898	0.0003079578879708679	0.00032922009837545765	0.0006390062893489864	0.00001364709755848452	0.00021425809747867595	4.8950624248687475e-6	4.893889411193491e-6	4.895003350838694e-6	1.4180549240320365e-13	1.4180549240320365e-13	1.4180549240320365e-13
0.21877616239495518	2.933232458140391e-6	3.4137763823796285e-7	2.8868723325167687e-6	2.9298421378440937e-7	2.9321779236138017e-6	3.4029825816852274e-7	0.0005126478234115621	0.0005418243628403797	0.0002626256309243513	0.00015090373785500531	0.0002828364930941147	0.0002867197650027178	0.0002540579152043508	0.00027199848045032787	0.0005501349264602262	0.000011530635434988104	0.0001638902259713702	3.868722143067226e-6	3.867744280356585e-6	3.868641560108062e-6	1.3234058566192504e-13	1.3234058566192504e-13	1.3234058566192504e-13
0.23442288153199276	2.3260774242805203e-6	2.7364179075890064e-7	2.2848372801601056e-6	2.3057434465014563e-7	2.323426224779765e-6	2.7087543398022137e-7	0.00043884003474229137	0.0004655717668347301	0.00020346896273248593	0.00011613625555943523	0.00023512637819788688	0.00023849074383395255	0.00020959172276206224	0.00022472252979802214	0.0004736235657707394	9.742405149873238e-6	0.00012536285202298874	3.057573064690747e-6	3.0567600861627666e-6	3.057482589471738e-6	1.2350742073898382e-13	1.2350742073898382e-13	1.2350742073898382e-13
0.25118864315095824	1.8087904032952318e-6	2.1359531733770943e-7	1.7748149877921962e-6	1.7811325963830398e-7	1.8038657241716935e-6	2.0844590199612895e-7	0.00037269420466271236	0.00039723538385628385	0.00015357445878249736	0.0000875228008589997	0.00019303954083406676	0.00019604644174425423	0.0001706062578727384	0.0001833428665302057	0.0004046653784583021	8.082609996961219e-6	0.00009340245500663538	2.37178526600488e-6	2.3711140915690927e-6	2.3716722705432366e-6	1.152638315850003e-13	1.152638315850003e-13	1.152638315850003e-13
0.2691534803926914	1.4065407663998598e-6	1.6672511703007463e-7	1.3786400757042486e-6	1.3758830500903207e-7	1.4004884321859254e-6	1.6040470492481958e-7	0.00031651845591239503	0.00033892937980378886	0.00011591504705976174	0.00006595908085123198	0.0001584861069652723	0.00016115597067927652	0.00013887235069097806	0.00014958271757498133	0.0003457472988201505	6.705591007352791e-6	0.00006959014142137398	1.839813874932477e-6	1.8392617924736168e-6	1.839693013537508e-6	1.0757046655304175e-13	1.0757046655304175e-13	1.0757046655304175e-13
0.28840315031266117	1.068251280385544e-6	1.2701026158555135e-7	1.0460491958574407e-6	1.0382222418901573e-7	1.0621554257237002e-6	1.2063866674194454e-7	0.0002661939644356999	0.00028647866843824394	0.00008462744245469227	0.00004846317922515773	0.00012785188371239043	0.00012987476101202728	0.0001112193477275609	0.00011978212756766764	0.00029265156089631355	5.500072027779782e-6	0.0000502134626529966	1.3940510415208582e-6	1.3936319048885134e-6	1.3939564131090895e-6	1.003906005493648e-13	1.003906005493648e-13	1.003906005493648e-13
0.30902954325135923	8.113243677723282e-7	9.675570685081924e-8	7.936944090320734e-7	7.8342808531923e-8	8.055576343700489e-7	9.073105380603027e-8	0.0002238707581766025	0.00024214491974009947	0.00006178493817743962	0.000035608133259272596	0.0001031390352240061	0.0001046653963662325	0.00008907275816530037	0.00009591855474510346	0.0002477096318244848	4.5112790621431375e-6	0.00003623202626269577	1.0562907111659564e-6	1.0559725071606843e-6	1.0562166988456493e-6	9.368995972228762e-14	9.368995972228762e-14	9.368995972228762e-14
0.3311311214825908	5.987308921177912e-7	7.123796249846295e-8	5.855831846567899e-7	5.7506222365068775e-8	5.949409200590212e-7	6.727903711366489e-8	0.00018552044681075105	0.00020188307911583517	0.00004325585204863373	0.0000254765695212472	0.00008166261166731496	0.00008272166454562542	0.00006979304769780918	0.000075135608288415	0.0002066220902839711	3.6284262741612718e-6	0.000025209092924199757	7.783509363526621e-7	7.781059082636843e-7	7.782865776031124e-7	8.743655785232191e-14	8.743655785232191e-14	8.743655785232191e-14
0.354813389233576	4.418438486698511e-7	5.2450108278955086e-8	4.3203991643454363e-7	4.221147636484276e-8	4.393909054532925e-7	4.9888859933433e-8	0.00015373975799782424	0.00016831564204211025	0.00003028357382311757	0.000018227734373070784	0.00006465817844662556	0.00006537856849321169	0.000054686411505400025	0.000058855762035532974	0.000172349730120979	2.9183468913513095e-6	0.000017539686062637574	5.735449282256071e-7	5.733565981777131e-7	5.734902672331937e-7	8.160054366256415e-14	8.160054366256415e-14	8.160054366256415e-14
0.38018939632056126	3.1565007410180997e-7	3.852603966530656e-8	3.0735146524587077e-7	2.987415310296934e-8	3.1243022877515773e-7	3.517711497662269e-8	0.00012451000212758824	0.0001372395895623134	0.00002017598143339293	0.000012599871208868396	0.00004979702139278873	0.00005024551187170438	0.0000417129780336884	0.00004484461150025165	0.00014067720291176952	2.3416520456660194e-6	0.000011710114056349907	4.0749675427534817e-7	4.0736594374157864e-7	4.0746421081097226e-7	7.615405832046074e-14	7.615405832046074e-14	7.615405832046074e-14
0.40738027780411384	2.254981473215529e-7	2.829843027966227e-8	2.186486007319963e-7	2.1142710477735198e-8	2.2215445663763677e-7	2.4803722108094205e-8	0.00010083755062259965	0.0001119010967413225	0.000013441948073178214	8.70962628875098e-6	0.00003835158056054441	0.0000386152759449249	0.0000318172739541911	0.00003416894304068893	0.00011482510245410596	1.8789179309772786e-6	7.818085838196542e-6	2.8952152930488776e-7	2.894307184183269e-7	2.8950287838850887e-7	7.107110245071468e-14	7.107110245071468e-14	7.107110245071468e-14
0.43651583224016655	1.5381988601344958e-7	1.9716549914523496e-8	1.4864194070923192e-7	1.4312112274888432e-8	1.517116314658575e-7	1.750710537817363e-8	0.0000789288508161063	0.00008847975785750634	8.433291062894796e-6	5.801963948986843e-6	0.000028446451764660706	0.00002854971814283123	0.000023389431850553184	0.000025067979083227523	0.00009088905127572189	1.472805137559244e-6	4.956590810447251e-6	1.966264267984458e-7	1.9655673285901495e-7	1.9661950710680004e-7	6.632741202451316e-14	6.632741202451316e-14	6.632741202451316e-14
0.4677351412871981	1.0492572827860731e-7	1.3737240429596575e-8	1.0104993338095286e-7	9.688282776454787e-9	1.0360548003578868e-7	1.2356965514561089e-8	0.00006178019450776854	0.00006996059715679271	5.290929392400598e-6	3.865009192050015e-6	0.000021099537650650654	0.000021107874696988424	0.000017193978436974473	0.00001839107444935652	0.0000719426280947804	1.154470313715438e-6	3.1424306372002363e-6	1.3353739809384138e-7	1.3348461919777968e-7	1.3353660174335397e-7	6.190034253261105e-14	6.190034253261105e-14	6.190034253261105e-14
0.5011872336272735	6.789223335012576e-8	9.224208493595396e-9	6.501099480109166e-8	6.221270176067425e-9	6.687810221310111e-8	8.168403774134202e-9	0.000046125858524929855	0.00005306076862469447	3.0862588810883644e-6	2.432834521355442e-6	0.000014908228696358168	0.000014820515113464831	0.000012053900741991267	0.000012820991715127124	0.00005447583886304762	9.013068738806086e-7	1.8796299112237011e-6	8.587405378851623e-8	8.583875340678519e-8	8.587724352146502e-8	5.776876088936602e-14	5.776876088936602e-14	5.776876088936602e-14
0.5370317963702532	4.3929696032501216e-8	6.19382202483719e-9	4.182515815318998e-8	3.994949723978825e-9	4.317030869487884e-8	5.399612076174131e-9	0.00003443813736122732	0.0000402432981058401	1.8002496678141033e-6	1.531350512819766e-6	0.000010533656544652641	0.000010405958505134664	8.450430691789748e-6	8.937913280271278e-6	0.00004124977219240729	7.036595668623502e-7	1.1242916745219435e-6	5.5223130144342996e-8	5.519955505520599e-8	5.522756202092899e-8	5.391294455171392e-14	5.391294455171392e-14	5.391294455171392e-14
0.5754399373371566	2.695580597260788e-8	3.904406128226314e-9	2.5550136406066008e-8	2.435725827164888e-9	2.6368945658705784e-8	3.2905035094421997e-9	0.000024606474931808712	0.00002926815928047225	1.0033048972712088e-6	9.191590317949417e-7	7.12096265569715e-6	7.010292900415782e-6	5.655659467074785e-6	5.968716974979516e-6	0.000030022568159608375	5.419262996232927e-7	6.549784690581921e-7	3.372022644303626e-8	3.3704522870922356e-8	3.372581651251569e-8	5.0314487371516803e-14	5.0314487371516803e-14	5.0314487371516803e-14
0.6165950018614835	1.57804800813451e-8	2.1887237518747207e-9	1.5058375616038422e-8	1.4343817002773407e-9	1.5697012134308302e-8	2.101193997259354e-9	0.000016964416554349434	0.000020562175526452846	5.435601067236272e-7	5.352473443023536e-7	4.623940742790448e-6	4.531823435629102e-6	3.663060385769402e-6	3.8494044418577795e-6	0.00002105803271953903	4.064156215302015e-7	3.7228463089300503e-7	1.9870675501531085e-8	1.9860436090879965e-8	1.98750310233293e-8	4.695621173186382e-14	4.695621173186382e-14	4.695621173186382e-14
0.6606934480075964	8.90427267836243e-9	1.2017384477956151e-9	8.53244096207421e-9	8.134190550227067e-10	9.232867675894587e-9	1.545165057890246e-9	0.000011204410659110553	0.000013863476092562325	2.95938569842863e-7	3.0408369965201307e-7	2.881990386134698e-6	2.812165943808892e-6	2.279834761573223e-6	2.3853958361394167e-6	0.000014217818873421961	3.0154610298370647e-7	2.063531923484679e-7	1.1262754200411113e-8	1.1255626494106768e-8	1.1264741480131119e-8	4.382208654789611e-14	4.382208654789611e-14	4.382208654789611e-14
0.7079457843841374	4.827054755686489e-9	6.412830129498623e-10	4.634997901051244e-9	4.407318999325003e-10	5.144177622894028e-9	9.72770352210801e-10	7.089329687582859e-6	8.933347765099193e-6	1.5875851886631298e-7	1.6654929417103369e-7	1.7076558822455314e-6	1.65958398235724e-6	1.360004539507909e-6	1.4161081104339586e-6	9.116650710248197e-6	2.1648272884391606e-7	1.1221972103510441e-7	6.114534536076609e-9	6.11049165299917e-9	6.11561578672407e-9	4.0897150740722066e-14	4.0897150740722066e-14	4.0897150740722066e-14
0.7585775750291851	2.5123861960990202e-9	3.32861043385779e-10	2.412554115294919e-9	2.2861047480560979e-10	2.9316479351435625e-9	7.711951999036557e-10	4.266005144508206e-6	5.47230213338776e-6	8.512130513827946e-8	8.837034609029103e-8	9.66488582883564e-7	9.335893481948235e-7	7.723076350612942e-7	7.989358158860663e-7	5.583957729758258e-6	1.5035441622275725e-7	5.7930241381366285e-8	3.1799520354995414e-9	3.1779022266006593e-9	3.1800368583991526e-9	3.8167441819121625e-14	3.8167441819121625e-14	3.8167441819121625e-14
0.8128305161640995	1.2400096417388494e-9	1.6707693133835352e-10	1.187435180784843e-9	1.1217780661747117e-10	1.4607781301489427e-9	3.9788743548105997e-10	2.459585509121243e-6	3.1887424698223583e-6	4.522526618325176e-8	4.64084322545168e-8	5.362013287250202e-7	5.145336351257583e-7	4.271045776534047e-7	4.391164982705682e-7	3.2459325690850485e-6	9.398737514040695e-8	3.0514843218599806e-8	1.564103437194976e-9	1.5629869681563769e-9	1.5641621139963296e-9	3.5619929228114237e-14	3.5619929228114237e-14	3.5619929228114237e-14
0.8709635899560796	5.481830058407632e-10	7.855383274696953e-11	5.198356501228811e-10	4.894290365616581e-11	6.673610702474719e-10	2.0314995130793444e-10	1.3797855869843877e-6	1.7945663720954362e-6	2.4225599410133306e-8	2.479712010141294e-8	2.9545695402607034e-7	2.784588114989233e-7	2.3479174117811395e-7	2.3713169805985442e-7	1.8255198770167307e-6	5.360290611830661e-8	1.5539039888052318e-8	6.841223757042649e-10	6.836879797543922e-10	6.842028427895461e-10	3.324245214622211e-14	3.324245214622211e-14	3.324245214622211e-14
0.9332543007969925	1.6384138731368556e-10	3.0671507949382156e-11	1.4778277666106525e-10	1.3883751788319545e-11	2.3152698247664774e-10	1.014354669450932e-10	7.907575390329468e-7	1.031012556364745e-6	1.3508109905505444e-8	1.3737275059966269e-8	1.6753525338165366e-7	1.5113467086898715e-7	1.3243755709566675e-7	1.280211986704201e-7	1.0485776784112732e-6	2.9709282461764407e-8	7.549419487275342e-9	1.942890060296617e-10	1.9426316308282374e-10	1.9431403221994844e-10	3.102366143449986e-14	3.102366143449986e-14	3.102366143449986e-14