1.e-9	0	0	0	0	0	0	1.3773306307591457e-10	0	0	0	0	0	0	0	4.206566762352616e-11	2.1213060013357696e-15	0	1.155358017872844e-15	1.155358017872844e-15	1.155358017872844e-15	0	0	0
1.0715193052376092e-9	0	0	0	0	0	0	2.3421365967095224e-10	0	0	0	0	0	0	0	6.616868086673656e-11	3.6072484413467866e-15	0	1.964663714678747e-15	1.964663714678747e-15	1.964663714678747e-15	0	0	0
1.148153621496884e-9	0	0	0	0	0	0	3.982779236255113e-10	0	0	0	0	0	0	0	1.0408236871046598e-10	6.1340708551261915e-15	0	3.34087222494168e-15	3.34087222494168e-15	3.34087222494168e-15	0	0	0
1.2302687708123811e-9	0	0	0	0	0	0	6.772675200511971e-10	0	0	0	0	0	0	0	1.6372004601693652e-10	1.0430893759472476e-14	0	5.6810878828759105e-15	5.6810878828759105e-15	5.6810878828759105e-15	0	0	0
1.31825673855641e-9	0	0	0	0	0	0	1.1516917069716762e-9	0	0	0	0	0	0	0	2.7254423999217894e-10	1.7737688341417133e-14	0	9.660657646768912e-15	9.660657646768912e-15	9.660657646768912e-15	0	0	0
1.4125375446227555e-9	0	0	0	0	0	0	1.95844883836593e-9	0	0	0	0	0	0	0	4.5370352965345144e-10	3.016285995737459e-14	0	1.6427893405659174e-14	1.6427893405659174e-14	1.6427893405659174e-14	0	0	0
1.5135612484362133e-9	0	0	0	0	0	0	3.3303411035164426e-9	0	0	0	0	0	0	0	7.667269106887277e-10	5.129190722476921e-14	0	2.7935607068184376e-14	2.7935607068184376e-14	2.7935607068184376e-14	0	0	0
1.6218100973589331e-9	0	0	0	0	0	0	5.663243097545168e-9	0	0	0	0	0	0	0	1.2957143093493522e-9	8.722182679202861e-14	0	4.750445617081737e-14	4.750445617081737e-14	4.750445617081737e-14	0	0	0
1.7378008287493762e-9	0	0	0	0	0	0	9.630344723458117e-9	0	0	0	0	0	0	0	2.199261351858091e-9	1.4832069760817754e-13	0	8.078131225714046e-14	8.078131225714046e-14	8.078131225714046e-14	0	0	0
1.8620871366628732e-9	0	0	0	0	0	0	1.637640092349886e-8	0	0	0	0	0	0	0	3.732883444194924e-9	2.52219314225449e-13	0	1.373685952012714e-13	1.373685952012714e-13	1.373685952012714e-13	0	0	0
1.9952623149688828e-9	0	0	0	0	0	0	2.7848072000717614e-8	0	0	0	0	0	0	0	6.344216741688449e-9	4.2889896391035413e-13	0	2.3359530255266397e-13	2.3359530255266397e-13	2.3359530255266397e-13	0	0	0
2.1379620895022324e-9	0	0	0	0	0	0	4.735565022986079e-8	0	0	0	0	0	0	0	1.0782304528718526e-8	7.293427222585746e-13	0	3.9722882289596155e-13	3.9722882289596155e-13	3.9722882289596155e-13	0	0	0
2.2908676527677795e-9	0	0	0	0	0	0	8.052829201044538e-8	0	0	0	0	0	0	0	1.833222224234589e-8	1.2402474221964278e-12	0	6.754876763894036e-13	6.754876763894036e-13	6.754876763894036e-13	0	0	0
2.4547089156850337e-9	0	0	0	0	0	0	1.3693837551891638e-7	0	0	0	0	0	0	0	3.1168696028536284e-8	2.1090409505991415e-12	0	1.1486669009248338e-12	1.1486669009248338e-12	1.1486669009248338e-12	0	0	0
2.6302679918953816e-9	0	0	0	0	0	0	2.3286373504107832e-7	0	0	0	0	0	0	0	5.299968511879873e-8	3.5864245487378878e-12	0	1.9533082861215113e-12	1.9533082861215113e-12	1.9533082861215113e-12	0	0	0
2.818382931264461e-9	0	0	0	0	0	0	3.9598482815204746e-7	0	0	0	0	0	0	0	9.012140322200433e-8	6.098715646149886e-12	0	3.3216011165282223e-12	3.3216011165282223e-12	3.3216011165282223e-12	0	0	0
3.019951720402019e-9	0	0	0	0	0	0	4.4466782962616263e-7	0	0	0	0	0	0	0	1.5324912322674256e-7	1.0370867197640379e-11	0	5.6483833717678315e-12	5.6483833717678315e-12	5.6483833717678315e-12	0	0	0
3.2359365692962944e-9	0	0	0	0	0	0	4.993359963491371e-7	0	0	0	0	0	0	0	2.605961839266249e-7	1.763566178052587e-11	0	9.605077068318181e-12	9.605077068318181e-12	9.605077068318181e-12	0	0	0
3.4673685045253237e-9	0	0	0	0	0	0	3.152982124121223e-7	0	0	0	0	0	0	0	4.4314182535285157e-7	2.998944649035296e-11	0	1.633343553051688e-11	1.633343553051688e-11	1.633343553051688e-11	0	0	0
3.715352290971728e-9	0	0	0	0	0	0	1.990903188977636e-7	0	0	0	0	0	0	0	7.535592978304825e-7	5.0997059934027604e-11	0	2.777501047956246e-11	2.777501047956246e-11	2.777501047956246e-11	0	0	0
3.9810717055349855e-9	0	0	0	0	0	0	1.3086679890028176e-7	0	0	0	0	0	0	0	1.281425965779705e-6	8.672051095949592e-11	0	4.723141105964881e-11	4.723141105964881e-11	4.723141105964881e-11	0	0	0
4.265795188015934e-9	0	0	0	0	0	0	8.602185756305653e-8	0	0	0	0	0	0	0	2.1790620996940476e-6	1.474682468127558e-10	0	8.031702426636374e-11	8.031702426636374e-11	8.031702426636374e-11	0	0	0
4.570881896148752e-9	0	0	0	0	0	0	6.947880355243503e-8	0	0	0	0	0	0	0	3.705494004666396e-6	2.50769784221045e-10	0	1.3657911638317225e-10	1.3657911638317225e-10	1.3657911638317225e-10	0	0	0
4.8977881936844766e-9	0	0	0	0	0	0	5.611718090997211e-8	0	0	0	0	0	0	0	6.301190691419902e-6	4.2643406996025504e-10	0	2.3225281566886261e-10	2.3225281566886261e-10	2.3225281566886261e-10	0	0	0
5.248074602497734e-9	0	0	0	0	0	0	6.966906318854328e-8	0	0	0	0	0	0	0	0.00001071517472790957	7.251512242387666e-10	0	3.949459611192461e-10	3.949459611192461e-10	3.949459611192461e-10	0	0	0
5.623413251903491e-9	0	0	0	0	0	0	8.649362435643752e-8	0	0	0	0	0	0	0	0.000018221154551944516	1.233119806923522e-9	0	6.716056886337365e-10	6.716056886337365e-10	6.716056886337365e-10	0	0	0
6.025595860743593e-9	0	0	0	0	0	0	1.3803709767412805e-7	0	0	0	0	0	0	0	0.0000309850759143528	2.096920486952557e-9	0	1.1420656125552416e-9	1.1420656125552416e-9	1.1420656125552416e-9	0	0	0
6.456542290346562e-9	0	0	0	0	0	0	2.202964724402547e-7	0	0	0	0	0	0	0	0.000052690126011564226	3.5658137221647517e-9	0	1.9420828105766804e-9	1.9420828105766804e-9	1.9420828105766804e-9	0	0	0
6.918309709189363e-9	0	0	0	0	0	0	3.7114565196796234e-7	0	0	0	0	0	0	0	0.00008959956916888546	6.063666972753256e-9	0	3.3025122214437614e-9	3.3025122214437614e-9	3.3025122214437614e-9	0	0	0
7.413102413009192e-9	0	0	0	0	0	0	6.252896083576234e-7	0	0	0	0	0	0	0	0.00015236408418321955	1.0311266942497408e-8	0	5.615922716265416e-9	5.615922716265416e-9	5.615922716265416e-9	0	0	0
7.943282347242822e-9	0	0	0	0	0	0	1.061937933226366e-6	0	0	0	0	0	0	0	0.00025909515580690946	1.7534311570423893e-8	0	9.549877741653914e-9	9.549877741653914e-9	9.549877741653914e-9	0	0	0
8.511380382023759e-9	0	0	0	0	0	0	1.8035037828105925e-6	0	0	0	0	0	0	0	0.0004405913645756827	2.981710045557671e-8	0	1.623956907676035e-8	1.623956907676035e-8	1.623956907676035e-8	0	0	0
9.120108393559115e-9	0	0	0	0	0	0	3.0662820027115576e-6	0	0	0	0	0	0	0	0.000749225705900163	5.070398549766129e-8	0	2.761539057706371e-8	2.761539057706371e-8	2.761539057706371e-8	0	0	0
9.772372209558111e-9	0	0	0	0	0	0	5.213232935669591e-6	0	0	0	0	0	0	0	0.0012740584666751302	8.622213783588138e-8	0	4.695997739343439e-8	4.695997739343439e-8	4.695997739343439e-8	0	0	0
1.0471285480509006e-8	0	0	0	0	0	0	8.864819667305724e-6	0	0	0	0	0	0	0	0.002166536685670876	1.466207632402623e-7	0	7.98554512795371e-8	7.98554512795371e-8	7.98554512795371e-8	0	0	0
1.1220184543019653e-8	0	0	0	0	0	0	0.000015074144720479066	0	0	0	0	0	0	0	0.003684196081367674	2.4932863824458823e-7	0	1.3579421143312133e-7	1.3579421143312133e-7	1.3579421143312133e-7	0	0	0
1.202264434617413e-8	0	0	0	0	0	0	0.000025633375947519904	0	0	0	0	0	0	0	0.006264976198507406	4.2398340095279805e-7	0	2.309180846551531e-7	2.309180846551531e-7	2.309180846551531e-7	0	0	0
1.288249551693135e-8	0	0	0	0	0	0	0.000043589203543615894	0	0	0	0	0	0	0	0.010653593321584113	7.209838610964514e-7	0	3.926762507624772e-7	3.926762507624772e-7	3.926762507624772e-7	0	0	0
1.3803842646028866e-8	0	0	0	0	0	0	0.00003227992366761346	0	0	0	0	0	0	0	0.01811643764842801	1.2260332050579782e-6	0	6.677460457163621e-7	6.677460457163621e-7	6.677460457163621e-7	0	0	0
1.4791083881682102e-8	0	0	0	0	0	0	0.000023904852286285556	0	0	0	0	0	0	0	0.03080700597088271	2.0848697190237437e-6	0	1.1355022889825021e-6	1.1355022889825021e-6	1.1355022889825021e-6	0	0	0
1.5848931924611173e-8	0	0	0	0	0	0	0.000029288401680505814	0	0	0	0	0	0	0	0.05238732003093657	3.54532138882516e-6	0	1.930921877494892e-6	1.930921877494892e-6	1.930921877494892e-6	0	0	0
1.698243652461746e-8	0	0	0	0	0	0	0.00003588436618329513	0	0	0	0	0	0	0	0.0890846485574621	6.028819755675957e-6	0	3.283533052433857e-6	3.283533052433857e-6	3.283533052433857e-6	0	0	0
1.8197008586099862e-8	0	0	0	0	0	0	0.000050701398872168525	0	0	0	0	0	0	0	0.0466442736025811	0.00001025200924265871	0	5.583648635445578e-6	5.583648635445578e-6	5.583648635445578e-6	0	0	0
1.9498445997580494e-8	0	0	0	0	0	0	0.00007163654039377713	0	0	0	0	0	0	0	0.024422706887698046	0.000017433543839589143	0	9.494995660544115e-6	9.494995660544115e-6	9.494995660544115e-6	0	0	0
2.0892961308540408e-8	0	0	0	0	0	0	0.00011768121426502121	0	0	0	0	0	0	0	0.015193803289757586	0.000029645745678530216	0	0.000016146242457865546	0.000016146242457865546	0.000016146242457865546	0	0	0
2.2387211385683424e-8	0	0	0	0	0	0	0.00019332128708008612	0	0	0	0	0	0	0	0.009452337100443861	0.0000504125979733547	0	0.000027456689273855893	0.000027456689273855893	0.000027456689273855893	0	0	0
2.3988329190194947e-8	0	0	0	0	0	0	0.0003113018713727738	0	0	0	0	0	0	0	0.010328756964022802	0.00005134091579852526	0	0.00002796571991376902	0.00002796571991376902	0.00002796571991376902	0	0	0
2.5703957827688646e-8	0	0	0	0	0	0	0.0005012839330003205	0	0	0	0	0	0	0	0.011286438400175213	0.00005228632804094759	0	0.000028484187678084798	0.000028484187678084798	0.000028484187678084798	0	0	0
2.754228703338169e-8	0	0	0	0	0	0	0.000839188924813439	0	0	0	0	0	0	0	0.01791213290766967	0.00003626634035217193	0	0.000019775862143193438	0.000019775862143193438	0.000019775862143193438	0	0	0
2.95120922666639e-8	0	0	0	0	0	0	0.0014048685887745884	0	0	0	0	0	0	0	0.02842743600116023	0.000025154710453363183	0	0.000013729888593856267	0.000013729888593856267	0.000013729888593856267	0	0	0
3.162277660168386e-8	0	0	0	0	0	0	0.0023854501352036516	0	0	0	0	0	0	0	0.026393042427448818	0.000031278399764214246	0	0.00001708934996815005	0.00001708934996815005	0.00001708934996815005	0	0	0
3.3884415613920346e-8	0	0	0	0	0	0	0.004050465924721696	0	0	0	0	0	0	0	0.024504239093130663	0.00003889284647596514	0	0.000021270812238388786	0.000021270812238388786	0.000021270812238388786	0	0	0
3.6307805477010175e-8	0	0	0	0	0	0	0.006881871968077289	0	0	0	0	0	0	0	0.01255278215271785	0.0000399448185655651	0	0.000021927448897093734	0.000021927448897093734	0.000021927448897093734	0	0	0
3.890451449942813e-8	0	0	0	0	0	0	0.01169252196295547	0	0	0	0	0	0	0	0.0064304114555327205	0.0000410252443523752	0	0.00002260435613581772	0.00002260435613581772	0.00002260435613581772	0	0	0
4.1686938347033635e-8	0	0	0	0	0	0	0.01987494934224622	0	0	0	0	0	0	0	0.003299834405644256	0.00002654151535519643	0	0.000015126661812436966	0.000015126661812436966	0.000015126661812436966	0	0	0
4.4668359215096346e-8	0	0	0	0	0	0	0.03378343975819234	0	0	0	0	0	0	0	0.0016933453138997803	0.000017171184437061203	0	0.000010122646104715718	0.000010122646104715718	0.000010122646104715718	0	0	0
4.78630092322639e-8	0	0	0	0	0	0	0.01774340847707256	0	0	0	0	0	0	0	0.0008853491842634594	0.000016331275765631142	0	9.560234753063886e-6	9.560234753063886e-6	9.560234753063886e-6	0	0	0
5.128613839913659e-8	0	0	0	0	0	0	0.009319019810820565	0	0	0	0	0	0	0	0.0004628962395571848	0.00001553245025762125	0	9.029070816879895e-6	9.029070816879895e-6	9.029070816879895e-6	0	0	0
5.495408738576248e-8	0	0	0	0	0	0	0.005905838267529728	0	0	0	0	0	0	0	0.00028498669982113224	0.000023095621317139578	0	0.000013112393421101682	0.000013112393421101682	0.000013112393421101682	0	0	0
5.888436553555896e-8	0	0	0	0	0	0	0.0037427676247366428	0	0	0	0	0	0	0	0.00017545491221236615	0.00003434150537601004	0	0.00001904236490296622	0.00001904236490296622	0.00001904236490296622	0	0	0
6.309573444801943e-8	0	0	0	0	0	0	0.004196993663287901	0	0	0	0	0	0	0	0.00018837541112641827	0.00003301959513275331	0	0.00001840925272172786	0.00001840925272172786	0.00001840925272172786	0	0	0
6.760829753919818e-8	0	0	0	0	0	0	0.004706345030148224	0	0	0	0	0	0	0	0.00020224737552002514	0.00003174856928352916	0	0.000017797189976107083	0.000017797189976107083	0.000017797189976107083	0	0	0
7.244359600749906e-8	0	0	0	0	0	0	0.007505213350940369	0	0	0	0	0	0	0	0.00031952167771603224	0.000025346834766702053	0	0.000014735834459076772	0.000014735834459076772	0.000014735834459076772	0	0	0
7.762471166286928e-8	0	0	0	0	0	0	0.011968571594794147	0	0	0	0	0	0	0	0.0005047981575432489	0.0000202359365221476	0	0.00001220107317485702	0.00001220107317485702	0.00001220107317485702	0	0	0
8.317637711026726e-8	0	0	0	0	0	0	0.02021542582621827	0	0	0	0	0	0	0	0.0008522132282702234	0.00002793417504857862	0	0.000016874434087194366	0.000016874434087194366	0.000016874434087194366	0	0	0
8.912509381337478e-8	0	0	0	0	0	0	0.03414471293408554	0	0	0	0	0	0	0	0.001438728282950386	0.00003856100926144796	0	0.000023337826245468237	0.000023337826245468237	0.000023337826245468237	0	0	0
9.549925860214369e-8	0	0	0	0	0	0	0.018474162898371713	0	0	0	0	0	0	0	0.0024449376436891583	0.00005171102721788038	0	0.0000341021960198529	0.0000341021960198529	0.0000341021960198529	0	0	0
1.0232929922807557e-7	0	0	0	0	0	0	0.00999553563254173	0	0	0	0	0	0	0	0.004154863814361212	0.00006934544471588415	0	0.00004983153791379074	0.00004983153791379074	0.00004983153791379074	0	0	0
1.0964781961431874e-7	0	0	0	0	0	0	0.007437860471682744	0	0	0	0	0	0	0	0.007064921905087092	0.00007356122664395822	0	0.00005845871496865886	0.00005845871496865886	0.00005845871496865886	0	0	0
1.1748975549395303e-7	0	0	0	0	0	0	0.005534647709735044	0	0	0	0	0	0	0	0.012013178711767755	0.00007803330251228865	0	0.00006857948798809056	0.00006857948798809056	0.00006857948798809056	0	0	0
1.2589254117941688e-7	0	0	0	0	0	0	0.007365432549675424	0	0	0	0	0	0	0	0.015701450813321877	0.00008681277097721016	0	0.00006918900374827066	0.00006918900374827066	0.00006918900374827066	0	0	0
1.3489628825916562e-7	0	0	0	0	0	0	0.009801815669025691	0	0	0	0	0	0	0	0.020522091909085126	0.00009658001086849607	0	0.00006980393671806818	0.00006980393671806818	0.00006980393671806818	0	0	0
1.445439770745928e-7	0	0	0	0	0	0	0.011809532573558358	0	0	0	0	0	0	0	0.016875362869868654	0.00007628534385048666	0	0.00005862612926289036	0.00005862612926289036	0.00005862612926289036	0	0	0
1.5488166189124826e-7	0	0	0	0	0	0	0.014228492385003401	0	0	0	0	0	0	0	0.013876649283676094	0.000060255260214359505	0	0.000049238240620023315	0.000049238240620023315	0.000049238240620023315	0	0	0
1.659586907437563e-7	0	0	0	0	0	0	0.01945627724832522	0	0	0	0	0	0	0	0.015545831653634514	0.00005324214166938702	0	0.00005353337603523318	0.00005353337603523318	0.00005353337603523318	0	0	0
1.7782794100389227e-7	0	0	0	0	0	0	0.026604837260388817	0	0	0	0	0	0	0	0.01741579518677028	0.00004704528101710132	0	0.00005820318341277791	0.00005820318341277791	0.00005820318341277791	0	0	0
1.9054607179632522e-7	0	0	0	0	0	0	0.022643790706625352	0	0	0	0	0	0	0	0.016810399341080893	0.00005238988375189994	0	0.00007038419904362476	0.00007038419904362476	0.00007038419904362476	0	0	0
2.0417379446695318e-7	0	0	0	0	0	0	0.01927248238909041	0	0	0	0	0	0	0	0.016226047847719288	0.0000583416627597539	0	0.00008511451065965216	0.00008511451065965216	0.00008511451065965216	0	0	0
2.1877616239495564e-7	0	0	0	0	0	0	0.021575777939690392	0	0	0	0	0	0	0	0.014759081135214392	0.00005437677703222686	0	0.00007636949956050345	0.00007636949956050345	0.00007636949956050345	0	0	0
2.3442288153199275e-7	0	0	0	0	0	0	0.024154345263085707	0	0	0	0	0	0	0	0.013424740146224835	0.00005068134400948635	0	0.00006852298647927849	0.00006852298647927849	0.00006852298647927849	0	0	0
2.5118864315095823e-7	0	0	0	0	0	0	0.02234688579992375	0	0	0	0	0	0	0	0.014556427320622338	0.000048609045498656995	0	0.00006456180872935504	0.00006456180872935504	0.00006456180872935504	0	0	0
2.6915348039269196e-7	0	0	0	0	0	0	0.020674677765661682	0	0	0	0	0	0	0	0.015783514171046727	0.000046621480753316733	0	0.00006082961879757374	0.00006082961879757374	0.00006082961879757374	0	0	0
2.8840315031266115e-7	0	0	0	0	0	0	0.020197242818688992	0	0	0	0	0	0	0	0.0140315369472783	0.0000513742757526817	0	0.00006716274651079786	0.00006716274651079786	0.00006716274651079786	0	0	0
3.090295432513592e-7	0	0	0	0	0	0	0.019730833152553782	0	0	0	0	0	0	0	0.01247402998908831	0.00005661159119071484	0	0.00007415523240223798	0.00007415523240223798	0.00007415523240223798	0	0	0
3.3113112148259143e-7	0	0	0	0	0	0	0.019592591518611324	0	0	0	0	0	0	0	0.014372916106810171	0.00006530144380832142	0	0.00007790919355607282	0.00007790919355607282	0.00007790919355607282	0	0	0
3.5481338923357606e-7	0	0	0	0	0	0	0.019455318457521596	0	0	0	0	0	0	0	0.016560864259113343	0.0000753251847150112	0	0.00008185319152710767	0.00008185319152710767	0.00008185319152710767	0	0	0
3.8018939632056126e-7	0	0	0	0	0	0	0.021056185767048922	0	0	0	0	0	0	0	0.013518128216641485	0.00007824952914605875	0	0.00008239100006644871	0.00008239100006644871	0.00008239100006644871	0	0	0
4.0738027780411303e-7	0	0	0	0	0	0	0.02278877932656348	0	0	0	0	0	0	0	0.011034435620169883	0.00008128740519848617	0	0.00008293234222518341	0.00008293234222518341	0.00008293234222518341	0	0	0
4.365158322401665e-7	0	0	0	0	0	0	0.024023019002899697	0	0	0	0	0	0	0	0.012446974653741314	0.00009028310339737263	0	0.00009052112746180559	0.00009052112746180542	0.00009052112746180542	0	0	0
4.677351412871981e-7	0	0	0	0	0	0	0.025324105066961047	0	0	0	0	0	0	0	0.014040335488268076	0.00010027431358102333	0	0.0000988043300972666	0.0000988043300972662	0.0000988043300972662	0	0	0
5.011872336272736e-7	0	0	0	0	0	0	0.02650516009997703	0	0	0	0	0	0	0	0.01688456502365224	0.00010211785050293206	0	0.00010454640117939398	0.00010454640117939356	0.00010454640117939356	0	0	0
5.370317963702533e-7	0	0	0	0	0	0	0.027741296684239438	0	0	0	0	0	0	0	0.020304966094019074	0.00010399528073471299	0	0.00011062217606053206	0.00011062217606053139	0.00011062217606053139	0	0	0
5.754399373371578e-7	0	0	0	0	0	0	0.033395269474813666	0	0	0	0	0	0	0	0.0189449016895502	0.00010965548768520402	0	0.00011425826448046982	0.00011425826448046841	0.00011425826448046841	0	0	0
6.165950018614835e-7	0	0	0	0	0	0	0.040201582355342116	0	0	0	0	0	0	0	0.017675936929165383	0.00011562376575677043	0	0.00011801386907219603	0.00011801386907219435	0.00011801386907219435	0	0	0
6.606934480075964e-7	0	0	0	0	0	0	0.038278258667418984	0	0	0	0	0	0	0	0.01850658609163688	0.00012008329490843029	0	0.00012427077928125338	0.00012427077928125007	0.00012427077928125007	0	0	0
7.079457843841387e-7	0	0	0	0	0	0	0.036446950611513165	0	0	0	0	0	0	0	0.019376270131517194	0.00012471482503345724	0	0.0001308594210543383	0.0001308594210543332	0.0001308594210543332	0	0	0
7.585775750291852e-7	0	0	0	0	0	0	0.035814579321463626	0	0	0	0	0	0	0	0.022906649854636897	0.00012798360194100458	0	0.0001419701087062804	0.00014197010870627139	0.00014197010870627139	0	0	0
8.128305161640995e-7	0	0	0	0	0	0	0.035193179962995993	0	0	0	0	0	0	0	0.027080269009536365	0.00013133805352650926	0	0.0001540241551099599	0.00015402415510994637	0.00015402415510994637	0	0	0
8.709635899560814e-7	0	0	0	0	0	0	0.03471228305422344	0	0	0	0	0	0	0	0.02772786878670642	0.0001375934181175635	0	0.0001586316265140248	0.00015863162651399786	0.00015863162651399786	0	0	0
9.332543007969924e-7	0	0	0	0	0	0	0.03423795735717735	0	0	0	0	0	0	0	0.028390955318134285	0.00014414671301225972	0	0.0001633769256031305	0.00016337692560308942	0.00016337692560308942	0	0	0
1.e-6	0	0	0	0	0	0	0.03205127234950988	0	0	0	0	0	0	0	0.031935802311474165	0.0001481288484779171	0	0.0001640432756948613	0.0001640432756947821	0.0001640432756947821	0	0	0
1.0715193052376091e-6	0	0	0	0	0	0	0.030004244952630148	0	0	0	0	0	0	0	0.03592325294619825	0.00015222099271543883	0	0.0001647123435660031	0.00016471234356588553	0.00016471234356588553	0	0	0
1.148153621496884e-6	0	0	0	0	0	0	0.03185558306237295	0	0	0	0	0	0	0	0.03442361447652406	0.00014965848696260506	0	0.00016160926609365533	0.0001616092660934243	0.0001616092660934243	0	0	0
1.2302687708123837e-6	0	0	0	0	0	0	0.033821153434983646	0	0	0	0	0	0	0	0.032986579344668206	0.00014713911872724585	0	0.00015856464865891506	0.0001585646486585749	0.0001585646486585749	0	0	0
1.3182567385564101e-6	0	0	0	0	0	0	0.03206229185621063	0	0	0	0	0	0	0	0.03410029114765423	0.00015567546330577504	0	0.00016322730293208027	0.00016322730293142766	0.00016322730293142766	0	0	0
1.4125375446227554e-6	0	0	0	0	0	0	0.030394899483514072	0	0	0	0	0	0	0	0.03525160472702166	0.0001647070478952103	0	0.00016802706434138732	0.00016802706434040422	0.00016802706434040422	0	0	0
1.5135612484362104e-6	0	0	0	0	0	0	0.030776683989798343	0	0	0	0	0	0	0	0.036822798974994034	0.00016970957756749257	0	0.00017272400005760604	0.00017272400005571796	0.00017272400005571796	0	0	0
1.6218100973589331e-6	0	0	0	0	0	0	0.031163264018085238	0	0	0	0	0	0	0	0.03846402269776551	0.0001748640455049666	0	0.00017755223131962723	0.00017755223131678407	0.00017755223131678407	0	0	0
1.7378008287493763e-6	0	0	0	0	0	0	0.03375424112087796	0	0	0	0	0	0	0	0.03848119363782243	0.00017585059052320612	0	0.00018212351154309897	0.0001821235115376331	0.0001821235115376331	0	0	0
1.8620871366628694e-6	0.00012206699721956754	0.000019339561127199988	0	0	0	0	0.036560637325575865	0	0	0	0	0	0	0	0.03849837224325538	0.00017684270141446652	0	0.00018681248447438068	0.00018681248446615893	0.00018681248446615893	0	0	0
1.995262314968883e-6	0.00012659590830673415	0.000020800178255698102	0	0	0	0	0.039784253165746235	0	0	0	0	0	0	0	0.043132562351128986	0.0001818935862993004	0	0.00019626101522124436	0.00019626101520561003	0.00019626101520561044	0	0	0
2.1379620895022326e-6	0.0001312928503613429	0.000022371108249210732	0	0	0	0	0.04329210089696566	0	0	0	0	0	0	0	0.04832458689990385	0.00018708873180623518	0	0.00020618743016051553	0.0002061874301367402	0.0002061874301367406	0	0	0
2.2908676527677747e-6	0.00013959888491172395	0.00002323382107241234	0	0	0	0	0.04504802294666401	0	0	0	0	0	0	0	0.04806151765325322	0.00020004398025721848	0	0.000217395474973248	0.0002173954749281112	0.00021739547492811162	0	0	0
2.4547089156850335e-6	0.00014843038760269488	0.000024129803298587878	0	0	0	0	0.04687516496907653	0	0	0	0	0	0	0	0.0477998805022082	0.00021389633491447299	0	0.0002292127725829445	0.0002292127725141941	0.00022921277251419502	0	0	0
2.6302679918953817e-6	0.00015334574683049061	0.000024249554742794745	0	0	0	0	0.048890967998227175	0	0	0	0	0	0	0	0.05069551026374183	0.0002230050118501097	0	0.00023454929871838018	0.00023454929858606334	0.00023454929858606526	0	0	0
2.8183829312644606e-6	0.0001584238810582611	0.000024369900489748855	0	0	0	0	0.0509934579084805	0	0	0	0	0	0	0	0.053766552005970636	0.0002325015775990409	0	0.00024001006972408764	0.00024001006952528172	0.00024001006952528516	0	0	0
3.0199517204020193e-6	0.00016481215503833243	0.000025773772306906363	0	0	0	0	0.054927717237651136	0	0	0	0	0	0	0	0.0549392640500134	0.00024187848381109883	0	0.00025110595001331406	0.0002511059496345739	0.0002511059496345805	0	0	0
3.2359365692962877e-6	0.000171458029350953	0.000027258516677476108	0	0	0	0	0.059165513473397914	0	0	0	0	0	0	0	0.05613755432972372	0.00025163356539305146	0	0.0002627148027771298	0.0002627148022022432	0.0002627148022022534	0	0	0
3.4673685045253236e-6	0.00018027616525080004	0.000028286303583183636	0	0	0	0	0.06362483581611321	0	0	0	0	0	0	0	0.06000423079257697	0.00026658297218026827	0	0.0002749791502427715	0.0002749791491477821	0.0002749791491478017	0	0	0
3.7153522909717276e-6	0.00018954782042321928	0.00002935284336514036	0	0	0	0	0.0684202586097295	0	0	0	0	0	0	0	0.06413723853841648	0.0002824205147093916	0	0.0002878160357503032	0.0002878160340879031	0.0002878160340879331	0	0	0
3.981071705534978e-6	0.00019646219430417323	0.000030802690903001146	0	0	0	0	0.07166220854786358	0	0	0	0	0	0	0	0.06793132129431753	0.0002916410699044655	0	0.00029958943321129855	0.00029958943003697246	0.0002995894300370294	0	0	0
4.265795188015934e-6	0.00020362879248429682	0.00003232415187390773	0	0	0	0	0.0750577714599164	0	0	0	0	0	0	0	0.07194984564275723	0.0003011626607314323	0	0.0003118444330521358	0.00031184442824497174	0.00031184442824505783	0	0	0
4.570881896148752e-6	0.00021109150036052564	0.00003417182805131476	0	0	0	0	0.07456513419088807	0	0	0	0	0	0	0	0.07259465647017949	0.00030981822488897236	0	0.000325507083115599	0.00032550707394800343	0.00032550707394816855	0	0	0
4.897788193684467e-6	0.00021882770594877532	0.00003612511897987998	0	0	0	0	0.07407573031760449	0	0	0	0	0	0	0	0.07324524605917467	0.0003187225542510154	0	0.0003397683265383538	0.00033976831263747245	0.00033976831263772257	0	0	0
5.248074602497734e-6	0.0002255522698202092	0.00003692172227143269	0	0	0	0	0.07616474084676089	0	0	0	0	0	0	0	0.07329042680574196	0.0003287657658019058	0	0.00034916263867564755	0.0003491626119751951	0.0003491626119756742	0	0	0
5.623413251903491e-6	0.00023248347918502403	0.00003773589164503684	0	0	0	0	0.07831266358606016	0	0	0	0	0	0	0	0.07333563542169318	0.00033912544726341686	0	0.0003588166957439428	0.00035881665554675135	0.00035881665554747267	0	0	0
6.0255958607435935e-6	0.00024026571333790242	0.00003865766441991551	0	0	0	0	0.08010997016852882	0	0	0	0	0	0	0	0.073130635224236	0.00035197885153904557	0	0.0003696881293605483	0.00036968805224298616	0.0003696880522443705	0	0	0
6.4565422903465625e-6	0.00024830845274742433	0.00003960195329316836	0	0	0	0	0.08194852564745288	0	0	0	0	0	0	0	0.07292620807807575	0.0003653194206759571	0	0.0003808889458355401	0.0003808888295972836	0.0003808888295993704	0	0	0
6.9183097091893625e-6	0.0002588590151897684	0.00004126949816274469	0	0	0	0	0.08236405560038242	0	0	0	0	0	0	0	0.07626427754903159	0.00038151879868341526	0	0.0003970222015668497	0.00039702197975218255	0.00039702197975616433	0	0	0
7.413102413009192e-6	0.000269857868323061	0.000043007259414616196	0	0	0	0	0.0827816925484101	0	0	0	0	0	0	0	0.07975514130460257	0.00039843650654956125	0	0.00041383881118211766	0.0004138384750558415	0.00041383847506187507	0	0	0
7.943282347242822e-6	0.00027928669659713215	0.00004476263291927542	0	0	0	0	0.08700874871407963	0	0	0	0	0	0	0	0.0829620738702746	0.0004111218900808131	0	0.00042914599516358676	0.0004291453522303356	0.00042914535224187583	0	0	0
8.511380382023777e-6	0.00028904496793385906	0.00004658965330826992	0	0	0	0	0.09145164975169713	0	0	0	0	0	0	0	0.08629795632322088	0.00042421114964423106	0	0.00044501936548406364	0.0004450183935073904	0.0004450183935248363	0	0	0
9.120108393559115e-6	0.0002993291217396672	0.00004802817716713627	0	0	0	0	0.09673811496256779	0	0	0	0	0	0	0	0.09012679496225379	0.0004379671506629916	0	0.00046012084270343915	0.0004601189810136107	0.0004601189810470235	0	0	0
9.772372209558111e-6	0.0003099791833841662	0.00004951111755940802	0	0	0	0	0.10233017022568544	0	0	0	0	0	0	0	0.09412551022349547	0.0004521692209663187	0	0.00047573477990072664	0.00047573196923485423	0.0004757319692852983	0	0	0
0.000010471285480509006	0.0003192013250294908	0.00005062831166339022	0	0	0	0	0.10541859281312532	0	0	0	0	0	0	0	0.09850233728826617	0.000466336520492946	0	0.0004887007157555016	0.0004886953161303555	0.0004886953162272557	0	0	0
0.000011220184543019652	0.0003286978331519365	0.00005177071470482904	0	0	0	0	0.10860022695349726	0	0	0	0	0	0	0	0.10308268638558003	0.0004809477077646244	0	0.0005020200323166949	0.0005020119047115099	0.0005020119048573614	0	0	0
0.000012022644346174132	0.0003380197632427801	0.00005293321227710704	0	0	0	0	0.11151654767141264	0	0	0	0	0	0	0	0.10504528862264795	0.000495768593038592	0	0.0005152383575761481	0.0005152227368962946	0.0005152227371765982	0	0	0
0.000012882495516931348	0.0003476060649596385	0.000054121813421901795	0	0	0	0	0.11451118246627132	0	0	0	0	0	0	0	0.10704525705258452	0.0005110461987350845	0	0.0005288047249682176	0.0005287812223645473	0.0005287812227862793	0	0	0
0.000013803842646028866	0.0003590507397436503	0.00005597142926487087	0	0	0	0	0.116295009855839	0	0	0	0	0	0	0	0.11098199690710732	0.0005278022692289763	0	0.0005464492297853678	0.0005464042019695896	0.0005464042027775529	0	0	0
0.000014791083881682102	0.00037087222205237037	0.0000578842558273307	0	0	0	0	0.11810662527524961	0	0	0	0	0	0	0	0.11506351590560002	0.0005451077340811267	0	0.0005646824747092922	0.0005646145122078373	0.0005646145134273079	0	0	0
0.00001584893192461114	0.00038493156321291064	0.00006006334809529546	0	0	0	0	0.12225153097242868	0	0	0	0	0	0	0	0.11975079653181242	0.0005662086987656003	0	0.0005860289733698574	0.0005859840211221457	0.0005859840234537928	0	0	0
0.00001698243652461746	0.0003995238778940224	0.00006232447377708665	0	0	0	0	0.1265419005095789	0	0	0	0	0	0	0	0.12462902039051695	0.0005881264757658411	0	0.0006081824264259919	0.0006081623224095981	0.0006081623259358622	0	0	0
0.000018197008586099864	0.0004151267974362376	0.00006499765525653798	0	0	0	0	0.1296122061474007	0	0	0	0	0	0	0	0.12988592920329245	0.0006103205885716184	0	0.0006327331980380395	0.000632720122858703	0.0006327201295935297	0	0	0
0.000019498445997580493	0.0004313390700402143	0.00006778549312679454	0	0	0	0	0.13275700708418503	0	0	0	0	0	0	0	0.13536457682280292	0.0006333522400081762	0	0.0006582750216117351	0.0006582695756030568	0.0006582695857998194	0	0	0
0.00002089296130854041	0.0004444378977796474	0.0000703554153401935	0	0	0	0	0.13868606150603474	0	0	0	0	0	0	0	0.13884698046981067	0.0006508996741002462	0	0.0006799809973234539	0.0006799772668930948	0.0006799772864318222	0	0	0
0.000022387211385683423	0.00045793450837731367	0.0000730227699078959	0	0	0	0	0.14487991314732707	0	0	0	0	0	0	0	0.14241897280719412	0.000668933271220988	0	0.0007024027063778205	0.0007024008105916462	0.0007024008400773878	0	0	0
0.000023988329190194948	0.0004721798237464614	0.00007553690885318182	0	0	0	0	0.1494477826916805	0	0	0	0	0	0	0	0.14750182755381733	0.0006892227842941659	0	0.0007250657636757242	0.000725063893909871	0.0007250639504276615	0	0	0
0.000025703957827688645	0.0004868682789232763	0.00007813760839654115	0	0	0	0	0.15415967104251327	0	0	0	0	0	0	0	0.1527660865885495	0.0007101277015615399	0	0.000748460045613604	0.0007484582055207531	0.0007484582907842848	0	0	0
0.00002754228703338169	0.0005042995427781618	0.00008055896914853898	0	0	0	0	0.15862604782500145	0	0	0	0	0	0	0	0.1582341141927158	0.0007364992543559505	0	0.00077399978600203	0.0007739971561160673	0.0007739973194127696	0	0	0
0.0000295120922666639	0.0005223548952679664	0.00008305536403597593	0	0	0	0	0.16322182629489757	0	0	0	0	0	0	0	0.1638978614526486	0.0007638501504364477	0	0.0008004110202570038	0.0008004075488209045	0.0008004077953768209	0	0	0
0.000031622776601683856	0.0005404541216228545	0.0000855161033744757	0	0	0	0	0.16824985188595692	0	0	0	0	0	0	0	0.16756317253631173	0.000791800154675408	0	0.0008267503210519979	0.0008267475963105108	0.0008267480687702102	0	0	0
0.000033884415613920276	0.0005591804733241536	0.00008804974875778403	0	0	0	0	0.1734327651039842	0	0	0	0	0	0	0	0.17131045238528264	0.0008207728761796661	0	0.0008539563749885748	0.0008539544498450785	0.0008539551628098274	0	0	0
0.000036307805477010174	0.000580046985496238	0.0000910327138701839	0	0	0	0	0.17865072789364841	0	0	0	0	0	0	0	0.17598316312498966	0.0008526499270524704	0	0.000884810436740111	0.0008848084610734243	0.0008848098253286972	0	0	0
0.00003890451449942813	0.0006016921574230831	0.00009411673640736136	0	0	0	0	0.18402568025594507	0	0	0	0	0	0	0	0.1807833280004647	0.000885765013929911	0	0.0009167792780687364	0.0009167772507411211	0.000916779312419875	0	0	0
0.00004168693834703355	0.0006229246403980485	0.0000979149344598805	0	0	0	0	0.18990846565318892	0	0	0	0	0	0	0	0.18799535463660344	0.0009157836952386634	0	0.0009507303671874406	0.0009507272299771333	0.0009507311734205499	0	0	0
0.00004466835921509635	0.0006449063741779613	0.00010186641352273621	0	0	0	0	0.1959793072172772	0	0	0	0	0	0	0	0.19549509214063826	0.0009468197132149761	0	0.0009859387670677609	0.0009859344405517179	0.0009859404023065915	0	0	0
0.0000478630092322639	0.0006658571295264398	0.00010539109094163238	0	0	0	0	0.20312250771933582	0	0	0	0	0	0	0	0.2030461206408676	0.000976797478428354	0	0.0010186911473899394	0.0010186831631107238	0.0010186945553440601	0	0	0
0.00005128613839913659	0.000687488501732254	0.0001090377256423998	0	0	0	0	0.21052606894078268	0	0	0	0	0	0	0	0.21088880879754474	0.0010077243856955352	0	0.0010525315449933048	0.0010525196647198677	0.0010525368416385542	0	0	0
0.00005495408738576248	0.0007099115826937656	0.00011242866155814435	0	0	0	0	0.21617784650950547	0	0	0	0	0	0	0	0.21743446037556655	0.0010409476463730284	0	0.0010863099244242975	0.0010862889320053066	0.0010863056062638517	0	0	0
0.00005888436553555896	0.0007330660134284597	0.00011592505130940288	0	0	0	0	0.22198135155714416	0	0	0	0	0	0	0	0.22418327851716918	0.0010752662313928867	0	0.001121172336844533	0.0011211416597250012	0.001121157781387682	0	0	0
0.00006309573444801943	0.0007583011828136162	0.00011987773816529261	0	0	0	0	0.22944860399820233	0	0	0	0	0	0	0	0.23136034117185922	0.0011123066254761162	0	0.0011596357251854583	0.0011596149501269673	0.0011596284954275549	0	0	0
0.00006760829753919819	0.0007844050512821221	0.00012396519945694353	0	0	0	0	0.2371670480759796	0	0	0	0	0	0	0	0.2387671722048614	0.0011506229740660436	0	0.0011994186539699492	0.0011994084965924936	0.0011994192697330885	0	0	0
0.00007244359600749906	0.000812105017614064	0.0001282161567404726	0	0	0	0	0.24545660841710068	0	0	0	0	0	0	0	0.24677123491421174	0.0011912034370211695	0	0.001241346380102295	0.0012413370429339642	0.0012413513119094162	0	0	0
0.00007762471166286927	0.0008407831624183918	0.00013261288588502145	0	0	0	0	0.25403590888530486	0	0	0	0	0	0	0	0.2550436134865178	0.0012332151020388133	0	0.0012847397614608768	0.0012847313142584661	0.0012847493103242784	0	0	0
0.00008317637711026725	0.000869033105996169	0.00013654540980341718	0	0	0	0	0.26138985724618474	0	0	0	0	0	0	0	0.26250398537936637	0.001275432711222764	0	0.001326146682427208	0.0013261391273397195	0.0013261537462298052	0	0	0
0.00008912509381337459	0.0008982322352234925	0.00014059454942069879	0	0	0	0	0.2689566910874359	0	0	0	0	0	0	0	0.2701825832768535	0.0013190955885697996	0	0.0013688881406713218	0.0013688815439798234	0.001368892549314116	0	0	0
0.00009549925860214369	0.000926220043103088	0.0001451429703667405	0	0	0	0	0.2764837431666073	0	0	0	0	0	0	0	0.277276015931888	0.0013593736541004228	0	0.0014120732708935227	0.0014120677869981547	0.001412081136389772	0	0	0
0.00010232929922807557	0.0009550799165345396	0.00014983853878889472	0	0	0	0	0.28422144816827494	0	0	0	0	0	0	0	0.28455568111983126	0.0014008815945369634	0	0.00145662078816321	0.0014566164938426955	0.0014566323242440836	0	0	0
0.00010964781961431851	0.0009871910478493101	0.0001548516724827681	0	0	0	0	0.29347709934415184	0	0	0	0	0	0	0	0.2930442470087508	0.0014479505136875833	0	0.0015054292454802817	0.001505424092856033	0.0015054397385043984	0	0	0
0.00011748975549395303	0.001020381800603566	0.0001600325301122577	0	0	0	0	0.3030341601400328	0	0	0	0	0	0	0	0.3017860348701392	0.0014966009249205076	0	0.001555873176851431	0.001555867113225309	0.0015558825439661353	0	0	0
0.00012589254117941688	0.0010535554064023621	0.00016488896769576138	0	0	0	0	0.3107794828591039	0	0	0	0	0	0	0	0.3102550936329076	0.0015462022762501248	0	0.0016050577183970786	0.0016050488759030825	0.001605060444139236	0	0	0
0.0001348962882591656	0.0010878075184240648	0.00016989278147825325	0	0	0	0	0.318722770137664	0	0	0	0	0	0	0	0.3189618206375407	0.001597447548823374	0	0.0016557970904797115	0.001655785299489568	0.0016557927456229025	0	0	0
0.0001445439770745928	0.0011225289709182176	0.00017495269495187412	0	0	0	0	0.3271763780104035	0	0	0	0	0	0	0	0.3272010519438962	0.0016487310980256359	0	0.0017067385389247479	0.0017067239771209827	0.0017067309280315854	0	0	0
0.00015488166189124827	0.0011583586886549687	0.00018016330773206867	0	0	0	0	0.3358542042094188	0	0	0	0	0	0	0	0.33565311415391336	0.0017016610251767204	0	0.00175924722721131	0.0017592297352667853	0.0017592361534376276	0	0	0
0.00016595869074375631	0.0011968002345896496	0.00018627463595802674	0	0	0	0	0.34450162295814607	0	0	0	0	0	0	0	0.34463226668703234	0.001757541616845889	0	0.0018160663882065455	0.0018160473134805962	0.0018160560654636338	0	0	0
0.00017782794100389227	0.0012365175101133722	0.00019259326684264194	0	0	0	0	0.35337169144618946	0	0	0	0	0	0	0	0.3538516230997306	0.0018152572628996172	0	0.001874720661974025	0.0018746999204739638	0.0018747111503266232	0	0	0
0.00019054607179632481	0.0012760022275163177	0.0001995150033520264	0	0	0	0	0.3633737077333957	0	0	0	0	0	0	0	0.36256964742412706	0.001871620797720381	0	0.001931352185582125	0.0019313327192359256	0.0019313500504805463	0	0	0
0.00020417379446695317	0.0013167477785877271	0.00020668550471747698	0	0	0	0	0.37365882629571745	0	0	0	0	0	0	0	0.3715024621950255	0.0019297344139882348	0	0.0019896944331029855	0.001989676337879294	0.00198970012891924	0	0	0
0.00021877616239495564	0.0013568476830719653	0.00021247202480877267	0	0	0	0	0.38272767677513037	0	0	0	0	0	0	0	0.3796139434015857	0.0019887335267118247	0	0.0020489417539832373	0.002048923361869021	0.002048950580299086	0	0	0
0.00023442288153199226	0.0013981687799256137	0.00021842054859168059	0	0	0	0	0.3920166319148121	0	0	0	0	0	0	0	0.38790253279465936	0.0020495364603534388	0	0.002109953287987422	0.002109934597346225	0.002109965426191301	0	0	0
0.0002511886431509582	0.001438782971505169	0.00022397935850326195	0	0	0	0	0.4004706713775036	0	0	0	0	0	0	0	0.3965828766315484	0.002109397137961794	0	0.0021708434709343184	0.002170821558107523	0.0021708504496651205	0	0	0
0.00026915348039269194	0.0014805769294915733	0.00022967964030396935	0	0	0	0	0.4091070265314647	0	0	0	0	0	0	0	0.4054574660913874	0.0021710061624734883	0	0.0022334908559957906	0.0022334655505774877	0.0022334923673692397	0	0	0
0.00028840315031266115	0.001525428007583864	0.0002379179395448546	0	0	0	0	0.4168235011047707	0	0	0	0	0	0	0	0.41334877355141325	0.002233693255661755	0	0.002296335677087577	0.002296309060834502	0.002296334156264217	0	0	0
0.0003090295432513592	0.0015716377582084395	0.0002464517354797102	0	0	0	0	0.4246855218945396	0	0	0	0	0	0	0	0.42139366736422845	0.0022981904181719375	0	0.0023609487935486724	0.0023609208127285506	0.0023609440686993524	0	0	0
0.0003311311214825914	0.0016143596567513743	0.0002507754471345579	0	0	0	0	0.433161780510164	0	0	0	0	0	0	0	0.43032115471081334	0.0023637666139159673	0	0.0024250680221299214	0.0024250365037648924	0.0024250617982334685	0	0	0
0.000354813389233576	0.0016582428665478596	0.00025517501332716176	0	0	0	0	0.44180721597881173	0	0	0	0	0	0	0	0.4394377764381347	0.002431213950281876	0	0.002490928616506604	0.002490893389090727	0.00249092081562574	0	0	0
0.00038018939632056124	0.0017037832178187426	0.00026112643929724	0.0016989373358335521	0.00025625990348018644	0	0	0.4488823101287548	0	0	0	0	0	0	0	0.44666424556149237	0.0024985168035036288	0	0.002556891388769867	0.0025568540040852706	0.0025568775190018245	0	0	0
0.00040738027780411304	0.001750574244509806	0.00026721666988856814	0.0017458504678985293	0.0002624720675438721	0	0	0.45607070473061556	0	0	0	0	0	0	0	0.45400955256996434	0.0025676827893597104	0	0.0026246009342227885	0.002624561302719318	0.002624580679628966	0	0	0
0.00043651583224016654	0.0017981084350058446	0.00027454043940081433	0.0017922516224926604	0.0002686557003827943	0	0	0.46296332833333564	0	0	0	0	0	0	0	0.46024838766008225	0.0026354722802796695	0	0.0026917017954501757	0.0026916667815716252	0.0026916877199923282	0	0	0
0.00046773514128719906	0.0018469333444035214	0.00028206493591070956	0.001839886025401727	0.000274985014685822	0	0	0.4699601205652529	0	0	0	0	0	0	0	0.46657295456588854	0.0027050514841260977	0	0.002760518165316892	0.002760488031089043	0.0027605105982041068	0	0	0
0.0005011872336272725	0.0018929582671208386	0.00028783003028847224	0.0018860945670405303	0.00028093608029156677	0	0	0.47547432829561453	0	0	0	0	0	0	0	0.47214191599195093	0.002772623661533304	0	0.0028266554597497903	0.0028266233202864648	0.0028266513605422964	0	0	0
0.0005370317963702533	0.001940130114559369	0.00029371295679973656	0.001933463631282853	0.0002870159353947478	0	0	0.4810532361687392	0	0	0	0	0	0	0	0.4777773479047001	0.0028418837917156574	0	0.002894377290654807	0.002894343067169615	0.002894376829871109	0	0	0
0.0005754399373371578	0.0019852018594969925	0.00029850311798604686	0.001979228083532531	0.0002925070310780531	0	0	0.4865319029075481	0	0	0	0	0	0	0	0.4829224560353912	0.0029098032511599673	0	0.002958534534822043	0.0029584972187505893	0.002958535439086633	0	0	0
0.0006165950018614823	0.0020313206796676005	0.00030337140185526785	0.0020260757654100244	0.00029810318062103996	0	0	0.4920729656287101	0	0	0	0	0	0	0	0.48812297101572183	0.002979345948325902	0	0.0030241138990399086	0.0030240733700978525	0.0030241162290956134	0	0	0
0.0006606934480075965	0.0020774990861557336	0.00030917058556514173	0.0020718415598252066	0.0003034865738819884	0	0	0.49594608093634707	0	0	0	0	0	0	0	0.4920191235074471	0.003046637279046855	0	0.0030879099533189748	0.0030878685464481794	0.0030879124184374435	0	0	0
0.0007079457843841388	0.0021247272753035524	0.00031508062524724967	0.0021186411299629997	0.0003089671849013703	0	0	0.49984968160537113	0	0	0	0	0	0	0	0.49594637472867276	0.0031154484477687408	0	0.0031530518353933682	0.0031530095315893255	0.0031530544402361654	0	0	0
0.0007585775750291852	0.0021699781626985785	0.00032132698448910225	0.002162872311189507	0.0003141863932935545	0	0	0.5022428191738668	0	0	0	0	0	0	0	0.49840616156660916	0.0031793163390268723	0	0.0032147599051394775	0.003214719126771382	0.003214761549061909	0	0	0
0.0008128305161640995	0.0022161927703949528	0.00032769717553986975	0.0022080269132658376	0.0003194937668293927	0	0	0.5046474144018005	0	0	0	0	0	0	0	0.5008781484156692	0.0032444935466168783	0	0.003277675657496146	0.0032776364804772817	0.00327767630188867	0	0	0
0.0008709635899560814	0.002255952304111169	0.000330849695664455	0.002249188715707007	0.0003240650277105379	0	0	0.5049354011804019	0	0	0	0	0	0	0	0.5026030390593531	0.003303942327214027	0	0.003334149031129365	0.0033341087222599824	0.0033341502072479928	0	0	0
0.0009332543007969925	0.002296425142438089	0.0003340325437377615	0.0022911178520832933	0.000328701693392067	0	0	0.5052235523042121	0	0	0	0	0	0	0	0.5043338697659885	0.0033644803864501084	0	0.0033915954241405728	0.003391553956048037	0.0033915971501170547	0	0	0
0.001	0.002334382678953491	0.00033754057687176395	0.0023294555535712845	0.00033259410739101684	0	0	0.5044160845345792	0	0	0	0	0	0	0	0.5036925633442224	0.003419533523897013	0	0.003442971268930046	0.0034429315430120557	0.003442979493987218	0	0	0
0.001071519305237607	0.0023729676143558333	0.0003410854516150643	0.002368434766954459	0.0003365326145103969	0	0	0.5036099072910825	0	0	0	0	0	0	0	0.5030520724019453	0.0034754874982026915	0	0.003495125354369635	0.0034950874329240525	0.00349514027501979	0	0	0
0.001148153621496884	0.002409440098786855	0.0003462973790766844	0.002402848684703288	0.00033967069834011136	0	0	0.5021901261090918	0	0	0	0	0	0	0	0.5009226724409201	0.003524471104209623	0	0.0035400541068794263	0.003540017322237909	0.003540067180681855	0	0	0
0.0012302687708123836	0.0024464731648762704	0.0003515889469560845	0.002437762644822441	0.0003428380440294427	0	0	0.5007743475858568	0	0	0	0	0	0	0	0.4988022861475508	0.003574145086360532	0	0.0035855604045692702	0.003585524792225356	0.003585571581578315	0	0	0
0.0013182567385564075	0.0024769881046340513	0.0003547903567133929	0.00246745607241677	0.0003452110158372996	0	0	0.49731570973599454	0	0	0	0	0	0	0	0.4957671741059672	0.0036153478393587102	0	0.0036232127092610156	0.00362317319597293	0.0036232194560793626	0	0	0
0.0014125375446227555	0.0025078836582329333	0.0003580209170584066	0.002497511183969209	0.0003476004122960936	0	0	0.4938809592434506	0	0	0	0	0	0	0	0.4927505301134704	0.003657025577790782	0	0.003661260404320978	0.0036612169120909107	0.0036612626266781805	0	0	0
0.0015135612484362103	0.0025319899377512505	0.00035955851134454234	0.0025214675957460075	0.00034898698131283754	0	0	0.48890860741673486	0	0	0	0	0	0	0	0.48789809356544867	0.0036891989291654636	0	0.003689871154033218	0.003689827680339809	0.0036898736467217684	0	0	0
0.0016218100973589332	0.0025563279316516527	0.0003611027091448193	0.002545653800153527	0.0003503790813173772	0	0	0.4839863168086709	0	0	0	0	0	0	0	0.48309344213182787	0.0037216553314832253	0	0.0037187054811228357	0.0037186620289117065	0.0037187082482320255	0	0	0
0.0017378008287493763	0.002573019172217416	0.000361706153412462	0.002562017693849872	0.000350652227259033	0	0	0.4781482658617009	0	0	0	0	0	0	0	0.476443855118489	0.0037419149913603977	0	0.003735999304844365	0.003735953118911389	0.0037360026517937114	0	0	0
0.0018620871366628695	0.002589819396262242	0.0003623106061050615	0.002578486777425878	0.0003509255861377883	0	0	0.47238063599416114	0	0	0	0	0	0	0	0.469885796997061	0.003762284939209386	0	0.0037533735534181485	0.0037533246092784716	0.0037533774855409785	0	0	0
0.001995262314968883	0.0025974640541473553	0.00036128321149575174	0.002586225503624287	0.00034999332964688276	0	0	0.46509387230294585	0	0	0	0	0	0	0	0.46253809593212913	0.003768646319997325	0	0.0037580053429084504	0.003757955205022928	0.003758006793270256	0	0	0
0.0021379620895022326	0.002605131277619186	0.0003602587302421801	0.0025939874558030224	0.000349063549755573	0	0	0.4579195114518254	0	0	0	0	0	0	0	0.45530529238332684	0.0037750184567928932	0	0.003762642848183114	0.0037625915136803773	0.003762641810654404	0	0	0
0.0022908676527677745	0.00260294377204734	0.0003576484989290059	0.0025922048966243974	0.00034686255695254715	0	0	0.4489828343012161	0	0	0	0	0	0	0	0.4469264575193412	0.003767706292024027	0	0.003753506723953415	0.003753453159394077	0.003753502202391971	0	0	0
0.0024547089156850338	0.0026007581033044747	0.0003550571798778712	0.0025904235624005126	0.00034467544233680934	0	0	0.44022056377993124	0	0	0	0	0	0	0	0.4387018156218164	0.0037604082908292563	0	0.0037443927832711056	0.00374433699978896	0.0037443847946055328	0	0	0
0.002630267991895387	0.0025875488127788913	0.0003503183005034105	0.0025783953947364994	0.0003411311557533501	0	0	0.43063829848788204	0	0	0	0	0	0	0	0.42915709537037505	0.003736199578675281	0	0.003720511439875927	0.0037204559538525517	0.003720504475027607	0	0	0
0.002818382931264455	0.0025744066124436587	0.0003456426700336292	0.0025664230777138488	0.00033762331495581805	0	0	0.4212646100222742	0	0	0	0	0	0	0	0.4198200370921338	0.0037121467170829576	0	0.0036967824091774654	0.0036967272190876746	0.003696776455412008	0	0	0
0.003019951720402019	0.0025503414932074504	0.0003404280084278705	0.0025425127883844517	0.0003325644050408576	0	0	0.4107748038132384	0	0	0	0	0	0	0	0.4094507054859491	0.0036701300996785364	0	0.0036559454116488975	0.0036558933216614565	0.0036559432649649177	0	0	0
0.0032359365692962876	0.002526501330650989	0.00033529201967711486	0.002518825261210203	0.00032758129726512736	0	0	0.40054620168279165	0	0	0	0	0	0	0	0.39933749085479914	0.003628589055109096	0	0.003615559525433514	0.0036155104737934586	0.0036155611024504598	0	0	0
0.0034673685045253167	0.0024913165024790566	0.0003293039061356751	0.00248314382265379	0.0003210911139985834	0	0	0.3893711948357995	0	0	0	0	0	0	0	0.38809127620751266	0.0035690457413041876	0	0.003558162490231973	0.0035581134067894206	0.0035581637192440996	0	0	0
0.003715352290971728	0.002456621668956434	0.0003234227366957373	0.0024479678439548215	0.000314729517068271	0	0	0.37850796420215177	0	0	0	0	0	0	0	0.37716177949127233	0.003510479503206953	0	0.0035016766334045575	0.003501627531531208	0.003501677525063615	4.174709689985748e-11	4.174709689985748e-11	4.174709689985748e-11
0.003981071705534978	0.0024098985579490907	0.0003156219835448439	0.0024012331555736317	0.0003069160870120556	0	0	0.36670041769594647	0	0	0	0	0	0	0	0.36517286838502705	0.003444531424043746	0	0.003428797656337402	0.0034287472077194694	0.003428795942700872	3.8960657727580705e-11	3.8960657727580705e-11	3.8960657727580705e-11
0.004265795188015935	0.002364064085648221	0.00030800937965749	0.002355390689328235	0.0002992966320548778	0	0	0.35526120730861266	0	0	0	0	0	0	0	0.35356505100918917	0.0033798222494636114	0	0.003357435479893031	0.003357383761859786	0.003357431269022513	3.636020138614419e-11	3.636020138614419e-11	3.636020138614419e-11
0.004570881896148752	0.0023062550583100518	0.00029925581320590936	0.0022973340323823414	0.00029029183176466087	0	0	0.34276750441619014	0	0	0	0	0	0	0	0.3412523740685838	0.003288309698405771	0	0.0032692417689614787	0.003269191274299222	0.0032692383924515325	3.3933314321463834e-11	3.3933314321463834e-11	3.3933314321463834e-11
0.004897788193684466	0.002249859649012981	0.00029075102140433247	0.002240708380250641	0.0002815579547645257	0	0	0.33071317573280834	0.3306500465540474	0	0	0	0	0	0	0.32936847823349485	0.0031992749542806595	0	0.0031833647460778334	0.0031833154462014455	0.003183362162999923	3.166841153080224e-11	3.166841153080224e-11	3.166841153080224e-11
0.005248074602497733	0.0021818388470255055	0.0002808499734236869	0.002172558412386507	0.00027152500672296816	0	0	0.31813897655655504	0.31805692084152926	0	0	0	0	0	0	0.3169702448375571	0.003093600954827912	0	0.003081633667012046	0.0030815862483268455	0.0030816310905638733	2.9554681260530194e-11	2.9554681260530194e-11	2.9554681260530194e-11
0.005623413251903491	0.0021158745419866533	0.00027128608935270414	0.0021064811899812767	0.0002618495696119362	0	0	0.30604286684430304	0.3059434164593699	0	0	0	0	0	0	0.3050387112064686	0.002991417431911234	0	0.002983153617367456	0.002983108009986454	0.0029831510497632724	2.758203339507408e-11	2.758203339507408e-11	2.758203339507408e-11
0.0060255958607435805	0.002039126358223504	0.00026030872890804693	0.0020298992827776662	0.00025103823186384917	0	0	0.2935354552725987	0.29351185578731365	0	0	0	0	0	0	0.29247104294136755	0.0028749318229724743	0	0.002870382726468818	0.0028703394518373084	0.0028703801976553366	2.5741051290679102e-11	2.5741051290679102e-11	2.5741051290679102e-11
0.006456542290346563	0.0019651620274696215	0.00024977555800004996	0.0019561015392963997	0.00024067327645687668	0.0019637617738559265	0.0002483686416122919	0.2815391987094624	0.2815854332958123	0	0	0	0	0	0	0.28042116563137826	0.002762982156408418	0	0.0027618748657272712	0.00276183381265203	0.002761872376440911	2.4022946824062196e-11	2.4022946824062196e-11	2.4022946824062196e-11
0.006918309709189377	0.001881611044338677	0.0002378272924934755	0.0018732082595734139	0.0002293872008434961	0.0018810780076439079	0.00023729509537743192	0.26909276930063947	0.26907264114629026	0	0	0	0	0	0	0.2679392098231977	0.002638865720523407	0	0.0026412037117195058	0.002641162802294425	0.0026412015282833933	2.2419518441373453e-11	2.2419518441373453e-11	2.2419518441373453e-11
0.007413102413009177	0.0018016123213697804	0.00022645058430723584	0.0017938277299225471	0.00021863037178638568	0.0018018756235862953	0.0002267152645545483	0.25719657803179474	0.2571158790638943	0	0	0	0	0	0	0.2560128441055391	0.002520324742163906	0	0.0025258048919475397	0.0025257641919900113	0.0025258029923873947	2.0923112007209258e-11	2.0923112007209258e-11	2.0923112007209258e-11
0.00794328234724282	0.001714658606599893	0.00021473895006172706	0.00170715738450161	0.00020720299563729998	0.0017149280333171673	0.00021500982435863745	0.24492612385196236	0.24494619572063775	0	0	0	0	0	0	0.24386960813534275	0.002392683102523267	0	0.002400880685668197	0.002400841249572756	0.0024008793513945557	1.952658426678519e-11	1.952658426678519e-11	1.952658426678519e-11
0.008511380382023776	0.0016319016595933023	0.0002036330213705678	0.0016246745921272014	0.00019637290578739458	0.0016321760064679834	0.0002039087428081368	0.23324107421728976	0.2333525218919017	0	0	0	0	0	0	0.2323023517818842	0.002271505863242462	0	0.002282135126585346	0.0022820969288936963	0.0022821343063278206	1.822326874685213e-11	1.822326874685213e-11	1.822326874685213e-11
0.009120108393559097	0.00154407255424829	0.0001923517272207983	0.0015368608107278515	0.00018510591304117177	0.001543793746809687	0.00019207007571252945	0.22139994240678068	0.22140259482099436	0	0	0	0	0	0	0.2204322886333267	0.0021439044992073095	0	0.0021566022713689886	0.0021565659537512273	0.002156600725706654	1.7006943932579166e-11	1.7006943932579166e-11	1.7006943932579166e-11
0.009772372209558112	0.0014609704198579032	0.0001816954181389562	0.0014537933706826505	0.00017448536958506055	0.0014601973826622598	0.0001809187456907055	0.21015995858456785	0.21006462066939632	0	0	0	0	0	0	0.20916875571603852	0.002023471114954689	0	0.0020379745715727393	0.0020379400427717655	0.002037972382792079	1.587180356849279e-11	1.587180356849279e-11	1.587180356849279e-11
0.010471285480509006	0.0013738952764585871	0.00017026204534532183	0.001367250180808587	0.00016358675425312474	0.001373116627703998	0.0001694795038091581	0.19881605288234072	0.19867974445143075	0	0	0	0	0	0	0.19781106718094355	0.0018992530211953307	0	0.001914944913711589	0.0019149120907424708	0.0019149433585411012	1.481242894170092e-11	1.481242894170092e-11	1.481242894170092e-11
0.011220184543019653	0.001292009889467033	0.00015954812940303324	0.0012858588397904986	0.00015336888262156882	0.0012912290459250184	0.00015876354935879936	0.18808446266327075	0.1879118945850961	0	0	0	0	0	0	0.18707009163636484	0.0017826605044472612	0	0.001799342383217268	0.0017993111859583605	0.001799341393133486	1.3823763015092194e-11	1.3823763015092194e-11	1.3823763015092194e-11
0.012022644346174132	0.0012087277189922559	0.00014924937366747566	0.0012025665716807676	0.0001430593405909269	0.0012081306610323857	0.00014864939875580978	0.17725854673275948	0.17708657788440152	0	0	0	0	0	0	0.1763943572023317	0.0016640355616463745	0	0.001681535137549904	0.0016815055376697254	0.0016815347557861946	1.290108628703319e-11	1.290108628703319e-11	1.290108628703319e-11
0.01288249551693135	0.0011308138664967216	0.00013961539770776055	0.0011246696095814468	0.00013344281173913037	0.0011303801589135744	0.00013917957767828785	0.16705575752986246	0.16688489111372828	0	0	0	0	0	0	0.1663278666335739	0.001553304369236772	0	0.0015714410137770572	0.0015714129358385363	0.0015714411649213737	1.2039994262326805e-11	1.2039994262326805e-11	1.2039994262326805e-11
0.013803842646028866	0.001051617271740375	0.00012938640571483586	0.0010461182589586511	0.00012386268681987815	0.001051216683546665	0.00012898385926080275	0.1569130299955363	0.15676081119726473	0	0	0	0	0	0	0.1562440462025458	0.001442455311572428	0	0.0014608159829554972	0.0014607896457258936	0.0014608163919205199	1.1236376426887579e-11	1.1236376426887579e-11	1.1236376426887579e-11
0.014791083881682071	0.0009779672136925278	0.00011990684594005635	0.000973053243729024	0.00011497033812680396	0.0009775972331546754	0.00011953503687348788	0.147386114351544	0.14725090907407512	0	0	0	0	0	0	0.14677156911730405	0.0013395168178828164	0	0.0013579786433911883	0.0013579539409361507	0.0013579792731282197	1.0486396625766776e-11	1.0486396625766776e-11	1.0486396625766776e-11
0.01584893192461114	0.000904636036029103	0.0001104616187642023	0.0009003448004705041	0.00010615156210443575	0.000905117937554713	0.00011094649639553932	0.13794385778019594	0.13790463299688432	0	0	0	0	0	0	0.13743402305671526	0.0012374355392116784	0	0.0012557454147186589	0.0012557223555756188	0.0012557460791082155	9.786474750859891e-12	9.786474750859891e-12	9.786474750859891e-12
0.01698243652461746	0.0008368034697119633	0.00010176040512405669	0.0008330692744291531	0.00009800922847407766	0.0008380122744820395	0.00010297503882040049	0.1291065171437813	0.12915158162071816	0	0	0	0	0	0	0.12869052778510412	0.001143133623454105	0	0.001161208649533	0.0011611871262771506	0.0011612093397884772	9.13326965088115e-12	9.13326965088115e-12	9.13326965088115e-12
0.018197008586099864	0.0007705302041209564	0.00009369906274055788	0.0007668842373475675	0.00009003628132351483	0.0007714399642481924	0.0000946130352917475	0.12047050968548524	0.12062672659282263	0	0	0	0	0	0	0.12014391877904115	0.0010508413293144527	0	0.001068331214188487	0.0010683105114127182	0.0010683312869686499	8.523663182023462e-12	8.523663182023462e-12	8.523663182023462e-12
0.019498445997580455	0.0007095056568862554	0.00008627633063917019	0.0007059574174010389	0.00008271192499705485	0.0007101562072072113	0.00008693006139798671	0.11241216961741646	0.11266456814467238	0.10911041670053816	0	0	0	0	0	0.11216490807846129	0.0009660003666576634	0	0.0009828824334614248	0.0009828625576085706	0.0009828819831263125	7.954745323168374e-12	7.954745323168374e-12	7.954745323168374e-12
0.02089296130854041	0.0006498732607915104	0.00007895753544200833	0.0006465290104591832	0.00007559791275484531	0.0006507683356723647	0.0000798567367421596	0.1045958873013663	0.10485038463348086	0.10099606683115565	0	0	0	0	0	0.10438773818623506	0.0008836662951174307	0	0.0008996368182893605	0.0008996180380429056	0.0008996363238076663	7.42380028459163e-12	7.42380028459163e-12	7.42380028459163e-12
0.022387211385683423	0.0005952528369474269	0.00007225959144170635	0.0005921033635487322	0.00006909577322850014	0.0005963468634305832	0.00007335895431973412	0.09732308946259413	0.09757817687342499	0.09348516689619565	0	0	0	0	0	0.09714981334461098	0.0008083497150506711	0	0.0008234417233112228	0.0008234239956615368	0.0008234411953913719	6.928293543853062e-12	6.928293543853062e-12	6.928293543853062e-12
0.02398832919019495	0.0005426893593891594	0.00006605858860308711	0.0005394853142204093	0.00006284002099075671	0.0005433928522442387	0.0000667657455557012	0.09024060711799169	0.09047510682877616	0.08602984640532532	0	0	0	0	0	0.09008897202642657	0.000735783524761724	0	0.0007498793897087673	0.0007498630308314108	0.0007498789238136984	6.465859746984891e-12	6.465859746984891e-12	6.465859746984891e-12
0.025703957827688646	0.0004947674710876327	0.00006038972877050181	0.0004915432375103216	0.00005715064834805209	0.0004951410160380614	0.00006076510796732433	0.08367353747184153	0.08388909506166266	0.07916907802862437	0	0	0	0	0	0.08354131213807935	0.0006697316585023504	0	0.0006828887621200422	0.0006828736689364089	0.0006828883513809738	6.034291417223804e-12	6.034291417223804e-12	6.034291417223804e-12
0.02754228703338169	0.0004484225907980226	0.00005468305982974522	0.00044543569521283906	0.00005168232653809407	0.00044874322641943104	0.000055005264172716274	0.07734718600951887	0.07748951959692309	0.07245750075118844	0	0	0	0	0	0.07722058563810187	0.0006065600072976805	0	0.0006184736987468963	0.0006184594052460806	0.0006184730988603672	5.631528417386482e-12	5.631528417386482e-12	5.631528417386482e-12
0.0295120922666639	0.00040641883650106603	0.00004951565594386504	0.00040365311416898185	0.00004673722789850409	0.0004066931979673472	0.00004979138831345893	0.07149915450394836	0.07157814305838235	0.06631489902168936	0	0	0	0	0	0.07137808461082806	0.0005493469478144297	0	0.0005601347353471702	0.0005601212249596262	0.0005601339856514098	5.255648115586404e-12	5.255648115586404e-12	5.255648115586404e-12
0.03162277660168379	0.0003662607383047325	0.00004450410321282357	0.00036379187476744823	0.00004202396266504612	0.00036663698358108186	0.00004488236877991386	0.06589092423417958	0.06595736630146802	0.06037480124786969	0	0	0	0	0	0.06578626669086252	0.0004952939372836803	0	0.0005044933783306801	0.0005044810679547692	0.0005044931009900503	4.904856207346621e-12	4.904856207346621e-12	4.904856207346621e-12
0.03388441561392028	0.0003300706472623731	0.000039999777141658644	0.00032786698157718326	0.000037786011654527536	0.00033052600437203966	0.000040457338016254305	0.06072259072930194	0.060777969133365986	0.054966782419853547	0	0	0	0	0	0.06063251639095881	0.0004465594744559096	0	0.0004543791925736494	0.0004543679771162539	0.0004543793011426888	4.5774781502970485e-12	4.5774781502970485e-12	4.5774781502970485e-12
0.03630780547701017	0.0002960357385297115	0.00003597474908092658	0.0002938594661637784	0.00003378851279880063	0.0002963647129679861	0.000036305451918424454	0.05576458741549143	0.055827341950968654	0.049799920539760054	0	0	0	0	0	0.0557093159616031	0.00040116346466549164	0	0.00040698797960303084	0.00040697774900046223	0.0004069881905917271	4.271951170568974e-12	4.271951170568974e-12	4.271951170568974e-12
0.038904514499428125	0.000265510305789684	0.00003235474454900832	0.0002633793297472751	0.000030213921691254182	0.0002657341387085933	0.00003257964818326579	0.05121140538095306	0.05127996466073719	0.04511874220366677	0	0	0	0	0	0.05118586642352362	0.0003603822885596629	0	0.000364539614156097	0.00036453028497451735	0.00036453990501893966	3.986816802728232e-12	3.986816802728232e-12	3.986816802728232e-12
0.04168693834703355	0.00023666541641147358	0.000028893448978232223	0.00023463417233672383	0.000026852763172565165	0.00023691947542991065	0.000029148582159202585	0.046870516753736866	0.04696085112832327	0.040617629002543815	0	0	0	0	0	0.04687879006604669	0.00032226811389924557	0	0.00032454110152761896	0.00032453273536827337	0.0003245413419624577	3.720713927635838e-12	3.720713927635838e-12	3.720713927635838e-12
0.04466835921509635	0.0002109542194930205	0.000025802441202809396	0.00020902625456965552	0.000023865517934753665	0.00021122930651954142	0.000026078852574233397	0.04289757963915179	0.04300551986115255	0.03656555358615925	0	0	0	0	0	0.042934136151429964	0.00028818490956162185	0	0.0002889313602434946	0.0002889238580903527	0.00028893155781483027	3.4723722750014078e-12	3.4723722750014078e-12	3.4723722750014078e-12
0.0478630092322639	0.00018680254404257357	0.00002284219667613149	0.0001850339320472769	0.000021065262052103425	0.00018706402966498634	0.000023104939342538016	0.03914269730930297	0.039249556736807655	0.03275821272027478	0	0	0	0	0	0.03919795077419769	0.0002568870291313247	0	0.00025556373713789396	0.0002555569789143843	0.00025556393448435746	3.240606359613294e-12	3.240606359613294e-12	3.240606359613294e-12
0.05128613839913648	0.00016541593974579084	0.000020221573024426264	0.0001637954814784628	0.000018593573646168212	0.00016566333417974714	0.00002047015759235549	0.03571648483518064	0.035821627293650425	0.029347306286454395	0	0	0	0	0	0.03578689319559666	0.00022898820703798063	0	0.0002260496184451731	0.00022604353238085204	0.00022604981298367856	3.0243098222991923e-12	3.0243098222991923e-12	3.0243098222991923e-12
0.05495408738576248	0.00014554185276740675	0.000017798532116165368	0.00014404375814060986	0.000016293352057809464	0.00014571569645137596	0.000017973191627900345	0.032487492570671	0.03260950098681238	0.02622575680991937	0	0	0	0	0	0.03256451492326914	0.00020453105290146287	0	0.00019859696447021967	0.0001985913175495639	0.00019859689524678824	2.822450148603303e-12	2.822450148603303e-12	2.822450148603303e-12
0.05888436553555896	0.00012805556066436175	0.00001566583099680289	0.00012667385004755903	0.000014277692192562065	0.0001281699677085539	0.000015780807540722793	0.029550421280254348	0.02968540613445017	0.023436233415756128	0	0	0	0	0	0.029632290972894496	0.00018268605244829277	0	0.0001744783051087157	0.0001744730804313538	0.00017447803331963608	2.6340637399691373e-12	2.6340637399691373e-12	2.6340637399691373e-12
0.06309573444801943	0.0001118492775020124	0.000013673290037514421	0.00011058921690816563	0.000012407211821976385	0.00011198231758097257	0.000013806979424331508	0.026787808396262644	0.026917525138253705	0.02096103073677024	0	0	0	0	0	0.026875919128698883	0.00016303134682086007	0	0.0001521313038800238	0.00015212672759259066	0.000152131020036288	2.4582513138996032e-12	2.4582513138996032e-12	2.4582513138996032e-12
0.06760829753919818	0.00009769400729509974	0.000011934180860762959	0.00009654695812726692	0.000010781777833506283	0.00009783914028378861	0.000012080033314643876	0.024283466955321364	0.024407722646168296	0.018747244992552616	0	0	0	0	0	0.02437594277381682	0.00014549123860315842	0	0.00013264648350300905	0.00013264247522204884	0.00013264619515101405	2.2941736111366623e-12	2.2941736111366623e-12	2.2941736111366623e-12
0.07244359600749906	0.00008472582949865934	0.000010382751256387347	0.00008363578822218379	9.287502376918544e-6	0.00008480118483916511	0.000010458535760581347	0.021914542529821276	0.022064570268282846	0.016809827263039978	0	0	0	0	0	0.02203300205647629	0.00013003047499293482	0	0.00011473264672646108	0.00011472909016641221	0.00011473241976848877	2.1410473893682526e-12	2.1410473893682526e-12	2.1410473893682526e-12
0.07762471166286927	0.00007347908416278014	9.033005692618714e-6	0.00007245122173942886	8.00032255656452e-6	0.0000735006555583747	9.054691109399769e-6	0.019776713727695554	0.019946361575049268	0.015072630283836035	0	0	0	0	0	0.019915257601528867	0.00011621266400106921	0	0.00009923806404231055	0.00009923491029836222	0.00009923788715497177	1.9981416843380904e-12	1.9981416843380904e-12	1.9981416843380904e-12
0.08317637711026708	0.00006316083746524607	7.739757947134351e-6	0.00006225103896530362	6.825544243221353e-6	0.0000632295822845562	7.808861953721701e-6	0.01777118092416973	0.01795031696656651	0.013593680346562706	0	0	0	0	0	0.01792677472939786	0.0001048903556393497	0	0.00008510495068248897	0.00008510219196582319	0.00008510479331207618	1.8647743205102692e-12	1.8647743205102692e-12	1.8647743205102692e-12
0.08912509381337459	0.000054291523019987975	6.631663381899481e-6	0.000053486908284264325	5.823271985195762e-6	0.00005439380159955477	6.734445634371756e-6	0.015969026795250724	0.016154017763483193	0.012259847278460238	0	0	0	0	0	0.01613683632060605	0.0000946711513819871	0	0.00007298462238824845	0.00007298221014774587	0.00007298448256340486	1.7403086546319947e-12	1.7403086546319947e-12	1.7403086546319947e-12
0.09549925860214369	0.000046234633369114464	5.624422678245812e-6	0.000045529855899970524	4.9161966490833434e-6	0.000046325474180434394	5.7157217604026095e-6	0.014283354294815328	0.014478236421058444	0.011106364726108401	0	0	0	0	0	0.01446380929317708	0.00008540229787060625	0	0.00006199083082799136	0.00006198883952868975	0.00006199078046421976	1.6241505366495331e-12	1.6241505366495331e-12	1.6241505366495331e-12
0.10232929922807536	0.00003937339024343538	4.770165287627294e-6	0.000038756545195227756	4.1504139861408055e-6	0.00003945393583337388	4.851100894719413e-6	0.012775619486836552	0.012976296852781531	0.010061408974161174	0	0	0	0	0	0.012964237544025566	0.00007704091874990667	0	0.00005265305184840439	0.00005265140940969913	0.000052653067167046724	1.5157454734699201e-12	1.5157454734699201e-12	1.5157454734699201e-12
0.10964781961431873	0.00003320969986010949	4.018304027825431e-6	0.0000326605612111828	3.466421050733819e-6	0.000033297665357741034	4.1066757075444364e-6	0.011366715149370476	0.011572205986220689	0.009096655041175848	0	0	0	0	0	0.011552669608236225	0.00006964127377785936	0	0.00004426723920678909	0.00004426587928401653	0.000044267286754358914	1.4145759820293707e-12	1.4145759820293707e-12	1.4145759820293707e-12
0.11748975549395303	0.000028010901727784233	3.3849492179902545e-6	0.000027523409355919032	2.895150927376194e-6	0.000028102000341832736	3.476486210644194e-6	0.010113185777022676	0.0103200437618547	0.008224408047685915	0	0	0	0	0	0.0102947955576895	0.00006295235171255874	0	0.00003721699689189979	0.00003721587115626542	0.000037217066013945076	1.3201591190330392e-12	1.3201591190330392e-12	1.3201591190330392e-12
0.12589254117941662	0.00002339910041117344	2.8435007183297667e-6	0.000022948479586413555	2.3906711686573995e-6	0.000023430814328893486	2.8753125675802563e-6	0.008946794834819962	0.0091576838167825	0.007297697091845932	0	0	0	0	0	0.009137779487075576	0.000057064644998191916	0	0.00003095329460389996	0.00003095230878472007	0.000030953291474049696	1.2320441755739525e-12	1.2320441755739525e-12	1.2320441755739525e-12
0.1348962882591656	0.000019546600297736343	2.3886610446529563e-6	0.00001913399275932287	1.9740969572972558e-6	0.000019536084742616208	2.3780972684349938e-6	0.007914928053455167	0.0081262419834049	0.006475406197692342	0	0	0	0	0	0.008110798654185087	0.000051727594286521565	0	0.0000257437871631266	0.000025742926051144122	0.000025743734143859397	1.1498105256262713e-12	1.1498105256262713e-12	1.1498105256262713e-12
0.1445439770745928	0.00001611512509967321	1.975930185452985e-6	0.00001575143413280884	1.610452027682213e-6	0.000016107449204613397	1.968216535938283e-6	0.0069578735142465375	0.007168980013760033	0.005547899162954129	0	0	0	0	0	0.00715858408532479	0.00004663677614115864	0	0.000021143840730725036	0.000021143112334170615	0.000021143781708260504	1.0730656181423683e-12	1.0730656181423683e-12	1.0730656181423683e-12
0.15488166189124797	0.000013286057576375167	1.6345140749559595e-6	0.000012966853304537104	1.3137934911852544e-6	0.000013280548446497757	1.628981448219006e-6	0.006116543765564585	0.006324482404369226	0.00475324391746667	0	0	0	0	0	0.006318160305979646	0.00004204697548455812	0	0.000017365821043090477	0.00001736520542720079	0.00001736575985551838	1.0014431031687482e-12	1.0014431031687482e-12	1.0014431031687482e-12
0.1659586907437563	0.000010798445659750123	1.3338077542979502e-6	0.000010523063526163456	1.0570853532050514e-6	0.000010774032967486914	1.3092271885658572e-6	0.005347486963546399	0.005545295967853685	0.003921396430074546	0	0	0	0	0	0.005543259138023309	0.000037839029841744976	0	0.000014062608663259937	0.000014062098843587254	0.000014062540988130165	9.346010830357166e-13	9.346010830357166e-13	9.346010830357166e-13
0.1778279410038923	8.776601184833283e-6	1.0884232523193764e-6	8.539841037372333e-6	8.505365960920994e-7	8.740586795201814e-6	1.0522377852455644e-6	0.00467512665997566	0.00486210655750278	0.003235127468484132	0	0	0	0	0	0.00486339699899633	0.00003405220382356171	0	0.000011387711639161422	0.00001138728964168066	0.000011387642158370727	8.722204802726095e-13	8.722204802726095e-13	8.722204802726095e-13
0.1905460717963252	7.034988037676916e-6	8.927759281329741e-7	6.816785379457764e-6	6.737828928344873e-7	7.012753869481378e-6	8.702498885742728e-7	0.004061647572782214	0.00423892111872585	0.0025923659055151396	0	0	0	0	0	0.0042444712442682294	0.000030600004988644634	0	9.072895973412816e-6	9.072542338806633e-6	9.07285603382092e-6	8.140035144576279e-13	8.140035144576279e-13	8.140035144576279e-13
0.20417379446695316	5.638977509401102e-6	7.322967936923729e-7	5.441384998413027e-6	5.337611441557038e-7	5.626477716681857e-6	7.19737381780869e-7	0.0035286703880603914	0.0036956105421122047	0.0020773094888982373	0	0	0	0	0	0.0037043112349532544	0.000027497788693993074	0	7.228620108476274e-6	7.22832448102125e-6	7.228600571184364e-6	7.596722807314481e-13	7.596722807314481e-13	7.596722807314481e-13
0.21877616239495518	4.419164045131499e-6	5.794484630186682e-7	4.254496304928317e-6	4.1400944196401854e-7	4.42727508040434e-6	5.871876674425866e-7	0.0030440528181664536	0.0031999301232849366	0.0016257032612579186	0	0	0	0	0	0.0032131030301445268	0.000024241965821853196	0	5.640777379070863e-6	5.640561389546138e-6	5.640775543210641e-6	7.089674231888842e-13	7.089674231888842e-13	7.089674231888842e-13
0.23442288153199276	3.4632184337008977e-6	4.585033338760461e-7	3.3264947828406677e-6	3.2112457025413457e-7	3.4836652030905507e-6	4.790488385409931e-7	0.002625991249038264	0.0027707337332288	0.0012722760415764228	0	0	0	0	0	0.0027870312259153703	0.00002137164240542266	0	4.401721070239516e-6	4.40156399630016e-6	4.4017301019123175e-6	6.616468968159848e-13	6.616468968159848e-13	6.616468968159848e-13
0.25118864315095824	2.6686476363564524e-6	3.749161397120476e-7	2.5366799100840925e-6	2.4307527635737733e-7	2.668258239130465e-6	3.7518496755630924e-7	0.002247450792268592	0.0023822464645240748	0.0009689133346624241	0	0	0	0	0	0.002397486953705383	0.00001885477062129529	0	3.350589184782575e-6	3.3504705076066325e-6	3.350587746538475e-6	6.174848120625015e-13	6.174848120625015e-13	6.174848120625015e-13
0.2691534803926914	2.056376270618443e-6	3.0656726228861874e-7	1.934392021119987e-6	1.8399585534503226e-7	2.0437101775369892e-6	2.938401026269971e-7	0.0019234774927443519	0.00204822937320799	0.0007378847195168766	0	0	0	0	0	0.002062389412698335	0.00001663430299074527	0	2.5504678070323776e-6	2.550378145535965e-6	2.550460384287647e-6	5.762703565341522e-13	5.762703565341522e-13	5.762703565341522e-13
0.28840315031266117	1.5355628661880986e-6	2.409850006099884e-7	1.4297608695927703e-6	1.350460180766112e-7	1.5132473828455783e-6	2.189326524258785e-7	0.0016317278260683707	0.0017462405555683303	0.0005437975507606053	0	0.0007120262360533486	0.0007250453984765223	0	0	0.0017569939683068053	0.000014478678655062698	0	1.8819452928796567e-6	1.8818798957652716e-6	1.8819492439805797e-6	5.378067886573115e-13	5.378067886573115e-13	5.378067886573115e-13
0.30902954325135923	1.1466546029082078e-6	1.8943239433153568e-7	1.056774491364546e-6	9.911868375594439e-8	1.1204708313625795e-6	1.6312105076779168e-7	0.0013842302332152706	0.0014887766564618888	0.0004007614853535058	0	0.0005770439123744571	0.0005873503976932457	0	0	0.0014968210104548594	0.000012602399734644847	0	1.3886542992726346e-6	1.3886066065474892e-6	1.3886641716681126e-6	5.019104985122551e-13	5.019104985122551e-13	5.019104985122551e-13
0.3311311214825908	8.294639696674054e-7	1.4807659864602007e-7	7.511568260094072e-7	6.993072134252521e-8	8.047660657116234e-7	1.2359137904735055e-7	0.001159842086956715	0.0012525979299536642	0.00028363440777780333	0	0.0004556442355061236	0.0004634435109143812	0.0003805047416908857	0.0003925451836956427	0.0012589153361222852	0.00001078354078144944	0	9.85312070174717e-7	9.852776734121829e-7	9.853238950009515e-7	4.684101313517245e-13	4.684101313517245e-13	4.684101313517245e-13
0.354813389233576	6.000154494923116e-7	1.1574936348109033e-7	5.339233506024089e-7	4.933788063133484e-8	5.78014529600348e-7	9.364106534949864e-8	0.000971827976586961	0.0010538864693465549	0.0002007390435847424	0	0.0003597848706100429	0.0003656759042850224	0.00029846802268998675	0.0003076258683306112	0.0010588225395381473	9.227191188477174e-6	0	6.991227954577927e-7	6.990979944551377e-7	6.991346056646582e-7	4.3714576962087936e-13	4.3714576962087936e-13	4.3714576962087936e-13
0.38018939632056126	4.123846407474684e-7	8.369583632699225e-8	3.6203243919788265e-7	3.3234476610018634e-8	3.998202525844262e-7	7.085800906510398e-8	0.0007965213598977175	0.0008690890825978207	0.0001345441864242589	0	0.00027638312735756997	0.00028056487063743505	0.000226956778776362	0.00023363526993318406	0.0008734063558660871	7.839736712921257e-6	0	4.7331229187547424e-7	4.7329753270428484e-7	4.7332003136400194e-7	4.079681695738969e-13	4.079681695738969e-13	4.079681695738969e-13
0.40738027780411384	2.8342785517990873e-7	6.051863101276496e-8	2.4547996802103907e-7	2.238706692318596e-8	2.765609274341236e-7	5.36181154062141e-8	0.0006528380454753557	0.0007166956360669796	0.0000901774651174096	0	0.0002123147450820497	0.0002152634223731745	0.00017257922295429114	0.00017744099237482477	0.0007204594103181963	6.660908013337493e-6	0	3.204365915342738e-7	3.204279746769223e-7	3.204416578370202e-7	3.8073804884311444e-13	3.8073804884311444e-13	3.8073804884311444e-13
0.43651583224016655	1.81829599170513e-7	3.905684186185074e-8	1.5712838517125516e-7	1.423653944675661e-8	1.8009291871730002e-7	3.7216912219222285e-8	0.0005172722365379776	0.0005744445931905319	0.00005677873936728458	0	0.00015688919140743865	0.00015879880573180528	0.0001263291950911612	0.00012967006841044178	0.0005762207926313131	5.595461724448581e-6	0	2.0479477595213415e-7	2.0479062046587555e-7	2.04798195051455e-7	3.553254215598919e-13	3.553254215598919e-13	3.553254215598919e-13
0.4677351412871981	1.1665050745814308e-7	2.520607077017096e-8	1.0057573994962495e-7	9.053399273539746e-9	1.1727419224771597e-7	2.5832660186575184e-8	0.000409857496123979	0.0004604277939471038	0.000035749787820501143	0	0.00011593268461390994	0.00011714512583625142	0.00009247385206159812	0.00009476010259258596	0.00046085927549202995	4.700439016283824e-6	0.000011202910761945301	1.308867381732802e-7	1.308849462132144e-7	1.30889039145048e-7	3.3160897785327344e-13	3.3160897785327344e-13	3.3160897785327344e-13
0.5011872336272735	7.001595842957635e-8	1.553939426077868e-8	5.987434035351181e-8	5.355641104453042e-9	7.026260704908239e-8	1.5790228495030537e-8	0.00031041859342465677	0.00035387081482226413	0.000021126638573899888	0	0.00008116916288386328	0.00008186411640085781	0.00006423115812930283	0.00006569528487325422	0.00035440948957635713	3.894674750559721e-6	6.526513944640489e-6	7.78053952780863e-8	7.780437151331371e-8	7.780672546362805e-8	3.094755047644608e-13	3.094755047644608e-13	3.094755047644608e-13
0.5370317963702532	4.202497307241745e-8	9.579945093135595e-9	3.564414872377617e-8	3.1681902866627057e-9	4.2096507805450626e-8	9.651786309443035e-9	0.00023510538188276935	0.00027197435782376175	0.00001248496521638797	0	0.00005682981486376061	0.00005720881262666602	0.000044614143162149605	0.00004554522775406725	0.0002725475931186892	3.2270371682515378e-6	3.802171165575862e-6	4.6251282741609545e-8	4.6250698813907816e-8	4.625205110310099e-8	2.888193458127532e-13	2.888193458127532e-13	2.888193458127532e-13
0.5754399373371566	2.616507587419518e-8	7.908844351077526e-9	2.006710494264647e-8	1.781298454541408e-9	2.467895409163513e-8	6.415497626288753e-9	0.00017088113105732475	0.00020047219077810313	7.0942073296773185e-6	0	0.00003787961203147021	0.000038054262763138266	0.00002965147804600874	0.00003020372655854277	0.000201262996792246	2.626117812158776e-6	2.0979591402846946e-6	2.6030845093012844e-8	2.6030582377415556e-8	2.6031108283192265e-8	2.6954189663312577e-13	2.6954189663312577e-13	2.6954189663312577e-13
0.6165950018614835	1.5731923522393793e-8	5.8273255691550365e-9	1.0894470909038193e-8	9.664081801382774e-10	1.548291302817737e-8	5.5771030749117765e-9	0.00011962352883645129	0.0001428903619007795	3.89428763409718e-6	0	0.000024369548752520685	0.000024429681028304452	0.000018975415169641593	0.000019285887980166695	0.00014341217776659833	2.064367855744805e-6	1.1350531249330245e-6	1.4129983708441824e-8	1.4129837425153285e-8	1.4130054450317142e-8	2.515511342778419e-13	2.515511342778419e-13	2.515511342778419e-13
0.6606934480075964	8.203611031611275e-9	3.006941696905035e-9	5.715037347232799e-9	5.062951594447252e-10	8.953466807799088e-9	3.7604347653156054e-9	0.0000802014066843405	0.00009773153380331922	2.1044901185984308e-6	1.1757064458273877e-6	0.000015054908791814079	0.000015059019793369947	0.000011558105923238986	0.000011722469372676233	0.0000980511317203023	1.53876653179324e-6	6.16551916048405e-7	7.410069338797151e-9	7.410025489721656e-9	7.410091892231133e-9	2.347611779351577e-13	2.347611779351577e-13	2.347611779351577e-13
0.7079457843841374	4.151044676759785e-9	1.545479670407129e-9	2.8661214353836947e-9	2.543217024347032e-10	6.043283446913103e-9	3.446900017221693e-9	0.00005147125049464114	0.0000638203410218732	1.1175090088527902e-6	6.202835113977391e-7	8.883388911952387e-6	8.865783162987414e-6	6.7208782721770005e-6	6.8013038854293254e-6	0.00006431746975817133	1.1250741466357216e-6	3.257364827227107e-7	3.7175469618014608e-9	3.717546265273798e-9	3.717547548004365e-9	2.1909187896815395e-13	2.1909187896815395e-13	2.1909187896815395e-13
0.7585775750291851	1.9742024439697235e-9	7.87437260809762e-10	1.3062274464371306e-9	1.162210843914044e-10	2.957894078392857e-9	1.7759020088484948e-9	0.000031288723496221805	0.000039612501014943	5.87617411659638e-7	3.2216724409801896e-7	5.031354325921948e-6	5.007107397078037e-6	3.7782351081878037e-6	3.8117583673855393e-6	0.000039904955316496844	7.780569369620158e-7	1.7048639101972282e-7	1.695315424617047e-9	1.695315424617047e-9	1.695315424617047e-9	2.0446843831672296e-13	2.0446843831672296e-13	2.0446843831672296e-13
0.8128305161640995	7.794112894599838e-10	3.9197120295814295e-10	4.276833724201506e-10	3.853661560515052e-11	1.2973824872790157e-9	9.124557243536681e-10	0.000018092407648933095	0.00002335732389072521	3.111887141305284e-7	1.6916968356710702e-7	2.771809110971803e-6	2.743600240485441e-6	2.056325160296749e-6	2.0622893457378897e-6	0.000023563161143262804	4.950888745684073e-7	8.953369661697067e-8	5.566972594460782e-10	5.566972594460782e-10	5.566972594460782e-10	1.9082104943632626e-13	1.9082104943632626e-13	1.9082104943632626e-13
0.8709635899560796	1.8985953559053582e-10	1.9078078072738804e-10	1.7711291776156075e-103	1.7797231317540406e-103	4.694556844969287e-10	4.71733598876977e-10	0.000010210038306063957	0.000013305383129405003	1.6899790639228191e-7	9.085990650223421e-8	1.514739912988955e-6	1.4859955465944024e-6	1.1133588129875476e-6	1.1053385717101618e-6	0.000013415983360388057	2.779084134993953e-7	4.8124267999332976e-8	1.7673711793985504e-103	1.7673711793985504e-103	1.7673711793985504e-103	1.7808456506904698e-13	1.7808456506904698e-13	1.7808456506904698e-13
0.9332543007969925	1.0783443290816005e-10	1.0835767208386587e-10	1.6529139222660358e-103	1.660934266926637e-103	2.666365287146664e-10	2.679303146950353e-10	5.865985429172632e-6	7.669448326632358e-6	9.598566298919647e-8	5.160565921159641e-8	8.603261301175654e-7	8.440002055869908e-7	6.343664097476976e-7	6.297966595421973e-7	7.762977379214632e-6	1.5784351350540458e-7	2.733311831132067e-8	1.6494067542676028e-103	1.6494067542676028e-103	1.6494067542676028e-103	1.6619818625624923e-13	1.6619818625624923e-13	1.6619818625624923e-13