1.e-9	0	0	0	0	0	0	5.3020898072296586e-21	0	0	0	0	0	0	0	1.2018094542180646e-19	1.0807145321245608e-57	0	5.455512574865356e-94	5.455512574865356e-94	5.455512574865356e-94	0	0	0
1.0715193052376092e-9	0	0	0	0	0	0	8.340109837818012e-21	0	0	0	0	0	0	0	1.890428720886565e-19	1.6999481768405536e-57	0	5.091380573545146e-94	5.091380573545146e-94	5.091380573545146e-94	0	0	0
1.148153621496884e-9	0	0	0	0	0	0	1.3118870980272643e-20	0	0	0	0	0	0	0	2.973616771119323e-19	2.67399365701346e-57	0	4.7515528172552666e-94	4.7515528172552666e-94	4.7515528172552666e-94	0	0	0
1.2302687708123811e-9	0	0	0	0	0	0	2.06357924708193e-20	0	0	0	0	0	0	0	4.677455755822277e-19	4.2061529728734436e-57	0	4.4344071021675427e-94	4.4344071021675427e-94	4.4344071021675427e-94	0	0	0
1.31825673855641e-9	0	0	0	0	0	0	3.435233810656279e-20	0	0	0	0	0	0	0	7.786545722908903e-19	7.001969478826535e-57	0	4.1384294995825706e-94	4.1384294995825706e-94	4.1384294995825706e-94	0	0	0
1.4125375446227555e-9	0	0	0	0	0	0	5.718622800923483e-20	0	0	0	0	0	0	0	1.2962237904544039e-18	1.165615632588874e-56	0	3.862207129030579e-94	3.862207129030579e-94	3.862207129030579e-94	0	0	0
1.5135612484362133e-9	0	0	0	0	0	0	9.664068509441108e-20	0	0	0	0	0	0	0	2.1905266268822232e-18	1.9698080676338967e-56	0	3.604421413736578e-94	3.604421413736578e-94	3.604421413736578e-94	0	0	0
1.6218100973589331e-9	0	0	0	0	0	0	1.6331593008737864e-19	0	0	0	0	0	0	0	3.701835237415217e-18	3.32883646618368e-56	0	3.3638417862544375e-94	3.3638417862544375e-94	3.3638417862544375e-94	0	0	0
1.7378008287493762e-9	0	0	0	0	0	0	2.772018573788002e-19	0	0	0	0	0	0	0	6.2832548115347225e-18	5.650150912055519e-56	0	3.1393198142225903e-94	3.1393198142225903e-94	3.1393198142225903e-94	0	0	0
1.8620871366628732e-9	0	0	0	0	0	0	4.70504436971603e-19	0	0	0	0	0	0	0	1.0664788812761944e-17	9.590199354431177e-56	0	2.929783718200436e-94	2.929783718200436e-94	2.929783718200436e-94	0	0	0
1.9952623149688828e-9	0	0	0	0	0	0	7.996451458231215e-19	0	0	0	0	0	0	0	1.812532663930775e-17	1.6299009655693518e-55	0	2.7342332554155604e-94	2.7342332554155604e-94	2.7342332554155604e-94	0	0	0
2.1379620895022324e-9	0	0	0	0	0	0	1.3590357688318562e-18	0	0	0	0	0	0	0	3.080487307807512e-17	2.770095864937945e-55	0	2.551734944998733e-94	2.551734944998733e-94	2.551734944998733e-94	0	0	0
2.2908676527677795e-9	0	0	0	0	0	0	2.3106512789695746e-18	0	0	0	0	0	0	0	5.2374868277036225e-17	4.7097550336654234e-55	0	2.381417611914035e-94	2.381417611914035e-94	2.381417611914035e-94	0	0	0
2.4547089156850337e-9	0	0	0	0	0	0	3.928601038655908e-18	0	0	0	0	0	0	0	8.904847035351377e-17	8.007590191335122e-55	0	2.2224682283124762e-94	2.2224682283124762e-94	2.2224682283124762e-94	0	0	0
2.6302679918953816e-9	0	0	0	0	0	0	6.6802479582565275e-18	0	0	0	0	0	0	0	1.5141926003981653e-16	1.3616217961527427e-54	0	2.0741280324572904e-94	2.0741280324572904e-94	2.0741280324572904e-94	0	0	0
2.818382931264461e-9	0	0	0	0	0	0	1.1359186729497602e-17	0	0	0	0	0	0	0	2.574754200716145e-16	2.3153206788284583e-54	0	1.935688906694362e-94	1.935688906694362e-94	1.935688906694362e-94	0	0	0
3.019951720402019e-9	0	0	0	0	0	0	1.9316004241257992e-17	0	0	0	0	0	0	0	4.37830315193957e-16	3.937143135079141e-54	0	1.8064899971775415e-94	1.8064899971775415e-94	1.8064899971775415e-94	0	0	0
3.2359365692962944e-9	0	0	0	0	0	0	3.2846367326583044e-17	0	0	0	0	0	0	0	7.445191655558275e-16	6.695010418144429e-54	0	1.685914559212681e-94	1.685914559212681e-94	1.685914559212681e-94	0	0	0
3.4673685045253237e-9	0	0	0	0	0	0	5.58549973909466e-17	0	0	0	0	0	0	0	1.2660491687302979e-15	1.138481420851597e-53	0	1.5733870131615e-94	1.5733870131615e-94	1.5733870131615e-94	0	0	0
3.715352290971728e-9	0	0	0	0	0	0	9.498099751864003e-17	0	0	0	0	0	0	0	2.1529069657273103e-15	1.9359789823649622e-53	0	1.4683701968511038e-94	1.4683701968511038e-94	1.4683701968511038e-94	0	0	0
3.9810717055349855e-9	0	0	0	0	0	0	1.6151498206770607e-16	0	0	0	0	0	0	0	3.661013666387792e-15	3.292128097083524e-53	0	1.3703628013734135e-94	1.3703628013734135e-94	1.3703628013734135e-94	0	0	0
4.265795188015934e-9	0	0	0	0	0	0	2.7465587974280557e-16	0	0	0	0	0	0	0	6.2255458683744514e-15	5.598256750890439e-53	0	1.278896978033953e-94	1.278896978033953e-94	1.278896978033953e-94	0	0	0
4.570881896148752e-9	0	0	0	0	0	0	4.670521853765639e-16	0	0	0	0	0	0	0	1.058653761830659e-14	9.519832789492544e-53	0	1.1935361050264632e-94	1.1935361050264632e-94	1.1935361050264632e-94	0	0	0
4.8977881936844766e-9	0	0	0	0	0	0	7.9422200634948665e-16	0	0	0	0	0	0	0	1.800240189589661e-14	1.6188470870950893e-52	0	1.1138727031724329e-94	1.1138727031724329e-94	1.1138727031724329e-94	0	0	0
5.248074602497734e-9	0	0	0	0	0	0	1.3505745163963561e-15	0	0	0	0	0	0	0	3.061308430155074e-14	2.7528494605965346e-52	0	1.0395264907760449e-94	1.0395264907760449e-94	1.0395264907760449e-94	0	0	0
5.623413251903491e-9	0	0	0	0	0	0	2.296651955947751e-15	0	0	0	0	0	0	0	5.205754964661065e-14	4.681220489024326e-52	0	9.701425683091489e-95	9.701425683091489e-95	9.701425683091489e-95	0	0	0
6.025595860743593e-9	0	0	0	0	0	0	3.905456978646487e-15	0	0	0	0	0	0	0	8.85238705987094e-14	7.960416109239476e-52	0	9.053897242607497e-95	9.053897242607497e-95	9.053897242607497e-95	0	0	0
6.456542290346562e-9	0	0	0	0	0	0	6.641230149199188e-15	0	0	0	0	0	0	0	1.505348545787098e-13	1.3536688729105953e-51	0	8.449588540637476e-95	8.449588540637476e-95	8.449588540637476e-95	0	0	0
6.918309709189363e-9	0	0	0	0	0	0	1.1293413114803724e-14	0	0	0	0	0	0	0	2.559845484558692e-13	2.301914172372643e-51	0	7.885614845514907e-95	7.885614845514907e-95	7.885614845514907e-95	0	0	0
7.413102413009192e-9	0	0	0	0	0	0	1.9204451120702206e-14	0	0	0	0	0	0	0	4.353017726794779e-13	3.91440548202686e-51	0	7.359283969005368e-95	7.359283969005368e-95	7.359283969005368e-95	0	0	0
7.943282347242822e-9	0	0	0	0	0	0	3.2657172994398754e-14	0	0	0	0	0	0	0	7.402307520175748e-13	6.656447309705708e-51	0	6.86808341486062e-95	6.86808341486062e-95	6.86808341486062e-95	0	0	0
8.511380382023759e-9	0	0	0	0	0	0	5.55335292471054e-14	0	0	0	0	0	0	0	1.2587625427291412e-12	1.1319289989331384e-50	0	6.409668385151167e-95	6.409668385151167e-95	6.409668385151167e-95	0	0	0
9.120108393559115e-9	0	0	0	0	0	0	9.443477788394703e-14	0	0	0	0	0	0	0	2.140525962294298e-12	1.9248454950343394e-50	0	5.9818505871248166e-95	5.9818505871248166e-95	5.9818505871248166e-95	0	0	0
9.772372209558111e-9	0	0	0	0	0	0	1.6058635917606985e-13	0	0	0	0	0	0	0	3.639964838262512e-12	3.2732001594146433e-50	0	5.582587787159249e-95	5.582587787159249e-95	5.582587787159249e-95	0	0	0
1.0471285480509006e-8	0	0	0	0	0	0	2.730771369395795e-13	0	0	0	0	0	0	0	6.189760959108837e-12	5.566077546992114e-50	0	5.209974061943123e-95	5.209974061943123e-95	5.209974061943123e-95	0	0	0
1.1220184543019653e-8	0	0	0	0	0	0	4.643677277554935e-13	0	0	0	0	0	0	0	1.052568978913457e-11	9.465116018041266e-50	0	4.862230700349187e-95	4.862230700349187e-95	4.862230700349187e-95	0	0	0
1.202264434617413e-8	0	0	0	0	0	0	7.896574171109643e-13	0	0	0	0	0	0	0	1.7898937663850167e-11	1.6095431746707121e-49	0	4.5376977125680505e-95	4.5376977125680505e-95	4.5376977125680505e-95	0	0	0
1.288249551693135e-8	0	0	0	0	0	0	1.3428126011519355e-12	0	0	0	0	0	0	0	3.043714720009216e-11	2.737028501490278e-49	0	4.234825905970798e-95	4.234825905970798e-95	4.234825905970798e-95	0	0	0
1.3803842646028866e-8	0	0	0	0	0	0	2.2834531061934115e-12	0	0	0	0	0	0	0	5.175837511361872e-11	4.654317533292693e-49	0	3.9521694898737604e-95	3.9521694898737604e-95	3.9521694898737604e-95	0	0	0
1.4791083881682102e-8	0	0	0	0	0	0	3.883012479709868e-12	0	0	0	0	0	0	0	8.801512759362995e-11	7.914667928712391e-49	0	3.6883791739033345e-95	3.6883791739033345e-95	3.6883791739033345e-95	0	0	0
1.5848931924611173e-8	0	0	0	0	0	0	6.603063525580613e-12	0	0	0	0	0	0	0	1.496697426932421e-10	1.3458894451214739e-48	0	3.442195727015338e-95	3.442195727015338e-95	3.442195727015338e-95	0	0	0
1.698243652461746e-8	0	0	0	0	0	0	1.1228510892169525e-11	0	0	0	0	0	0	0	2.5451342843343496e-10	2.2886852800456365e-48	0	3.212443966422095e-95	3.212443966422095e-95	3.212443966422095e-95	0	0	0
1.8197008586099862e-8	0	0	0	0	0	0	1.9094085096696103e-11	0	0	0	0	0	0	0	4.3280013774123253e-10	3.8919097925285624e-48	0	2.9980271477327624e-95	2.9980271477327624e-95	2.9980271477327624e-95	0	0	0
1.9498445997580494e-8	0	0	0	0	0	0	3.24694956598492e-11	0	0	0	0	0	0	0	7.3597672382861e-10	6.618193407910238e-48	0	2.7979217295277355e-95	2.7979217295277355e-95	2.7979217295277355e-95	0	0	0
2.0892961308540408e-8	0	0	0	0	0	0	5.521438409161002e-11	0	0	0	0	0	0	0	1.2515285712370192e-9	1.1254239260290502e-47	0	2.611172487375118e-95	2.611172487375118e-95	2.611172487375118e-95	0	0	0
2.2387211385683424e-8	0	0	0	0	0	0	9.38920715786055e-11	0	0	0	0	0	0	0	2.128224594487713e-9	1.9137836192045224e-47	0	2.436887953965604e-95	2.436887953965604e-95	2.436887953965604e-95	0	0	0
2.3988329190194947e-8	0	0	0	0	0	0	1.5966348715762182e-10	0	0	0	0	0	0	0	3.6190463635265503e-9	3.254389440662468e-47	0	2.274236163598779e-95	2.274236163598779e-95	2.274236163598779e-95	0	0	0
2.5703957827688646e-8	0	0	0	0	0	0	2.715077929661994e-10	0	0	0	0	0	0	0	6.154189090417478e-9	5.53408991759334e-47	0	2.1224406807066127e-95	2.1224406807066127e-95	2.1224406807066127e-95	0	0	0
2.754228703338169e-8	0	0	0	0	0	0	4.616990581485739e-10	0	0	0	0	0	0	0	1.046519982234063e-8	9.410721050575748e-47	0	1.9807768934559382e-95	1.9807768934559382e-95	1.9807768934559382e-95	0	0	0
2.95120922666639e-8	0	0	0	0	0	0	7.851193439660015e-10	0	0	0	0	0	0	0	1.7796074464473187e-8	1.600293309478122e-46	0	1.848568554737057e-95	1.848568554737057e-95	1.848568554737057e-95	0	0	0
3.162277660168386e-8	0	0	0	0	0	0	1.3350956069554329e-9	0	0	0	0	0	0	0	3.0262228311112386e-8	2.7212991040721616e-46	0	1.7251845540264356e-95	1.7251845540264356e-95	1.7251845540264356e-95	0	0	0
3.3884415613920346e-8	0	0	0	0	0	0	2.270330356029213e-9	0	0	0	0	0	0	0	5.146092550815992e-8	4.6275696898584275e-46	0	1.610035904713709e-95	1.610035904713709e-95	1.610035904713709e-95	0	0	0
3.6307805477010175e-8	0	0	0	0	0	0	3.860697240448349e-9	0	0	0	0	0	0	0	8.750931448044943e-8	7.869183215638017e-46	0	1.5025729325116454e-95	1.5025729325116454e-95	1.5025729325116454e-95	0	0	0
3.890451449942813e-8	0	0	0	0	0	0	6.565116456653109e-9	0	0	0	0	0	0	0	1.4880960739084323e-7	1.3381547687330117e-45	0	1.402282651527639e-95	1.402282651527639e-95	1.402282651527639e-95	0	0	0
4.1686938347033635e-8	0	0	0	0	0	0	1.1163981893698092e-8	0	0	0	0	0	0	0	2.5305076817580607e-7	2.275532461265307e-45	0	1.3086863154711767e-95	1.3086863154711767e-95	1.3086863154711767e-95	0	0	0
4.4668359215096346e-8	0	0	0	0	0	0	1.8984353521484235e-8	0	0	0	0	0	0	0	4.303128836714118e-7	3.869543421479306e-45	0	1.2213371323076454e-95	1.2213371323076454e-95	1.2213371323076454e-95	0	0	0
4.78630092322639e-8	0	0	0	0	0	0	3.228289709356775e-8	0	0	0	0	0	0	0	7.317471477698491e-7	6.580159389327521e-45	0	1.139818131449173e-95	1.139818131449173e-95	1.139818131449173e-95	0	0	0
5.128613839913659e-8	0	0	0	0	0	0	5.489707319105928e-8	0	0	0	0	0	0	0	1.2443361762744074e-6	1.118956240382532e-44	0	1.0637401733013302e-95	1.0637401733013302e-95	1.0637401733013302e-95	0	0	0
5.495408738576248e-8	0	0	0	0	0	0	9.335248432659929e-8	0	0	0	0	0	0	0	2.115993925366419e-6	1.9027853184252e-44	0	9.927400916640046e-96	9.927400916640046e-96	9.927400916640046e-96	0	0	0
5.888436553555896e-8	0	0	0	0	0	0	1.5874591892391374e-7	0	0	0	0	0	0	0	3.5982481081545316e-6	3.235686827910917e-44	0	9.264789601190307e-96	9.264789601190307e-96	9.264789601190307e-96	0	0	0
6.309573444801943e-8	0	0	0	0	0	0	2.699474679948875e-7	0	0	0	0	0	0	0	6.118821652853125e-6	5.502286120738811e-44	0	8.64640474129009e-96	8.64640474129009e-96	8.64640474129009e-96	0	0	0
6.760829753919818e-8	0	0	0	0	0	0	4.5904572521184773e-7	0	0	0	0	0	0	0	0.000010405057487440909	9.356638687440842e-44	0	8.069294411240484e-96	8.069294411240484e-96	8.069294411240484e-96	0	0	0
7.244359600749906e-8	0	0	0	0	0	0	7.806073507578366e-7	0	0	0	0	0	0	0	0.000017693802411526325	1.5910966025074554e-43	0	7.5307037136873e-96	7.5307037136873e-96	7.5307037136873e-96	0	0	0
7.762471166286928e-8	0	0	0	0	0	0	1.3274229615708697e-6	0	0	0	0	0	0	0	0.00003008831466390374	2.7056601019646172e-43	0	7.028061628826541e-96	7.028061628826541e-96	7.028061628826541e-96	0	0	0
8.317637711026726e-8	0	0	0	0	0	0	2.2572830209644167e-6	0	0	0	0	0	0	0	0.00005116518531507903	4.600975563537073e-43	0	6.558968741368672e-96	6.558968741368672e-96	6.558968741368672e-96	0	0	0
8.912509381337478e-8	0	0	0	0	0	0	3.838510244469593e-6	0	0	0	0	0	0	0	0.00008700640822089098	7.823959898323076e-43	0	6.121185786675336e-96	6.121185786675336e-96	6.121185786675336e-96	0	0	0
9.549925860214369e-8	0	0	0	0	0	0	6.527387465397502e-6	0	0	0	0	0	0	0	0.00014795441519233928	1.3304645426872748e-42	0	5.712622961392179e-96	5.712622961392179e-96	5.712622961392179e-96	0	0	0
1.0232929922807557e-7	0	0	0	0	0	0	0.000011099823736257355	0	0	0	0	0	0	0	0.0002515965136652101	2.2624552302825173e-42	0	5.331329947550891e-96	5.331329947550891e-96	5.331329947550891e-96	0	0	0
1.0964781961431874e-7	0	0	0	0	0	0	0.000018875252561474414	0	0	0	0	0	0	0	0.0004278399235750893	3.847305587485907e-42	0	4.9754866025196625e-96	4.9754866025196625e-96	4.9754866025196625e-96	0	0	0
1.1748975549395303e-7	0	0	0	0	0	0	0.00003209737088848303	0	0	0	0	0	0	0	0.0007275418786140595	6.54234394801781e-42	0	4.643394270359291e-96	4.643394270359291e-96	4.643394270359291e-96	0	0	0
1.2589254117941688e-7	0	0	0	0	0	0	0.00005458158584090414	0	0	0	0	0	0	0	0.0012371851152043834	1.1125257238049318e-41	0	4.333467673108912e-96	4.333467673108912e-96	4.333467673108912e-96	0	0	0
1.3489628825916562e-7	0	0	0	0	0	0	0.00009281599802234687	0	0	0	0	0	0	0	0.002103833544536398	1.8918502236536617e-41	0	4.044227343293619e-96	4.044227343293619e-96	4.044227343293619e-96	0	0	0
1.445439770745928e-7	0	0	0	0	0	0	0.00015783362385246024	0	0	0	0	0	0	0	0.0035775693780354316	3.2170916969879535e-41	0	3.774292561529566e-96	3.774292561529566e-96	3.774292561529566e-96	0	0	0
1.5488166189124826e-7	0	0	0	0	0	0	0.00026839611003701505	0	0	0	0	0	0	0	0.006083657468004628	5.470665096754608e-41	0	3.5223747655135573e-96	3.5223747655135573e-96	3.5223747655135573e-96	0	0	0
1.659586907437563e-7	0	0	0	0	0	0	0.00045640764068331286	0	0	0	0	0	0	0	0.01034526078382611	9.302867129609263e-41	0	3.287271398934318e-96	3.287271398934318e-96	3.287271398934318e-96	0	0	0
1.7782794100389227e-7	0	0	0	0	0	0	0.0007761212874709104	0	0	0	0	0	0	0	0.017592118104649904	1.5819527479850058e-40	0	3.0678601709423977e-96	3.0678601709423977e-96	3.0678601709423977e-96	0	0	0
1.9054607179632522e-7	0	0	0	0	0	0	0.0013197944100227347	0	0	0	0	0	0	0	0.029915400479009372	2.6901109754562445e-40	0	2.8630936987757774e-96	2.8630936987757774e-96	2.8630936987757774e-96	0	0	0
2.0417379446695318e-7	0	0	0	0	0	0	0.0022443106674774134	0	0	0	0	0	0	0	0.050871144707865426	4.574534270690345e-40	0	2.6719945079672626e-96	2.6719945079672626e-96	2.6719945079672626e-96	0	0	0
2.1877616239495564e-7	0	0	0	0	0	0	0.0038164507546793658	0	0	0	0	0	0	0	0.05073170783885302	7.778996474363272e-40	0	2.493650366266386e-96	2.493650366266386e-96	2.493650366266386e-96	0	0	0
2.3442288153199275e-7	0	0	0	0	0	0	0.006489875298442527	0	0	0	0	0	0	0	0.05059265316372569	1.3228185115120842e-39	0	2.3272099290020954e-96	2.3272099290020954e-96	2.3272099290020954e-96	0	0	0
2.5118864315095823e-7	0	0	0	0	0	0	0.011036034288584011	0	0	0	0	0	0	0	0.0483321005306897	2.249453152686098e-39	0	2.1718786750986692e-96	2.1718786750986692e-96	2.1718786750986692e-96	0	0	0
2.6915348039269196e-7	0	0	0	0	0	0	0.01876677859249941	0	0	0	0	0	0	0	0.04617255264611361	3.825195551841282e-39	0	2.0269151143451024e-96	2.0269151143451024e-96	2.0269151143451024e-96	0	0	0
2.8840315031266115e-7	0	0	0	0	0	0	0.024697362532317434	0	0	0	0	0	0	0	0.02385164022188376	6.504745827826942e-39	0	1.891627247812991e-96	1.891627247812991e-96	1.891627247812991e-96	0	0	0
3.090295432513592e-7	0	0	0	0	0	0	0.03250210008320156	0	0	0	0	0	0	0	0.012321188859418585	1.1061321626880564e-38	0	1.765369264526252e-96	1.765369264526252e-96	1.765369264526252e-96	0	0	0
3.3113112148259143e-7	0	0	0	0	0	0	0.028145606094510552	0	0	0	0	0	0	0	0.006874832182625436	1.8809779716508652e-38	0	1.6475384586139448e-96	1.6475384586139448e-96	1.6475384586139448e-96	0	0	0
3.5481338923357606e-7	0	0	0	0	0	0	0.02437304483093329	0	0	0	0	0	0	0	0.0038359380802068244	3.198603430206388e-38	0	1.5375723522299084e-96	1.5375723522299084e-96	1.5375723522299084e-96	0	0	0
3.8018939632056126e-7	0	0	0	0	0	0	0.01784907599706468	0	0	0	0	0	0	0	0.0032491282630080654	5.439225795264898e-38	0	1.4349460105051103e-96	1.4349460105051103e-96	1.4349460105051103e-96	0	0	0
4.0738027780411303e-7	0	0	0	0	0	0	0.013071387516780391	0	0	0	0	0	0	0	0.0027520867774040703	9.24940459091721e-38	0	1.3391695357153775e-96	1.3391695357153775e-96	1.3391695357153775e-96	0	0	0
4.365158322401665e-7	0	0	0	0	0	0	0.010452413953673174	0	0	0	0	0	0	0	0.003985020513993292	1.5728614421735977e-37	0	1.249785728702685e-96	1.249785728702685e-96	1.249785728702685e-96	0	0	0
4.677351412871981e-7	0	0	0	0	0	0	0.008358176002255935	0	0	0	0	0	0	0	0.005770308053994762	2.674651208041718e-37	0	1.166367906386484e-96	1.166367906386484e-96	1.166367906386484e-96	0	0	0
5.011872336272736e-7	0	0	0	0	0	0	0.005724982159720931	0	0	0	0	0	0	0	0.009642173839663475	4.548244933001475e-37	0	1.0885178649467655e-96	1.0885178649467655e-96	1.0885178649467655e-96	0	0	0
5.370317963702533e-7	0	0	0	0	0	0	0.00392136044039726	0	0	0	0	0	0	0	0.016112054241180947	7.73429145018075e-37	0	1.0158639789559288e-96	1.0158639789559288e-96	1.0158639789559288e-96	0	0	0
5.754399373371578e-7	0	0	0	0	0	0	0.004861793487952096	0	0	0	0	0	0	0	0.018232961864937572	1.3152164212243082e-36	0	9.48059427385364e-97	9.48059427385364e-97	9.48059427385364e-97	0	0	0
6.165950018614835e-7	0	0	0	0	0	0	0.006027764159598501	0	0	0	0	0	0	0	0.020633054816721116	2.2365257965778887e-36	0	8.847805380185232e-97	8.847805380185232e-97	8.847805380185232e-97	0	0	0
6.606934480075964e-7	0	0	0	0	0	0	0.009831979409545354	0	0	0	0	0	0	0	0.020764646659555606	3.803212580103024e-36	0	8.257252423672635e-97	8.257252423672635e-97	8.257252423672635e-97	0	0	0
7.079457843841387e-7	0	0	0	0	0	0	0.01603709377975447	0	0	0	0	0	0	0	0.02089707775829551	6.467363779834741e-36	0	7.70611633715886e-97	7.70611633715886e-97	7.70611633715886e-97	0	0	0
7.585775750291852e-7	0	0	0	0	0	0	0.017043969220311962	0	0	0	0	0	0	0	0.021647091733131348	1.0997753446531234e-35	0	7.191766214095458e-97	7.191766214095458e-97	7.191766214095458e-97	0	0	0
8.128305161640995e-7	0	0	0	0	0	0	0.018114060488295527	0	0	0	0	0	0	0	0.02242402435032252	1.8701682012663065e-35	0	6.71174674963109e-97	6.71174674963109e-97	6.71174674963109e-97	0	0	0
8.709635899560814e-7	0	0	0	0	0	0	0.019350566695546516	0	0	0	0	0	0	0	0.01908787403163413	3.180221413429735e-35	0	6.263766519953436e-97	6.263766519953436e-97	6.263766519953436e-97	0	0	0
9.332543007969924e-7	0	0	0	0	0	0	0.020671479576914287	0	0	0	0	0	0	0	0.016248061871298066	5.407967171930515e-35	0	5.845687043934742e-97	5.845687043934742e-97	5.845687043934742e-97	0	0	0
1.e-6	0	0	0	0	0	0	0.017850190719618172	0	0	0	0	0	0	0	0.015841684823091576	9.19624929546572e-35	0	5.455512574865356e-97	5.455512574865356e-97	5.455512574865356e-97	0	0	0
1.0715193052376091e-6	0	0	0	0	0	0	0.015413957551572046	0	0	0	0	0	0	0	0.015445471590521469	1.5638223830815818e-34	0	5.091380573545147e-97	5.091380573545147e-97	5.091380573545147e-97	0	0	0
1.148153621496884e-6	0	0	0	0	0	0	0.01841507614782327	0	0	0	0	0	0	0	0.016673971365918968	2.6592802861844987e-34	0	4.751552817255266e-97	4.751552817255266e-97	4.751552817255266e-97	0	0	0
1.2302687708123837e-6	0	0	0	0	0	0	0.022000516635362146	0	0	0	0	0	0	0	0.018000183385925184	4.522106677200858e-34	0	4.434407102167534e-97	4.434407102167534e-97	4.434407102167534e-97	0	0	0
1.3182567385564101e-6	0	0	0	0	0	0	0.022297475239333946	0	0	0	0	0	0	0	0.020909107817330845	7.689843340780569e-34	0	4.13842949958257e-97	4.13842949958257e-97	4.13842949958257e-97	0	0	0
1.4125375446227554e-6	0	0	0	0	0	0	0.022598442131562355	0	0	0	0	0	0	0	0.02428812975642296	1.307658019300612e-33	0	3.8622071290305786e-97	3.8622071290305786e-97	3.8622071290305786e-97	0	0	0
1.5135612484362104e-6	0	0	0	0	0	0	0.01884931738268333	0	0	0	0	0	0	0	0.024758920114773538	2.2236727325418827e-33	0	3.604421413736585e-97	3.604421413736585e-97	3.604421413736585e-97	0	0	0
1.6218100973589331e-6	0	0	0	0	0	0	0.015722179596481995	0	0	0	0	0	0	0	0.025238836065079526	3.781355942048852e-33	0	3.363841786254437e-97	3.363841786254437e-97	3.363841786254437e-97	0	0	0
1.7378008287493763e-6	0	0	0	0	0	0	0.014320911423536592	0	0	0	0	0	0	0	0.02797493322663236	6.430196562298498e-33	0	3.1393198142225903e-97	3.1393198142225903e-97	3.1393198142225903e-97	0	0	0
1.8620871366628694e-6	0	0	0	0	0	0	0.013044533853733109	0	0	0	0	0	0	0	0.031007645797000424	1.0934550585416398e-32	0	2.929783718200442e-97	2.929783718200442e-97	2.929783718200442e-97	0	0	0
1.995262314968883e-6	0	0	0	0	0	0	0.014203250043724894	0	0	0	0	0	0	0	0.02888437983206188	1.8594205534253123e-32	0	2.73423325541556e-97	2.73423325541556e-97	2.73423325541556e-97	0	0	0
2.1379620895022326e-6	0	0	0	0	0	0	0.015464892350050543	0	0	0	0	0	0	0	0.026906505696847664	3.161945036050916e-32	0	2.551734944998733e-97	2.551734944998733e-97	2.551734944998733e-97	0	0	0
2.2908676527677747e-6	0	0	0	0	0	0	0.018202237494270513	0	0	0	0	0	0	0	0.025662047482646267	5.37688818841421e-32	0	2.381417611914039e-97	2.381417611914039e-97	2.381417611914039e-97	0	0	0
2.4547089156850335e-6	0	0	0	0	0	0	0.021424103207336273	0	0	0	0	0	0	0	0.02447514695595533	9.143399477562021e-32	0	2.2224682283124763e-97	2.2224682283124763e-97	2.2224682283124763e-97	0	0	0
2.6302679918953817e-6	0	0	0	0	0	0	0.028058868932768332	0	0	0	0	0	0	0	0.027635612383548735	1.5548352704529272e-31	0	2.0741280324572902e-97	2.0741280324572902e-97	2.0741280324572902e-97	0	0	0
2.8183829312644606e-6	0	0	0	0	0	0	0.03674833518896953	0	0	0	0	0	0	0	0.03120418738192389	2.643997699298925e-31	0	1.9356889066943623e-97	1.9356889066943623e-97	1.9356889066943623e-97	0	0	0
3.0199517204020193e-6	0	0	0	0	0	0	0.03561309931193682	0	0	0	0	0	0	0	0.031057347228774818	4.496118635038033e-31	0	1.8064899971775417e-97	1.8064899971775417e-97	1.8064899971775417e-97	0	0	0
3.2359365692962877e-6	0	0	0	0	0	0	0.034512933336434945	0	0	0	0	0	0	0	0.03091119807360985	7.645650669702198e-31	0	1.6859145592126842e-97	1.6859145592126842e-97	1.6859145592126842e-97	0	0	0
3.4673685045253236e-6	0	0	0	0	0	0	0.03365993515089376	0	0	0	0	0	0	0	0.03258259065777458	1.3001430546688867e-30	0	1.5733870131615e-97	1.5733870131615e-97	1.5733870131615e-97	0	0	0
3.7153522909717276e-6	0	0	0	0	0	0	0.032828019088319095	0	0	0	0	0	0	0	0.03434435674230438	2.210893533629725e-30	0	1.468370196851104e-97	1.468370196851104e-97	1.468370196851104e-97	0	0	0
3.981071705534978e-6	0	0	0	0	0	0	0.03390412206276078	0	0	0	0	0	0	0	0.035800662374700545	3.759624911653205e-30	0	1.3703628013734164e-97	1.3703628013734164e-97	1.3703628013734164e-97	0	0	0
4.265795188015934e-6	0	0	0	0	0	0	0.03501549970938058	0	0	0	0	0	0	0	0.03731871981426708	6.393242940611873e-30	0	1.278896978033953e-97	1.278896978033953e-97	1.278896978033953e-97	0	0	0
4.570881896148752e-6	0	0	0	0	0	0	0.03761942450450014	0	0	0	0	0	0	0	0.0395949456658871	1.087171094408736e-29	0	1.1935361050264632e-97	1.1935361050264632e-97	1.1935361050264632e-97	0	0	0
4.897788193684467e-6	0	0	0	0	0	0	0.040416989955755406	0	0	0	0	0	0	0	0.042010008116226814	1.8487346711164015e-29	0	1.1138727031724351e-97	1.1138727031724351e-97	1.1138727031724351e-97	0	0	0
5.248074602497734e-6	0	0	0	0	0	0	0.039051854262147	0	0	0	0	0	0	0	0.04217518803700859	3.1437736909723364e-29	0	1.0395264907760449e-97	1.0395264907760449e-97	1.0395264907760449e-97	0	0	0
5.623413251903491e-6	0	0	0	0	0	0	0.03773282777815596	0	0	0	0	0	0	0	0.042341017431748125	5.345987812346083e-29	0	9.701425683091489e-98	9.701425683091489e-98	9.701425683091489e-98	0	0	0
6.0255958607435935e-6	0	0	0	0	0	0	0.041160356783066475	0	0	0	0	0	0	0	0.04499122448772756	9.090853381661073e-29	0	9.053897242607496e-98	9.053897242607496e-98	9.053897242607496e-98	0	0	0
6.4565422903465625e-6	4.4658936139613364e-21	4.451865605666092e-21	0	0	0	0	0.04489923152513129	0	0	0	0	0	0	0	0.0478073131843853	1.5458998057571356e-28	0	8.449588540637476e-98	8.449588540637476e-98	8.449588540637476e-98	0	0	0
6.9183097091893625e-6	7.594253015103881e-21	7.570398384093573e-21	0	0	0	0	0.046838544043019695	0	0	0	0	0	0	0	0.04802211431501476	2.628802939733682e-28	0	7.885614845514908e-98	7.885614845514908e-98	7.885614845514908e-98	0	0	0
7.413102413009192e-6	1.291402882440388e-20	1.287346401943218e-20	0	0	0	0	0.048861620423101604	0	0	0	0	0	0	0	0.04823788056003061	4.470279943251732e-28	0	7.359283969005368e-98	7.359283969005368e-98	7.359283969005368e-98	0	0	0
7.943282347242822e-6	2.1960308689457436e-20	2.189132823020521e-20	0	0	0	0	0.053405886441886964	0	0	0	0	0	0	0	0.04877089898841779	7.6017119689704145e-28	0	6.86808341486062e-98	6.86808341486062e-98	6.86808341486062e-98	0	0	0
8.511380382023777e-6	3.7343509472809915e-20	3.7226208187570655e-20	0	0	0	0	0.05837278178550188	0	0	0	0	0	0	0	0.049309807158263476	1.292671277699763e-27	0	6.409668385151154e-98	6.409668385151154e-98	6.409668385151154e-98	0	0	0
9.120108393559115e-6	6.350264558964727e-20	6.33031747298133e-20	0	0	0	0	0.05891631658513314	0	0	0	0	0	0	0	0.05241428782651875	2.1981877753469525e-27	0	5.981850587124816e-98	5.981850587124816e-98	5.981850587124816e-98	0	0	0
9.772372209558111e-6	1.0798626197198685e-19	1.0764706173354239e-19	0	0	0	0	0.05946491247778351	0	0	0	0	0	0	0	0.05571422251852672	3.7380187670627035e-27	0	5.58258778715925e-98	5.58258778715925e-98	5.58258778715925e-98	0	0	0
0.000010471285480509006	1.8363066083949273e-19	1.8305385076379412e-19	0	0	0	0	0.05941085028785814	0	0	0	0	0	0	0	0.059007722948334874	6.356501687262971e-27	0	5.2099740619431236e-98	5.2099740619431236e-98	5.2099740619431236e-98	0	0	0
0.000011220184543019652	3.1226397677414674e-19	3.1128311112100834e-19	0	0	0	0	0.0593568372482677	0	0	0	0	0	0	0	0.062495915946589355	1.0809232435161172e-26	0	4.8622307003491874e-98	4.8622307003491874e-98	4.8622307003491874e-98	0	0	0
0.000012022644346174132	5.310049571516687e-19	5.2933699490544045e-19	0	0	0	0	0.062037290327537936	0	0	0	0	0	0	0	0.06536937957749925	1.8381101993799995e-26	0	4.53769771256805e-98	4.53769771256805e-98	4.53769771256805e-98	0	0	0
0.000012882495516931348	9.029740395690276e-19	9.001376694239953e-19	0	0	0	0	0.06483878807568255	0	0	0	0	0	0	0	0.06837496053340672	3.125706774585002e-26	0	4.2348259059707995e-98	4.2348259059707995e-98	4.2348259059707995e-98	0	0	0
0.000013803842646028866	1.5355075412276166e-18	1.530684293208795e-18	0	0	0	0	0.06770845959715666	0	0	0	0	0	0	0	0.07247954560989979	5.315265017289148e-26	0	3.95216948987376e-98	3.95216948987376e-98	3.95216948987376e-98	0	0	0
0.000014791083881682102	2.6111308917498093e-18	2.6029289574952584e-18	0	0	0	0	0.07070513865355753	0	0	0	0	0	0	0	0.07683053110137941	9.038609262306086e-26	0	3.688379173903334e-98	3.688379173903334e-98	3.688379173903334e-98	0	0	0
0.00001584893192461114	4.440228621996393e-18	4.426281231098504e-18	0	0	0	0	0.07233309746499494	0	0	0	0	0	0	0	0.07938500501591543	1.537015692179198e-25	0	3.442195727015345e-98	3.442195727015345e-98	3.442195727015345e-98	0	0	0
0.00001698243652461746	7.550609690954431e-18	7.526892149845077e-18	0	0	0	0	0.07399853940626176	0	0	0	0	0	0	0	0.08202441049198729	2.6136955027553094e-25	0	3.2124439664220945e-98	3.2124439664220945e-98	3.2124439664220945e-98	0	0	0
0.000018197008586099864	1.2839813342651767e-17	1.2799481659085022e-17	0	0	0	0	0.07634865790638484	0	0	0	0	0	0	0	0.08396563323769192	4.444589743542182e-25	0	2.998027147732762e-98	2.998027147732762e-98	2.998027147732762e-98	0	0	0
0.000019498445997580493	2.1834105247374354e-17	2.1765521211119335e-17	0	0	0	0	0.07877341378460995	0	0	0	0	0	0	0	0.0859527977430005	7.5580257790459175e-25	0	2.7979217295277352e-98	2.7979217295277352e-98	2.7979217295277352e-98	0	0	0
0.00002089296130854041	3.712890049341891e-17	3.701227332556877e-17	0	0	0	0	0.083687102595659	0	0	0	0	0	0	0	0.08450293980004786	1.2852424401986384e-24	0	2.6111724873751178e-98	2.6111724873751178e-98	2.6111724873751178e-98	0	0	0
0.000022387211385683423	6.313770297576341e-17	6.293937845268973e-17	0	0	0	0	0.0889072950425402	0	0	0	0	0	0	0	0.08307753816462654	2.1855550356383702e-24	0	2.436887953965604e-98	2.436887953965604e-98	2.436887953965604e-98	0	0	0
0.000023988329190194948	1.0736567698152486e-16	1.0702842608897945e-16	0	0	0	0	0.09174742175018058	0	0	0	0	0	0	0	0.085633449984885	3.716536790572988e-24	0	2.2742361635987787e-98	2.2742361635987787e-98	2.2742361635987787e-98	0	0	0
0.000025703957827688645	1.8257535593473132e-16	1.8200186072213615e-16	0	0	0	0	0.09467827576778609	0	0	0	0	0	0	0	0.08826799539705421	6.319971581794654e-24	0	2.1224406807066125e-98	2.1224406807066125e-98	2.1224406807066125e-98	0	0	0
0.00002754228703338169	3.104694305651254e-16	3.0949420183737805e-16	0	0	0	0	0.09482984084384931	0	0	0	0	0	0	0	0.09369095310775855	1.0747112983249563e-23	0	1.9807768934559385e-98	1.9807768934559385e-98	1.9807768934559385e-98	0	0	0
0.0000295120922666639	5.279533309517064e-16	5.262949542982728e-16	0	0	0	0	0.09498164855183747	0	0	0	0	0	0	0	0.09944708333699381	1.8275467852963837e-23	0	1.8485685547370568e-98	1.8485685547370568e-98	1.8485685547370568e-98	0	0	0
0.000031622776601683856	8.97784748584251e-16	8.949646787417576e-16	0	0	0	0	0.09969210155058843	0	0	0	0	0	0	0	0.10165992357816336	3.1077436867490233e-23	0	1.7251845540264353e-98	1.7251845540264353e-98	1.7251845540264353e-98	0	0	0
0.000033884415613920276	1.5266831508336055e-15	1.5218876214826136e-15	0	0	0	0	0.10463616143858231	0	0	0	0	0	0	0	0.10392200268857438	5.284718782704964e-23	0	1.6100359047137118e-98	1.6100359047137118e-98	1.6100359047137118e-98	0	0	0
0.000036307805477010174	2.596125014057988e-15	2.58797021540382e-15	0	0	0	0	0.10836550609113316	0	0	0	0	0	0	0	0.10832389355423933	8.986665384072067e-23	0	1.5025729325116454e-98	1.5025729325116454e-98	1.5025729325116454e-98	0	0	0
0.00003890451449942813	4.414711123874813e-15	4.4008438870751326e-15	0	0	0	0	0.11222776857387025	0	0	0	0	0	0	0	0.11291223813222559	1.5281826346101186e-22	0	1.4022826515276392e-98	1.4022826515276392e-98	1.4022826515276392e-98	0	0	0
0.00004168693834703355	7.507217180115751e-15	7.483635941067054e-15	0	0	0	0	0.11549977134469129	0	0	0	0	0	0	0	0.11622772651880779	2.598674886530345e-22	0	1.3086863154711794e-98	1.3086863154711794e-98	1.3086863154711794e-98	0	0	0
0.00004466835921509635	1.2766024368987101e-14	1.2725924467102777e-14	0	0	0	0	0.11886716941979616	0	0	0	0	0	0	0	0.11964056895153533	4.4190471825419515e-22	0	1.2213371323076455e-98	1.2213371323076455e-98	1.2213371323076455e-98	0	0	0
0.0000478630092322639	2.1708627082381146e-14	2.1640437190924982e-14	0	0	0	0	0.12250246353770565	0	0	0	0	0	0	0	0.12304519834309782	7.514590648777012e-22	0	1.1398181314491733e-98	1.1398181314491733e-98	1.1398181314491733e-98	0	0	0
0.00005128613839913659	3.6915524847871355e-14	3.679956792333282e-14	0	0	0	0	0.12624893522792646	0	0	0	0	0	0	0	0.1265467137775417	1.2778562953972026e-21	0	1.06374017330133e-98	1.06374017330133e-98	1.06374017330133e-98	0	0	0
0.00005495408738576248	6.277485764633326e-14	6.25776728721492e-14	0	0	0	0	0.132192050164718	0	0	0	0	0	0	0	0.1317422940041345	2.1729948948743092e-21	0	9.927400916640045e-99	9.927400916640045e-99	9.927400916640045e-99	0	0	0
0.00005888436553555896	1.0674865842371385e-13	1.0641334567439119e-13	0	0	0	0	0.1384149347097697	0	0	0	0	0	0	0	0.13715118718912211	3.695178268603528e-21	0	9.264789601190307e-99	9.264789601190307e-99	9.264789601190307e-99	0	0	0
0.00006309573444801943	1.8152611574943052e-13	1.8095591634978913e-13	0	0	0	0	0.14367725882887075	0	0	0	0	0	0	0	0.140344473219804	6.283651410763723e-21	0	8.64640474129009e-99	8.64640474129009e-99	8.64640474129009e-99	0	0	0
0.00006760829753919819	3.0868519741280434e-13	3.0771557321566847e-13	0	0	0	0	0.14913964846252514	0	0	0	0	0	0	0	0.14361210841131225	1.068535052489239e-20	0	8.069294411240483e-99	8.069294411240483e-99	8.069294411240483e-99	0	0	0
0.00007244359600749906	5.249192421067905e-13	5.232703959588199e-13	0	0	0	0	0.15365391400831568	0	0	0	0	0	0	0	0.14756125669372142	1.8170440779740638e-20	0	7.5307037136873e-99	7.5307037136873e-99	7.5307037136873e-99	0	0	0
0.00007762471166286927	8.926252798753314e-13	8.898214166593509e-13	0	0	0	0	0.15830482057229406	0	0	0	0	0	0	0	0.1516190014749155	3.089883830773068e-20	0	7.0280616288265415e-99	7.0280616288265415e-99	7.0280616288265415e-99	0	0	0
0.00008317637711026725	1.5179094732259581e-12	1.5131415032467065e-12	0	0	0	0	0.1629622807370124	0	0	0	0	0	0	0	0.15652982581441383	5.254348093920447e-20	0	6.558968741368672e-99	6.558968741368672e-99	6.558968741368672e-99	0	0	0
0.00008912509381337459	2.581205373469764e-12	2.573097439532946e-12	0	0	0	0	0.1677567672734337	0	0	0	0	0	0	0	0.16159970802567566	8.9350200215063e-20	0	6.1211857866753495e-99	6.1211857866753495e-99	6.1211857866753495e-99	0	0	0
0.00009549925860214369	4.389340271965745e-12	4.37555272862762e-12	0	0	0	0	0.17371639737172756	0	0	0	0	0	0	0	0.16694686395595	1.519400339636609e-19	0	5.7126229613921786e-99	5.7126229613921786e-99	5.7126229613921786e-99	0	0	0
0.00010232929922807557	7.464074041191902e-12	7.44062832089102e-12	0	0	0	0	0.1798877458494694	0	0	0	0	0	0	0	0.17247095137262414	2.5837405921097104e-19	0	5.3313299475508915e-99	5.3313299475508915e-99	5.3313299475508915e-99	0	0	0
0.00010964781961431851	1.2692659452315405e-11	1.2652790000089797e-11	0	0	0	0	0.18534909358617768	0	0	0	0	0	0	0	0.17808236257614754	4.393651411787896e-19	0	4.9754866025196734e-99	4.9754866025196734e-99	4.9754866025196734e-99	0	0	0
0.00011748975549395303	2.1583870026391753e-11	2.1516072014628034e-11	0	0	0	0	0.1909762464974425	0	0	0	0	0	0	0	0.18387634328163246	7.471405135351934e-19	0	4.6433942703592915e-99	4.6433942703592915e-99	4.6433942703592915e-99	0	0	0
0.00012589254117941688	3.670337544833432e-11	3.6588084915294055e-11	0	0	0	0	0.19654440013552102	0	0	0	0	0	0	0	0.19081885631084428	1.2705125979452407e-18	0	4.333467673108912e-99	4.333467673108912e-99	4.333467673108912e-99	0	0	0
0.0001348962882591656	6.241409754850014e-11	6.221804597319711e-11	0	0	0	0	0.20227490032457515	0	0	0	0	0	0	0	0.19802349379989936	2.160506935836914e-18	0	4.044227343293619e-99	4.044227343293619e-99	4.044227343293619e-99	0	0	0
0.0001445439770745928	1.0613518580265941e-10	1.0580180005826856e-10	0	0	0	0	0.20794562350681492	0	0	0	0	0	0	0	0.20499013522040413	3.673942491675033e-18	0	3.774292561529565e-99	3.774292561529565e-99	3.774292561529565e-99	0	0	0
0.00015488166189124827	1.8048290543032326e-10	1.7991598290296662e-10	0	0	0	0	0.2137753239094504	0	0	0	0	0	0	0	0.21220186923952153	6.2475399677004814e-18	0	3.522374765513557e-99	3.522374765513557e-99	3.522374765513557e-99	0	0	0
0.00016595869074375631	3.0691121804919227e-10	3.0594716617405363e-10	0	0	0	0	0.22111964225356318	0	0	0	0	0	0	0	0.21928126543443519	1.0623943008487347e-17	0	3.287271398934317e-99	3.287271398934317e-99	3.287271398934317e-99	0	0	0
0.00017782794100389227	5.219025898317025e-10	5.202632194184443e-10	0	0	0	0	0.22871627695932628	0	0	0	0	0	0	0	0.2265968416906459	1.8066017285380714e-17	0	3.0678601709423976e-99	3.0678601709423976e-99	3.0678601709423976e-99	0	0	0
0.00019054607179632481	8.874954620569924e-10	8.847077123298521e-10	0	0	0	0	0.2352022007290251	0	0	0	0	0	0	0	0.2333700440799936	3.072126613395208e-17	0	2.8630936987757834e-99	2.8630936987757834e-99	2.8630936987757834e-99	0	0	0
0.00020417379446695317	1.5091862169639024e-9	1.504445647975759e-9	0	0	0	0	0.2418720519729982	0	0	0	0	0	0	0	0.2403457041482079	5.224151942093292e-17	0	2.671994507967262e-99	2.671994507967262e-99	2.671994507967262e-99	0	0	0
0.00021877616239495564	2.5663714743901588e-9	2.5583101358443925e-9	0	0	0	0	0.2489039539719861	0	0	0	0	0	0	0	0.24791727754117904	8.883671459072771e-17	0	2.4936503662663864e-99	2.4936503662663864e-99	2.4936503662663864e-99	0	0	0
0.00023442288153199226	4.364115223509914e-9	4.35040691564392e-9	0	0	0	0	0.25614029317370235	0	0	0	0	0	0	0	0.25572737703491166	1.5106685155317466e-16	0	2.3272099290021005e-99	2.3272099290021005e-99	2.3272099290021005e-99	0	0	0
0.0002511886431509582	7.421178841070482e-9	7.397867860706363e-9	0	0	0	0	0.2640850682301102	0	0	0	0	0	0	0	0.26278071672777714	2.568892123411664e-16	0	2.1718786750986693e-99	2.1718786750986693e-99	2.1718786750986693e-99	0	0	0
0.00026915348039269194	1.2619716155628472e-8	1.2580075828693273e-8	0	0	0	0	0.27227626859475396	0	0	0	0	0	0	0	0.2700285979726649	4.3684015876928547e-16	0	2.0269151143451027e-99	2.0269151143451027e-99	2.0269151143451027e-99	0	0	0
0.00028840315031266115	2.145982993527453e-8	2.1392421551114588e-8	0	0	0	0	0.2807145585453761	0	0	0	0	0	0	0	0.278982329482834	7.428467804250968e-16	0	1.891627247812991e-99	1.891627247812991e-99	1.891627247812991e-99	0	0	0
0.0003090295432513592	3.6492445247708505e-8	3.637781727648898e-8	0	0	0	0	0.2894143649978148	0	0	0	0	0	0	0	0.2882329529094812	1.263211103902562e-15	0	1.7653692645262518e-99	1.7653692645262518e-99	1.7653692645262518e-99	0	0	0
0.0003311311214825914	6.20554106986686e-8	6.186048580987892e-8	0	0	0	0	0.2972023527210246	0	0	0	0	0	0	0	0.29603947285188387	2.1480907437057637e-15	0	1.6475384586139446e-99	1.6475384586139446e-99	1.6475384586139446e-99	0	0	0
0.000354813389233576	1.0552523874026265e-7	1.0519376892652097e-7	0	0	0	0	0.30519991108105204	0	0	0	0	0	0	0	0.3040574250854103	3.652828754385513e-15	0	1.5375723522299087e-99	1.5375723522299087e-99	1.5375723522299087e-99	0	0	0
0.00038018939632056124	1.7944569032443918e-7	1.788820258375481e-7	0	0	0	0	0.3134931566441636	0	0	0	0	0	0	0	0.3126757617802408	6.211636053068437e-15	0	1.4349460105051104e-99	1.4349460105051104e-99	1.4349460105051104e-99	0	0	0
0.00040738027780411304	3.051474335469018e-7	3.041889219702501e-7	0	0	0	0	0.322011755883581	0	0	0	0	0	0	0	0.32153838038124355	1.0562888394222416e-14	0	1.3391695357153778e-99	1.3391695357153778e-99	1.3391695357153778e-99	0	0	0
0.00043651583224016654	5.189032739204184e-7	5.172733247858829e-7	0	0	0	0	0.3306907500710668	0	0	0	0	0	0	0	0.33100546176582324	1.7962193901183616e-14	0	1.2497857287026852e-99	1.2497857287026852e-99	1.2497857287026852e-99	0	0	0
0.00046773514128719906	8.823951247289202e-7	8.796233958881984e-7	0	0	0	0	0.3396036641038074	0	0	0	0	0	0	0	0.3407512832181859	3.054471444763088e-14	0	1.1663679063864817e-99	1.1663679063864817e-99	1.1663679063864817e-99	0	0	0
0.0005011872336272725	1.5005130922815776e-6	1.4957997668141062e-6	0	0	0	0	0.3486108237970497	0	0	0	0	0	0	0	0.3489381377928977	5.1941293241792113e-14	0	1.0885178649467676e-99	1.0885178649467676e-99	1.0885178649467676e-99	0	0	0
0.0005370317963702533	2.5516228240722956e-6	2.5436078131390777e-6	0	0	0	0	0.3578568764538108	0	0	0	0	0	0	0	0.35732168887655436	8.832617991094371e-14	0	1.0158639789559288e-99	1.0158639789559288e-99	1.0158639789559288e-99	0	0	0
0.0005754399373371578	4.339035140591056e-6	4.325405612839781e-6	0	0	0	0	0.36690224587628933	0	0	0	0	0	0	0	0.366078667092567	1.5019868722450814e-13	0	9.48059427385364e-100	9.48059427385364e-100	9.48059427385364e-100	0	0	0
0.0006165950018614823	7.378530154874591e-6	7.355353140111862e-6	0	0	0	0	0.37617625058111814	0	0	0	0	0	0	0	0.37505025491628835	2.5541289872053045e-13	0	8.847805380185248e-100	8.847805380185248e-100	8.847805380185248e-100	0	0	0
0.0006606934480075965	9.339897128670332e-6	9.310559180720014e-6	0	0	0	0	0.3853194834559212	0	0	0	0	0	0	0	0.3834881118015498	4.343296871517564e-13	0	8.257252423672634e-100	8.257252423672634e-100	8.257252423672634e-100	0	0	0
0.0007079457843841388	0.000011822636289764789	0.000011785499704283545	0	0	0	0	0.39468494914652197	0	0	0	0	0	0	0	0.3921158030566933	7.38577722919752e-13	0	7.70611633715886e-100	7.70611633715886e-100	7.70611633715886e-100	0	0	0
0.0007585775750291852	0.000013369741959672675	0.00001332774569479755	0	0	0	0	0.4024740669829467	0	0	0	0	0	0	0	0.4009739197058177	1.2559515707309342e-12	0	7.191766214095457e-100	7.191766214095457e-100	7.191766214095457e-100	0	0	0
0.0008128305161640995	0.000015119301286717423	0.000015071809406658776	0	0	0	0	0.4104169032644278	0	0	0	0	0	0	0	0.4100321461948366	2.1357459060444657e-12	0	6.711746749631089e-100	6.711746749631089e-100	6.711746749631089e-100	0	0	0
0.0008709635899560814	0.000014750308481803037	0.000014703975660731388	0	0	0	0	0.41766076837507493	0	0	0	0	0	0	0	0.41707799086700004	3.6318363553867544e-12	0	6.263766519953437e-100	6.263766519953437e-100	6.263766519953437e-100	0	0	0
0.0009332543007969925	0.00001439032109899755	0.000014345119049598625	0	0	0	0	0.4250324878243806	0	0	0	0	0	0	0	0.42424490879550436	6.175938474225158e-12	0	5.845687043934742e-100	5.845687043934742e-100	5.845687043934742e-100	0	0	0
0.001	0.000013534470275660996	0.000013491956575669205	0	0	0	0	0.43265627342704205	0	0	0	0	0	0	0	0.4314800363353605	1.0502184654008847e-11	0	5.455512574865356e-100	5.455512574865356e-100	5.455512574865356e-100	0	0	0
0.001071519305237607	0.00001272952037571352	0.00001268953513807436	0	0	0	0	0.440416806475088	0	0	0	0	0	0	0	0.43883855267596056	1.78589671783831e-11	0	5.091380573545157e-100	5.091380573545157e-100	5.091380573545157e-100	0	0	0
0.001148153621496884	8.216712850102586e-6	8.190902984041103e-6	0	0	0	0	0.4469186481011303	0	0	0	0	0	0	0	0.4459989047045113	3.036917738413795e-11	0	4.751552817255266e-100	4.751552817255266e-100	4.751552817255266e-100	0	0	0
0.0012302687708123836	5.303763855066436e-6	5.287103976935319e-6	0	0	0	0	0.4535164759472909	0	0	0	0	0	0	0	0.45327608931502217	5.1642792428981725e-11	0	4.434407102167534e-100	4.434407102167534e-100	4.434407102167534e-100	0	0	0
0.0013182567385564075	3.4954460281216413e-6	3.4844663339961616e-6	0	0	0	0	0.4593443703290472	0	0	0	0	0	0	0	0.4594954117401127	8.781857921695941e-11	0	4.138429499582579e-100	4.138429499582579e-100	4.138429499582579e-100	0	0	0
0.0014125375446227555	2.303674007627568e-6	2.2964378392630515e-6	3.8569093893410693e-100	3.844794287284299e-100	0	0	0.4652471558222107	0	0	0	0	0	0	0	0.46580006840704696	1.493355121393006e-10	0	3.8622071290305794e-100	3.8622071290305794e-100	3.8622071290305794e-100	0	0	0
0.0015135612484362103	2.7330856718760616e-6	2.724500660276825e-6	3.599477275386847e-100	3.5881708042877716e-100	0	0	0.4709547526282065	0	0	0	0	0	0	0	0.47089959315408714	2.539450693094397e-10	0	3.604421413736585e-100	3.604421413736585e-100	3.604421413736585e-100	0	0	0
0.0016218100973589332	3.2425409433285864e-6	3.2323556601170403e-6	3.359227647875808e-100	3.348675835095759e-100	0	0	0.47673236955338455	0	0	0	0	0	0	0	0.47605494690247235	4.318336429343155e-10	0	3.3638417862544365e-100	3.3638417862544365e-100	3.3638417862544365e-100	0	0	0
0.0017378008287493763	3.970743977794271e-6	3.9582713050721e-6	3.135013649736264e-100	3.125166125078078e-100	0	0	0.4807242106119088	0	0	0	0	0	0	0	0.479935589837154	7.343331992112397e-10	0	3.139319814222591e-100	3.139319814222591e-100	3.139319814222591e-100	0	0	0
0.0018620871366628695	4.862485320232941e-6	4.847211560868251e-6	2.925764971673637e-100	2.916574726934181e-100	0	0	0.48474947670312185	0	0	0	0	0	0	0	0.48384786649328754	1.2487337572858805e-9	0	2.929783718200441e-100	2.929783718200441e-100	2.929783718200441e-100	0	0	0
0.001995262314968883	5.654720043368057e-6	5.636957761833198e-6	2.730482742935608e-100	2.7219059075071337e-100	0	0	0.48737741584748917	0	0	0	0	0	0	0	0.48600723792267553	2.123472012786871e-9	0	2.734233255415561e-100	2.734233255415561e-100	2.734233255415561e-100	0	0	0
0.0021379620895022326	6.576031939020133e-6	6.5553756855208835e-6	2.548234763096624e-100	2.5402303945457725e-100	0	0	0.4900196016583888	0	0	0	0	0	0	0	0.48817624644110086	3.6109645973611283e-9	0	2.551734944998733e-100	2.551734944998733e-100	2.551734944998733e-100	0	0	0
0.0022908676527677745	5.768051049395836e-6	5.749932779019751e-6	2.378151052100325e-100	2.3706809407250786e-100	0	0	0.4913030477389729	0	0	0	0	0	0	0	0.48968064041640863	6.140446045381531e-9	0	2.3814176119140403e-100	2.3814176119140403e-100	2.3814176119140403e-100	0	0	0
0.0024547089156850338	5.05934478678849e-6	5.0434526637840645e-6	2.2194196973175156e-100	2.2124481837491345e-100	0	0	0.4925898553868015	0	0	0	0	0	0	0	0.4911896704248084	1.044182977141258e-8	0	2.222468228312476e-100	2.222468228312476e-100	2.222468228312476e-100	0	0	0
0.002630267991895387	3.839078989301987e-6	3.827019895072818e-6	2.0712829777951264e-100	2.0647767827743701e-100	0	0	0.4923914948751419	0	0	0	0	0	0	0	0.4910755577837786	1.7756333688033104e-8	0	2.074128032457286e-100	2.074128032457286e-100	2.074128032457286e-100	0	0	0
0.002818382931264455	2.9131296852088234e-6	2.9039791297048564e-6	1.933033747194903e-100	1.9269618127099582e-100	0	0	0.4921932142410765	0	0	0	0	0	0	0	0.4909614716532714	3.019464911254927e-8	0	1.9356889066943662e-100	1.9356889066943662e-100	1.9356889066943662e-100	0	0	0
0.003019951720402019	3.0858383006323382e-6	3.0761452427538734e-6	1.8040120581553658e-100	1.7983453991831335e-100	0	0	0.4897239077184997	0	0	0	0	0	0	0	0.48895721977433276	5.1346007067012814e-8	0	1.8064899971775416e-100	1.8064899971775416e-100	1.8064899971775416e-100	0	0	0
0.0032359365692962876	3.268786166986903e-6	3.2585184437875262e-6	1.6836020119631257e-100	1.67831357810614e-100	0	0	0.48726698957212533	0	0	0	0	0	0	0	0.4869611498522811	8.731389564749106e-8	0	1.685914559212684e-100	1.685914559212684e-100	1.685914559212684e-100	0	0	0
0.0034673685045253167	3.824357649291063e-6	3.812344796888878e-6	1.5712288184950567e-100	1.5662933648535443e-100	0	0	0.48380909361898156	0	0	0	0	0	0	0	0.4834248342221896	1.4847729762493382e-7	0	1.5733870131615032e-100	1.5733870131615032e-100	1.5733870131615032e-100	0	0	0
0.003715352290971728	4.474355519918519e-6	4.460300931570693e-6	1.4663560523966855e-100	1.46175001905936e-100	0	0	0.48037573666535655	0	0	0	0	0	0	0	0.47991419934350793	2.5248567535008395e-7	0	1.4683701968511037e-100	1.4683701968511037e-100	1.4683701968511037e-100	0	0	0
0.003981071705534978	6.157864734110322e-6	6.138522003396526e-6	1.368483092398904e-100	1.3641844919772305e-100	0	0	0.4755777116476289	0	0	0	0	0	0	0	0.4746867597439528	4.293519432042974e-7	0	1.3703628013734161e-100	1.3703628013734161e-100	1.3703628013734161e-100	0	0	0
0.004265795188015935	8.474806687755085e-6	8.448186112167449e-6	1.2771427315492424e-100	1.2731310442183079e-100	0	0	0.47082760962499354	0	0	0	0	0	0	0	0.4695162597490277	7.301130683065575e-7	0	1.2788969780339527e-100	1.2788969780339527e-100	1.2788969780339527e-100	0	0	0
0.004570881896148752	9.792067297612773e-6	9.761309018721058e-6	1.191898946949949e-100	1.1881550224949017e-100	0	0	0.4642180667804305	0	0	0	0	0	0	0	0.4633997703255392	7.335624379629645e-7	0	1.193536105026463e-100	1.193536105026463e-100	1.193536105026463e-100	0	0	0
0.004897788193684466	0.000011314073051308413	0.000011278533935436733	1.1123448183564444e-100	1.1088507847569124e-100	0	0	0.4577013096088425	0	0	0	0	0	0	0	0.4573629617269231	7.370281039322911e-7	0	1.1138727031724354e-100	1.1138727031724354e-100	1.1138727031724354e-100	0	0	0
0.005248074602497733	0.000010374627452866453	0.00001034203926950394	1.0381005857003989e-100	1.0348397638165065e-100	0	0	0.4497507785569935	0	0	0	0	0	0	0	0.449735818276247	6.503399751087705e-7	0	1.039526490776045e-100	1.039526490776045e-100	1.039526490776045e-100	0	0	0
0.005623413251903491	9.513187187113268e-6	9.483304910393062e-6	9.688118362647739e-101	9.657686602174984e-101	0	0	0.44193835273377197	0	0	0	0	0	0	0	0.4422358677163064	5.738479726457371e-7	0	9.701425683091489e-101	9.701425683091489e-101	9.701425683091489e-101	0	0	0
0.0060255958607435805	8.582764599182523e-6	8.555804912409559e-6	9.041478128571302e-101	9.013077557229279e-101	0	0	0.4328759713278486	0	0	0	0	0	0	0	0.4331531761413	8.47226336217561e-7	0	9.053897242607515e-101	9.053897242607515e-101	9.053897242607515e-101	0	0	0
0.006456542290346563	7.743340556229903e-6	7.719017620005808e-6	8.43799834905109e-101	8.411493393701055e-101	0	0	0.42399942298266396	0	0	0	0	0	0	0	0.4242570259399559	1.2508408132405337e-6	0	8.449588540637474e-101	8.449588540637474e-101	8.449588540637474e-101	0	0	0
0.006918309709189377	7.419659976919795e-6	7.3963537675244325e-6	7.874798249369838e-101	7.850062385796985e-101	0	0	0.41426278586059684	0	0	0	0	0	0	0	0.41418000321475773	1.3029312894369796e-6	0	7.885614845514892e-101	7.885614845514892e-101	7.885614845514892e-101	0	0	0
0.007413102413009177	7.109509619696875e-6	7.08717763677442e-6	7.349189334133028e-101	7.326104483069736e-101	0	0	0.4047497389070726	0	0	0	0	0	0	0	0.4043423315923	1.357191040637604e-6	0	7.359283969005384e-101	7.359283969005384e-101	7.359283969005384e-101	0	0	0
0.00794328234724282	7.835841144314994e-6	7.811227650561064e-6	6.85866255345102e-101	6.837118516912944e-101	0	0	0.39385938199351667	0	0	0	0	0	0	0	0.39318005510654475	1.8570352841743103e-6	0	6.868083414860621e-101	6.868083414860621e-101	6.868083414860621e-101	0	0	0
0.008511380382023776	8.636377151643512e-6	8.609249060202695e-6	6.400876325723432e-101	6.380770260967746e-101	0	0	0.3832620453398992	0	0	0	0	0	0	0	0.3823259244828708	2.5409687681464724e-6	0	6.409668385151156e-101	6.409668385151156e-101	6.409668385151156e-101	0	0	0
0.009120108393559097	7.797052922354069e-6	7.77256126793318e-6	5.973645359851044e-101	5.954881288445697e-101	0	0	0.3718216520973328	0	0	0	0	0	0	0	0.3707668538683964	2.4390835152073063e-6	0	5.981850587124829e-101	5.981850587124829e-101	5.981850587124829e-101	0	0	0
0.009772372209558112	7.039298215736295e-6	7.01718677683981e-6	5.574930223516972e-101	5.55741857317747e-101	0	0	0.36072275522555464	0	0	0	0	0	0	0	0.3595572550132621	2.3412835563876887e-6	0	5.582587787159249e-101	5.582587787159249e-101	5.582587787159249e-101	0	0	0
0.010471285480509006	7.505257045624253e-6	7.481681963637281e-6	5.2028276077403415e-101	5.1864847847469485e-101	0	0	0.3485504087938588	0	0	0	0	0	0	0	0.34748596121836794	2.5763117256222773e-6	0	5.209974061943123e-101	5.209974061943123e-101	5.209974061943123e-101	0	0	0
0.011220184543019653	8.002059522775954e-6	7.976923913406777e-6	4.855561241228992e-101	4.840309231383244e-101	0	0	0.3367888099945393	0	0	0	0	0	0	0	0.33581993287661355	2.8349330389606886e-6	0	4.862230700349187e-101	4.862230700349187e-101	4.862230700349187e-101	0	0	0
0.012022644346174132	7.8780367477196e-6	7.853290711561882e-6	4.531473411160139e-101	4.517239407375796e-101	0	0	0.32444326031847914	0	0	0	0	0	0	0	0.3233559798710994	3.5154239731753992e-6	0	4.5376977125680504e-101	4.5376977125680504e-101	4.5376977125680504e-101	0	0	0
0.01288249551693135	7.755936183900104e-6	7.731573683014423e-6	4.229017049912409e-101	4.215733104663111e-101	0	0	0.3125502571412364	0	0	0	0	0	0	0	0.3113546263402287	4.359258416807964e-6	0	4.2348259059707993e-101	4.2348259059707993e-101	4.2348259059707993e-101	4.213997991814381e-11	4.213997991814381e-11	4.213997991814381e-11
0.013803842646028866	8.090962009914169e-6	8.065547145163012e-6	3.946748349974557e-101	3.9343510509390975e-101	0	0	0.2998758776720932	0	0	0	0	0	0	0	0.298942739979785	5.15108374106824e-6	0	3.95216948987376e-101	3.95216948987376e-101	3.95216948987376e-101	3.9327317494106526e-11	3.9327317494106526e-11	3.9327317494106526e-11
0.014791083881682071	8.440459629072904e-6	8.413946942491553e-6	3.683319871777189e-101	3.67175003913408e-101	0	0	0.28771546320940156	0	0	0	0	0	0	0	0.2870256428724689	6.086737965611759e-6	0	3.6883791739033425e-101	3.6883791739033425e-101	3.6883791739033425e-101	3.6702388190183714e-11	3.6702388190183714e-11	3.6702388190183714e-11
0.01584893192461114	7.671243216144727e-6	7.647146747940744e-6	3.4374741115470805e-101	3.4266765154733975e-101	0	0	0.2752629361927253	0	0	0	0	0	0	0	0.2745183580193987	7.158143986691125e-6	0	3.4421957270153444e-101	3.4421957270153444e-101	3.4421957270153444e-101	3.425266162800962e-11	3.425266162800962e-11	3.425266162800962e-11
0.01698243652461746	6.972128896694972e-6	6.950228446202188e-6	3.208037498479627e-101	3.1979605955055935e-101	0	0	0.26334936327803354	0.2630656122711865	0	0	0	0	0	0	0.26255608431178	8.418142135194144e-6	0	3.212443966422094e-101	3.212443966422094e-101	3.212443966422094e-101	3.196644377808403e-11	3.196644377808403e-11	3.196644377808403e-11
0.018197008586099864	6.115493934661401e-6	6.096284296667107e-6	2.993914792574131e-101	2.9845104795349e-101	0	0	0.2509558239839416	0.2506390751276685	0	0	0	0	0	0	0.2502173182910871	9.839191751151382e-6	0	2.9980271477327625e-101	2.9980271477327625e-101	2.9980271477327625e-101	2.983282113708212e-11	2.983282113708212e-11	2.983282113708212e-11
0.019498445997580455	5.36410996110657e-6	5.347260527256197e-6	2.7940838563895435e-101	2.7853072407996403e-101	0	0	0.23914553962664678	0.23879953536494128	0	0	0	0	0	0	0.238458409893243	0.000011500125890151903	0	2.797921729527741e-101	2.797921729527741e-101	2.797921729527741e-101	2.784160863108931e-11	2.784160863108931e-11	2.784160863108931e-11
0.02089296130854041	5.04970196627069e-6	5.033840132739751e-6	2.607590775762982e-101	2.5993999615172632e-101	0	0	0.2269736490629607	0.22665809120355054	0	0	0	0	0	0	0.22636998015596255	0.000012690869276808838	0	2.611172487375118e-101	2.611172487375118e-101	2.611172487375118e-101	2.5983300996070707e-11	2.5983300996070707e-11	2.5983300996070707e-11
0.022387211385683423	4.753722450331313e-6	4.738790330641261e-6	2.433545306199364e-101	2.4259011935775173e-101	5.9896752699062986e-6	5.970860846268963e-6	0.21542127630473165	0.21513396259136672	0	0	0	0	0	0	0.2148943622443526	0.000014004904341001273	0	2.4368879539656045e-101	2.4368879539656045e-101	2.4368879539656045e-101	2.4249027403485718e-11	2.4249027403485718e-11	2.4249027403485718e-11
0.02398832919019495	4.795874524013541e-6	4.780809998652769e-6	2.2711166231948853e-101	2.2639827222147704e-101	6.172820016833368e-6	6.1534303094451835e-6	0.20379490345577742	0.20353061461148195	0	0	0	0	0	0	0.203478273232836	0.000015239078413480007	0	2.2742361635987784e-101	2.2742361635987784e-101	2.2742361635987784e-101	2.263050911444712e-11	2.263050911444712e-11	2.263050911444712e-11
0.025703957827688646	4.8384003673750665e-6	4.823202262279754e-6	2.1195293562081696e-101	2.1128716124370176e-101	6.361564733177051e-6	6.341582151736018e-6	0.19279601062152593	0.19255309847479207	0	0	0	0	0	0	0.19266865470736572	0.000016582013360298885	0	2.122440680706613e-101	2.122440680706613e-101	2.122440680706613e-101	2.112001996028332e-11	2.112001996028332e-11	2.112001996028332e-11
0.02754228703338169	4.6366852771615206e-6	4.622120787911859e-6	1.9780598873467504e-101	1.9718465193387182e-101	5.893457160242708e-6	5.8749449714002985e-6	0.18176541987929767	0.18154048843759346	0	0	0	0	0	0	0.18162684056700487	0.00001836734425835686	0	1.9807768934559383e-101	1.9807768934559383e-101	1.9807768934559383e-101	1.9710349460852686e-11	1.9710349460852686e-11	1.9710349460852686e-11
0.0295120922666639	4.443379779898204e-6	4.42942249076425e-6	1.8460328971003657e-101	1.8402342446844354e-101	5.459794682034151e-6	5.4426446888389104e-6	0.171365931055259	0.171157718069515	0	0	0	0	0	0	0.17121783127855653	0.000020344895868478126	0	1.848568554737057e-101	1.848568554737057e-101	1.848568554737057e-101	1.8394768404552418e-11	1.8394768404552418e-11	1.8394768404552418e-11
0.03162277660168379	4.933441661826771e-6	4.91794501848083e-6	1.722818140631648e-101	1.7174065233256545e-101	5.362493565617088e-6	5.345649209095317e-6	0.160930369041822	0.1607885440299306	0	0	0	0	0	0	0.16077545885307162	0.000023930196001289844	0	1.725184554026439e-101	1.725184554026439e-101	1.725184554026439e-101	1.7166996725713173e-11	1.7166996725713173e-11	1.7166996725713173e-11
0.03388441561392028	5.477552637016687e-6	5.460346863554073e-6	1.6078274392355593e-101	1.6027770241104734e-101	5.2669264900948496e-6	5.250382323376962e-6	0.1511302948051305	0.15104756117842605	0	0	0	0	0	0	0.1509699543347328	0.000028147319325797402	0	1.6100359047137118e-101	1.6100359047137118e-101	1.6100359047137118e-101	1.6021173526039667e-11	1.6021173526039667e-11	1.6021173526039667e-11
0.03630780547701017	4.834380041627744e-6	4.819194564948558e-6	1.500511872605998e-101	1.4957985509697012e-101	4.769353066896005e-6	4.754371849211727e-6	0.14133476759571653	0.14143266833480533	0	0	0	0	0	0	0.14128012412923796	0.00003248106018725895	0	1.5025729325116454e-101	1.5025729325116454e-101	1.5025729325116454e-101	1.495182909699141e-11	1.495182909699141e-11	1.495182909699141e-11
0.038904514499428125	4.266728580378865e-6	4.253326177837928e-6	1.4003591585064939e-101	1.3959604308183804e-101	4.318786054730145e-6	4.305220132243335e-6	0.13217413859406493	0.13242980897039525	0	0	0	0	0	0	0.13221222435900803	0.00003748205144073524	0	1.4022826515276395e-101	1.4022826515276395e-101	1.4022826515276395e-101	1.3953858809548817e-11	1.3953858809548817e-11	1.3953858809548817e-11
0.04168693834703355	4.1264381795302415e-6	4.113476449131764e-6	1.3068912073366425e-101	1.3027860758036758e-101	4.335907214119202e-6	4.322287511630741e-6	0.1231402416273245	0.12346410640280357	0	0	0	0	0	0	0.12326536725303677	0.000041990244588502666	0	1.3086863154711797e-101	1.3086863154711797e-101	1.3086863154711797e-101	1.3022498746725433e-11	1.3022498746725433e-11	1.3022498746725433e-11
0.04466835921509635	3.990760539066879e-6	3.978224991473114e-6	1.2196618399206929e-101	1.2158307082622143e-101	4.353096247696772e-6	4.33942255200416e-6	0.11472379747906843	0.11510539574402343	0	0	0	0	0	0	0.114923947749093	0.00004704066540728525	0	1.2213371323076454e-101	1.2213371323076454e-101	1.2213371323076454e-101	1.2153302962504929e-11	1.2153302962504929e-11	1.2153302962504929e-11
0.0478630092322639	3.7077703900066033e-6	3.696123754801179e-6	1.1382546576239573e-101	1.1346792375267627e-101	3.930993120054744e-6	3.9186453104418e-6	0.10645652327051261	0.10685283748363338	0	0	0	0	0	0	0.10667914480471385	0.0000511904707717467	0	1.1398181314491732e-101	1.1398181314491732e-101	1.1398181314491732e-101	1.1342122258646532e-11	1.1342122258646532e-11	1.1342122258646532e-11
0.05128613839913648	3.444847449610245e-6	3.4340266928308922e-6	1.0622810546297663e-101	1.0589442784469034e-101	3.5498197215588416e-6	3.5386692319132455e-6	0.09878500882881724	0.09919195190201689	0	0	0	0	0	0	0.0990258354256278	0.00005570636119078383	0	1.0637401733013324e-101	1.0637401733013324e-101	1.0637401733013324e-101	1.0585084378047173e-11	1.0585084378047173e-11	1.0585084378047173e-11
0.05495408738576248	3.2416466100324383e-6	3.2314641360492302e-6	9.91378362888392e-102	9.882643021649384e-102	3.043777305147824e-6	3.0342163668504706e-6	0.09132333674165866	0.09174225663342067	0	0	0	0	0	0	0.09150615578027643	0.00006139691688807766	0	9.927400916640044e-102	9.927400916640044e-102	9.927400916640044e-102	9.87857552011156e-12	9.87857552011156e-12	9.87857552011156e-12
0.05888436553555896	3.0504319561447337e-6	3.040850114640222e-6	9.252081208826716e-102	9.223019103195654e-102	2.609873461197785e-6	2.6016754767117995e-6	0.0844252780103764	0.08485206199497404	0	0	0	0	0	0	0.08455749461435187	0.00006766877826486278	0	9.264789601190309e-102	9.264789601190309e-102	9.264789601190309e-102	9.219223089891981e-12	9.219223089891981e-12	9.219223089891981e-12
0.06309573444801943	2.817365714760839e-6	2.8085159675357935e-6	8.634544579460551e-102	8.607422244390147e-102	2.294899483241442e-6	2.2876908769085174e-6	0.07770875929802797	0.07815047453554223	0	0	0	0	0	0	0.07789710237027676	0.00007265036361575951	0	8.64640474129009e-102	8.64640474129009e-102	8.64640474129009e-102	8.603879598648612e-12	8.603879598648612e-12	8.603879598648612e-12
0.06760829753919818	2.6021067458071367e-6	2.5939331576810625e-6	8.058225864204918e-102	8.032913828352807e-102	2.017938308689032e-6	2.011599676876313e-6	0.0715265784602649	0.0719781762108764	0.052930230774126605	0	0	0	0	0	0.07176133334318877	0.00007799867928519575	0	8.069294411240484e-102	8.069294411240484e-102	8.069294411240484e-102	8.029607638978319e-12	8.029607638978319e-12	8.029607638978319e-12
0.07244359600749906	2.3734853820277373e-6	2.3660299261871085e-6	7.520373944562786e-102	7.496751378241874e-102	1.8561748610976928e-6	1.8503443513274716e-6	0.06552448145504425	0.0659947528552788	0.048523600376123	0	0	0	0	0	0.06579537210139247	0.00008274283246947533	0	7.5307037136873e-102	7.5307037136873e-102	7.5307037136873e-102	7.493665862788884e-12	7.493665862788884e-12	7.493665862788884e-12
0.07762471166286927	2.1649507145610697e-6	2.1581502958301327e-6	7.018421327364847e-102	6.9963754657499945e-102	1.7073788133837276e-6	1.7020156932049411e-6	0.06002604573539859	0.06050872130560055	0.044483837667540126	0	0	0	0	0	0.06032539793063339	0.00008777554168626935	0	7.0280616288265405e-102	7.0280616288265405e-102	7.0280616288265405e-102	6.993495895183316e-12	6.993495895183316e-12	6.993495895183316e-12
0.08317637711026708	1.9307565834841568e-6	1.9246918018949557e-6	6.549971888568579e-102	6.529397493401743e-102	1.7044775903939336e-6	1.6991235833700243e-6	0.05467541981627715	0.05519944680354272	0.041078940112836256	0	0	0	0	0	0.05503971716920206	0.00009018984543162385	0	6.558968741368685e-102	6.558968741368685e-102	6.558968741368685e-102	6.526710121785942e-12	6.526710121785942e-12	6.526710121785942e-12
0.08912509381337459	1.7218964660926238e-6	1.7164877438977085e-6	6.112789435106013e-102	6.093588292330265e-102	1.7015812972385494e-6	1.6962363878842079e-6	0.04980174015232913	0.05035602904295902	0.03793466142480189	0	0	0	0	0	0.050217165074470674	0.00009267055563215761	0	6.121185786675348e-102	6.121185786675348e-102	6.121185786675348e-102	6.09108029121198e-12	6.09108029121198e-12	6.09108029121198e-12
0.09549925860214369	1.631299710678572e-6	1.626175565803745e-6	5.704787030179093e-102	5.68686748110341e-102	1.6695939134927092e-6	1.6643494810693738e-6	0.04513842475687459	0.04569812249497016	0.035187441504779496	0	0	0	0	0	0.045591139169675485	0.00009496969599092297	0	5.7126229613921786e-102	5.7126229613921786e-102	5.7126229613921786e-102	5.684526878273365e-12	5.684526878273365e-12	5.684526878273365e-12
0.10232929922807536	1.545469660030562e-6	1.5406151195768324e-6	5.32401703104554e-102	5.307293534802316e-102	1.6382078484852507e-6	1.6330620041650676e-6	0.04091177102044989	0.04147106988487412	0.03263917465315159	0	0	0	0	0	0.04139126467426604	0.00009732587762189429	0	5.331329947550902e-102	5.331329947550902e-102	5.331329947550902e-102	5.30510915714472e-12	5.30510915714472e-12	5.30510915714472e-12
0.10964781961431873	1.3451187960962895e-6	1.3408935862590493e-6	4.968661791739665e-102	4.953054516946314e-102	1.4425923441366105e-6	1.4380609559935986e-6	0.03685953826593802	0.037433883753198866	0.030028175437971705	0	0	0	0	0	0.0373634362317568	0.00009760802116371735	0	4.9754866025196636e-102	4.9754866025196636e-102	4.9754866025196636e-102	4.9510159371027975e-12	4.9510159371027975e-12	4.9510159371027975e-12
0.11748975549395303	1.1707409225851546e-6	1.1670634584999585e-6	4.637024986346732e-102	4.622459430022117e-102	1.2703349414946437e-6	1.2663446384024783e-6	0.03320867142366051	0.03378971549897517	0.027626045379996918	0	0	0	0	0	0.03372756010309847	0.00009789098262755799	0	4.643394270359291e-102	4.643394270359291e-102	4.643394270359291e-102	4.620556916615637e-12	4.620556916615637e-12	4.620556916615637e-12
0.12589254117941662	1.0116297918672177e-6	1.0084521185192226e-6	4.327523511411203e-102	4.313930143327755e-102	1.1162372903120342e-6	1.1127310299033566e-6	0.029721662768501803	0.030332159458377243	0.024777242788916846	0	0	0	0	0	0.03028665002081078	0.00009706866213991751	0	4.333467673108921e-102	4.333467673108921e-102	4.333467673108921e-102	4.312154614508833e-12	4.312154614508833e-12	4.312154614508833e-12
0.1348962882591656	8.741428748672333e-7	8.71397067519389e-7	4.038679928824592e-102	4.025993859598397e-102	9.808324148095562e-7	9.777514804119667e-7	0.026600800328770515	0.02722840023427609	0.022222209215128564	0	0	0	0	0	0.02719678407448167	0.00009625324944874851	0	4.04422734329362e-102	4.04422734329362e-102	4.04422734329362e-102	4.02433683969195e-12	4.02433683969195e-12	4.02433683969195e-12
0.1445439770745928	7.48860937059011e-7	7.465086581322954e-7	3.769115413118041e-102	3.7572760844524864e-102	9.491488407819732e-7	9.461674290057675e-7	0.023649614575877633	0.0242864092502847	0.019142528663720897	0	0	0	0	0	0.024259772536018808	0.00009285663916592431	0	3.774292561529565e-102	3.774292561529565e-102	3.774292561529565e-102	3.755729663498288e-12	3.755729663498288e-12	3.755729663498288e-12
0.15488166189124797	6.415343751878956e-7	6.3951922428759e-7	3.5175431694926448e-102	3.506494065096967e-102	9.184887329938866e-7	9.156036289857481e-7	0.02102584368420823	0.021662296322859816	0.016489647815569625	0	0	0	0	0	0.02163993220255727	0.00008957988937071443	0	3.5223747655135636e-102	3.5223747655135636e-102	3.5223747655135636e-102	3.5050508610906187e-12	3.5050508610906187e-12	3.5050508610906187e-12
0.1659586907437563	5.997340577337958e-7	5.978502075877577e-7	3.2827622911680816e-102	3.2724506669708606e-102	7.576097859668325e-7	7.552300256588609e-7	0.01856134789930801	0.01919860503611846	0.01370144991361062	0	0	0	0	0	0.019157304385891177	0.00008471042993569349	0	3.287271398934318e-102	3.287271398934318e-102	3.287271398934318e-102	3.271103790625009e-12	3.271103790625009e-12	3.271103790625009e-12
0.1778279410038923	5.606573145834941e-7	5.588962100566869e-7	3.0636520267268007e-102	3.0540286590965415e-102	6.249097753456421e-7	6.229468446826845e-7	0.016385722305065346	0.017015113718295557	0.01138470219830448	0	0	0	0	0	0.01695949450758065	0.00008010566869751001	0	3.067860170942398e-102	3.067860170942398e-102	3.067860170942398e-102	3.0527716809541336e-12	3.0527716809541336e-12	3.0527716809541336e-12
0.1905460717963252	4.510082753257197e-7	4.4959159405778025e-7	2.8591664300881973e-102	2.8501853808591076e-102	4.847483497736332e-7	4.832256861234089e-7	0.014349793474299032	0.014967908552178564	0.009215249032101318	0	0	0	0	0	0.014910084347208506	0.00007503113940732881	0	2.863093698775777e-102	2.863093698775777e-102	2.863093698775777e-102	2.8490123006016975e-12	2.8490123006016975e-12	2.8490123006016975e-12
0.20417379446695316	3.628035506205649e-7	3.616639329633614e-7	2.6683293675741935e-102	2.659947764755476e-102	3.7602382276432626e-7	3.74842678348241e-7	0.012566829152925497	0.013167016696778467	0.007459203872394007	0	0	0	0	0	0.013108327912810386	0.00007027807110655861	0	2.671994507967263e-102	2.671994507967263e-102	2.671994507967263e-102	2.6588529825600683e-12	2.6588529825600683e-12	2.6588529825600683e-12
0.21877616239495518	3.2739182992881396e-7	3.263634455329809e-7	2.4902298582315353e-102	2.482407691353395e-102	3.0596275575434585e-7	3.050016831344449e-7	0.010934008858448668	0.011504829831550108	0.005888522091491707	0	0	0	0	0	0.0114566534380137	0.00006457900998247911	0	2.4936503662663922e-102	2.4936503662663922e-102	2.4936503662663922e-102	2.4813859811610947e-12	2.4813859811610947e-12	2.4813859811610947e-12
0.23442288153199276	2.954364975778188e-7	2.9450848943499285e-7	2.324017725167655e-102	2.316717654287079e-102	2.489555242021599e-7	2.481735194209116e-7	0.009513342487734996	0.01005247524940927	0.004648578188124603	0	0	0	0	0	0.010013093116970203	0.000059342102944084825	0	2.327209929002096e-102	2.327209929002096e-102	2.327209929002096e-102	2.3157641388559467e-12	2.3157641388559467e-12	2.3157641388559467e-12
0.25118864315095824	2.489657433564029e-7	2.481837064753343e-7	2.168899537141157e-102	2.162086714595736e-102	2.265223009961244e-7	2.2581076216602202e-7	0.00822165893086014	0.008713203356469358	0.003574193626847745	0	0	0	0	0	0.008683377045133372	0.00005392736728101241	0	2.1718786750986692e-102	2.1718786750986692e-102	2.1718786750986692e-102	2.1611968422187555e-12	2.1611968422187555e-12	2.1611968422187555e-12
0.2691534803926914	2.0980461748359152e-7	2.0914559127991102e-7	2.024134821033591e-102	2.0177767250925104e-102	2.061105211986042e-7	2.0546309867781652e-7	0.007105354996158247	0.007552360075261102	0.0027481220203704653	0	0	0	0	0	0.007530244253911856	0.000049006705148306375	0	2.0269151143451074e-102	2.0269151143451074e-102	2.0269151143451074e-102	2.016946247869533e-12	2.016946247869533e-12	2.016946247869533e-12
0.28840315031266117	1.5995205571871224e-7	1.5944962351623969e-7	1.8890325271225417e-102	1.8830988067406484e-102	1.5438233967572628e-7	1.5389740274510904e-7	0.006083470496296315	0.006490160160105758	0.002042406747977024	0	0	0	0	0	0.006481571561010881	0.00004281734392772265	0	1.891627247812991e-102	1.891627247812991e-102	1.891627247812991e-102	1.8823237603005907e-12	1.8823237603005907e-12	1.8823237603005907e-12
0.30902954325135923	1.2194517182465384e-7	1.2156212466101812e-7	1.7629477302825228e-102	1.757410060216394e-102	1.1563653648124883e-7	1.1527330564029769e-7	0.005208552324172128	0.005577353103409612	0.001517918525182451	0	0	0	0	0	0.005578938542223432	0.0000374096755837147	0	1.7653692645262517e-102	1.7653692645262517e-102	1.7653692645262517e-102	1.7566867447928928e-12	1.7566867447928928e-12	1.7566867447928928e-12
0.3311311214825908	1.1290148332975917e-7	1.1254684368054113e-7	1.645278551366461e-102	1.6401104969608516e-102	9.640846073201298e-8	9.610562801726652e-8	0.004403065239022006	0.004737557171589743	0.001086083433118804	0	0	0	0	0	0.004742593669905936	0.000032686279406564676	0	1.647538458613948e-102	1.647538458613948e-102	1.647538458613948e-102	1.639435459731036e-12	1.639435459731036e-12	1.639435459731036e-12
0.354813389233576	1.0452849216850031e-7	1.0420015327779121e-7	1.5354632840717885e-102	1.5306401750710009e-102	8.037763481633806e-8	8.01251572104153e-8	0.0037221443296463676	0.004024211402423159	0.0007771018036381877	0	0	0	0	0	0.004031626186164719	0.000028559265611731213	0	1.5375723522299083e-102	1.5375723522299083e-102	1.5375723522299083e-102	1.5300101936730774e-12	1.5300101936730774e-12	1.5300101936730774e-12
0.38018939632056126	8.552787515988629e-8	8.525921991506143e-8	1.432977713575871e-102	1.428476526357673e-102	6.607400586668668e-8	6.586645799776673e-8	0.003076273280804811	0.003352766847797356	0.0005256916825535162	0	0	0	0	0	0.0033568381250594706	0.000024468038609632486	0	1.4349460105051102e-102	1.4349460105051102e-102	1.4349460105051102e-102	1.427888593508639e-12	1.427888593508639e-12	1.427888593508639e-12
0.40738027780411384	6.998108628194061e-8	6.97612657166214e-8	1.3373326141409167e-102	1.3331318618108412e-102	5.431578400193804e-8	5.414517038361039e-8	0.0025424745684411924	0.0027933536317003996	0.0003556184579834112	0	0	0	0	0	0.0027949918165831316	0.00002096289594913602	0	1.339169535715375e-102	1.339169535715375e-102	1.339169535715375e-102	1.3325831709509004e-12	1.3325831709509004e-12	1.3325831709509004e-12
0.43651583224016655	4.5768976886494634e-8	4.562521000735907e-8	1.2480714137430953e-102	1.2441510435644692e-102	3.8747537773008156e-8	3.8625826234783744e-8	0.0020385323992685085	0.0022604778333770673	0.00022576003947497272	0	0	0	0	0	0.002259719558982228	0.000017857536917654565	0	1.249785728702685e-102	1.249785728702685e-102	1.249785728702685e-102	1.2436389754596216e-12	1.2436389754596216e-12	1.2436389754596216e-12
0.4677351412871981	2.9933791493274816e-8	2.98397651882002e-8	1.1647680145775266e-102	1.1611093122476075e-102	2.7641535716710388e-8	2.755470971370925e-8	0.0016344762675110094	0.0018292564096435637	0.00014332100676877352	0	0	0	0	0	0.0018269579377478513	0.000015212193274209287	0	1.1663679063864842e-102	1.1663679063864842e-102	1.1663679063864842e-102	1.1606314224864573e-12	1.1606314224864573e-12	1.1606314224864573e-12
0.5011872336272735	2.204192114758371e-8	2.1972684331969476e-8	1.087024759035246e-102	1.0836102593505131e-102	2.1181207158659206e-8	2.1114673968348304e-8	0.0012503818222056242	0.0014191567446863384	0.00008461200269632341	0	0	0	0	0	0.0014167918492487919	0.000012738586198787813	0	1.0885178649467658e-102	1.0885178649467658e-102	1.0885178649467658e-102	1.0831642666756128e-12	1.0831642666756128e-12	1.0831642666756128e-12
0.5370317963702532	1.6230696602047935e-8	1.6179713670914046e-8	1.0144705314424577e-102	1.0112839349266107e-102	1.6230774631918212e-8	1.617979145568138e-8	0.000956547814354697	0.0011009970255515934	0.00004995214003647834	0	0	0	0	0	0.001098711197791614	0.000010667204617960228	0	1.0158639789559289e-102	1.0158639789559289e-102	1.0158639789559289e-102	1.0108677103446361e-12	1.0108677103446361e-12	1.0108677103446361e-12
0.5754399373371566	1.927621814417067e-8	1.921566879584255e-8	9.467589865004844e-103	9.437850815971654e-103	8.324061287273266e-9	8.297914224471938e-9	0.0007018567615945654	0.0008225161895696554	0.000028112962362486187	0	0	0	0	0	0.0008207181651563643	8.561959313961566e-6	0	9.480594273853661e-103	9.480594273853661e-103	9.480594273853661e-103	9.433966382159402e-13	9.433966382159402e-13	9.433966382159402e-13
0.6165950018614835	2.856580705668076e-8	2.8476077785678865e-8	8.835668959697748e-103	8.807914864285911e-103	4.273700393232166e-9	4.260276091233475e-9	0.0004971122649205094	0.0005945006621627574	0.000015446388566530305	0	0	0	0	0	0.0005925675460721748	6.669132221058307e-6	0	8.847805380185229e-103	8.847805380185229e-103	8.847805380185229e-103	8.804289699724467e-13	8.804289699724467e-13	8.804289699724467e-13
0.6606934480075964	2.5994301042220084e-8	2.5912649238086068e-8	8.245926057056411e-103	8.220024428148585e-103	2.1985628795384885e-9	2.191656880207151e-9	0.0003370751533429045	0.00041111228824057425	8.43466771405737e-6	0	0	0	0	0	0.000410565490084742	5.122523772358538e-6	0	8.257252423672634e-103	8.257252423672634e-103	8.257252423672634e-103	8.216641227730519e-13	8.216641227730519e-13	8.216641227730519e-13
0.7079457843841374	1.3421659873624663e-8	1.3379500527182769e-8	7.695545956801882e-103	7.671373150226005e-103	1.1351858675490023e-9	1.1316200869587773e-9	0.00021799362864706573	0.0002709727499383601	4.526380812471399e-6	0	0	0	0	0	0.00027145693725587187	3.8124913757740976e-6	0	7.706116337158877e-103	7.706116337158877e-103	7.706116337158877e-103	7.668215763885387e-13	7.668215763885387e-13	7.668215763885387e-13
0.7585775750291851	6.977330514772343e-9	6.9554137252558586e-9	7.181901361166233e-103	7.159341985466962e-103	5.90133192776917e-10	5.88279500315968e-10	0.00013373940055098194	0.00016911464909136352	2.4110149602457238e-6	0	0	0	0	0	0.0001697514895187431	2.612861183572588e-6	0	7.191766214095458e-103	7.191766214095458e-103	7.191766214095458e-103	7.156395341085303e-13	7.156395341085303e-13	7.156395341085303e-13
0.8128305161640995	3.673972734794372e-9	3.6624322628406266e-9	6.702540333208161e-103	6.681486698813521e-103	3.107396525890805e-10	3.09763575055446e-10	0.000077824003425855	0.00010011301957430189	1.2743546899721972e-6	0	0	0	0	0	0.00010051622819471914	1.6432079978292282e-6	0	6.711746749631089e-103	6.711746749631089e-103	6.711746749631089e-103	6.678736730271419e-13	6.678736730271419e-13	6.678736730271419e-13
0.8709635899560796	1.9831771190383456e-9	1.9769476770762874e-9	6.255174592231822e-103	6.235526197385618e-103	1.6773444265287292e-10	1.6720756486393884e-10	0.00004386293766258427	0.000057081591338098474	6.878850892815632e-7	0	0	0	0	0	0.000057360458449232834	9.249720359855225e-7	0	6.26376651995345e-103	6.26376651995345e-103	6.26376651995345e-103	6.232959777416644e-13	6.232959777416644e-13	6.232959777416644e-13
0.9332543007969925	1.1263841940978826e-9	1.122846060818332e-9	5.837668590436398e-103	5.819331641442421e-103	9.526805407155417e-11	9.496880353665251e-11	0.000025125759843588766	0.000033074579211638134	3.9069777705890464e-7	0	0	0	0	0	0.0000331177932652453	5.253559408863295e-7	0	5.845687043934742e-103	5.845687043934742e-103	5.845687043934742e-103	5.816936518968724e-13	5.816936518968724e-13	5.816936518968724e-13