1.e-9	0	0	0	0	0	0	1.0762978760954621e-23	0	0	0	0	0	0	0	2.0227330407621754e-22	1.0498490110210111e-56	0	7.266429046175086e-94	7.266429046175086e-94	7.266429046175086e-94	0	0	0
1.0715193052376092e-9	0	0	0	0	0	0	1.693000841405323e-23	0	0	0	0	0	0	0	3.1817295341805315e-22	1.6513971628886157e-56	0	6.78142615877906e-94	6.78142615877906e-94	6.78142615877906e-94	0	0	0
1.148153621496884e-9	0	0	0	0	0	0	2.6630655998291056e-23	0	0	0	0	0	0	0	5.004814092946981e-22	2.5976236210807095e-56	0	6.328795128217784e-94	6.328795128217784e-94	6.328795128217784e-94	0	0	0
1.2302687708123811e-9	0	0	0	0	0	0	4.1889632985101367e-23	0	0	0	0	0	0	0	7.872499480510819e-22	4.086024021619268e-56	0	5.906375272272301e-94	5.906375272272301e-94	5.906375272272301e-94	0	0	0
1.31825673855641e-9	0	0	0	0	0	0	6.973353882575146e-23	0	0	0	0	0	0	0	1.3105324851501106e-21	6.8019911956709045e-56	0	5.51215012496911e-94	5.51215012496911e-94	5.51215012496911e-94	0	0	0
1.4125375446227555e-9	0	0	0	0	0	0	1.1608520033803492e-22	0	0	0	0	0	0	0	2.181639260676283e-21	1.1323253113829103e-55	0	5.1442378107661e-94	5.1442378107661e-94	5.1442378107661e-94	0	0	0
1.5135612484362133e-9	0	0	0	0	0	0	1.9617578708247737e-22	0	0	0	0	0	0	0	3.6868162164249305e-21	1.913549776776977e-55	0	4.800882061219949e-94	4.800882061219949e-94	4.800882061219949e-94	0	0	0
1.6218100973589331e-9	0	0	0	0	0	0	3.315232202327506e-22	0	0	0	0	0	0	0	6.230458929988422e-21	3.233763929317473e-55	0	4.4804438312526464e-94	4.4804438312526464e-94	4.4804438312526464e-94	0	0	0
1.7378008287493762e-9	0	0	0	0	0	0	5.627059917764929e-22	0	0	0	0	0	0	0	1.0575176510895654e-20	5.4887809600186556e-55	0	4.181393474995887e-94	4.181393474995887e-94	4.181393474995887e-94	0	0	0
1.8620871366628732e-9	0	0	0	0	0	0	9.551006199772823e-22	0	0	0	0	0	0	0	1.7949618076818877e-20	9.316300473863535e-55	0	3.902303443864377e-94	3.902303443864377e-94	3.902303443864377e-94	0	0	0
1.9952623149688828e-9	0	0	0	0	0	0	1.6232398985507896e-21	0	0	0	0	0	0	0	3.050624784091746e-20	1.58335052032769e-54	0	3.641841472001344e-94	3.641841472001344e-94	3.641841472001344e-94	0	0	0
2.1379620895022324e-9	0	0	0	0	0	0	2.758775057972361e-21	0	0	0	0	0	0	0	5.184685007495439e-20	2.6909811220186833e-54	0	3.3987642165661043e-94	3.3987642165661043e-94	3.3987642165661043e-94	0	0	0
2.2908676527677795e-9	0	0	0	0	0	0	4.690507242184242e-21	0	0	0	0	0	0	0	8.815072655461444e-20	4.575243061203601e-54	0	3.171911322505224e-94	3.171911322505224e-94	3.171911322505224e-94	0	0	0
2.4547089156850337e-9	0	0	0	0	0	0	7.974864831912551e-21	0	0	0	0	0	0	0	1.4987507593753785e-19	7.778891088387477e-54	0	2.960199883474676e-94	2.960199883474676e-94	2.960199883474676e-94	0	0	0
2.6302679918953816e-9	0	0	0	0	0	0	1.3560571304278508e-20	0	0	0	0	0	0	0	2.548496679031121e-19	1.322733481954165e-53	0	2.7626192724714975e-94	2.7626192724714975e-94	2.7626192724714975e-94	0	0	0
2.818382931264461e-9	0	0	0	0	0	0	2.3058584436762206e-20	0	0	0	0	0	0	0	4.333499270912412e-19	2.2491944473865117e-53	0	2.578226317498673e-94	2.578226317498673e-94	2.578226317498673e-94	0	0	0
3.019951720402019e-9	0	0	0	0	0	0	3.921052848099483e-20	0	0	0	0	0	0	0	7.369003810727514e-19	3.824697182969367e-53	0	2.4061407992336285e-94	2.4061407992336285e-94	2.4061407992336285e-94	0	0	0
3.2359365692962944e-9	0	0	0	0	0	0	6.667649299875662e-20	0	0	0	0	0	0	0	1.2530801038092052e-18	6.503798974967269e-53	0	2.2455412492078872e-94	2.2455412492078872e-94	2.2455412492078872e-94	0	0	0
3.4673685045253237e-9	0	0	0	0	0	0	1.1338286835357158e-19	0	0	0	0	0	0	0	2.1308531696369874e-18	1.105966060618334e-52	0	2.095661028440312e-94	2.095661028440312e-94	2.095661028440312e-94	0	0	0
3.715352290971728e-9	0	0	0	0	0	0	1.9280670380073154e-19	0	0	0	0	0	0	0	3.623499580552875e-18	1.880686860014383e-52	0	1.9557846678045694e-94	1.9557846678045694e-94	1.9557846678045694e-94	0	0	0
3.9810717055349855e-9	0	0	0	0	0	0	3.278673852714298e-19	0	0	0	0	0	0	0	6.1617532460688056e-18	3.1981039619065196e-52	0	1.825244452661424e-94	1.825244452661424e-94	1.825244452661424e-94	0	0	0
4.265795188015934e-9	0	0	0	0	0	0	5.575377837267749e-19	0	0	0	0	0	0	0	1.0478048146937068e-17	5.438368911177393e-52	0	1.7034172354521262e-94	1.7034172354521262e-94	1.7034172354521262e-94	0	0	0
4.570881896148752e-9	0	0	0	0	0	0	9.480927208383026e-19	0	0	0	0	0	0	0	1.7817915604393845e-17	9.247943598468908e-52	0	1.5897214610374201e-94	1.5897214610374201e-94	1.5897214610374201e-94	0	0	0
4.8977881936844766e-9	0	0	0	0	0	0	1.6122311949839878e-18	0	0	0	0	0	0	0	3.0299356524534786e-17	1.572612343834965e-51	0	1.4836143905824444e-94	1.4836143905824444e-94	1.4836143905824444e-94	0	0	0
5.248074602497734e-9	0	0	0	0	0	0	2.741599136106597e-18	0	0	0	0	0	0	0	5.152405556392634e-17	2.674227279997105e-51	0	1.3845895107353752e-94	1.3845895107353752e-94	1.3845895107353752e-94	0	0	0
5.623413251903491e-9	0	0	0	0	0	0	4.662089312305691e-18	0	0	0	0	0	0	0	8.761665613608066e-17	4.5475234714497196e-51	0	1.2921741157321923e-94	1.2921741157321923e-94	1.2921741157321923e-94	0	0	0
6.025595860743593e-9	0	0	0	0	0	0	7.927883540501071e-18	0	0	0	0	0	0	0	1.4899213625562977e-16	7.733064311785603e-51	0	1.2059270508856146e-94	1.2059270508856146e-94	1.2059270508856146e-94	0	0	0
6.456542290346562e-9	0	0	0	0	0	0	1.3481367091326598e-17	0	0	0	0	0	0	0	2.533611489525103e-16	1.315007696510988e-50	0	1.125436606686433e-94	1.125436606686433e-94	1.125436606686433e-94	0	0	0
6.918309709189363e-9	0	0	0	0	0	0	2.2925067268302293e-17	0	0	0	0	0	0	0	4.308406813317658e-16	2.2361708346510985e-50	0	1.0503185534644868e-94	1.0503185534644868e-94	1.0503185534644868e-94	0	0	0
7.413102413009192e-9	0	0	0	0	0	0	3.8984081191168386e-17	0	0	0	0	0	0	0	7.326446594431282e-16	3.8026089238959784e-50	0	9.802143072276041e-95	9.802143072276041e-95	9.802143072276041e-95	0	0	0
7.943282347242822e-9	0	0	0	0	0	0	6.629243790858898e-17	0	0	0	0	0	0	0	1.2458623907800466e-15	6.466337240112478e-50	0	9.14789217922906e-95	9.14789217922906e-95	9.14789217922906e-95	0	0	0
8.511380382023759e-9	0	0	0	0	0	0	1.127303040005945e-16	0	0	0	0	0	0	0	2.1185892461701794e-15	1.099600777774082e-49	0	8.537309719492693e-95	8.537309719492693e-95	8.537309719492693e-95	0	0	0
9.120108393559115e-9	0	0	0	0	0	0	1.9169790509290868e-16	0	0	0	0	0	0	0	3.602661447990503e-15	1.869871348317453e-49	0	7.967481012952489e-95	7.967481012952489e-95	7.967481012952489e-95	0	0	0
9.772372209558111e-9	0	0	0	0	0	0	3.2598232695989327e-16	0	0	0	0	0	0	0	6.126326531818144e-15	3.1797166116381565e-49	0	7.435685921856288e-95	7.435685921856288e-95	7.435685921856288e-95	0	0	0
1.0471285480509006e-8	0	0	0	0	0	0	5.543330143098159e-16	0	0	0	0	0	0	0	1.041781953242744e-14	5.4071087546940824e-49	0	6.939385865948014e-95	6.939385865948014e-95	6.939385865948014e-95	0	0	0
1.1220184543019653e-8	0	0	0	0	0	0	9.426434053022083e-16	0	0	0	0	0	0	0	1.771550426614626e-14	9.194789553911654e-49	0	6.476211704285833e-95	6.476211704285833e-95	6.476211704285833e-95	0	0	0
1.202264434617413e-8	0	0	0	0	0	0	1.6029653057190206e-15	0	0	0	0	0	0	0	3.0125218669350014e-14	1.563574153853312e-48	0	6.043952425896573e-95	6.043952425896573e-95	6.043952425896573e-95	0	0	0
1.288249551693135e-8	0	0	0	0	0	0	2.7258428339771996e-15	0	0	0	0	0	0	0	5.122794057916926e-14	2.658858172080777e-48	0	5.640544595280381e-95	5.640544595280381e-95	5.640544595280381e-95	0	0	0
1.3803842646028866e-8	0	0	0	0	0	0	4.635296303371538e-15	0	0	0	0	0	0	0	8.711312355800565e-14	4.521388871952263e-48	0	5.264062502382636e-95	5.264062502382636e-95	5.264062502382636e-95	0	0	0
1.4791083881682102e-8	0	0	0	0	0	0	7.882322323294204e-15	0	0	0	0	0	0	0	1.4813588464101294e-13	7.688622712589236e-48	0	4.912708970012763e-95	4.912708970012763e-95	4.912708970012763e-95	0	0	0
1.5848931924611173e-8	0	0	0	0	0	0	1.3403890742505482e-14	0	0	0	0	0	0	0	2.5190510249810366e-13	1.3074504514403225e-47	0	4.584806774828365e-95	4.584806774828365e-95	4.584806774828365e-95	0	0	0
1.698243652461746e-8	0	0	0	0	0	0	2.2793318982409975e-14	0	0	0	0	0	0	0	4.283646789456449e-13	2.2233197633334677e-47	0	4.2787906409317595e-95	4.2787906409317595e-95	4.2787906409317595e-95	0	0	0
1.8197008586099862e-8	0	0	0	0	0	0	3.876004364833313e-14	0	0	0	0	0	0	0	7.284342252284854e-13	3.780755717827281e-47	0	3.993199767859476e-95	3.993199767859476e-95	3.993199767859476e-95	0	0	0
1.9498445997580494e-8	0	0	0	0	0	0	6.591146224821566e-14	0	0	0	0	0	0	0	1.2387025508037758e-12	6.429175880869137e-47	0	3.7266708572964007e-95	3.7266708572964007e-95	3.7266708572964007e-95	0	0	0
2.0892961308540408e-8	0	0	0	0	0	0	1.1208245519849015e-13	0	0	0	0	0	0	0	2.1064139440856998e-12	1.0932814916425891e-46	0	3.47793160522668e-95	3.47793160522668e-95	3.47793160522668e-95	0	0	0
2.2387211385683424e-8	0	0	0	0	0	0	1.9059623826903353e-13	0	0	0	0	0	0	0	3.5819573480005073e-12	1.859125402876084e-46	0	3.2457946284555804e-95	3.2457946284555804e-95	3.2457946284555804e-95	0	0	0
2.3988329190194947e-8	0	0	0	0	0	0	3.241089426350778e-13	0	0	0	0	0	0	0	6.091119211837199e-12	3.1614431324801193e-46	0	3.029151796509941e-95	3.029151796509941e-95	3.029151796509941e-95	0	0	0
2.5703957827688646e-8	0	0	0	0	0	0	5.511473240502759e-13	0	0	0	0	0	0	0	1.0357949480755831e-11	5.376034701286676e-46	0	2.8269689418598372e-95	2.8269689418598372e-95	2.8269689418598372e-95	0	0	0
2.754228703338169e-8	0	0	0	0	0	0	9.372261386500866e-13	0	0	0	0	0	0	0	1.7613695236404405e-11	9.141948122524507e-46	0	2.6382809232102114e-95	2.6382809232102114e-95	2.6382809232102114e-95	0	0	0
2.95120922666639e-8	0	0	0	0	0	0	1.593753242805954e-12	0	0	0	0	0	0	0	2.9952092396022686e-11	1.5545884674986715e-45	0	2.462187018296584e-95	2.462187018296584e-95	2.462187018296584e-95	0	0	0
3.162277660168386e-8	0	0	0	0	0	0	2.710177719342189e-12	0	0	0	0	0	0	0	5.093353932034178e-11	2.64357801082395e-45	0	2.2978466241918053e-95	2.2978466241918053e-95	2.2978466241918053e-95	0	0	0
3.3884415613920346e-8	0	0	0	0	0	0	4.608657772822679e-12	0	0	0	0	0	0	0	8.661249415888462e-11	4.4954049546995166e-45	0	2.1444752445988485e-95	2.1444752445988485e-95	2.1444752445988485e-95	0	0	0
3.6307805477010175e-8	0	0	0	0	0	0	7.837023496803567e-12	0	0	0	0	0	0	0	1.4728456424834648e-10	7.644437056138689e-45	0	2.0013407449745575e-95	2.0013407449745575e-95	2.0013407449745575e-95	0	0	0
3.890451449942813e-8	0	0	0	0	0	0	1.3326860078794299e-11	0	0	0	0	0	0	0	2.504574319962768e-10	1.2999366796572866e-44	0	1.8677598576077587e-95	1.8677598576077587e-95	1.8677598576077587e-95	0	0	0
4.1686938347033635e-8	0	0	0	0	0	0	2.266232832301589e-11	0	0	0	0	0	0	0	4.2590291496123486e-10	2.2105425928798055e-44	0	1.7430949199684153e-95	1.7430949199684153e-95	1.7430949199684153e-95	0	0	0
4.4668359215096346e-8	0	0	0	0	0	0	3.853729400501225e-11	0	0	0	0	0	0	0	7.242479950651682e-10	3.7590281368350743e-44	0	1.626750830757913e-95	1.626750830757913e-95	1.626750830757913e-95	0	0	0
4.78630092322639e-8	0	0	0	0	0	0	6.55326764338041e-11	0	0	0	0	0	0	0	1.2315838655475968e-9	6.392228124910405e-44	0	1.5181722091298993e-95	1.5181722091298993e-95	1.5181722091298993e-95	0	0	0
5.128613839913659e-8	0	0	0	0	0	0	1.114383298427502e-10	0	0	0	0	0	0	0	2.0943086183354202e-9	1.0869985249777077e-43	0	1.4168407435209469e-95	1.4168407435209469e-95	1.4168407435209469e-95	0	0	0
5.495408738576248e-8	0	0	0	0	0	0	1.8950090296839382e-10	0	0	0	0	0	0	0	3.5613722390588125e-9	1.84844121676314e-43	0	1.3222727174353322e-95	1.3222727174353322e-95	1.3222727174353322e-95	0	0	0
5.888436553555896e-8	0	0	0	0	0	0	3.222463247296522e-10	0	0	0	0	0	0	0	6.0561142298215094e-9	3.143274671783861e-43	0	1.2340167003730474e-95	1.2340167003730474e-95	1.2340167003730474e-95	0	0	0
6.309573444801943e-8	0	0	0	0	0	0	5.479799419166276e-10	0	0	0	0	0	0	0	1.0298423501593719e-8	5.345139230112804e-43	0	1.1516513928784577e-95	1.1516513928784577e-95	1.1516513928784577e-95	0	0	0
6.760829753919818e-8	0	0	0	0	0	0	9.318400046761268e-10	0	0	0	0	0	0	0	1.7512471296516694e-8	9.089410367397442e-43	0	1.0747836154226676e-95	1.0747836154226676e-95	1.0747836154226676e-95	0	0	0
7.244359600749906e-8	0	0	0	0	0	0	1.5845941208682683e-9	0	0	0	0	0	0	0	2.977996106528994e-8	1.5456544211517654e-42	0	1.003046431519343e-95	1.003046431519343e-95	1.003046431519343e-95	0	0	0
7.762471166286928e-8	0	0	0	0	0	0	2.6946026305910194e-9	0	0	0	0	0	0	0	5.0640829956795664e-8	2.6283856631615285e-42	0	9.360973961145008e-96	9.360973961145008e-96	9.360973961145008e-96	0	0	0
8.317637711026726e-8	0	0	0	0	0	0	4.58217233117705e-9	0	0	0	0	0	0	0	8.611474182557874e-8	4.4695703643544084e-42	0	8.736169208887221e-96	8.736169208887221e-96	8.736169208887221e-96	0	0	0
8.912509381337478e-8	0	0	0	0	0	0	7.791984997802106e-9	0	0	0	0	0	0	0	1.4643813630251416e-7	7.600505329908473e-42	0	8.153067486684241e-96	8.153067486684241e-96	8.153067486684241e-96	0	0	0
9.549925860214369e-8	0	0	0	0	0	0	1.3250272101917264e-8	0	0	0	0	0	0	0	2.490180810991382e-7	1.2924660887022488e-41	0	7.608885296636193e-96	7.608885296636193e-96	7.608885296636193e-96	0	0	0
1.0232929922807557e-7	0	0	0	0	0	0	2.2532090452481406e-8	0	0	0	0	0	0	0	4.234552984626827e-7	2.1978388514142535e-41	0	7.101024927356712e-96	7.101024927356712e-96	7.101024927356712e-96	0	0	0
1.0964781961431874e-7	0	0	0	0	0	0	3.83158244792072e-8	0	0	0	0	0	0	0	7.200858227026877e-7	3.7374254218430565e-41	0	6.62706205352229e-96	6.62706205352229e-96	6.62706205352229e-96	0	0	0
1.1748975549395303e-7	0	0	0	0	0	0	6.515606745932009e-8	0	0	0	0	0	0	0	1.224506090583472e-6	6.355492703593928e-41	0	6.184734163098225e-96	6.184734163098225e-96	6.184734163098225e-96	0	0	0
1.2589254117941688e-7	0	0	0	0	0	0	1.1079790620367168e-7	0	0	0	0	0	0	0	2.082272860543631e-6	1.080751665822334e-40	0	5.7719297569974936e-96	5.7719297569974936e-96	5.7719297569974936e-96	0	0	0
1.3489628825916562e-7	0	0	0	0	0	0	1.8841186243755743e-7	0	0	0	0	0	0	0	3.540905430442179e-6	1.8378184314761817e-40	0	5.386678269616039e-96	5.386678269616039e-96	5.386678269616039e-96	0	0	0
1.445439770745928e-7	0	0	0	0	0	0	3.2039441108149387e-7	0	0	0	0	0	0	0	6.021310417531547e-6	3.1252106232040853e-40	0	5.027140662128871e-96	5.027140662128871e-96	5.027140662128871e-96	0	0	0
1.5488166189124826e-7	0	0	0	0	0	0	5.448307623745461e-7	0	0	0	0	0	0	0	0.00001023923961158942	5.314421311763139e-40	0	4.6916006436431985e-96	4.6916006436431985e-96	4.6916006436431985e-96	0	0	0
1.659586907437563e-7	0	0	0	0	0	0	9.264848242128522e-7	0	0	0	0	0	0	0	0.000017411829079311795	9.037174540884513e-40	0	4.3784564783019435e-96	4.3784564783019435e-96	4.3784564783019435e-96	0	0	0
1.7782794100389227e-7	0	0	0	0	0	0	1.5754876353817973e-6	0	0	0	0	0	0	0	0.00002960881895409725	1.5367717177717695e-39	0	4.086213339227743e-96	4.086213339227743e-96	4.086213339227743e-96	0	0	0
1.9054607179632522e-7	0	0	0	0	0	0	2.6791170501360103e-6	0	0	0	0	0	0	0	0.000050349802761282295	2.6132806242249618e-39	0	3.813476172808314e-96	3.813476172808314e-96	3.813476172808314e-96	0	0	0
2.0417379446695318e-7	0	0	0	0	0	0	4.555839098407205e-6	0	0	0	0	0	0	0	0.00008561985001935496	4.4438842425155535e-39	0	3.558943039260214e-96	3.558943039260214e-96	3.558943039260214e-96	0	0	0
2.1877616239495564e-7	0	0	0	0	0	0	7.74720533002544e-6	0	0	0	0	0	0	0	0.00014559657268357678	7.556826074403889e-39	0	3.3213988976811073e-96	3.3213988976811073e-96	3.3213988976811073e-96	0	0	0
2.3442288153199275e-7	0	0	0	0	0	0	0.00001317412426759283	0	0	0	0	0	0	0	0.0002475870019909171	1.2850384303994325e-38	0	3.099709805923277e-96	3.099709805923277e-96	3.099709805923277e-96	0	0	0
2.5118864315095823e-7	0	0	0	0	0	0	0.00002240260104444741	0	0	0	0	0	0	0	0.000421021748142867	2.1852081169325174e-38	0	2.8928175076005084e-96	2.8928175076005084e-96	2.8928175076005084e-96	0	0	0
2.6915348039269196e-7	0	0	0	0	0	0	0.000038095627714036735	0	0	0	0	0	0	0	0.000715947569880013	3.715946855241833e-38	0	2.6997343803890055e-96	2.6997343803890055e-96	2.6997343803890055e-96	0	0	0
2.8840315031266115e-7	0	0	0	0	0	0	0.00006478162281456319	0	0	0	0	0	0	0	0.0012174689908018216	6.318968396642089e-38	0	2.5195387215075385e-96	2.5195387215075385e-96	2.5195387215075385e-96	0	0	0
3.090295432513592e-7	0	0	0	0	0	0	0.00011016116300773846	0	0	0	0	0	0	0	0.00207030627090799	1.0745407066689876e-37	0	2.351370347871466e-96	2.351370347871466e-96	2.351370347871466e-96	0	0	0
3.3113112148259143e-7	0	0	0	0	0	0	0.00018732908050105346	0	0	0	0	0	0	0	0.0035205562422894452	1.8272566941501365e-37	0	2.1944264899175614e-96	2.1944264899175614e-96	2.1944264899175614e-96	0	0	0
3.5481338923357606e-7	0	0	0	0	0	0	0.00031855314017430766	0	0	0	0	0	0	0	0.0059867066188650665	3.1072503866946697e-37	0	2.0479579594984074e-96	2.0479579594984074e-96	2.0479579594984074e-96	0	0	0
3.8018939632056126e-7	0	0	0	0	0	0	0.0005416996808156724	0	0	0	0	0	0	0	0.010180395844792986	5.283879925860541e-37	0	1.9112655735533217e-96	1.9112655735533217e-96	1.9112655735533217e-96	0	0	0
4.0738027780411303e-7	0	0	0	0	0	0	0.0009211604193737843	0	0	0	0	0	0	0	0.017311765241691823	8.985238907834236e-37	0	1.783696816483864e-96	1.783696816483864e-96	1.783696816483864e-96	0	0	0
4.365158322401665e-7	0	0	0	0	0	0	0.001566433483850664	0	0	0	0	0	0	0	0.009019919575837549	1.5279400622963813e-36	0	1.6646427253014667e-96	1.6646427253014667e-96	1.6646427253014667e-96	0	0	0
4.677351412871981e-7	0	0	0	0	0	0	0.002663720463582833	0	0	0	0	0	0	0	0.004699633342915448	2.5982623922605523e-36	0	1.5535349826780203e-96	1.5535349826780203e-96	1.5535349826780203e-96	0	0	0
5.011872336272736e-7	0	0	0	0	0	0	0.004529657199786075	0	0	0	0	0	0	0	0.002818613380739774	4.418345735950941e-36	0	1.4498432040228374e-96	1.4498432040228374e-96	1.4498432040228374e-96	0	0	0
5.370317963702533e-7	0	0	0	0	0	0	0.007702683005999617	0	0	0	0	0	0	0	0.0016904683430382682	7.513397838703611e-36	0	1.3530724056356045e-96	1.3530724056356045e-96	1.3530724056356045e-96	0	0	0
5.754399373371578e-7	0	0	0	0	0	0	0.007719166636130825	0	0	0	0	0	0	0	0.0017281891490416024	1.2776534580195162e-35	0	1.2627606418491578e-96	1.2627606418491578e-96	1.2627606418491578e-96	0	0	0
6.165950018614835e-7	0	0	0	0	0	0	0.007735685540991905	0	0	0	0	0	0	0	0.0017667516503132594	2.1726499698716087e-35	0	1.1784767998828948e-96	1.1784767998828948e-96	1.1784767998828948e-96	0	0	0
6.606934480075964e-7	0	0	0	0	0	0	0.006751933507517636	0	0	0	0	0	0	0	0.0027530763201447984	3.6945917235649443e-35	0	1.0998185418801883e-96	1.0998185418801883e-96	1.0998185418801883e-96	0	0	0
7.079457843841387e-7	0	0	0	0	0	0	0.005893285843686764	0	0	0	0	0	0	0	0.00429003658957853	6.282653990804232e-35	0	1.0264103843059607e-96	1.0264103843059607e-96	1.0264103843059607e-96	0	0	0
7.585775750291852e-7	0	0	0	0	0	0	0.008657918504382427	0	0	0	0	0	0	0	0.007231769586212114	1.0683654412044847e-34	0	9.579019055362297e-97	9.579019055362297e-97	9.579019055362297e-97	0	0	0
8.128305161640995e-7	0	0	0	0	0	0	0.012719483632178966	0	0	0	0	0	0	0	0.012190686549179023	1.8167556539491843e-34	0	8.939660730833206e-97	8.939660730833206e-97	8.939660730833206e-97	0	0	0
8.709635899560814e-7	0	0	0	0	0	0	0.021293495806036743	0	0	0	0	0	0	0	0.01232520414999345	3.089393365659048e-34	0	8.342976824716056e-97	8.342976824716056e-97	8.342976824716056e-97	0	0	0
9.332543007969924e-7	0	0	0	0	0	0	0.03564712033549863	0	0	0	0	0	0	0	0.01246120607942672	5.25351405789256e-34	0	7.78611900311588e-97	7.78611900311588e-97	7.78611900311588e-97	0	0	0
1.e-6	0	0	0	0	0	0	0.04200006595142832	0	0	0	0	0	0	0	0.011304257342133774	8.933601743068284e-34	0	7.266429046175087e-97	7.266429046175087e-97	7.266429046175087e-97	0	0	0
1.0715193052376091e-6	0	0	0	0	0	0	0.049485218534402464	0	0	0	0	0	0	0	0.01025472440169007	1.5191591613588711e-33	0	6.781426158779059e-97	6.781426158779059e-97	6.781426158779059e-97	0	0	0
1.148153621496884e-6	0	0	0	0	0	0	0.03410390777006433	0	0	0	0	0	0	0	0.012655004096732146	2.583330468398471e-33	0	6.328795128217785e-97	6.328795128217785e-97	6.328795128217785e-97	0	0	0
1.2302687708123837e-6	0	0	0	0	0	0	0.023503513971156503	0	0	0	0	0	0	0	0.015617107044038295	4.392953996331946e-33	0	5.906375272272288e-97	5.906375272272288e-97	5.906375272272288e-97	0	0	0
1.3182567385564101e-6	0	0	0	0	0	0	0.023700993140973067	0	0	0	0	0	0	0	0.018733649983959686	7.470219180224949e-33	0	5.512150124969109e-97	5.512150124969109e-97	5.512150124969109e-97	0	0	0
1.4125375446227554e-6	0	0	0	0	0	0	0.023900131553001504	0	0	0	0	0	0	0	0.022472128847671524	1.270310926251306e-32	0	5.144237810766101e-97	5.144237810766101e-97	5.144237810766101e-97	0	0	0
1.5135612484362104e-6	0	0	0	0	0	0	0.022020369395707236	0	0	0	0	0	0	0	0.023164279615003544	2.1601639930796258e-32	0	4.800882061219957e-97	4.800882061219957e-97	4.800882061219957e-97	0	0	0
1.6218100973589331e-6	0	0	0	0	0	0	0.020288451854253875	0	0	0	0	0	0	0	0.023877748909297076	3.673359317445349e-32	0	4.480443831252646e-97	4.480443831252646e-97	4.480443831252646e-97	0	0	0
1.7378008287493763e-6	0	0	0	0	0	0	0.025247288878798627	0	0	0	0	0	0	0	0.025693393618186774	6.246548279801977e-32	0	4.1813934749958866e-97	4.1813934749958866e-97	4.1813934749958866e-97	0	0	0
1.8620871366628694e-6	0	0	0	0	0	0	0.031418148625069635	0	0	0	0	0	0	0	0.02764709848180252	1.062225664301081e-31	0	3.9023034438643846e-97	3.9023034438643846e-97	3.9023034438643846e-97	0	0	0
1.995262314968883e-6	0	0	0	0	0	0	0.029215987220826887	0	0	0	0	0	0	0	0.029973798161684592	1.8063149620538702e-31	0	3.6418414720013443e-97	3.6418414720013443e-97	3.6418414720013443e-97	0	0	0
2.1379620895022326e-6	0	0	0	0	0	0	0.027168179750936217	0	0	0	0	0	0	0	0.032496306143256194	3.071638966929461e-31	0	3.398764216566104e-97	3.398764216566104e-97	3.398764216566104e-97	0	0	0
2.2908676527677747e-6	0	0	0	0	0	0	0.026022947898069262	0	0	0	0	0	0	0	0.03310182252539869	5.2233226991774205e-31	0	3.1719113225052313e-97	3.1719113225052313e-97	3.1719113225052313e-97	0	0	0
2.4547089156850335e-6	0	0	0	0	0	0	0.024925991491288397	0	0	0	0	0	0	0	0.03371862173111586	8.882261331322727e-31	0	2.9601998834746765e-97	2.9601998834746765e-97	2.9601998834746765e-97	0	0	0
2.6302679918953817e-6	0	0	0	0	0	0	0.025953392405207908	0	0	0	0	0	0	0	0.03312190400353511	1.5104287232786579e-30	0	2.7626192724714976e-97	2.7626192724714976e-97	2.7626192724714976e-97	0	0	0
2.8183829312644606e-6	0	0	0	0	0	0	0.027023140787563963	0	0	0	0	0	0	0	0.03253574637681653	2.5684843566356596e-30	0	2.578226317498673e-97	2.578226317498673e-97	2.578226317498673e-97	0	0	0
3.0199517204020193e-6	0	0	0	0	0	0	0.028472005247878403	0	0	0	0	0	0	0	0.03336797750507284	4.3677081802057405e-30	0	2.4061407992336285e-97	2.4061407992336285e-97	2.4061407992336285e-97	0	0	0
3.2359365692962877e-6	0	0	0	0	0	0	0.029998551582437763	0	0	0	0	0	0	0	0.03422149625472923	7.427288664675393e-30	0	2.2455412492078916e-97	2.2455412492078916e-97	2.2455412492078916e-97	0	0	0
3.4673685045253236e-6	0	0	0	0	0	0	0.0288424427848901	0	0	0	0	0	0	0	0.03140981120676155	1.2630105911933837e-29	0	2.095661028440312e-97	2.095661028440312e-97	2.095661028440312e-97	0	0	0
3.7153522909717276e-6	0	0	0	0	0	0	0.0277308890568795	0	0	0	0	0	0	0	0.028829138056991457	2.1477497718021934e-29	0	1.9557846678045692e-97	1.9557846678045692e-97	1.9557846678045692e-97	0	0	0
3.981071705534978e-6	0	0	0	0	0	0	0.032764374430250695	0	0	0	0	0	0	0	0.0341007436760554	3.65224893159296e-29	0	1.8252444526614278e-97	1.8252444526614278e-97	1.8252444526614278e-97	0	0	0
4.265795188015934e-6	0	0	0	0	0	0	0.038711497118024574	0	0	0	0	0	0	0	0.04033629853799969	6.2106500642897e-29	0	1.7034172354521263e-97	1.7034172354521263e-97	1.7034172354521263e-97	0	0	0
4.570881896148752e-6	0	0	0	0	0	0	0.03484508572352336	0	0	0	0	0	0	0	0.04266014167360154	1.0561211720099851e-28	0	1.58972146103742e-97	1.58972146103742e-97	1.58972146103742e-97	0	0	0
4.897788193684467e-6	0	0	0	0	0	0	0.03136484221671586	0	0	0	0	0	0	0	0.04511786538611841	1.795934271649152e-28	0	1.4836143905824474e-97	1.4836143905824474e-97	1.4836143905824474e-97	0	0	0
5.248074602497734e-6	0	0	0	0	0	0	0.03328054033519486	0	0	0	0	0	0	0	0.042776855759978485	3.0539866007471193e-28	0	1.3845895107353752e-97	1.3845895107353752e-97	1.3845895107353752e-97	0	0	0
5.623413251903491e-6	0	0	0	0	0	0	0.03531324523648489	0	0	0	0	0	0	0	0.04055731300783153	5.193304846829704e-28	0	1.2921741157321923e-97	1.2921741157321923e-97	1.2921741157321923e-97	0	0	0
6.0255958607435935e-6	0	0	0	0	0	0	0.03754202576421066	0	0	0	0	0	0	0	0.04132097005525221	8.831215967190895e-28	0	1.2059270508856143e-97	1.2059270508856143e-97	1.2059270508856143e-97	0	0	0
6.4565422903465625e-6	0	0	0	0	0	0	0.039911474831673	0	0	0	0	0	0	0	0.04209900606525282	1.5017484580512733e-27	0	1.1254366066864331e-97	1.1254366066864331e-97	1.1254366066864331e-97	0	0	0
6.9183097091893625e-6	0	0	0	0	0	0	0.041173461177478915	0	0	0	0	0	0	0	0.044763603919164605	2.5537235638193435e-27	0	1.0503185534644868e-97	1.0503185534644868e-97	1.0503185534644868e-97	0	0	0
7.413102413009192e-6	0	0	0	0	0	0	0.04247535107342252	0	0	0	0	0	0	0	0.04759685377669098	4.342607448965937e-27	0	9.80214307227604e-98	9.80214307227604e-98	9.80214307227604e-98	0	0	0
7.943282347242822e-6	0	0	0	0	0	0	0.04505369287825121	0	0	0	0	0	0	0	0.048551276505873917	7.384604866005644e-27	0	9.14789217922906e-98	9.14789217922906e-98	9.14789217922906e-98	0	0	0
8.511380382023777e-6	0	0	0	0	0	0	0.04778854537209197	0	0	0	0	0	0	0	0.04952483753252205	1.2557522103458794e-26	0	8.537309719492675e-98	8.537309719492675e-98	8.537309719492675e-98	0	0	0
9.120108393559115e-6	6.05768542443889e-19	6.042681791162055e-19	0	0	0	0	0.048265555093636815	0	0	0	0	0	0	0	0.052096051172985616	2.1354068936684286e-26	0	7.967481012952488e-98	7.967481012952488e-98	7.967481012952488e-98	0	0	0
9.772372209558111e-6	1.0301095318365497e-18	1.0275581636872076e-18	0	0	0	0	0.04874732617112307	0	0	0	0	0	0	0	0.05480075620714731	3.631259864771007e-26	0	7.435685921856287e-98	7.435685921856287e-98	7.435685921856287e-98	0	0	0
0.000010471285480509006	1.751701472149085e-18	1.747362870082925e-18	0	0	0	0	0.052730245415801964	0	0	0	0	0	0	0	0.056128194908619096	6.174958151813858e-26	0	6.939385865948016e-98	6.939385865948016e-98	6.939385865948016e-98	0	0	0
0.000011220184543019652	2.97876871603985e-18	2.9713909223281116e-18	0	0	0	0	0.05703859062649021	0	0	0	0	0	0	0	0.05748778815736558	1.0500517615545455e-25	0	6.476211704285833e-98	6.476211704285833e-98	6.476211704285833e-98	0	0	0
0.000012022644346174132	5.065396818312821e-18	5.052850878578645e-18	0	0	0	0	0.05787093566135931	0	0	0	0	0	0	0	0.058267272280158856	1.7856132379131013e-25	0	6.043952425896573e-98	6.043952425896573e-98	6.043952425896573e-98	0	0	0
0.000012882495516931348	8.613708338217261e-18	8.592373965101942e-18	0	0	0	0	0.058715426828337434	0	0	0	0	0	0	0	0.0590573255258415	3.0364356807422276e-25	0	5.640544595280382e-98	5.640544595280382e-98	5.640544595280382e-98	0	0	0
0.000013803842646028866	1.4647612812413336e-17	1.4611333706513807e-17	0	0	0	0	0.05792915184629314	0	0	0	0	0	0	0	0.06111193876366943	5.163459503727978e-25	0	5.264062502382636e-98	5.264062502382636e-98	5.264062502382636e-98	0	0	0
0.000014791083881682102	2.4908268619967156e-17	2.484657599287404e-17	0	0	0	0	0.05715340609618639	0	0	0	0	0	0	0	0.06323803230507438	8.780463955067405e-25	0	4.9127089700127625e-98	4.9127089700127625e-98	4.9127089700127625e-98	0	0	0
0.00001584893192461114	4.2356515944950173e-17	4.2251607619806256e-17	0	0	0	0	0.06085096792598186	0	0	0	0	0	0	0	0.06534567886201584	1.4931180773389428e-24	0	4.584806774828373e-98	4.584806774828373e-98	4.584806774828373e-98	0	0	0
0.00001698243652461746	7.202726413335208e-17	7.184886750472711e-17	0	0	0	0	0.06478774495604335	0	0	0	0	0	0	0	0.06752357071039172	2.5390475996313997e-24	0	4.27879064093176e-98	4.27879064093176e-98	4.27879064093176e-98	0	0	0
0.000018197008586099864	1.2248237757038876e-16	1.22179014066479e-16	0	0	0	0	0.06894586409462942	0	0	0	0	0	0	0	0.06979644899744755	4.3176509688258064e-24	0	3.993199767859476e-98	3.993199767859476e-98	3.993199767859476e-98	0	0	0
0.000019498445997580493	2.0828130841567021e-16	2.0776543871446707e-16	0	0	0	0	0.07337085399376507	0	0	0	0	0	0	0	0.07214583354229537	7.3421663663609e-24	0	3.726670857296401e-98	3.726670857296401e-98	3.726670857296401e-98	0	0	0
0.00002089296130854041	3.541824080807952e-16	3.533051715470972e-16	0	0	0	0	0.0758497447215322	0	0	0	0	0	0	0	0.07743969272719138	1.2485355426026788e-23	0	3.47793160522668e-98	3.47793160522668e-98	3.47793160522668e-98	0	0	0
0.000022387211385683423	6.022872582669064e-16	6.007955173597359e-16	0	0	0	0	0.07841238667891927	0	0	0	0	0	0	0	0.08312200047097938	2.1231349486771027e-23	0	3.245794628455581e-98	3.245794628455581e-98	3.245794628455581e-98	0	0	0
0.000023988329190194948	1.024189607372884e-15	1.0216529016514093e-15	0	0	0	0	0.07960659765738048	0	0	0	0	0	0	0	0.08534304497307395	3.6103914197726787e-23	0	3.02915179650994e-98	3.02915179650994e-98	3.02915179650994e-98	0	0	0
0.000025703957827688645	1.7416346393729664e-15	1.7373209707684448e-15	0	0	0	0	0.08081899632176093	0	0	0	0	0	0	0	0.0876234364429069	6.139471356773619e-23	0	2.8269689418598376e-98	2.8269689418598376e-98	2.8269689418598376e-98	0	0	0
0.00002754228703338169	2.9616500648199972e-15	2.9543146704649606e-15	0	0	0	0	0.08264314750279611	0	0	0	0	0	0	0	0.08992557047716856	1.0440172313232956e-22	0	2.6382809232102103e-98	2.6382809232102103e-98	2.6382809232102103e-98	0	0	0
0.0000295120922666639	5.036286548369463e-15	5.023812708750053e-15	0	0	0	0	0.08450847127545846	0	0	0	0	0	0	0	0.09228818857056845	1.7753515180055583e-22	0	2.462187018296584e-98	2.462187018296584e-98	2.462187018296584e-98	0	0	0
0.000031622776601683856	8.564206318152234e-15	8.54299455129707e-15	0	0	0	0	0.08728861057535432	0	0	0	0	0	0	0	0.09255320863491652	3.018985623915092e-22	0	2.2978466241918054e-98	2.2978466241918054e-98	2.2978466241918054e-98	0	0	0
0.000033884415613920276	1.456343461704355e-14	1.4527364003115045e-14	0	0	0	0	0.09016021022721389	0	0	0	0	0	0	0	0.09281898974610656	5.1337856784804665e-22	0	2.1444752445988527e-98	2.1444752445988527e-98	2.1444752445988527e-98	0	0	0
0.000036307805477010174	2.4765123581314554e-14	2.470378549486142e-14	0	0	0	0	0.0936170594626851	0	0	0	0	0	0	0	0.09494695386863553	8.730003609091e-22	0	2.0013407449745575e-98	2.0013407449745575e-98	2.0013407449745575e-98	0	0	0
0.00003890451449942813	4.211309777708656e-14	4.200879234837399e-14	0	0	0	0	0.09720644839173742	0	0	0	0	0	0	0	0.0971237036040991	1.4845372944609846e-21	0	1.867759857607759e-98	1.867759857607759e-98	1.867759857607759e-98	0	0	0
0.00004168693834703355	7.161333148850498e-14	7.143596008538545e-14	0	0	0	0	0.09975944900209004	0	0	0	0	0	0	0	0.10003958614145649	2.524455976570957e-21	0	1.743094919968419e-98	1.743094919968419e-98	1.743094919968419e-98	0	0	0
0.00004466835921509635	1.2177848502212887e-13	1.2147686491440385e-13	0	0	0	0	0.1023795008443749	0	0	0	0	0	0	0	0.10304301034635865	4.292837910790657e-21	0	1.626750830757913e-98	1.626750830757913e-98	1.626750830757913e-98	0	0	0
0.0000478630092322639	2.0708433899163077e-13	2.065714339359999e-13	0	0	0	0	0.10591595560428523	0	0	0	0	0	0	0	0.10928872070548838	7.299971756035202e-21	0	1.5181722091298997e-98	1.5181722091298997e-98	1.5181722091298997e-98	0	0	0
0.00005128613839913659	3.521469613274187e-13	3.5127476617413145e-13	0	0	0	0	0.10957456872759533	0	0	0	0	0	0	0	0.11591300014716845	1.2413603482432574e-20	0	1.4168407435209468e-98	1.4168407435209468e-98	1.4168407435209468e-98	0	0	0
0.00005495408738576248	5.988259806413727e-13	5.973428126026394e-13	0	0	0	0	0.1136973207969571	0	0	0	0	0	0	0	0.12008256366921333	2.1109335291833437e-20	0	1.3222727174353321e-98	1.3222727174353321e-98	1.3222727174353321e-98	0	0	0
0.00005888436553555896	1.0183037040541222e-12	1.0157815764971996e-12	0	0	0	0	0.11797519174858206	0	0	0	0	0	0	0	0.12440211261086055	3.58964290339763e-20	0	1.2340167003730475e-98	1.2340167003730475e-98	1.2340167003730475e-98	0	0	0
0.00006309573444801943	1.7316256595608713e-12	1.7273367811281816e-12	0	0	0	0	0.12383273512644902	0	0	0	0	0	0	0	0.12711623575610262	6.104188500382374e-20	0	1.1516513928784577e-98	1.1516513928784577e-98	1.1516513928784577e-98	0	0	0
0.00006760829753919819	2.944629792577378e-12	2.9373365539146857e-12	0	0	0	0	0.12998110926216525	0	0	0	0	0	0	0	0.12988957384788394	1.0380173808635144e-19	0	1.0747836154226674e-98	1.0747836154226674e-98	1.0747836154226674e-98	0	0	0
0.00007244359600749906	5.007343571897121e-12	4.994941418041312e-12	0	0	0	0	0.1351254835621757	0	0	0	0	0	0	0	0.13507817540896047	1.7651487710565233e-19	0	1.003046431519343e-98	1.003046431519343e-98	1.003046431519343e-98	0	0	0
0.00007762471166286927	8.514988780669095e-12	8.49389891546967e-12	0	0	0	0	0.14047346119415438	0	0	0	0	0	0	0	0.14047404215200818	3.0016358506160324e-19	0	9.36097396114501e-99	9.36097396114501e-99	9.36097396114501e-99	0	0	0
0.00008317637711026725	1.4479740184364416e-11	1.4443876864226611e-11	0	0	0	0	0.14378432841774463	0	0	0	0	0	0	0	0.14491739648250604	5.104282385393651e-19	0	8.73616920888722e-99	8.73616920888722e-99	8.73616920888722e-99	0	0	0
0.00008912509381337459	2.4622801181215678e-11	2.456181559789675e-11	0	0	0	0	0.14717323060736406	0	0	0	0	0	0	0	0.14950129918339258	8.679833253088611e-19	0	8.153067486684257e-99	8.153067486684257e-99	8.153067486684257e-99	0	0	0
0.00009549925860214369	4.187107850625428e-11	4.1767372509194584e-11	0	0	0	0	0.15250960434631758	0	0	0	0	0	0	0	0.1551429325538548	1.4760058243841382e-18	0	7.608885296636194e-99	7.608885296636194e-99	7.608885296636194e-99	0	0	0
0.00010232929922807557	7.120177766835021e-11	7.10254255988802e-11	0	0	0	0	0.15803947037027616	0	0	0	0	0	0	0	0.16099746057647435	2.5099482099390262e-18	0	7.101024927356713e-99	7.101024927356713e-99	7.101024927356713e-99	0	0	0
0.00010964781961431851	1.2107863766575543e-10	1.2077875093511195e-10	0	0	0	0	0.16323430739727132	0	0	0	0	0	0	0	0.16466217638598005	4.268167450629629e-18	0	6.6270620535223016e-99	6.6270620535223016e-99	6.6270620535223016e-99	0	0	0
0.00011748975549395303	2.0589424841722336e-10	2.0538429096968015e-10	0	0	0	0	0.1685999013350165	0	0	0	0	0	0	0	0.16841031054206265	7.258019633423673e-18	0	6.184734163098225e-99	6.184734163098225e-99	6.184734163098225e-99	0	0	0
0.00012589254117941688	3.5012321205926304e-10	3.492560293141406e-10	0	0	0	0	0.17249330245989128	0	0	0	0	0	0	0	0.17483232811959146	1.2342263889246728e-17	0	5.771929756997493e-99	5.771929756997493e-99	5.771929756997493e-99	0	0	0
0.0001348962882591656	5.95384594591906e-10	5.939099501542945e-10	0	0	0	0	0.17647661213274896	0	0	0	0	0	0	0	0.18149923753084007	2.0988022298851952e-17	0	5.386678269616038e-99	5.386678269616038e-99	5.386678269616038e-99	0	0	0
0.0001445439770745928	1.0124516263645238e-9	1.0099439931930736e-9	0	0	0	0	0.18279638844740093	0	0	0	0	0	0	0	0.18697812578460574	3.569013626429566e-17	0	5.02714066212887e-99	5.02714066212887e-99	5.02714066212887e-99	0	0	0
0.00015488166189124827	1.7216742002381898e-9	1.7174099695109899e-9	0	0	0	0	0.18934248128175718	0	0	0	0	0	0	0	0.19262240435573838	6.069108410627402e-17	0	4.6916006436431984e-99	4.6916006436431984e-99	4.6916006436431984e-99	0	0	0
0.00016595869074375631	2.927707333938974e-9	2.9204560087045577e-9	0	0	0	0	0.19533687066859257	0	0	0	0	0	0	0	0.1999403412978781	1.0320520108744336e-16	0	4.378456478301944e-99	4.378456478301944e-99	4.378456478301944e-99	0	0	0
0.00017782794100389227	4.97856692747905e-9	4.966236047416701e-9	0	0	0	0	0.20152103629516852	0	0	0	0	0	0	0	0.20753629471098922	1.7550046581550849e-16	0	4.086213339227742e-99	4.086213339227742e-99	4.086213339227742e-99	0	0	0
0.00019054607179632481	8.46605409087833e-9	8.44508542677951e-9	0	0	0	0	0.20885248953731728	0	0	0	0	0	0	0	0.21341187785627952	2.9843857845269275e-16	0	3.8134761728083224e-99	3.8134761728083224e-99	3.8134761728083224e-99	0	0	0
0.00020417379446695317	1.4396526734244807e-8	1.4360869516603614e-8	0	0	0	0	0.21645066533920526	0	0	0	0	0	0	0	0.21945380529014558	5.074948644438016e-16	0	3.5589430392602144e-99	3.5589430392602144e-99	3.5589430392602144e-99	0	0	0
0.00021877616239495564	2.448129669206016e-8	2.4420661586079184e-8	0	0	0	0	0.22376625260293723	0	0	0	0	0	0	0	0.22568798451258223	8.629951220520716e-16	0	3.3213988976811073e-99	3.3213988976811073e-99	3.3213988976811073e-99	0	0	0
0.00023442288153199226	4.163045009314976e-8	4.152734008287598e-8	0	0	0	0	0.23132909166850374	0	0	0	0	0	0	0	0.2320992624666914	1.4675233837132634e-15	0	3.099709805923284e-99	3.099709805923284e-99	3.099709805923284e-99	0	0	0
0.0002511886431509582	7.079258900204925e-8	7.061725040823207e-8	0	0	0	0	0.23878701423872506	0	0	0	0	0	0	0	0.23868668911880309	2.4955238178221042e-15	0	2.8928175076005084e-99	2.8928175076005084e-99	2.8928175076005084e-99	0	0	0
0.00026915348039269194	1.2038281225399763e-7	1.2008464893891162e-7	0	0	0	0	0.2464853761270723	0	0	0	0	0	0	0	0.24546107969934713	4.243638768848569e-15	0	2.699734380389006e-99	2.699734380389006e-99	2.699734380389006e-99	0	0	0
0.00028840315031266115	2.047109971604767e-7	2.0420397038144497e-7	0	0	0	0	0.2535742577988412	0	0	0	0	0	0	0	0.25232920341484066	7.216308604976925e-15	0	2.5195387215075385e-99	2.5195387215075385e-99	2.5195387215075385e-99	0	0	0
0.0003090295432513592	3.4811109305218846e-7	3.4724889390947717e-7	0	0	0	0	0.2608670146219304	0	0	0	0	0	0	0	0.25938950066525435	1.2271334276737278e-14	0	2.3513703478714656e-99	2.3513703478714656e-99	2.3513703478714656e-99	0	0	0
0.0003311311214825914	5.919629858038214e-7	5.904968159831408e-7	0	0	0	0	0.2688875325776018	0	0	0	0	0	0	0	0.26745391790266765	2.0867406478095684e-14	0	2.1944264899175613e-99	2.1944264899175613e-99	2.1944264899175613e-99	0	0	0
0.000354813389233576	1.0066331799120165e-6	1.0041399578284114e-6	0	0	0	0	0.2771546463260389	0	0	0	0	0	0	0	0.2757690577992951	3.5485029036128884e-14	0	2.0479579594984075e-99	2.0479579594984075e-99	2.0479579594984075e-99	0	0	0
0.00038018939632056124	1.711779930841095e-6	1.7075402061717591e-6	0	0	0	0	0.2852348033120537	0	0	0	0	0	0	0	0.2843865422687904	6.034229922231274e-14	0	1.9112655735533216e-99	1.9112655735533216e-99	1.9112655735533216e-99	0	0	0
0.00040738027780411304	2.9108821267808103e-6	2.9036724741028655e-6	0	0	0	0	0.29355052891574906	0	0	0	0	0	0	0	0.29327331379744587	1.0261209232005868e-13	0	1.783696816483864e-99	1.783696816483864e-99	1.783696816483864e-99	0	0	0
0.00043651583224016654	4.949955659223435e-6	4.937695643352003e-6	0	0	0	0	0.3026581500995378	0	0	0	0	0	0	0	0.30250632801691835	1.7449188423378499e-13	0	1.6646427253014667e-99	1.6646427253014667e-99	1.6646427253014667e-99	0	0	0
0.00046773514128719906	8.417400623286355e-6	8.396552463758825e-6	0	0	0	0	0.31204834193286274	0	0	0	0	0	0	0	0.3120300217751228	2.9672348526416914e-13	0	1.5535349826780172e-99	1.5535349826780172e-99	1.5535349826780172e-99	0	0	0
0.0005011872336272725	8.01385562631116e-6	7.994006964235381e-6	0	0	0	0	0.3197572874563138	0	0	0	0	0	0	0	0.32012610845534195	5.045783481216383e-13	0	1.4498432040228402e-99	1.4498432040228402e-99	1.4498432040228402e-99	0	0	0
0.0005370317963702533	7.629657286560828e-6	7.610760204270282e-6	0	0	0	0	0.32765667732154685	0	0	0	0	0	0	0	0.32843226024135036	8.580355854424411e-13	0	1.3530724056356043e-99	1.3530724056356043e-99	1.3530724056356043e-99	0	0	0
0.0005754399373371578	4.88234213515385e-6	4.870249583990233e-6	0	0	0	0	0.3352483038437483	0	0	0	0	0	0	0	0.33657490417053093	1.4590896906818407e-12	0	1.2627606418491578e-99	1.2627606418491578e-99	1.2627606418491578e-99	0	0	0
0.0006165950018614823	3.1242903618602657e-6	3.116552141144693e-6	0	0	0	0	0.34301582421228793	0	0	0	0	0	0	0	0.3449194242799276	2.4811823210761285e-12	0	1.178476799882897e-99	1.178476799882897e-99	1.178476799882897e-99	0	0	0
0.0006606934480075965	3.5643616383449505e-6	3.5555334521416645e-6	0	0	0	0	0.3518812573017325	0	0	0	0	0	0	0	0.35408144874566855	4.219251050662936e-12	0	1.0998185418801883e-99	1.0998185418801883e-99	1.0998185418801883e-99	0	0	0
0.0007079457843841388	4.066419063988822e-6	4.056347385433176e-6	0	0	0	0	0.36097582239709475	0	0	0	0	0	0	0	0.3634868422025467	7.174837285153269e-12	0	1.0264103843059607e-99	1.0264103843059607e-99	1.0264103843059607e-99	0	0	0
0.0007585775750291852	6.520492117048346e-6	6.504342207362657e-6	0	0	0	0	0.36927107203294945	0	0	0	0	0	0	0	0.37181218189908655	1.2200812288791823e-11	0	9.579019055362295e-100	9.579019055362295e-100	9.579019055362295e-100	0	0	0
0.0008128305161640995	0.000010455591708441353	0.000010429695371359635	0	0	0	0	0.37775694708538854	0	0	0	0	0	0	0	0.380328206024925	2.074748382299415e-11	0	8.939660730833207e-100	8.939660730833207e-100	8.939660730833207e-100	0	0	0
0.0008709635899560814	0.000010557417220966557	0.000010531268683161133	0	0	0	0	0.386006166674388	0	0	0	0	0	0	0	0.38920546236918396	3.52811005363013e-11	0	8.342976824716058e-100	8.342976824716058e-100	8.342976824716058e-100	0	0	0
0.0009332543007969925	0.000010660234397597431	0.000010633831202921496	0	0	0	0	0.39443552755358086	0	0	0	0	0	0	0	0.39828992311993494	5.999551876613822e-11	0	7.786119003115879e-100	7.786119003115879e-100	7.786119003115879e-100	0	0	0
0.001	9.762665728847489e-6	9.738485626029772e-6	0	0	0	0	0.40281805732859405	0	0	0	0	0	0	0	0.4063513239011135	1.0202239208253897e-10	0	7.266429046175087e-100	7.266429046175087e-100	7.266429046175087e-100	0	0	0
0.001071519305237607	8.940670399770273e-6	8.918526209286834e-6	0	0	0	0	0.4113787323276567	0	0	0	0	0	0	0	0.4145758876919051	1.7348909885779852e-10	0	6.781426158779073e-100	6.781426158779073e-100	6.781426158779073e-100	0	0	0
0.001148153621496884	5.019047338859228e-6	5.006616197194509e-6	0	0	0	0	0.41974224076828925	0	0	0	0	0	0	0	0.4224539310777503	2.950182485247024e-10	0	6.328795128217785e-100	6.328795128217785e-100	6.328795128217785e-100	0	0	0
0.0012302687708123836	2.817555626517394e-6	2.810577124268514e-6	0	0	0	0	0.4282757829708539	0	0	0	0	0	0	0	0.4304816782197275	5.016785926931494e-10	0	5.906375272272288e-100	5.906375272272288e-100	5.906375272272288e-100	0	0	0
0.0013182567385564075	2.435044650513622e-6	2.4290135487991425e-6	0	0	0	0	0.43624179620519005	0	0	0	0	0	0	0	0.43828902292310695	8.531045507359437e-10	0	5.51215012496912e-100	5.51215012496912e-100	5.51215012496912e-100	0	0	0
0.0014125375446227555	2.104463313586466e-6	2.0992509934362113e-6	0	0	0	0	0.44435597884198413	0	0	0	0	0	0	0	0.446237963969378	1.4507044651425767e-9	0	5.1442378107661e-100	5.1442378107661e-100	5.1442378107661e-100	0	0	0
0.0015135612484362103	3.077420817692733e-6	3.0697986831393223e-6	0	0	0	0	0.4518641091742824	0	0	0	0	0	0	0	0.4532965738848056	2.466923243310673e-9	0	4.800882061219958e-100	4.800882061219958e-100	4.800882061219958e-100	0	0	0
0.0016218100973589332	4.500206217911577e-6	4.48906013833942e-6	0	0	0	0	0.4594991018056626	0	0	0	0	0	0	0	0.46046683717345815	4.195003485970757e-9	0	4.480443831252647e-100	4.480443831252647e-100	4.480443831252647e-100	0	0	0
0.0017378008287493763	7.529332048640128e-6	7.510683451203567e-6	0	0	0	0	0.4656025316301605	0	0	0	0	0	0	0	0.4651601170362969	7.13360429637432e-9	0	4.181393474995886e-100	4.181393474995886e-100	4.181393474995886e-100	0	0	0
0.0018620871366628695	0.000012597387398168567	0.000012566186276366098	3.898081580383986e-100	3.8884268389411056e-100	0	0	0.4717870320279762	0	0	0	0	0	0	0	0.4699012328649264	1.213069558283681e-8	0	3.902303443864384e-100	3.902303443864384e-100	3.902303443864384e-100	0	0	0
0.001995262314968883	0.000012405592068865329	0.000012374865984405255	3.6379013997508845e-100	3.6288910707762333e-100	0	0	0.4756921717366314	0	0	0	0	0	0	0	0.4743104978156072	2.0628250350001685e-8	0	3.6418414720013443e-100	3.6418414720013443e-100	3.6418414720013443e-100	0	0	0
0.0021379620895022326	0.000012216716825067089	0.000012186458545501869	3.3950871271929117e-100	3.3866781989257227e-100	0	0	0.47962963559815364	0	0	0	0	0	0	0	0.4787611366041192	3.50783439907925e-8	0	3.398764216566104e-100	3.398764216566104e-100	3.398764216566104e-100	0	0	0
0.0022908676527677745	0.000010681893860704165	0.000010655437020020096	3.1684796630332843e-100	3.160631994562837e-100	0	0	0.4828817287504125	0	0	0	0	0	0	0	0.4818131404484894	5.96507312185241e-8	0	3.171911322505231e-100	3.171911322505231e-100	3.171911322505231e-100	0	0	0
0.0024547089156850338	9.33989533237155e-6	9.316762344341827e-6	2.9569972725136116e-100	2.949673402162338e-100	0	0	0.4861558724789625	0	0	0	0	0	0	0	0.4848846001900785	1.0143608078644232e-7	0	2.9601998834746765e-100	2.9601998834746765e-100	2.9601998834746765e-100	0	0	0
0.002630267991895387	7.65437636615958e-6	7.635418059823998e-6	2.759630422018299e-100	2.7527953885144925e-100	0	0	0.48774093232233107	0	0	0	0	0	0	0	0.48672137834839235	1.7249207637740394e-7	0	2.762619272471492e-100	2.762619272471492e-100	2.762619272471492e-100	0	0	0
0.002818382931264455	6.273033633659122e-6	6.257496627430098e-6	2.575436959958797e-100	2.569058135545278e-100	0	0	0.4893311600858043	0	0	0	0	0	0	0	0.48856511435606215	2.933228115903773e-7	0	2.578226317498679e-100	2.578226317498679e-100	2.578226317498679e-100	0	0	0
0.003019951720402019	6.1985427709478e-6	6.183190263171286e-6	2.4035376193130736e-100	2.397584553995129e-100	0	0	0.4907424868511011	0	0	0	0	0	0	0	0.489089525580192	4.987955018353256e-7	0	2.4061407992336286e-100	2.4061407992336286e-100	2.4061407992336286e-100	0	0	0
0.0032359365692962876	6.1249364704676934e-6	6.1097662702660846e-6	2.2431118203512857e-100	2.237556096540388e-100	0	0	0.49215788415880557	0	0	0	0	0	0	0	0.4896144996916912	8.482018541353597e-7	0	2.245541249207892e-100	2.245541249207892e-100	2.245541249207892e-100	0	0	0
0.0034673685045253167	6.26940481799572e-6	6.253876799592182e-6	2.093393753511408e-100	2.0882088503708476e-100	0	0	0.49091265111602855	0	0	0	0	0	0	0	0.4892214835005542	1.4423674285582667e-6	0	2.0956610284403163e-100	2.0956610284403163e-100	2.0956610284403163e-100	0	0	0
0.003715352290971728	6.4172807279593915e-6	6.401386451526898e-6	1.9536687237260765e-100	1.9488298905709328e-100	0	0	0.48967056869905834	0	0	0	0	0	0	0	0.48882878278562675	2.4527461108730386e-6	0	1.9557846678045694e-100	1.9557846678045694e-100	1.9557846678045694e-100	0	0	0
0.003981071705534978	6.407916081750707e-6	6.392044999609043e-6	1.823269738749928e-100	1.818753876897051e-100	0	0	0.4871641766283746	0	0	0	0	0	0	0	0.4860219450519721	2.2743970798108463e-6	0	1.8252444526614276e-100	1.8252444526614276e-100	1.8252444526614276e-100	0	0	0
0.004265795188015935	6.3985651012366275e-6	6.382717179538694e-6	1.7015743252013757e-100	1.6973598777053732e-100	0	0	0.4846706135934008	0	0	0	0	0	0	0	0.4832312240821837	2.1090165238549272e-6	0	1.7034172354521262e-100	1.7034172354521262e-100	1.7034172354521262e-100	0	0	0
0.004570881896148752	6.836460051872037e-6	6.81952755499517e-6	1.588001557119924e-100	1.5840684058687966e-100	0	0	0.4803123037708195	0	0	0	0	0	0	0	0.4789446465209592	2.4987805481841393e-6	0	1.5897214610374198e-100	1.5897214610374198e-100	1.5897214610374198e-100	0	0	0
0.004897788193684466	7.304322969506022e-6	7.286231672997266e-6	1.4820092828544874e-100	1.4783386525336875e-100	0	0	0.47599318523398354	0	0	0	0	0	0	0	0.4746960937111847	2.96057624838836e-6	0	1.4836143905824479e-100	1.4836143905824479e-100	1.4836143905824479e-100	0	0	0
0.005248074602497733	6.184979393225335e-6	6.169660479128775e-6	1.383091537045014e-100	1.3796659055114918e-100	0	0	0.47019313714323835	0	0	0	0	0	0	0	0.46868073890152684	2.9574860017706988e-6	0	1.3845895107353756e-100	1.3845895107353756e-100	1.3845895107353756e-100	0	0	0
0.005623413251903491	5.23716848971824e-6	5.224197107098748e-6	1.290776125343182e-100	1.2875791399815765e-100	0	0	0.46446376350519264	0	0	0	0	0	0	0	0.4627416107429109	2.95439898074946e-6	0	1.2921741157321926e-100	1.2921741157321926e-100	1.2921741157321926e-100	0	0	0
0.0060255958607435805	5.326559131721257e-6	5.313366346979167e-6	1.2046223703426e-100	1.2016387700042967e-100	0	0	0.45702841781870873	0	0	0	0	0	0	0	0.4557392385451552	1.7208196372365052e-6	0	1.205927050885617e-100	1.205927050885617e-100	1.205927050885617e-100	0	0	0
0.006456542290346563	5.417475538437263e-6	5.404057572569109e-6	1.1242190079584963e-100	1.1214345501109153e-100	0	0	0.44971210050391136	0	0	0	0	0	0	0	0.4488428287576463	1.0023088429131608e-6	0	1.1254366066864331e-100	1.1254366066864331e-100	1.1254366066864331e-100	0	0	0
0.006918309709189377	5.013623994372208e-6	5.0012062852095275e-6	1.0491822242149926e-100	1.0465836169533497e-100	0	0	0.44137672088960367	0	0	0	0	0	0	0	0.44045505745527996	9.603624437027548e-7	0	1.0503185534644845e-100	1.0503185534644845e-100	1.0503185534644845e-100	0	0	0
0.007413102413009177	4.639877998267011e-6	4.628385980597264e-6	9.791538230683966e-101	9.76728661665386e-101	0	0	0.4331958369031361	0	0	0	0	0	0	0	0.43222403302044327	9.20171491846884e-7	0	9.802143072276063e-101	9.802143072276063e-101	9.802143072276063e-101	0	0	0
0.00794328234724282	5.409670759954606e-6	5.396272124907697e-6	9.137995165203964e-101	9.1153622421091e-101	0	0	0.42357548070319734	0	0	0	0	0	0	0	0.4224159272499116	1.4038993433037169e-6	0	9.147892179229061e-101	9.147892179229061e-101	9.147892179229061e-101	0	0	0
0.008511380382023776	6.307178279695741e-6	6.291556704244064e-6	8.528073288588706e-101	8.506951015770817e-101	0	0	0.4141687721090973	0	0	0	0	0	0	0	0.4128303887858151	2.141919613454599e-6	0	8.537309719492675e-101	8.537309719492675e-101	8.537309719492675e-101	0	0	0
0.009120108393559097	6.844239147454655e-6	6.827287383367776e-6	7.958861074087359e-101	7.939148622137456e-101	0	0	0.40369232531256943	0	0	0	0	0	0	0	0.40227965082281825	3.318090535322386e-6	0	7.967481012952503e-101	7.967481012952503e-101	7.967481012952503e-101	0	0	0
0.009772372209558112	7.427031142967909e-6	7.408635923705543e-6	7.427641326837783e-101	7.409244596276283e-101	0	0	0.3934808814444889	0	0	0	0	0	0	0	0.39199855888053015	5.140120446835585e-6	0	7.435685921856287e-101	7.435685921856287e-101	7.435685921856287e-101	0	0	0
0.010471285480509006	7.389757311436412e-6	7.371454411741661e-6	6.931878213048826e-101	6.914709385131702e-101	0	0	0.38198099600815444	0	0	0	0	0	0	0	0.3805731099351325	5.782750673845017e-6	0	6.939385865948015e-101	6.939385865948015e-101	6.939385865948015e-101	0	0	0
0.011220184543019653	7.352670545030996e-6	7.334459501582233e-6	6.469205154928775e-101	6.453182272435475e-101	0	0	0.37081720660922657	0	0	0	0	0	0	0	0.36948067467217455	6.505724078205548e-6	0	6.476211704285833e-101	6.476211704285833e-101	6.476211704285833e-101	0	0	0
0.012022644346174132	7.661636442275839e-6	7.642660154234049e-6	6.037413533575353e-101	6.022460109577317e-101	0	0	0.3587149142439414	0	0	0	0	0	0	0	0.357738921839063	7.1831519512420795e-6	0	6.043952425896574e-101	6.043952425896574e-101	6.043952425896574e-101	0	0	0
0.01288249551693135	7.983585367262225e-6	7.963811678354272e-6	5.6344421458991534e-101	5.620486798641345e-101	0	0	0.34700760214894644	0	0	0	0	0	0	0	0.34637031101051274	7.931119016788277e-6	0	5.6405445952803813e-101	5.6405445952803813e-101	5.6405445952803813e-101	0	0	0
0.013803842646028866	8.183356980059699e-6	8.163088498205671e-6	5.2583673652522096e-101	5.245343477404744e-101	0	0	0.33469234684628124	0	0	0	0	0	0	0	0.3341377088715391	9.717370067237552e-6	0	5.264062502382636e-101	5.264062502382636e-101	5.264062502382636e-101	0	0	0
0.014791083881682071	8.38812743679056e-6	8.36735178088845e-6	4.9073939587921747e-101	4.89523935944543e-101	0	0	0.3228141583750941	0	0	0	0	0	0	0	0.32233711995752706	0.000011905921575979939	0	4.912708970012774e-101	4.912708970012774e-101	4.912708970012774e-101	0	0	0
0.01584893192461114	6.985220017561837e-6	6.96791907303292e-6	4.579846517747966e-101	4.568503185633152e-101	0	0	0.31025693337192445	0	0	0	0	0	0	0	0.3099849203494094	0.000014072140489504836	0	4.584806774828374e-101	4.584806774828374e-101	4.584806774828374e-101	0	0	0
0.01698243652461746	5.816947711087212e-6	5.802540335310342e-6	4.27416145967841e-101	4.263575246196891e-101	0	0	0.2981881748615937	0	0	0	0	0	0	0	0.29810606627214126	0.00001663249137772542	0	4.278790640931759e-101	4.278790640931759e-101	4.278790640931759e-101	4.262192503744537e-11	4.262192503744537e-11	4.262192503744537e-11
0.018197008586099864	6.130372385638953e-6	6.115188721800334e-6	3.988879564545618e-101	3.9789999352848356e-101	0	0	0.2854649932524378	0	0	0	0	0	0	0	0.28544068437629333	0.000018077873167424568	0	3.9931997678594755e-101	3.9931997678594755e-101	3.9931997678594755e-101	3.977709484944282e-11	3.977709484944282e-11	3.977709484944282e-11
0.019498445997580455	6.46068478748289e-6	6.444683008176592e-6	3.722639008973433e-101	3.713418802475528e-101	0	0	0.2732846881350636	0	0	0	0	0	0	0	0.2733134059164934	0.000019648860223980514	0	3.7266708572964075e-101	3.7266708572964075e-101	3.7266708572964075e-101	3.712214484145241e-11	3.712214484145241e-11	3.712214484145241e-11
0.02089296130854041	6.3561611850621395e-6	6.340418289089924e-6	3.474168865439102e-101	3.465564068070696e-101	0	0	0.26068037682999573	0	0	0	0	0	0	0	0.2607289660786295	0.000022880165882943518	0	3.4779316052266795e-101	3.4779316052266795e-101	3.4779316052266795e-101	3.464440132809427e-11	3.464440132809427e-11	3.464440132809427e-11
0.022387211385683423	6.253328608255907e-6	6.237840407297249e-6	3.242283035366044e-101	3.234252571214492e-101	0	0	0.248657395802007	0.24888718069146312	0	0	0	0	0	0	0.24872396406783367	0.00002664286807802226	0	3.2457946284555805e-101	3.2457946284555805e-101	3.2457946284555805e-101	3.2332036537980957e-11	3.2332036537980957e-11	3.2332036537980957e-11
0.02398832919019495	6.435567980556611e-6	6.419628410383624e-6	3.025874587156481e-101	3.018380121949649e-101	0	0	0.23644494898301427	0.23668111317629445	0	0	0	0	0	0	0.23633693566117325	0.00003027701081270195	0	3.02915179650994e-101	3.02915179650994e-101	3.02915179650994e-101	3.0174012152596166e-11	3.0174012152596166e-11	3.0174012152596166e-11
0.025703957827688646	6.623118314570189e-6	6.606714221029721e-6	2.8239104721361093e-101	2.8169162302496605e-101	0	0	0.22483229875091074	0.22507366260785244	0	0	0	0	0	0	0.224566809905299	0.00003440685819064094	0	2.8269689418598372e-101	2.8269689418598372e-101	2.8269689418598372e-101	2.8160026613711083e-11	2.8160026613711083e-11	2.8160026613711083e-11
0.02754228703338169	5.744803167974943e-6	5.73057447930246e-6	2.6354265931866846e-101	2.6288991868653417e-101	0	0	0.21292953429392608	0.21320390094601221	0	0	0	0	0	0	0.21270540852898434	0.000036802362768584226	0	2.638280923210211e-101	2.638280923210211e-101	2.638280923210211e-101	2.6280465947803585e-11	2.6280465947803585e-11	2.6280465947803585e-11
0.0295120922666639	4.982964499693778e-6	4.970622727755035e-6	2.4595232025262342e-101	2.4534314725037915e-101	0	0	0.20165690973456984	0.20196011764288543	0	0	0	0	0	0	0.20147051488401863	0.00003936464927561711	0	2.4621870182965843e-101	2.4621870182965843e-101	2.4621870182965843e-101	2.4526357872736556e-11	2.4526357872736556e-11	2.4526357872736556e-11
0.03162277660168379	5.17063525525707e-6	5.157828661691577e-6	2.2953606066676e-101	2.289675473424861e-101	5.654899310799714e-6	5.640893295377624e-6	0.19032191667517487	0.19064947467150517	0	0	0	0	0	0	0.19025733305126893	0.000043209298314271986	0	2.2978466241918098e-101	2.2978466241918098e-101	2.2978466241918098e-101	2.288932896761756e-11	2.288932896761756e-11	2.288932896761756e-11
0.03388441561392028	5.365374155194222e-6	5.352085233670999e-6	2.142155158052527e-101	2.136849483003137e-101	5.157001017367773e-6	5.144228192988193e-6	0.17962405560310227	0.17997227678779407	0	0	0	0	0	0	0.17966823979488797	0.00004742944482343491	0	2.1444752445988528e-101	2.1444752445988528e-101	2.1444752445988528e-101	2.1361564701386228e-11	2.1361564701386228e-11	2.1361564701386228e-11
0.03630780547701017	4.8972649925494455e-6	4.885135480556063e-6	1.9991755142269778e-101	1.9942239701685032e-101	4.483143331814523e-6	4.472039513480406e-6	0.1688845782857717	0.16921082823050787	0	0	0	0	0	0	0.16892152577337166	0.000052383265028880504	0	2.0013407449745576e-101	2.0013407449745576e-101	2.0013407449745576e-101	1.993577212932188e-11	1.993577212932188e-11	1.993577212932188e-11
0.038904514499428125	4.4699966327664615e-6	4.458925376085426e-6	1.8657391467003623e-101	1.861118096912205e-101	3.89733763206658e-6	3.8876847332297124e-6	0.15878719967099075	0.15909286086442576	0	0	0	0	0	0	0.15881761797287755	0.00005785449240025941	0	1.8677598576077586e-101	1.8677598576077586e-101	1.8677598576077586e-101	1.860514507939842e-11	1.860514507939842e-11	1.860514507939842e-11
0.04168693834703355	4.137340789225969e-6	4.1270934522327666e-6	1.7412090828234237e-101	1.736896468234429e-101	3.854114917535179e-6	3.844569072418111e-6	0.14862072840589366	0.14907196059312694	0	0	0	0	0	0	0.1488277392683817	0.0000634613671282134	0	1.7430949199684188e-101	1.7430949199684188e-101	1.7430949199684188e-101	1.7363331662300574e-11	1.7363331662300574e-11	1.7363331662300574e-11
0.04466835921509635	3.8294410963792905e-6	3.8199563632114525e-6	1.6249908651317436e-101	1.6209660990188845e-101	3.811371556662054e-6	3.801931578004958e-6	0.13910517319825058	0.13968225421514083	0	0	0	0	0	0	0.13946623969338232	0.00006961162306842461	0	1.6267508307579132e-101	1.6267508307579132e-101	1.6267508307579132e-101	1.6204403950006573e-11	1.6204403950006573e-11	1.6204403950006573e-11
0.0478630092322639	3.6653995943834354e-6	3.6563211580708627e-6	1.516529713640022e-101	1.5127735833554942e-101	3.671080315767268e-6	3.661987809483342e-6	0.12969340068502228	0.1303595648740063	0	0	0	0	0	0	0.13016373600981604	0.00007537271865467407	0	1.5181722091298996e-101	1.5181722091298996e-101	1.5181722091298996e-101	1.5122829678195374e-11	1.5122829678195374e-11	1.5122829678195374e-11
0.05128613839913648	3.508385126803255e-6	3.4996955828358144e-6	1.4153078775409819e-101	1.4118024527985926e-101	3.535952998667166e-6	3.527195174785743e-6	0.12091842305011638	0.1216590915547973	0	0	0	0	0	0	0.1214817163586081	0.00008161060562849485	0	1.4168407435209498e-101	1.4168407435209498e-101	1.4168407435209498e-101	1.411344583739623e-11	1.411344583739623e-11	1.411344583739623e-11
0.05495408738576248	3.2870414948913777e-6	3.2789001732974493e-6	1.3208421636669816e-101	1.3175707109500265e-101	3.383155401107281e-6	3.3747760252565413e-6	0.11228571153516084	0.11298937166062953	0	0	0	0	0	0	0.11279161682127277	0.00008747218992810274	0	1.322272717435332e-101	1.322272717435332e-101	1.322272717435332e-101	1.3171434026815412e-11	1.3171434026815412e-11	1.3171434026815412e-11
0.05888436553555896	3.0796624083806383e-6	3.0720347218709595e-6	1.2326816299162131e-101	1.2296285325982607e-101	3.2369605796105544e-6	3.228943298080505e-6	0.10426931394674037	0.10493747688814183	0	0	0	0	0	0	0.1047231567555586	0.0000937547755208245	0	1.2340167003730475e-101	1.2340167003730475e-101	1.2340167003730475e-101	1.2292297453189308e-11	1.2292297453189308e-11	1.2292297453189308e-11
0.06309573444801943	2.7438513323205856e-6	2.73705538035677e-6	1.15040543263275e-101	1.1475561164300192e-101	2.9583575953775395e-6	2.9510303557880052e-6	0.09634296332109622	0.09707675163082642	0	0	0	0	0	0	0.0968686375584949	0.00009963812962926863	0	1.1516513928784576e-101	1.1516513928784576e-101	1.1516513928784576e-101	1.1471839464864814e-11	1.1471839464864814e-11	1.1471839464864814e-11
0.06760829753919818	2.4446576070772165e-6	2.4386026960585366e-6	1.0736208176647388e-101	1.0709616810642097e-101	2.703733779538634e-6	2.697037190451517e-6	0.08901915846719048	0.0898048627302007	0	0	0	0	0	0	0.08960322848500271	0.00010589067939065996	0	1.0747836154226675e-101	1.0747836154226675e-101	1.0747836154226675e-101	1.0706143518637757e-11	1.0706143518637757e-11	1.0706143518637757e-11
0.07244359600749906	2.2947514979412524e-6	2.2890678733347665e-6	1.0019612455107991e-101	9.994795948419487e-102	2.367172597763015e-6	2.3613096010784045e-6	0.08187514167998107	0.08271114977491585	0	0	0	0	0	0	0.08251127554381346	0.00011402740682016596	0	1.0030464315193432e-101	1.0030464315193432e-101	1.0030464315193432e-101	9.991554483718512e-12	9.991554483718512e-12	9.991554483718512e-12
0.07762471166286927	2.1540376133079045e-6	2.1487025078756755e-6	9.350846416048624e-102	9.327686304450821e-102	2.072506601798747e-6	2.0673734318107746e-6	0.07530445064348337	0.07617777132671834	0	0	0	0	0	0	0.0759806393918787	0.00012278936711854262	0	9.36097396114501e-102	9.36097396114501e-102	9.36097396114501e-102	9.324661193577754e-12	9.324661193577754e-12	9.324661193577754e-12
0.08317637711026708	2.040667757988571e-6	2.0356134462282948e-6	8.726717633869522e-102	8.705103360113934e-102	1.955484702840504e-6	1.950641371880859e-6	0.0688933815501783	0.06978713982143744	0	0	0	0	0	0	0.06961706504358271	0.00012746074522210002	0	8.73616920888724e-102	8.73616920888724e-102	8.73616920888724e-102	8.702280162381256e-12	8.702280162381256e-12	8.702280162381256e-12
0.08912509381337459	1.933264708455595e-6	1.9284764118240524e-6	8.144246763649667e-102	8.124075149708661e-102	1.8450703219591188e-6	1.8405004645728217e-6	0.06302812092593316	0.0639326249591746	0.04846573241121125	0	0	0	0	0	0.06378645644564611	0.00013230984045132146	0	8.153067486684258e-102	8.153067486684258e-102	8.153067486684258e-102	8.12144038828264e-12	8.12144038828264e-12	8.12144038828264e-12
0.09549925860214369	1.6941502065928466e-6	1.6899541471023473e-6	7.600653318928025e-102	7.581828073463563e-102	1.7109740725439548e-6	1.7067363438188646e-6	0.057339121860337794	0.05822370949674646	0.04519314991952463	0	0	0	0	0	0.0581162657051216	0.00013324142863400753	0	7.608885296636195e-102	7.608885296636195e-102	7.608885296636195e-102	7.579369171031156e-12	7.579369171031156e-12	7.579369171031156e-12
0.10232929922807536	1.484610415710443e-6	1.4809333429218005e-6	7.093342398756512e-102	7.075773657463245e-102	1.5866236869548002e-6	1.5826939484029354e-6	0.05216361914990722	0.053024576258620414	0.04214154409799393	0	0	0	0	0	0.05295011712065154	0.00013417957609103884	0	7.101024927356727e-102	7.101024927356727e-102	7.101024927356727e-102	7.07347887619296e-12	7.07347887619296e-12	7.07347887619296e-12
0.10964781961431873	1.2711189624138361e-6	1.2679706637771309e-6	6.619892300665143e-102	6.603496197293612e-102	1.4022319245040552e-6	1.3987588861915171e-6	0.0471217397580014	0.04799716464049613	0.038935338961755946	0	0	0	0	0	0.04796512520340327	0.00013380651242032057	0	6.6270620535222894e-102	6.6270620535222894e-102	6.6270620535222894e-102	6.60135458280373e-12	6.60135458280373e-12	6.60135458280373e-12
0.11748975549395303	1.0883282236941905e-6	1.08563265989233e-6	6.178042960408642e-102	6.162741226420848e-102	1.239269516940205e-6	1.236200102789321e-6	0.042567183681019055	0.043446416286115605	0.035973067729594695	0	0	0	0	0	0.0434494456459071	0.0001334344859901902	0	6.184734163098225e-102	6.184734163098225e-102	6.184734163098225e-102	6.160742555487517e-12	6.160742555487517e-12	6.160742555487517e-12
0.12589254117941662	1.0134360806307665e-6	1.0109260091698103e-6	5.765685163309949e-102	5.751404754256189e-102	1.1508878087866061e-6	1.1480372978379512e-6	0.038230334085504795	0.03910748263169775	0.032246165504730036	0	0	0	0	0	0.03912472053884389	0.0001310828158269483	0	5.771929756997507e-102	5.771929756997507e-102	5.771929756997507e-102	5.74953948601178e-12	5.74953948601178e-12	5.74953948601178e-12
0.1348962882591656	9.43697560316907e-7	9.413602167397462e-7	5.380850475700396e-102	5.3675232225338344e-102	1.0688092705483185e-6	1.0661620511543325e-6	0.03433533341650267	0.035201872295213626	0.028905379924075457	0	0	0	0	0	0.03523045540597863	0.00012877259186493088	0	5.38667826961604e-102	5.38667826961604e-102	5.38667826961604e-102	5.3657824529225995e-12	5.3657824529225995e-12	5.3657824529225995e-12
0.1445439770745928	8.27535963245025e-7	8.254863279064434e-7	5.021701848392937e-102	5.009264132057433e-102	9.752752918456034e-7	9.728597367618376e-7	0.030615036746706563	0.0314876785823869	0.024856419085968084	0	0	0	0	0	0.03150235900327341	0.00012470873794113673	0	5.02714066212887e-102	5.02714066212887e-102	5.02714066212887e-102	5.0076395513310515e-12	5.0076395513310515e-12	5.0076395513310515e-12
0.15488166189124797	7.256729266460134e-7	7.238755849705237e-7	4.6865248473329145e-102	4.674917295070713e-102	8.899266886004492e-7	8.877225243456986e-7	0.027297841079117226	0.028165374108311745	0.02137462200462809	0	0	0	0	0	0.028168770779009297	0.00012077313264909539	0	4.691600643643208e-102	4.691600643643208e-102	4.691600643643208e-102	4.673401148120825e-12	4.673401148120825e-12	4.673401148120825e-12
0.1659586907437563	6.436703593198436e-7	6.420761210347942e-7	4.3737194695653936e-102	4.3628866714949675e-102	7.328020036147921e-7	7.309870046908738e-7	0.024177665498149037	0.025033804257506974	0.017778083211040716	0	0	0	0	0	0.025038536050446203	0.00011512450082934214	0	4.378456478301944e-102	4.378456478301944e-102	4.378456478301944e-102	4.361471720833345e-12	4.361471720833345e-12	4.361471720833345e-12
0.1778279410038923	5.709342546122613e-7	5.695201686072577e-7	4.081792505451444e-102	4.0716827500625536e-102	6.034191168559908e-7	6.019245725693172e-7	0.021414129683228925	0.022250418304163	0.014786705589004412	0	0	0	0	0	0.022256146442026156	0.00010974005890625966	0	4.086213339227742e-102	4.086213339227742e-102	4.086213339227742e-102	4.070362241272178e-12	4.070362241272178e-12	4.070362241272178e-12
0.1905460717963252	6.074263515050163e-7	6.059218821273347e-7	3.809350410673475e-102	3.799915437976788e-102	5.008429103778649e-7	4.996024261284979e-7	0.018824528691696235	0.01963443175382973	0.011994697605554746	0	0	0	0	0	0.01965171503044503	0.0001025632638235788	0	3.813476172808314e-102	3.813476172808314e-102	3.813476172808314e-102	3.79868306746893e-12	3.79868306746893e-12	3.79868306746893e-12
0.20417379446695316	6.462508940775851e-7	6.446502643419317e-7	3.5550926540038106e-102	3.546287425156725e-102	4.157038016673208e-7	4.146741893723574e-7	0.016548086973715622	0.017326007314823023	0.009729873215010672	0	0	0	0	0	0.017352056190131006	0.00009585581774774351	0	3.558943039260215e-102	3.558943039260215e-102	3.558943039260215e-102	3.5451373100800912e-12	3.5451373100800912e-12	3.5451373100800912e-12
0.21877616239495518	5.523928894259273e-7	5.510247265457176e-7	3.31780550908085e-102	3.3095879913898055e-102	3.136011406305247e-7	3.1282441549880187e-7	0.014459966211179686	0.01517967580623721	0.007706021631737309	0	0	0	0	0	0.015199577090111827	0.00008795528991301946	0	3.3213988976811144e-102	3.3213988976811144e-102	3.3213988976811144e-102	3.3085146415481256e-12	3.3085146415481256e-12	3.3085146415481256e-12
0.23442288153199276	4.721663166499037e-7	4.709968583891409e-7	3.096356260557645e-102	3.0886872268306024e-102	2.365763195099879e-7	2.3599036892140124e-7	0.012635335018517149	0.013299230076240743	0.006103139072479407	0	0	0	0	0	0.01331410763005985	0.00008070593111042938	0	3.099709805923277e-102	3.099709805923277e-102	3.099709805923277e-102	3.087685518474595e-12	3.087685518474595e-12	3.087685518474595e-12
0.25118864315095824	3.6533113760735994e-7	3.6442628797763597e-7	2.8896877969651157e-102	2.8825306382563957e-102	1.8945642916977425e-7	1.8898718479902114e-7	0.010946747104631773	0.011576616297025144	0.004709037965277802	0	0	0	0	0	0.011575747140944784	0.00007176143950333225	0	2.892817507600509e-102	2.892817507600509e-102	2.892817507600509e-102	2.8815957896250074e-12	2.8815957896250074e-12	2.8815957896250074e-12
0.2691534803926914	2.8266912610890274e-7	2.8196901317637544e-7	2.69681356447828e-102	2.6901341153318805e-102	1.5172160353203188e-7	1.5134582051589973e-7	0.0094838223123606	0.010077128083374786	0.0036333824766374037	0	0	0	0	0	0.01006435621479868	0.00006380824963835814	0	2.699734380389011e-102	2.699734380389011e-102	2.699734380389011e-102	2.689261663826043e-12	2.689261663826043e-12	2.689261663826043e-12
0.28840315031266117	2.3963722256424044e-7	2.3904369075218283e-7	2.516812857497012e-102	2.5105792328541797e-102	1.3155172602500404e-7	1.312258996216954e-7	0.008139128698408288	0.008685012460993794	0.002709590178751176	0	0	0	0	0	0.008674918586483992	0.000056397572394716764	0	2.5195387215075378e-102	2.5195387215075378e-102	2.5195387215075378e-102	2.5097650137341204e-12	2.5097650137341204e-12	2.5097650137341204e-12
0.30902954325135923	2.0315624570962066e-7	2.0265306972820767e-7	2.3488264235602538e-102	2.343008866552777e-102	1.1406323303526278e-7	1.1378072201018856e-7	0.006985096703352825	0.007485212138174703	0.0020206732938228026	0	0	0	0	0	0.007477300174597546	0.00004984756971150765	0	2.3513703478714653e-102	2.3513703478714653e-102	2.3513703478714653e-102	2.3422489930571903e-12	2.3422489930571903e-12	2.3422489930571903e-12
0.3311311214825908	1.5611251418758222e-7	1.5572585579436963e-7	2.1920523616132257e-102	2.186623101515866e-102	9.760936893219e-8	9.736761072369386e-8	0.005910723786066814	0.006365590027156102	0.0014463266660341072	0	0	0	0	0	0.006358634816446369	0.00004357141639967283	0	2.1944264899175653e-102	2.1944264899175653e-102	2.1944264899175653e-102	2.185913946308048e-12	2.185913946308048e-12	2.185913946308048e-12
0.354813389233576	1.199624308907648e-7	1.1966530877332608e-7	2.0457422940477385e-102	2.040675413711732e-102	8.352900974141974e-8	8.332212566898435e-8	0.005001599427879949	0.0054134386101326835	0.0010352296094950637	0	0	0	0	0	0.005407330959680201	0.000038085474137676703	0	2.0479579594984078e-102	2.0479579594984078e-102	2.0479579594984078e-102	2.0400135915641035e-12	2.0400135915641035e-12	2.0400135915641035e-12
0.38018939632056126	8.615362804138871e-8	8.594024333253769e-8	1.9091977942423572e-102	1.9044691063771557e-102	7.468774188155115e-8	7.450275580007711e-8	0.004145457581839907	0.004519755087290552	0.0007006547847400865	0	0	0	0	0	0.004515355089009931	0.000032419126134649033	0	1.9112655735533215e-102	1.9112655735533215e-102	1.9112655735533215e-102	1.9038514580115183e-12	1.9038514580115183e-12	1.9038514580115183e-12
0.40738027780411384	6.187310118325722e-8	6.171985431505375e-8	1.7817670525488041e-102	1.7773539842614782e-102	6.678229281819148e-8	6.66168868981694e-8	0.003435864629030874	0.0037736063009658647	0.00047421086382818035	0	0	0	0	0	0.003770516680387074	0.000027595816072421007	0	1.7836968164838606e-102	1.7836968164838606e-102	1.7836968164838606e-102	1.7767775612678673e-12	1.7767775612678673e-12	1.7767775612678673e-12
0.43651583224016655	4.116728615966438e-8	4.1065323310611135e-8	1.6628417648095522e-102	1.6587232498506944e-102	3.457401746171535e-8	3.448838477487899e-8	0.002762606243021877	0.0030625703486256324	0.00029962237190100336	0	0	0	0	0	0.003057493647369723	0.00002355542997560629	0	1.6646427253014665e-102	1.6646427253014665e-102	1.6646427253014665e-102	1.6581853006128287e-12	1.6581853006128287e-12	1.6581853006128287e-12
0.4677351412871981	2.7390666013849236e-8	2.7322825002095235e-8	1.5518542285533758e-102	1.548010606755125e-102	1.7899395678091803e-8	1.785506257892682e-8	0.0022212729772581722	0.0024855102499379087	0.0001893114911346922	0	0	0	0	0	0.002479306735952841	0.000020106608910551918	0	1.5535349826780203e-102	1.5535349826780203e-102	1.5535349826780203e-102	1.5475085633152763e-12	1.5475085633152763e-12	1.5475085633152763e-12
0.5011872336272735	2.4960566378170556e-8	2.4898744220352572e-8	1.448274633007431e-102	1.4446875564335763e-102	1.0175927804298068e-8	1.0150724136835961e-8	0.0017032893812435192	0.00193583608408819	0.00011175483031199265	0	0	0	0	0	0.001929204474772929	0.000016749248360859875	0	1.4498432040228376e-102	1.4498432040228376e-102	1.4498432040228376e-102	1.4442190222341505e-12	1.4442190222341505e-12	1.4442190222341505e-12
0.5370317963702532	2.2746065159717252e-8	2.2689727863169728e-8	1.351608529989371e-102	1.3482608753495329e-102	5.785083951467217e-9	5.770755495629356e-9	0.0013060955343895014	0.0015077231504281936	0.00006597138939218864	0	0	0	0	0	0.0015011575016165074	0.000013952493028625243	0	1.3530724056356048e-102	1.3530724056356048e-102	1.3530724056356048e-102	1.3478236137928484e-12	1.3478236137928484e-12	1.3478236137928484e-12
0.5754399373371566	1.63765033841085e-8	1.6335942174022988e-8	1.2613944736064809e-102	1.258270260516269e-102	4.385822208535258e-9	4.374959434484793e-9	0.000958624461697748	0.0011273598579057745	0.00003726893295239601	0	0	0	0	0	0.0011211542381106485	0.00001123391409874221	0	1.2627606418491606e-102	1.2627606418491606e-102	1.2627606418491606e-102	1.25786218428792e-12	1.25786218428792e-12	1.25786218428792e-12
0.6165950018614835	1.6438366539875036e-8	1.639765210755406e-8	1.1772018174948016e-102	1.1742861321917553e-102	4.670408964749911e-9	4.658841328193971e-9	0.0006780277829552097	0.0008164826099682979	0.00002047866496025382	0	0	0	0	0	0.0008098381605277199	8.830666114576663e-6	0	1.1784767998828947e-102	1.1784767998828947e-102	1.1784767998828947e-102	1.1739052932965955e-12	1.1739052932965955e-12	1.1739052932965955e-12
0.6606934480075964	8.456555010746545e-9	8.435609873903492e-9	1.0986286590830598e-102	1.095907583234221e-102	6.533721390379294e-9	6.517538714521104e-9	0.00046146500580256496	0.0005666362713689393	0.000011120363059779135	0	0	0	0	0	0.0005632428055938579	6.6910469544377354e-6	0	1.099818541880188e-102	1.099818541880188e-102	1.099818541880188e-102	1.0955521636974024e-12	1.0955521636974024e-12	1.0955521636974024e-12
0.7079457843841374	4.366380341309716e-9	4.355565720741255e-9	1.0252999210680982e-102	1.0227604653293748e-102	1.045537765340502e-8	1.0429481846493354e-8	0.00029828880161075777	0.00037613914626771305	5.934055508720467e-6	0	0	0	0	0	0.0003740444970741135	4.713518294333388e-6	0	1.0264103843059627e-102	1.0264103843059627e-102	1.0264103843059627e-102	1.0224287685180516e-12	1.0224287685180516e-12	1.0224287685180516e-12
0.7585775750291851	2.269889051084613e-9	2.2642670056141943e-9	9.56865560943616e-103	9.544956029537687e-103	5.435290882905742e-9	5.421828792115866e-9	0.00018330372831685968	0.0002366136741449634	3.1240094981710575e-6	0	0	0	0	0	0.0002344547535448262	3.255058871691731e-6	0	9.579019055362297e-103	9.579019055362297e-103	9.579019055362297e-103	9.541860454780406e-13	9.541860454780406e-13	9.541860454780406e-13
0.8128305161640995	1.1952293885228475e-9	1.1922690526568104e-9	8.92998900035156e-103	8.907871265484229e-103	2.8619986493679404e-9	2.854910070948068e-9	0.00010724993429211164	0.00014011810272701532	1.654919874468422e-6	0	0	0	0	0	0.0001390144764090852	1.9959124637478727e-6	0	8.939660730833206e-103	8.939660730833206e-103	8.939660730833206e-103	8.904982307028558e-13	8.904982307028558e-13	8.904982307028558e-13
0.8709635899560796	6.45173970092994e-10	6.435760076752009e-10	8.33395064064793e-103	8.313309169459104e-103	1.5448808812302729e-9	1.5410545309703311e-9	0.000060772516219680914	0.00008017830922729734	8.996269281952578e-7	0	0	0	0	0	0.00007918511893533021	1.121650594239226e-6	0	8.342976824716075e-103	8.342976824716075e-103	8.342976824716075e-103	8.310613036555526e-13	8.310613036555526e-13	8.310613036555526e-13
0.9332543007969925	3.664391623822869e-10	3.655315684044795e-10	7.777695278014498e-103	7.758431536252749e-103	8.774452819552445e-10	8.752720315619711e-10	0.0000348919540422475	0.000046238121678750355	5.109606916982481e-7	0	0	0	0	0	0.000045794306479795524	6.370633709530675e-7	0	7.786119003115879e-103	7.786119003115879e-103	7.786119003115879e-103	7.755915358624964e-13	7.755915358624964e-13	7.755915358624964e-13