1.e-9	0	0	0	0	0	0	3.418670290064189e-22	0	0	0	0	0	0	0	1.9108395247542132e-21	5.936721763387072e-57	0	8.707359095506285e-94	8.707359095506285e-94	8.707359095506285e-94	0	0	0
1.0715193052376092e-9	0	0	0	0	0	0	5.377518441793105e-22	0	0	0	0	0	0	0	3.005722667534532e-21	9.338376637019681e-57	0	8.126180324465018e-94	8.126180324465018e-94	8.126180324465018e-94	0	0	0
1.148153621496884e-9	0	0	0	0	0	0	8.458757978465424e-22	0	0	0	0	0	0	0	4.727957862025288e-21	1.4689130077249323e-56	0	7.583792736858878e-94	7.583792736858878e-94	7.583792736858878e-94	0	0	0
1.2302687708123811e-9	0	0	0	0	0	0	1.3305502772836314e-21	0	0	0	0	0	0	0	7.437008672335057e-21	2.3105787099118746e-56	0	7.077607188026541e-94	7.077607188026541e-94	7.077607188026541e-94	0	0	0
1.31825673855641e-9	0	0	0	0	0	0	2.214962815586655e-21	0	0	0	0	0	0	0	1.2380364687945048e-20	3.846413030997385e-56	0	6.605207347577451e-94	6.605207347577451e-94	6.605207347577451e-94	0	0	0
1.4125375446227555e-9	0	0	0	0	0	0	3.6872415557623014e-21	0	0	0	0	0	0	0	2.0609553727787003e-20	6.403111541519336e-56	0	6.164338164782551e-94	6.164338164782551e-94	6.164338164782551e-94	0	0	0
1.5135612484362133e-9	0	0	0	0	0	0	6.231177723418077e-21	0	0	0	0	0	0	0	3.4828689722668407e-20	1.0820806121509375e-55	0	5.752895103850332e-94	5.752895103850332e-94	5.752895103850332e-94	0	0	0
1.6218100973589331e-9	0	0	0	0	0	0	1.0530250116145325e-20	0	0	0	0	0	0	0	5.885802496355926e-20	1.8286397848929268e-55	0	5.368914097702282e-94	5.368914097702282e-94	5.368914097702282e-94	0	0	0
1.7378008287493762e-9	0	0	0	0	0	0	1.7873362930958794e-20	0	0	0	0	0	0	0	9.990179055293097e-20	3.103814456911104e-55	0	5.010562172290259e-94	5.010562172290259e-94	5.010562172290259e-94	0	0	0
1.8620871366628732e-9	0	0	0	0	0	0	3.033708591327435e-20	0	0	0	0	0	0	0	1.695668137328887e-19	5.26821316178157e-55	0	4.676128696700586e-94	4.676128696700586e-94	4.676128696700586e-94	0	0	0
1.9952623149688828e-9	0	0	0	0	0	0	5.155935116172512e-20	0	0	0	0	0	0	0	2.8818703680446165e-19	8.953584176793569e-55	0	4.3640172172760565e-94	4.3640172172760565e-94	4.3640172172760565e-94	0	0	0
2.1379620895022324e-9	0	0	0	0	0	0	8.762762184270946e-20	0	0	0	0	0	0	0	4.897878680020887e-19	1.5217051237125826e-54	0	4.0727378367750025e-94	4.0727378367750025e-94	4.0727378367750025e-94	0	0	0
2.2908676527677795e-9	0	0	0	0	0	0	1.489856861221214e-19	0	0	0	0	0	0	0	8.327440598532386e-19	2.587223950215293e-54	0	3.8009001021888943e-94	3.8009001021888943e-94	3.8009001021888943e-94	0	0	0
2.4547089156850337e-9	0	0	0	0	0	0	2.5330750969278607e-19	0	0	0	0	0	0	0	1.4158428873494456e-18	4.3988336927170724e-54	0	3.547206367267515e-94	3.547206367267515e-94	3.547206367267515e-94	0	0	0
2.6302679918953816e-9	0	0	0	0	0	0	4.3072761977765433e-19	0	0	0	0	0	0	0	2.4075189779678133e-18	7.479838116760535e-54	0	3.310445598066884e-94	3.310445598066884e-94	3.310445598066884e-94	0	0	0
2.818382931264461e-9	0	0	0	0	0	0	7.324152476345154e-19	0	0	0	0	0	0	0	4.0937788232463734e-18	1.2718820978745755e-53	0	3.0894875919503785e-94	3.0894875919503785e-94	3.0894875919503785e-94	0	0	0
3.019951720402019e-9	0	0	0	0	0	0	1.2454532500053402e-18	0	0	0	0	0	0	0	6.961365368460414e-18	2.1628027236429096e-53	0	2.883277582446634e-94	2.883277582446634e-94	2.883277582446634e-94	0	0	0
3.2359365692962944e-9	0	0	0	0	0	0	2.1178611490663805e-18	0	0	0	0	0	0	0	1.1837622374228325e-17	3.677790283560356e-53	0	2.690831204209865e-94	2.690831204209865e-94	2.690831204209865e-94	0	0	0
3.4673685045253237e-9	0	0	0	0	0	0	3.6014067485555234e-18	0	0	0	0	0	0	0	2.0129786659617093e-17	6.25405435706921e-53	0	2.5112297940476067e-94	2.5112297940476067e-94	2.5112297940476067e-94	0	0	0
3.715352290971728e-9	0	0	0	0	0	0	6.1241647377394776e-18	0	0	0	0	0	0	0	3.4230548851081805e-17	1.063497178618646e-52	0	2.3436160055844743e-94	2.3436160055844743e-94	2.3436160055844743e-94	0	0	0
3.9810717055349855e-9	0	0	0	0	0	0	1.0414128969339894e-17	0	0	0	0	0	0	0	5.820897472428791e-17	1.808474665681817e-52	0	2.18718971662837e-94	2.18718971662837e-94	2.18718971662837e-94	0	0	0
4.265795188015934e-9	0	0	0	0	0	0	1.7709203921590784e-17	0	0	0	0	0	0	0	9.898423636715055e-17	3.0753072807029057e-52	0	2.041204209702382e-94	2.041204209702382e-94	2.041204209702382e-94	0	0	0
4.570881896148752e-9	0	0	0	0	0	0	3.0114492362601054e-17	0	0	0	0	0	0	0	1.6832264416257917e-16	5.2295584842448665e-52	0	1.9049626075096737e-94	1.9049626075096737e-94	1.9049626075096737e-94	0	0	0
4.8977881936844766e-9	0	0	0	0	0	0	5.120967911784331e-17	0	0	0	0	0	0	0	2.8623257174799556e-16	8.892861572481829e-52	0	1.7778145463158487e-94	1.7778145463158487e-94	1.7778145463158487e-94	0	0	0
5.248074602497734e-9	0	0	0	0	0	0	8.708205899165147e-17	0	0	0	0	0	0	0	4.867384863109996e-16	1.5122311043531118e-51	0	1.6591530713687195e-94	1.6591530713687195e-94	1.6591530713687195e-94	0	0	0
5.623413251903491e-9	0	0	0	0	0	0	1.480830407231242e-16	0	0	0	0	0	0	0	8.276987926619084e-16	2.5715489826689494e-51	0	1.5484117395353966e-94	1.5484117395353966e-94	1.5484117395353966e-94	0	0	0
6.025595860743593e-9	0	0	0	0	0	0	2.5181523186984567e-16	0	0	0	0	0	0	0	1.4075019149711614e-15	4.3729194117927934e-51	0	1.4450619153259555e-94	1.4450619153259555e-94	1.4450619153259555e-94	0	0	0
6.456542290346562e-9	0	0	0	0	0	0	4.2821183770949984e-16	0	0	0	0	0	0	0	2.393457207151631e-15	7.436150083435716e-51	0	1.3486102473958874e-94	1.3486102473958874e-94	1.3486102473958874e-94	0	0	0
6.918309709189363e-9	0	0	0	0	0	0	7.281743103701654e-16	0	0	0	0	0	0	0	4.070074429844459e-15	1.264517461212314e-50	0	1.2585963134811077e-94	1.2585963134811077e-94	1.2585963134811077e-94	0	0	0
7.413102413009192e-9	0	0	0	0	0	0	1.2382605514115138e-15	0	0	0	0	0	0	0	6.921162331616901e-15	2.1503121800524156e-50	0	1.1745904225234788e-94	1.1745904225234788e-94	1.1745904225234788e-94	0	0	0
7.943282347242822e-9	0	0	0	0	0	0	2.105662316794544e-15	0	0	0	0	0	0	0	1.1769437937347556e-14	3.656606294789399e-50	0	1.096191563494993e-94	1.096191563494993e-94	1.096191563494993e-94	0	0	0
8.511380382023759e-9	0	0	0	0	0	0	3.580679193336572e-15	0	0	0	0	0	0	0	2.0013931580292807e-14	6.218059739943424e-50	0	1.0230254911290817e-94	1.0230254911290817e-94	1.0230254911290817e-94	0	0	0
9.120108393559115e-9	0	0	0	0	0	0	6.0889457032669606e-15	0	0	0	0	0	0	0	3.403369476050295e-14	1.0573811864141027e-49	0	9.547429394211669e-95	9.547429394211669e-95	9.547429394211669e-95	0	0	0
9.772372209558111e-9	0	0	0	0	0	0	1.035425341826988e-14	0	0	0	0	0	0	0	5.787430492625602e-14	1.798076924543464e-49	0	8.910179543703667e-95	8.910179543703667e-95	8.910179543703667e-95	0	0	0
1.0471285480509006e-8	0	0	0	0	0	0	1.7607410075894796e-14	0	0	0	0	0	0	0	9.84152674779944e-14	3.0576301814844747e-49	0	8.315463380034811e-95	8.315463380034811e-95	8.315463380034811e-95	0	0	0
1.1220184543019653e-8	0	0	0	0	0	0	2.9941404469944525e-14	0	0	0	0	0	0	0	1.6735518266883344e-13	5.199500755007294e-49	0	7.760441962537367e-95	7.760441962537367e-95	7.760441962537367e-95	0	0	0
1.202264434617413e-8	0	0	0	0	0	0	5.091536449505468e-14	0	0	0	0	0	0	0	2.8458752274875833e-13	8.841752109499452e-49	0	7.24246583762345e-95	7.24246583762345e-95	7.24246583762345e-95	0	0	0
1.288249551693135e-8	0	0	0	0	0	0	8.658158785659305e-14	0	0	0	0	0	0	0	4.839411413062757e-13	1.503540129127805e-48	0	6.759062391337364e-95	6.759062391337364e-95	6.759062391337364e-95	0	0	0
1.3803842646028866e-8	0	0	0	0	0	0	1.4723200807074147e-13	0	0	0	0	0	0	0	8.229420109571749e-13	2.5567703007836425e-48	0	6.307924046070785e-95	6.307924046070785e-95	6.307924046070785e-95	0	0	0
1.4791083881682102e-8	0	0	0	0	0	0	2.503680601982924e-13	0	0	0	0	0	0	0	1.3994130599647412e-12	4.3477884256813985e-48	0	5.886897245096314e-95	5.886897245096314e-95	5.886897245096314e-95	0	0	0
1.5848931924611173e-8	0	0	0	0	0	0	4.2575093819665174e-13	0	0	0	0	0	0	0	2.3797021981667873e-12	7.393415117920157e-48	0	5.493972172336091e-95	5.493972172336091e-95	5.493972172336091e-95	0	0	0
1.698243652461746e-8	0	0	0	0	0	0	7.239895585393659e-13	0	0	0	0	0	0	0	4.046684080611805e-12	1.2572503938556038e-47	0	5.127273158291652e-95	5.127273158291652e-95	5.127273158291652e-95	0	0	0
1.8197008586099862e-8	0	0	0	0	0	0	1.2311443941788096e-12	0	0	0	0	0	0	0	6.881387116837765e-12	2.137954555031424e-47	0	4.7850497263366534e-95	4.7850497263366534e-95	4.7850497263366534e-95	0	0	0
1.9498445997580494e-8	0	0	0	0	0	0	2.0935612971764365e-12	0	0	0	0	0	0	0	1.1701800216788948e-11	3.6355921634370184e-47	0	4.465668236631144e-95	4.465668236631144e-95	4.465668236631144e-95	0	0	0
2.0892961308540408e-8	0	0	0	0	0	0	3.560101419270566e-12	0	0	0	0	0	0	0	1.9898913691228813e-11	6.182325226587523e-47	0	4.167604087768537e-95	4.167604087768537e-95	4.167604087768537e-95	0	0	0
2.2387211385683424e-8	0	0	0	0	0	0	6.0539532005036976e-12	0	0	0	0	0	0	0	3.383810685153042e-11	1.0513045327715089e-46	0	3.889434438929105e-95	3.889434438929105e-95	3.889434438929105e-95	0	0	0
2.3988329190194947e-8	0	0	0	0	0	0	1.0294748670788902e-11	0	0	0	0	0	0	0	5.7541707706432786e-11	1.7877435756264776e-46	0	3.6298314177985165e-95	3.6298314177985165e-95	3.6298314177985165e-95	0	0	0
2.5703957827688646e-8	0	0	0	0	0	0	1.7506222245968226e-11	0	0	0	0	0	0	0	9.784968586748034e-11	3.040058320464148e-46	0	3.38755578182851e-95	3.38755578182851e-95	3.38755578182851e-95	0	0	0
2.754228703338169e-8	0	0	0	0	0	0	2.9769334553536724e-11	0	0	0	0	0	0	0	1.6639341107521547e-10	5.169619803324668e-46	0	3.161451002581168e-95	3.161451002581168e-95	3.161451002581168e-95	0	0	0
2.95120922666639e-8	0	0	0	0	0	0	5.062275957135687e-11	0	0	0	0	0	0	0	2.8295202998139773e-10	8.790939545806426e-46	0	2.9504377449178335e-95	2.9504377449178335e-95	2.9504377449178335e-95	0	0	0
3.162277660168386e-8	0	0	0	0	0	0	8.608401313139262e-11	0	0	0	0	0	0	0	4.81159985562201e-10	1.4948994517609467e-45	0	2.7535087146783417e-95	2.7535087146783417e-95	2.7535087146783417e-95	0	0	0
3.3884415613920346e-8	0	0	0	0	0	0	1.4638588215169077e-10	0	0	0	0	0	0	0	8.182126550618693e-10	2.5420768272047683e-45	0	2.569723850255556e-95	2.569723850255556e-95	2.569723850255556e-95	0	0	0
3.6307805477010175e-8	0	0	0	0	0	0	2.4892922290484405e-10	0	0	0	0	0	0	0	1.3913707893251773e-9	4.322802170941357e-45	0	2.3982058351116045e-95	2.3982058351116045e-95	2.3982058351116045e-95	0	0	0
3.890451449942813e-8	0	0	0	0	0	0	4.233041950848947e-10	0	0	0	0	0	0	0	2.3660263152995504e-9	7.350925986625014e-45	0	2.238135909814343e-95	2.238135909814343e-95	2.238135909814343e-95	0	0	0
4.1686938347033635e-8	0	0	0	0	0	0	7.198288713774587e-10	0	0	0	0	0	0	0	4.023428238999321e-9	1.2500251162099372e-44	0	2.088749963602421e-95	2.088749963602421e-95	2.088749963602421e-95	0	0	0
4.4668359215096346e-8	0	0	0	0	0	0	1.224069144801699e-9	0	0	0	0	0	0	0	6.841840553378405e-9	2.125667968904493e-44	0	1.9493348868215208e-95	1.9493348868215208e-95	1.9493348868215208e-95	0	0	0
4.78630092322639e-8	0	0	0	0	0	0	2.0815298341513004e-9	0	0	0	0	0	0	0	1.1634551277469374e-8	3.614698821193909e-44	0	1.8192251668197986e-95	1.8192251668197986e-95	1.8192251668197986e-95	0	0	0
5.128613839913659e-8	0	0	0	0	0	0	3.5396419139082092e-9	0	0	0	0	0	0	0	1.9784556856008842e-8	6.14679609378226e-44	0	1.6977997110527e-95	1.6977997110527e-95	1.6977997110527e-95	0	0	0
5.495408738576248e-8	0	0	0	0	0	0	6.019161807404072e-9	0	0	0	0	0	0	0	3.3643643029589933e-8	1.045262803003251e-43	0	1.584478882231823e-95	1.584478882231823e-95	1.584478882231823e-95	0	0	0
5.888436553555896e-8	0	0	0	0	0	0	1.0235585899622657e-8	0	0	0	0	0	0	0	5.7211021936977065e-8	1.7774696129051898e-43	0	1.4787217313648572e-95	1.4787217313648572e-95	1.4787217313648572e-95	0	0	0
6.309573444801943e-8	0	0	0	0	0	0	1.7405615941356177e-8	0	0	0	0	0	0	0	9.728735464808445e-8	3.0225874447303937e-43	0	1.3800234154782248e-95	1.3800234154782248e-95	1.3800234154782248e-95	0	0	0
6.760829753919818e-8	0	0	0	0	0	0	2.9598253511716833e-8	0	0	0	0	0	0	0	1.654371667202226e-7	5.1399105755226485e-43	0	1.2879127876956083e-95	1.2879127876956083e-95	1.2879127876956083e-95	0	0	0
7.244359600749906e-8	0	0	0	0	0	0	5.033183622432696e-8	0	0	0	0	0	0	0	2.8132593625778306e-7	8.740418997779039e-43	0	1.2019501481683676e-95	1.2019501481683676e-95	1.2019501481683676e-95	0	0	0
7.762471166286928e-8	0	0	0	0	0	0	8.558929791954092e-8	0	0	0	0	0	0	0	4.783948128485601e-7	1.4863084315230002e-42	0	1.121725145121709e-95	1.121725145121709e-95	1.121725145121709e-95	0	0	0
8.317637711026726e-8	0	0	0	0	0	0	1.4554461883152384e-7	0	0	0	0	0	0	0	8.135104782898894e-7	2.527467795511687e-42	0	1.0468548159969634e-95	1.0468548159969634e-95	1.0468548159969634e-95	0	0	0
8.912509381337478e-8	0	0	0	0	0	0	2.474986544547411e-7	0	0	0	0	0	0	0	1.383374736750971e-6	4.2979595095229327e-42	0	9.769817593392081e-96	9.769817593392081e-96	9.769817593392081e-96	0	0	0
9.549925860214369e-8	0	0	0	0	0	0	4.2087151313930083e-7	0	0	0	0	0	0	0	2.3524290262415604e-6	7.308681035739405e-42	0	9.117724287035283e-96	9.117724287035283e-96	9.117724287035283e-96	0	0	0
1.0232929922807557e-7	0	0	0	0	0	0	7.156920952253709e-7	0	0	0	0	0	0	0	4.000306046141344e-6	1.242841361437314e-41	0	8.509155404356853e-96	8.509155404356853e-96	8.509155404356853e-96	0	0	0
1.0964781961431874e-7	0	0	0	0	0	0	1.2170345560986897e-6	0	0	0	0	0	0	0	6.802521259636779e-6	2.1134519924264778e-41	0	7.941205877265986e-96	7.941205877265986e-96	7.941205877265986e-96	0	0	0
1.1748975549395303e-7	0	0	0	0	0	0	2.069567514605408e-6	0	0	0	0	0	0	0	0.00001156768881032116	3.593925550663831e-41	0	7.411164538472834e-96	7.411164538472834e-96	7.411164538472834e-96	0	0	0
1.2589254117941688e-7	0	0	0	0	0	0	3.5192999870439042e-6	0	0	0	0	0	0	0	0.000019670857216780855	6.111471142945225e-41	0	6.916501179443917e-96	6.916501179443917e-96	6.916501179443917e-96	0	0	0
1.3489628825916562e-7	0	0	0	0	0	0	5.9845703565600665e-6	0	0	0	0	0	0	0	0.00003345029676954413	1.0392557943820871e-40	0	6.454854472183491e-96	6.454854472183491e-96	6.454854472183491e-96	0	0	0
1.445439770745928e-7	0	0	0	0	0	0	0.000010176763130300736	0	0	0	0	0	0	0	0.00005688223658173945	1.767254693501231e-40	0	6.024020697183945e-96	6.024020697183945e-96	6.024020697183945e-96	0	0	0
1.5488166189124826e-7	0	0	0	0	0	0	0.000017305587809946535	0	0	0	0	0	0	0	0.00009672825508343688	3.005216972169291e-40	0	5.621943223737002e-96	5.621943223737002e-96	5.621943223737002e-96	0	0	0
1.659586907437563e-7	0	0	0	0	0	0	0.000029428155653546215	0	0	0	0	0	0	0	0.0001644864177947914	5.1103720833363164e-40	0	5.246702692389054e-96	5.246702692389054e-96	5.246702692389054e-96	0	0	0
1.7782794100389227e-7	0	0	0	0	0	0	0.0000500425847812928	0	0	0	0	0	0	0	0.00027970918751325563	8.690188785700921e-40	0	4.8965078526752456e-96	4.8965078526752456e-96	4.8965078526752456e-96	0	0	0
1.9054607179632522e-7	0	0	0	0	0	0	0.00008509742578078025	0	0	0	0	0	0	0	0.00047564553127378654	1.4777667829192584e-39	0	4.5696870123954e-96	4.5696870123954e-96	4.5696870123954e-96	0	0	0
2.0417379446695318e-7	0	0	0	0	0	0	0.00014470819015772516	0	0	0	0	0	0	0	0.0008088353244027833	2.5129427202925487e-39	0	4.264680057614166e-96	4.264680057614166e-96	4.264680057614166e-96	0	0	0
2.1877616239495564e-7	0	0	0	0	0	0	0.00024607630732178685	0	0	0	0	0	0	0	0.001375424636598087	4.273259616105768e-39	0	3.980031005291578e-96	3.980031005291578e-96	3.980031005291578e-96	0	0	0
2.3442288153199275e-7	0	0	0	0	0	0	0.00041845281154525996	0	0	0	0	0	0	0	0.002338909879285774	7.266678861870064e-39	0	3.7143810529937346e-96	3.7143810529937346e-96	3.7143810529937346e-96	0	0	0
2.5118864315095823e-7	0	0	0	0	0	0	0.0007115790926639447	0	0	0	0	0	0	0	0.003977316733944072	1.2356988909012343e-38	0	3.466462092505264e-96	3.466462092505264e-96	3.466462092505264e-96	0	0	0
2.6915348039269196e-7	0	0	0	0	0	0	0.0012100403943914627	0	0	0	0	0	0	0	0.006763427929485745	2.1013062198011862e-38	0	3.235090656380273e-96	3.235090656380273e-96	3.235090656380273e-96	0	0	0
2.8840315031266115e-7	0	0	0	0	0	0	0.0020576739411743605	0	0	0	0	0	0	0	0.011501210594306312	3.573271661800124e-38	0	3.019162268535049e-96	3.019162268535049e-96	3.019162268535049e-96	0	0	0
3.090295432513592e-7	0	0	0	0	0	0	0.0034990749629619745	0	0	0	0	0	0	0	0.0195578109966841	6.076349200656382e-38	0	2.817646171914338e-96	2.817646171914338e-96	2.817646171914338e-96	0	0	0
3.3113112148259143e-7	0	0	0	0	0	0	0.005950177698921697	0	0	0	0	0	0	0	0.022675622660204918	1.0332833073687828e-37	0	2.6295804080632327e-96	2.6295804080632327e-96	2.6295804080632327e-96	0	0	0
3.5481338923357606e-7	0	0	0	0	0	0	0.010118278408866603	0	0	0	0	0	0	0	0.026290460783937816	1.7570984780986335e-37	0	2.454067225116517e-96	2.454067225116517e-96	2.454067225116517e-96	0	0	0
3.8018939632056126e-7	0	0	0	0	0	0	0.017206134529039633	0	0	0	0	0	0	0	0.020098954451753283	2.987946325774466e-37	0	2.2902687922849304e-96	2.2902687922849304e-96	2.2902687922849304e-96	0	0	0
4.0738027780411303e-7	0	0	0	0	0	0	0.029259035328774535	0	0	0	0	0	0	0	0.015365572074737219	5.081003345566586e-37	0	2.137403200381041e-96	2.137403200381041e-96	2.137403200381041e-96	0	0	0
4.365158322401665e-7	0	0	0	0	0	0	0.029684414136117436	0	0	0	0	0	0	0	0.009244524166672452	8.64024724104348e-37	0	1.994740729292858e-96	1.994740729292858e-96	1.994740729292858e-96	0	0	0
4.677351412871981e-7	0	0	0	0	0	0	0.030115977259781827	0	0	0	0	0	0	0	0.005561864319305222	1.469274222216291e-36	0	1.8616003645874889e-96	1.8616003645874889e-96	1.8616003645874889e-96	0	0	0
5.011872336272736e-7	0	0	0	0	0	0	0.027619818239286244	0	0	0	0	0	0	0	0.005721787642644863	2.4985011190590308e-36	0	1.737346546616516e-96	1.737346546616516e-96	1.737346546616516e-96	0	0	0
5.370317963702533e-7	0	0	0	0	0	0	0.02533055304799834	0	0	0	0	0	0	0	0.005886309328670117	4.2487016702182315e-36	0	1.6213861366046658e-96	1.6213861366046658e-96	1.6213861366046658e-96	0	0	0
5.754399373371578e-7	0	0	0	0	0	0	0.023702110236024497	0	0	0	0	0	0	0	0.009189553138958077	7.224918069804138e-36	0	1.5131655852389213e-96	1.5131655852389213e-96	1.5131655852389213e-96	0	0	0
6.165950018614835e-7	0	0	0	0	0	0	0.022178356255235794	0	0	0	0	0	0	0	0.014346491524395525	1.228597467345878e-35	0	1.4121682902422185e-96	1.4121682902422185e-96	1.4121682902422185e-96	0	0	0
6.606934480075964e-7	0	0	0	0	0	0	0.021252766193120148	0	0	0	0	0	0	0	0.01917016004996675	2.0892302475751176e-35	0	1.317912130317686e-96	1.317912130317686e-96	1.317912130317686e-96	0	0	0
7.079457843841387e-7	0	0	0	0	0	0	0.02036580464581533	0	0	0	0	0	0	0	0.025615673052636526	3.552736468529577e-35	0	1.229947163691504e-96	1.229947163691504e-96	1.229947163691504e-96	0	0	0
7.585775750291852e-7	0	0	0	0	0	0	0.018081410780554096	0	0	0	0	0	0	0	0.01765252535891022	6.041429100248752e-35	0	1.1478534802681564e-96	1.1478534802681564e-96	1.1478534802681564e-96	0	0	0
8.128305161640995e-7	0	0	0	0	0	0	0.016053253063208584	0	0	0	0	0	0	0	0.012164882449376066	1.027345143571475e-34	0	1.0712391971450526e-96	1.0712391971450526e-96	1.0712391971450526e-96	0	0	0
8.709635899560814e-7	0	0	0	0	0	0	0.01949075716762801	0	0	0	0	0	0	0	0.009507454919615698	1.747000629332006e-34	0	9.997385879179357e-97	9.997385879179357e-97	9.997385879179357e-97	0	0	0
9.332543007969924e-7	0	0	0	0	0	0	0.023664338528250336	0	0	0	0	0	0	0	0.007430544390764866	2.9707749318561797e-34	0	9.330103368471237e-97	9.330103368471237e-97	9.330103368471237e-97	0	0	0
1.e-6	0	0	0	0	0	0	0.020984554960717123	0	0	0	0	0	0	0	0.010274936441382403	5.0518033866536e-34	0	8.707359095506288e-97	8.707359095506288e-97	8.707359095506288e-97	0	0	0
1.0715193052376091e-6	0	0	0	0	0	0	0.018608233920152227	0	0	0	0	0	0	0	0.014208153982050341	8.590592704866594e-34	0	8.12618032446502e-97	8.12618032446502e-97	8.12618032446502e-97	0	0	0
1.148153621496884e-6	0	0	0	0	0	0	0.01449062607318745	0	0	0	0	0	0	0	0.020799212551969898	1.4608304673114741e-33	0	7.583792736858879e-97	7.583792736858879e-97	7.583792736858879e-97	0	0	0
1.2302687708123837e-6	0	0	0	0	0	0	0.01128415758819215	0	0	0	0	0	0	0	0.030447814918710913	2.4841425120952235e-33	0	7.077607188026527e-97	7.077607188026527e-97	7.077607188026527e-97	0	0	0
1.3182567385564101e-6	0	0	0	0	0	0	0.012507836962978821	0	0	0	0	0	0	0	0.02835183175392331	4.2242848561038504e-33	0	6.605207347577451e-97	6.605207347577451e-97	6.605207347577451e-97	0	0	0
1.4125375446227554e-6	0	0	0	0	0	0	0.013864214875567103	0	0	0	0	0	0	0	0.026400133012789758	7.183397272347579e-33	0	6.164338164782551e-97	6.164338164782551e-97	6.164338164782551e-97	0	0	0
1.5135612484362104e-6	0	0	0	0	0	0	0.013333932869949555	0	0	0	0	0	0	0	0.021790854037189975	1.2215368548787749e-32	0	5.752895103850343e-97	5.752895103850343e-97	5.752895103850343e-97	0	0	0
1.6218100973589331e-6	0	0	0	0	0	0	0.012823933224927789	0	0	0	0	0	0	0	0.01798632300223953	2.0772236746130636e-32	0	5.368914097702282e-97	5.368914097702282e-97	5.368914097702282e-97	0	0	0
1.7378008287493763e-6	0	0	0	0	0	0	0.01760070913950925	0	0	0	0	0	0	0	0.021276750610534762	3.532319288721807e-32	0	5.010562172290259e-97	5.010562172290259e-97	5.010562172290259e-97	0	0	0
1.8620871366628694e-6	0	0	0	0	0	0	0.024156782227424473	0	0	0	0	0	0	0	0.02516913081603893	6.006709681758818e-32	0	4.676128696700595e-97	4.676128696700595e-97	4.676128696700595e-97	0	0	0
1.995262314968883e-6	0	0	0	0	0	0	0.02960976907200794	0	0	0	0	0	0	0	0.025080339985924193	1.0214411057384888e-31	0	4.364017217276057e-97	4.364017217276057e-97	4.364017217276057e-97	0	0	0
2.1379620895022326e-6	0	0	0	0	0	0	0.03629367588131445	0	0	0	0	0	0	0	0.02499186238917363	1.7369608117746896e-31	0	4.072737836775002e-97	4.072737836775002e-97	4.072737836775002e-97	0	0	0
2.2908676527677747e-6	0	0	0	0	0	0	0.03297572521423102	0	0	0	0	0	0	0	0.028218634617440883	2.9537022200215426e-31	0	3.8009001021889033e-97	3.8009001021889033e-97	3.8009001021889033e-97	0	0	0
2.4547089156850335e-6	0	0	0	0	0	0	0.029961100026363235	0	0	0	0	0	0	0	0.031862024817229294	5.022771236644185e-31	0	3.5472063672675144e-97	3.5472063672675144e-97	3.5472063672675144e-97	0	0	0
2.6302679918953817e-6	0	0	0	0	0	0	0.0249424966954414	0	0	0	0	0	0	0	0.030999811114037445	8.541223527765164e-31	0	3.3104455980668836e-97	3.3104455980668836e-97	3.3104455980668836e-97	0	0	0
2.8183829312644606e-6	0	0	0	0	0	0	0.020764529368236896	0	0	0	0	0	0	0	0.030160929652730366	1.4524352377233163e-30	0	3.0894875919503787e-97	3.0894875919503787e-97	3.0894875919503787e-97	0	0	0
3.0199517204020193e-6	0	0	0	0	0	0	0.01948104484261734	0	0	0	0	0	0	0	0.02984467877227738	2.4698664224425233e-30	0	2.883277582446634e-97	2.883277582446634e-97	2.883277582446634e-97	0	0	0
3.2359365692962877e-6	0	0	0	0	0	0	0.018276894285916143	0	0	0	0	0	0	0	0.029531743924205933	4.200008362693684e-30	0	2.6908312042098704e-97	2.6908312042098704e-97	2.6908312042098704e-97	0	0	0
3.4673685045253236e-6	0	0	0	0	0	0	0.021175412841040544	0	0	0	0	0	0	0	0.030915951455561794	7.142115090278025e-30	0	2.511229794047607e-97	2.511229794047607e-97	2.511229794047607e-97	0	0	0
3.7153522909717276e-6	0	0	0	0	0	0	0.024533605216178613	0	0	0	0	0	0	0	0.032365039357503754	1.2145168189631556e-29	0	2.3436160055844747e-97	2.3436160055844747e-97	2.3436160055844747e-97	0	0	0
3.981071705534978e-6	0	0	0	0	0	0	0.03165146136896657	0	0	0	0	0	0	0	0.03515404166479317	2.0652861020852801e-29	0	2.1871897166283748e-97	2.1871897166283748e-97	2.1871897166283748e-97	0	0	0
4.265795188015934e-6	0	0	0	0	0	0	0.0408343982860913	0	0	0	0	0	0	0	0.038183381509884755	3.512019444166955e-29	0	2.0412042097023814e-97	2.0412042097023814e-97	2.0412042097023814e-97	0	0	0
4.570881896148752e-6	0	0	0	0	0	0	0.040423354863643055	0	0	0	0	0	0	0	0.03589741808711998	5.972189791890435e-29	0	1.9049626075096736e-97	1.9049626075096736e-97	1.9049626075096736e-97	0	0	0
4.897788193684467e-6	0	0	0	0	0	0	0.04001644904826701	0	0	0	0	0	0	0	0.03374831076676367	1.0155709977517384e-28	0	1.7778145463158524e-97	1.7778145463158524e-97	1.7778145463158524e-97	0	0	0
5.248074602497734e-6	0	0	0	0	0	0	0.036296659020217684	0	0	0	0	0	0	0	0.03282428546858273	1.7269786919279297e-28	0	1.6591530713687198e-97	1.6591530713687198e-97	1.6591530713687198e-97	0	0	0
5.623413251903491e-6	0	0	0	0	0	0	0.03292264774520297	0	0	0	0	0	0	0	0.03192555988858868	2.936727623155511e-28	0	1.5484117395353966e-97	1.5484117395353966e-97	1.5484117395353966e-97	0	0	0
6.0255958607435935e-6	0	0	0	0	0	0	0.03334121377722067	0	0	0	0	0	0	0	0.03231512473688415	4.993905931159361e-28	0	1.4450619153259556e-97	1.4450619153259556e-97	1.4450619153259556e-97	0	0	0
6.4565422903465625e-6	0	0	0	0	0	0	0.033765101298704275	0	0	0	0	0	0	0	0.03270944316731142	8.492138069812382e-28	0	1.3486102473958875e-97	1.3486102473958875e-97	1.3486102473958875e-97	0	0	0
6.9183097091893625e-6	0	0	0	0	0	0	0.03895407361957472	0	0	0	0	0	0	0	0.03577895006656269	1.4440882545821644e-27	0	1.2585963134811077e-97	1.2585963134811077e-97	1.2585963134811077e-97	0	0	0
7.413102413009192e-6	0	0	0	0	0	0	0.04494047976149562	0	0	0	0	0	0	0	0.03913650444361343	2.45567237588303e-27	0	1.1745904225234786e-97	1.1745904225234786e-97	1.1745904225234786e-97	0	0	0
7.943282347242822e-6	0	0	0	0	0	0	0.04521049459500728	0	0	0	0	0	0	0	0.04264612274783195	4.1758713835807844e-27	0	1.096191563494993e-97	1.096191563494993e-97	1.096191563494993e-97	0	0	0
8.511380382023777e-6	0	0	0	0	0	0	0.045482131752328285	0	0	0	0	0	0	0	0.04647047076070526	7.101070152299347e-27	0	1.0230254911290795e-97	1.0230254911290795e-97	1.0230254911290795e-97	0	0	0
9.120108393559115e-6	0	0	0	0	0	0	0.047954627509907234	0	0	0	0	0	0	0	0.047294250194382915	1.2075371264101852e-26	0	9.547429394211669e-98	9.547429394211669e-98	9.547429394211669e-98	0	0	0
9.772372209558111e-6	0	0	0	0	0	0	0.050561532870460085	0	0	0	0	0	0	0	0.04813263271996457	2.0534171334538524e-26	0	8.910179543703666e-98	8.910179543703666e-98	8.910179543703666e-98	0	0	0
0.000010471285480509006	6.216243349205464e-19	6.20646101101008e-19	0	0	0	0	0.04891284158098177	0	0	0	0	0	0	0	0.04761968429146149	3.4918362605521533e-26	0	8.315463380034814e-98	8.315463380034814e-98	8.315463380034814e-98	0	0	0
0.000011220184543019652	1.0570723102257048e-18	1.0554088234130588e-18	0	0	0	0	0.04731791019184025	0	0	0	0	0	0	0	0.04711220234329462	5.937868283974929e-26	0	7.760441962537368e-98	7.760441962537368e-98	7.760441962537368e-98	0	0	0
0.000012022644346174132	1.7975516823818542e-18	1.794722922712562e-18	0	0	0	0	0.04865231240958314	0	0	0	0	0	0	0	0.04794097641286905	1.0097346246201506e-25	0	7.24246583762345e-98	7.24246583762345e-98	7.24246583762345e-98	0	0	0
0.000012882495516931348	3.0567370080329287e-18	3.051926701629641e-18	0	0	0	0	0.05002434581753466	0	0	0	0	0	0	0	0.048784329857302376	1.7170539382093756e-25	0	6.759062391337365e-98	6.759062391337365e-98	6.759062391337365e-98	0	0	0
0.000013803842646028866	5.197981914988707e-18	5.189801987954094e-18	0	0	0	0	0.051798387070675536	0	0	0	0	0	0	0	0.050730338157231415	2.919850577402478e-25	0	6.307924046070785e-98	6.307924046070785e-98	6.307924046070785e-98	0	0	0
0.000014791083881682102	8.839169322563363e-18	8.825259354947532e-18	0	0	0	0	0.05363534213740837	0	0	0	0	0	0	0	0.05275397278336908	4.965206511362204e-25	0	5.886897245096313e-98	5.886897245096313e-98	5.886897245096313e-98	0	0	0
0.00001584893192461114	1.503100926296993e-17	1.5007355360159467e-17	0	0	0	0	0.05524958414276735	0	0	0	0	0	0	0	0.053976007211096036	8.44333470050561e-25	0	5.493972172336103e-98	5.493972172336103e-98	5.493972172336103e-98	0	0	0
0.00001698243652461746	2.556023436351309e-17	2.5520010896886884e-17	0	0	0	0	0.056912409361135306	0	0	0	0	0	0	0	0.05522634980337939	1.4357892406212519e-24	0	5.127273158291653e-98	5.127273158291653e-98	5.127273158291653e-98	0	0	0
0.000018197008586099864	4.346518382682476e-17	4.339678381349953e-17	0	0	0	0	0.0595226388263187	0	0	0	0	0	0	0	0.057999576647870955	2.4415599009242583e-24	0	4.785049726336652e-98	4.785049726336652e-98	4.785049726336652e-98	0	0	0
0.000019498445997580493	7.391255409600577e-17	7.379623985918494e-17	0	0	0	0	0.062252583797090796	0	0	0	0	0	0	0	0.06091206287051098	4.151873116991852e-24	0	4.4656682366311445e-98	4.4656682366311445e-98	4.4656682366311445e-98	0	0	0
0.00002089296130854041	1.2568831354218538e-16	1.254905211583913e-16	0	0	0	0	0.06724310412709193	0	0	0	0	0	0	0	0.06297136282847011	7.060261094996345e-24	0	4.167604087768536e-98	4.167604087768536e-98	4.167604087768536e-98	0	0	0
0.000022387211385683423	2.1373300319942733e-16	2.1339665720983703e-16	0	0	0	0	0.07263369288229096	0	0	0	0	0	0	0	0.0651002830901431	1.2005975453709699e-23	0	3.8894344389291046e-98	3.8894344389291046e-98	3.8894344389291046e-98	0	0	0
0.000023988329190194948	3.634530161892299e-16	3.628810597642988e-16	0	0	0	0	0.07608308457635941	0	0	0	0	0	0	0	0.06863129563250751	2.041616374460012e-23	0	3.629831417798516e-98	3.629831417798516e-98	3.629831417798516e-98	0	0	0
0.000025703957827688645	6.180519292745468e-16	6.170793172555408e-16	0	0	0	0	0.07969628871871413	0	0	0	0	0	0	0	0.07235382884087405	3.4717690674399106e-23	0	3.387555781828511e-98	3.387555781828511e-98	3.387555781828511e-98	0	0	0
0.00002754228703338169	1.0509974336851138e-15	1.0493435067454366e-15	0	0	0	0	0.08172971251415101	0	0	0	0	0	0	0	0.07479433215272088	5.903744017933246e-23	0	3.161451002581169e-98	3.161451002581169e-98	3.161451002581169e-98	0	0	0
0.0000295120922666639	1.7872213535669387e-15	1.7844088504636088e-15	0	0	0	0	0.08381501842854658	0	0	0	0	0	0	0	0.07731715393354971	1.0039317924733106e-22	0	2.950437744917833e-98	2.950437744917833e-98	2.950437744917833e-98	0	0	0
0.000031622776601683856	3.039170281744552e-15	3.0343876196350994e-15	0	0	0	0	0.08608277843331473	0	0	0	0	0	0	0	0.08343529783994451	1.7071862209423702e-22	0	2.7535087146783424e-98	2.7535087146783424e-98	2.7535087146783424e-98	0	0	0
0.000033884415613920276	5.168109693298283e-15	5.159976775391016e-15	0	0	0	0	0.08841189659961077	0	0	0	0	0	0	0	0.09003757344228198	2.9030705221469094e-22	0	2.569723850255561e-98	2.569723850255561e-98	2.569723850255561e-98	0	0	0
0.000036307805477010174	8.788371603394716e-15	8.77454157480967e-15	0	0	0	0	0.08923881729330248	0	0	0	0	0	0	0	0.09312538924460946	4.93667202392634e-22	0	2.3982058351116044e-98	2.3982058351116044e-98	2.3982058351116044e-98	0	0	0
0.00003890451449942813	1.494462773100709e-14	1.4921109764535023e-14	0	0	0	0	0.09007347221575654	0	0	0	0	0	0	0	0.0963191009086813	8.394811798713413e-22	0	2.238135909814343e-98	2.238135909814343e-98	2.238135909814343e-98	0	0	0
0.00004168693834703355	2.541334255052666e-14	2.537335024367194e-14	0	0	0	0	0.0940380437592705	0	0	0	0	0	0	0	0.09851065796855132	1.427537920166922e-21	0	2.088749963602425e-98	2.088749963602425e-98	2.088749963602425e-98	0	0	0
0.00004466835921509635	4.321539426843071e-14	4.314738734234476e-14	0	0	0	0	0.09817711537630164	0	0	0	0	0	0	0	0.10075207972089989	2.4275285287834216e-21	0	1.949334886821521e-98	1.949334886821521e-98	1.949334886821521e-98	0	0	0
0.0000478630092322639	7.348778690024306e-14	7.337214110835458e-14	0	0	0	0	0.09947432812266101	0	0	0	0	0	0	0	0.10379368352284185	4.1280127657614435e-21	0	1.819225166819799e-98	1.819225166819799e-98	1.819225166819799e-98	0	0	0
0.00005128613839913659	1.2496599683785418e-13	1.2476934114480598e-13	0	0	0	0	0.10078868092149412	0	0	0	0	0	0	0	0.1069271102798389	7.019686562789389e-21	0	1.6977997110526994e-98	1.6977997110526994e-98	1.6977997110526994e-98	0	0	0
0.00005495408738576248	2.1250470349416534e-13	2.1217029044742376e-13	0	0	0	0	0.10632720520854785	0	0	0	0	0	0	0	0.11076697715166069	1.1936978453291362e-20	0	1.5844788822318232e-98	1.5844788822318232e-98	1.5844788822318232e-98	0	0	0
0.00005888436553555896	3.61364292286152e-13	3.6079562283093527e-13	0	0	0	0	0.1121700816410794	0	0	0	0	0	0	0	0.1147447377489819	2.0298834331105124e-20	0	1.478721731364857e-98	1.478721731364857e-98	1.478721731364857e-98	0	0	0
0.00006309573444801943	6.145000538449407e-13	6.135330313186144e-13	0	0	0	0	0.11677423490108632	0	0	0	0	0	0	0	0.1183257363818745	3.4518171982460663e-20	0	1.380023415478225e-98	1.380023415478225e-98	1.380023415478225e-98	0	0	0
0.00006760829753919819	1.0449574687817348e-12	1.0433130467755166e-12	0	0	0	0	0.1215673710603793	0	0	0	0	0	0	0	0.1220184922200249	5.869815860238538e-20	0	1.287912787695608e-98	1.287912787695608e-98	1.287912787695608e-98	0	0	0
0.00007244359600749906	1.7769503919982454e-12	1.774154052036231e-12	0	0	0	0	0.126190678667737	0	0	0	0	0	0	0	0.12569127554577858	9.981623085548787e-20	0	1.2019501481683676e-98	1.2019501481683676e-98	1.2019501481683676e-98	0	0	0
0.00007762471166286927	3.0217045094706793e-12	3.016949332786342e-12	0	0	0	0	0.13098981448496647	0	0	0	0	0	0	0	0.12947461045361305	1.6973752123446623e-19	0	1.1217251451217092e-98	1.1217251451217092e-98	1.1217251451217092e-98	0	0	0
0.00008317637711026725	5.1384091439307444e-12	5.130322964994598e-12	0	0	0	0	0.13552261735054646	0	0	0	0	0	0	0	0.13372045836049232	2.8863868999954024e-19	0	1.0468548159969637e-98	1.0468548159969637e-98	1.0468548159969637e-98	0	0	0
0.00008912509381337459	8.737865813046113e-12	8.724115264091134e-12	0	0	0	0	0.14021227441046988	0	0	0	0	0	0	0	0.13810553993168015	4.90830152100358e-19	0	9.769817593392103e-99	9.769817593392103e-99	9.769817593392103e-99	0	0	0
0.00009549925860214369	1.4858742624063387e-11	1.48353598127187e-11	0	0	0	0	0.14508564233984733	0	0	0	0	0	0	0	0.14278017931935105	8.346567752619991e-19	0	9.117724287035282e-99	9.117724287035282e-99	9.117724287035282e-99	0	0	0
0.00010232929922807557	2.5267294908388157e-11	2.522753243285564e-11	0	0	0	0	0.15012839426270858	0	0	0	0	0	0	0	0.1476130473589327	1.4193340191299368e-18	0	8.50915540435685e-99	8.50915540435685e-99	8.50915540435685e-99	0	0	0
0.00010964781961431851	4.2967040222738935e-11	4.289942412486378e-11	0	0	0	0	0.154058493702263	0	0	0	0	0	0	0	0.15323607229282918	2.4135777933716196e-18	0	7.941205877266004e-99	7.941205877266004e-99	7.941205877266004e-99	0	0	0
0.00011748975549395303	7.306546079412595e-11	7.295047960569087e-11	0	0	0	0	0.15809147628847703	0	0	0	0	0	0	0	0.15907329515822885	4.1042895373053535e-18	0	7.411164538472836e-99	7.411164538472836e-99	7.411164538472836e-99	0	0	0
0.00012589254117941688	1.2424783120697256e-10	1.240523056722349e-10	0	0	0	0	0.16348324324073357	0	0	0	0	0	0	0	0.16472819936367677	6.979345207888678e-18	0	6.916501179443917e-99	6.916501179443917e-99	6.916501179443917e-99	0	0	0
0.0001348962882591656	2.1128346269017323e-10	2.1095097147787362e-10	0	0	0	0	0.16905889835413482	0	0	0	0	0	0	0	0.17058413003017148	1.1868377970931005e-17	0	6.4548544721834934e-99	6.4548544721834934e-99	6.4548544721834934e-99	0	0	0
0.0001445439770745928	3.592875720461278e-10	3.58722170670776e-10	0	0	0	0	0.17340638115721677	0	0	0	0	0	0	0	0.17438361522346524	2.0182179196648858e-17	0	6.024020697183945e-99	6.024020697183945e-99	6.024020697183945e-99	0	0	0
0.00015488166189124827	6.109685906468414e-10	6.10007125491002e-10	0	0	0	0	0.1778656629067427	0	0	0	0	0	0	0	0.17826772779523445	3.431979990216697e-17	0	5.621943223737002e-99	5.621943223737002e-99	5.621943223737002e-99	0	0	0
0.00016595869074375631	1.0389522148822677e-9	1.037317243185713e-9	0	0	0	0	0.18401878522804185	0	0	0	0	0	0	0	0.1833930583747752	5.836082683877833e-17	0	5.2467026923890544e-99	5.2467026923890544e-99	5.2467026923890544e-99	0	0	0
0.00017782794100389227	1.7667384564989384e-9	1.7639581867904703e-9	0	0	0	0	0.1903847699629291	0	0	0	0	0	0	0	0.1886657460439827	9.924259812163652e-17	0	4.896507852675245e-99	4.896507852675245e-99	4.896507852675245e-99	0	0	0
0.00019054607179632481	3.00433911103987e-9	2.9996112618250276e-9	0	0	0	0	0.1966573494279116	0	0	0	0	0	0	0	0.1961445462392239	1.6876205865178872e-16	0	4.569687012395409e-99	4.569687012395409e-99	4.569687012395409e-99	0	0	0
0.00020417379446695317	5.108879280304161e-9	5.100839571735507e-9	0	0	0	0	0.2031365906608089	0	0	0	0	0	0	0	0.20391980964272235	2.869799156757565e-16	0	4.264680057614166e-99	4.264680057614166e-99	4.264680057614166e-99	0	0	0
0.00021877616239495564	8.687650273835671e-9	8.673978747750232e-9	0	0	0	0	0.20966123159948505	0	0	0	0	0	0	0	0.210647977624983	4.880094060193549e-16	0	3.980031005291577e-99	3.980031005291577e-99	3.980031005291577e-99	0	0	0
0.00023442288153199226	1.4773351089240005e-8	1.4750102656301335e-8	0	0	0	0	0.21639544058909804	0	0	0	0	0	0	0	0.2175981360282673	8.298600959672764e-16	0	3.7143810529937426e-99	3.7143810529937426e-99	3.7143810529937426e-99	0	0	0
0.0002511886431509582	2.51220865857427e-8	2.508255262071743e-8	0	0	0	0	0.22417706638141846	0	0	0	0	0	0	0	0.2246771194731998	1.4111772649962163e-15	0	3.466462092505264e-99	3.466462092505264e-99	3.466462092505264e-99	0	0	0
0.00026915348039269194	4.27201134400183e-8	4.26528859243082e-8	0	0	0	0	0.2322385210823647	0	0	0	0	0	0	0	0.2319863990389004	2.3997072312785694e-15	0	3.235090656380273e-99	3.235090656380273e-99	3.235090656380273e-99	0	0	0
0.00028840315031266115	7.26455617489895e-8	7.253124134460654e-8	0	0	0	0	0.23896516640746465	0	0	0	0	0	0	0	0.23886760062353365	4.0807026435946196e-15	0	3.019162268535049e-99	3.019162268535049e-99	3.019162268535049e-99	0	0	0
0.0003090295432513592	1.2353379279378302e-7	1.2333939092246235e-7	0	0	0	0	0.24588664485981102	0	0	0	0	0	0	0	0.24595291303295833	6.9392356902501954e-15	0	2.817646171914338e-99	2.817646171914338e-99	2.817646171914338e-99	0	0	0
0.0003311311214825914	2.1006924022072318e-7	2.0973865979829497e-7	0	0	0	0	0.2540801119857117	0	0	0	0	0	0	0	0.2536317257026045	1.1800171727883186e-14	0	2.629580408063233e-99	2.629580408063233e-99	2.629580408063233e-99	0	0	0
0.000354813389233576	3.5722278648545053e-7	3.5666063440867285e-7	0	0	0	0	0.262546602901015	0	0	0	0	0	0	0	0.26155027598417113	2.0066194466225353e-14	0	2.454067225116517e-99	2.454067225116517e-99	2.454067225116517e-99	0	0	0
0.00038018939632056124	6.074574223734349e-7	6.065014826504923e-7	0	0	0	0	0.2697616627998334	0	0	0	0	0	0	0	0.2691212596931944	3.4122567844069565e-14	0	2.290268792284931e-99	2.290268792284931e-99	2.290268792284931e-99	0	0	0
0.00040738027780411304	1.0329814725064188e-6	1.031355896809649e-6	0	0	0	0	0.27717500021878905	0	0	0	0	0	0	0	0.2769113974218673	5.802543368315052e-14	0	2.137403200381041e-99	2.137403200381041e-99	2.137403200381041e-99	0	0	0
0.00043651583224016654	1.7565852078527429e-6	1.7538209160438504e-6	0	0	0	0	0.2849613619333693	0	0	0	0	0	0	0	0.2851981611142565	9.867226199105844e-14	0	1.994740729292858e-99	1.994740729292858e-99	1.994740729292858e-99	0	0	0
0.00046773514128719906	2.9870735096150367e-6	2.982372830821737e-6	0	0	0	0	0.29296645704274493	0	0	0	0	0	0	0	0.2937329118997478	1.677922019436668e-13	0	1.861600364587485e-99	1.861600364587485e-99	1.861600364587485e-99	0	0	0
0.0005011872336272725	5.079519121506704e-6	5.071525616245529e-6	0	0	0	0	0.301593529517294	0	0	0	0	0	0	0	0.3012054401239605	2.85330674142804e-13	0	1.7373465466165192e-99	1.7373465466165192e-99	1.7373465466165192e-99	0	0	0
0.0005370317963702533	8.637723317722238e-6	8.624130360370733e-6	0	0	0	0	0.31047464602211344	0	0	0	0	0	0	0	0.3088680685235349	4.852048704511331e-13	0	1.621386136604666e-99	1.621386136604666e-99	1.621386136604666e-99	0	0	0
0.0005754399373371578	8.064527557356957e-6	8.051836623054596e-6	0	0	0	0	0.31909301499568465	0	0	0	0	0	0	0	0.3172039829226013	8.250909826529074e-13	0	1.5131655852389213e-99	1.5131655852389213e-99	1.5131655852389213e-99	0	0	0
0.0006165950018614823	7.529368831475841e-6	7.517520062344741e-6	0	0	0	0	0.3279506185886239	0	0	0	0	0	0	0	0.3257648719174577	1.4030673868177797e-12	0	1.4121682902422213e-99	1.4121682902422213e-99	1.4121682902422213e-99	0	0	0
0.0006606934480075965	3.879201281912927e-6	3.8730966851756416e-6	0	0	0	0	0.3367147753502253	0	0	0	0	0	0	0	0.3343570622013211	2.3859163817571713e-12	0	1.317912130317686e-99	1.317912130317686e-99	1.317912130317686e-99	0	0	0
0.0007079457843841388	1.9986008020602443e-6	1.995455656694295e-6	0	0	0	0	0.3457131455555224	0	0	0	0	0	0	0	0.3431758752436159	4.057251301128329e-12	0	1.2299471636915044e-99	1.2299471636915044e-99	1.2299471636915044e-99	0	0	0
0.0007585775750291852	1.087770786372693e-6	1.0860589901778506e-6	0	0	0	0	0.35451314729503863	0	0	0	0	0	0	0	0.35256153502859783	6.899356677531352e-12	0	1.1478534802681565e-99	1.1478534802681565e-99	1.1478534802681565e-99	0	0	0
0.0008128305161640995	5.920368301994766e-7	5.91105157455697e-7	0	0	0	0	0.3635371498618626	0	0	0	0	0	0	0	0.3622038871277963	1.1732357458498572e-11	0	1.0712391971450526e-99	1.0712391971450526e-99	1.0712391971450526e-99	0	0	0
0.0008709635899560814	4.5599147483361753e-7	4.552738930771672e-7	0	0	0	0	0.3725772070614084	0	0	0	0	0	0	0	0.3711840329541478	1.9950876287097477e-11	0	9.997385879179357e-100	9.997385879179357e-100	9.997385879179357e-100	0	0	0
0.0009332543007969925	3.512082602207089e-7	3.506555730452729e-7	0	0	0	0	0.38184206283849187	0	0	0	0	0	0	0	0.38038682415214903	3.392646925658935e-11	0	9.330103368471236e-100	9.330103368471236e-100	9.330103368471236e-100	0	0	0
0.001	4.80948262366169e-7	4.801914067714534e-7	0	0	0	0	0.3897696721008078	0	0	0	0	0	0	0	0.3885171874142883	5.7691967994541767e-11	0	8.707359095506286e-100	8.707359095506286e-100	8.707359095506286e-100	0	0	0
0.001071519305237607	6.586155773434197e-7	6.575791313813805e-7	0	0	0	0	0.3978618703247192	0	0	0	0	0	0	0	0.39682132853248697	9.81052035185423e-11	0	8.126180324465034e-100	8.126180324465034e-100	8.126180324465034e-100	0	0	0
0.001148153621496884	1.0920944417864385e-6	1.0903758415691148e-6	0	0	0	0	0.40477975866760957	0	0	0	0	0	0	0	0.4049898425444915	1.6682791889375646e-10	0	7.583792736858879e-100	7.583792736858879e-100	7.583792736858879e-100	0	0	0
0.0012302687708123836	1.8108746753175288e-6	1.8080249496056615e-6	0	0	0	0	0.4118179329255228	0	0	0	0	0	0	0	0.41332650432569734	2.8369091061680015e-10	0	7.077607188026529e-100	7.077607188026529e-100	7.077607188026529e-100	0	0	0
0.0013182567385564075	3.072161183475713e-6	3.067326604454381e-6	0	0	0	0	0.41868516689349705	0	0	0	0	0	0	0	0.4213300298103987	4.824164522356763e-10	0	6.605207347577464e-100	6.605207347577464e-100	6.605207347577464e-100	0	0	0
0.0014125375446227555	5.211942309370584e-6	5.203740413231537e-6	0	0	0	0	0.4256669148216485	0	0	0	0	0	0	0	0.42948853306573465	8.203492769002407e-10	0	6.16433816478255e-100	6.16433816478255e-100	6.16433816478255e-100	0	0	0
0.0015135612484362103	6.6289693753234835e-6	6.618537541067074e-6	0	0	0	0	0.4338922664150276	0	0	0	0	0	0	0	0.4365120159314938	1.3950041152037268e-9	0	5.752895103850344e-100	5.752895103850344e-100	5.752895103850344e-100	0	0	0
0.0016218100973589332	8.431258899387725e-6	8.417990849645528e-6	0	0	0	0	0.442276560144802	0	0	0	0	0	0	0	0.4436503547427966	2.3722047867081543e-9	0	5.368914097702281e-100	5.368914097702281e-100	5.368914097702281e-100	0	0	0
0.0017378008287493763	5.1637808966714775e-6	5.155654790877262e-6	0	0	0	0	0.4494006855904239	0	0	0	0	0	0	0	0.4499650480295153	4.033934730908824e-9	0	5.010562172290259e-100	5.010562172290259e-100	5.010562172290259e-100	0	0	0
0.0018620871366628695	3.1625921427659703e-6	3.157615254929262e-6	0	0	0	0	0.456639565395508	0	0	0	0	0	0	0	0.4563696214456618	6.859706845045885e-9	0	4.676128696700595e-100	4.676128696700595e-100	4.676128696700595e-100	0	0	0
0.001995262314968883	3.364428966202252e-6	3.359134453080267e-6	0	0	0	0	0.46262321532041956	0	0	0	0	0	0	0	0.4620037550159838	1.1664932910148547e-8	0	4.364017217276056e-100	4.364017217276056e-100	4.364017217276056e-100	0	0	0
0.0021379620895022326	3.57914702802016e-6	3.5735146187478205e-6	4.0699371411991835e-100	4.0635323884710487e-100	0	0	0.46868527296366513	0	0	0	0	0	0	0	0.4677074450589464	1.9836220828669244e-8	0	4.072737836775002e-100	4.072737836775002e-100	4.072737836775002e-100	0	0	0
0.0022908676527677745	4.016297311967525e-6	4.009976970823866e-6	3.798286340997547e-100	3.792309077968474e-100	0	0	0.4739601226719689	0	0	0	0	0	0	0	0.47338046861959165	3.3731497625795024e-8	0	3.800900102188903e-100	3.800900102188903e-100	3.800900102188903e-100	0	0	0
0.0024547089156850338	4.506840309111419e-6	4.499748013392002e-6	3.5447670633944246e-100	3.5391887569655476e-100	0	0	0.4792943385286253	0	0	0	0	0	0	0	0.4791223027083988	5.736041869601213e-8	0	3.5472063672675136e-100	3.5472063672675136e-100	3.5472063672675136e-100	0	0	0
0.002630267991895387	5.884148610937255e-6	5.874888881471935e-6	3.308169107236366e-100	3.3029631287704524e-100	0	0	0.4829405324779628	0	0	0	0	0	0	0	0.48237440522991265	9.754140386775303e-8	0	3.3104455980668766e-100	3.3104455980668766e-100	3.3104455980668766e-100	0	0	0
0.002818382931264455	7.682367801139409e-6	7.67027826156534e-6	3.087363047092085e-100	3.082504545298915e-100	0	0	0.4866144645607346	0	0	0	0	0	0	0	0.4856485818038152	1.658691774708662e-7	0	3.089487591950385e-100	3.089487591950385e-100	3.089487591950385e-100	0	0	0
0.003019951720402019	6.226345332838681e-6	6.216547097418084e-6	2.8812948418203896e-100	2.8767606241264837e-100	0	0	0.48820017658220455	0	0	0	0	0	0	0	0.48714871582618935	2.8206057062868943e-7	0	2.883277582446634e-100	2.883277582446634e-100	2.883277582446634e-100	0	0	0
0.0032359365692962876	5.046279637641439e-6	5.0383384404792786e-6	2.688980802993063e-100	2.6847492248294763e-100	0	0	0.4897910559030421	0	0	0	0	0	0	0	0.48865348365615474	4.796440587483828e-7	0	2.6908312042098706e-100	2.6908312042098706e-100	2.6908312042098706e-100	0	0	0
0.0034673685045253167	4.032842610698708e-6	4.026496232654845e-6	2.5095028991538265e-100	2.5055537606335e-100	0	0	0.4903062712856521	0	0	0	0	0	0	0	0.48981873839226375	8.156348212011246e-7	0	2.511229794047612e-100	2.511229794047612e-100	2.511229794047612e-100	0	0	0
0.003715352290971728	3.222932673280995e-6	3.217860829142992e-6	2.3420043734978247e-100	2.338318822989287e-100	0	0	0.49082202862771035	0	0	0	0	0	0	0	0.4909867718225709	1.386987182311352e-6	0	2.3436160055844744e-100	2.3436160055844744e-100	2.3436160055844744e-100	0	0	0
0.003981071705534978	3.506574646028356e-6	3.5010564419993452e-6	2.1856856540522065e-100	2.182246098189309e-100	0	0	0.49000910057566754	0	0	0	0	0	0	0	0.4900395437441066	2.358571990664951e-6	0	2.1871897166283746e-100	2.1871897166283746e-100	2.1871897166283746e-100	0	0	0
0.004265795188015935	3.8151792155345905e-6	3.8091753686344814e-6	2.0398005368345047e-100	2.0365905565326242e-100	0	0	0.489197518942447	0	0	0	0	0	0	0	0.48909414308968724	4.010752158414958e-6	0	2.0412042097023815e-100	2.0412042097023815e-100	2.0412042097023815e-100	0	0	0
0.004570881896148752	5.310439959841782e-6	5.30208306054822e-6	1.9036526237688153e-100	1.9006568958466117e-100	0	0	0.4864372291908437	0	0	0	0	0	0	0	0.486596836327785	4.10415225588415e-6	0	1.9049626075096733e-100	1.9049626075096733e-100	1.9049626075096733e-100	0	0	0
0.004897788193684466	7.391729450678829e-6	7.380097281010834e-6	1.7765919983557223e-100	1.7737962223883082e-100	0	0	0.48369251433326177	0	0	0	0	0	0	0	0.4841122807737051	4.19972740129016e-6	0	1.7778145463158522e-100	1.7778145463158522e-100	1.7778145463158522e-100	0	0	0
0.005248074602497733	8.65924201497411e-6	8.645615194216329e-6	1.6580121232269977e-100	1.6554029532813436e-100	0	0	0.479532058673543	0	0	0	0	0	0	0	0.47984894733401195	3.97382024379774e-6	0	1.6591530713687196e-100	1.6591530713687196e-100	1.6591530713687196e-100	0	0	0
0.005623413251903491	0.000010144103998152527	0.000010128140489257398	1.5473469447751488e-100	1.5449119257018568e-100	0	0	0.47540738895382506	0	0	0	0	0	0	0	0.475623158928271	3.7600648378191576e-6	0	1.548411739535397e-100	1.548411739535397e-100	1.548411739535397e-100	0	0	0
0.0060255958607435805	8.935166148034543e-6	8.921105112746501e-6	1.4440681910364911e-100	1.4417956990138186e-100	0	0	0.4695466139598814	0	0	0	0	0	0	0	0.46971277963826313	3.719307379164989e-6	0	1.4450619153259587e-100	1.4450619153259587e-100	1.4450619153259587e-100	0	0	0
0.006456542290346563	7.870305165199682e-6	7.857919873552937e-6	1.347682849928935e-100	1.345562036975249e-100	0	0	0.46375809001698926	0	0	0	0	0	0	0	0.4638758462742911	3.6789917135403695e-6	0	1.3486102473958872e-100	1.3486102473958872e-100	1.3486102473958872e-100	0	0	0
0.006918309709189377	7.114203554492061e-6	7.103008120006712e-6	1.257730815806524e-100	1.2557515579963106e-100	0	0	0.4563776728292774	0	0	0	0	0	0	0	0.4562527031774825	4.0239628672972146e-6	0	1.2585963134811053e-100	1.2585963134811053e-100	1.2585963134811053e-100	0	0	0
0.007413102413009177	6.4307407593976644e-6	6.4206208722855444e-6	1.1737826930963484e-100	1.1719355422325807e-100	0	0	0.4491147103211434	0	0	0	0	0	0	0	0.4487548356498613	4.401281225448749e-6	0	1.174590422523481e-100	1.174590422523481e-100	1.174590422523481e-100	0	0	0
0.00794328234724282	5.667877895810392e-6	5.658958505864986e-6	1.0954377465332411e-100	1.0937138850454091e-100	0	0	0.44056481791051516	0	0	0	0	0	0	0	0.4401368644652264	5.484282092355699e-6	0	1.0961915634949931e-100	1.0961915634949931e-100	1.0961915634949931e-100	0	0	0
0.008511380382023776	4.995511566046253e-6	4.987650261259273e-6	1.0223219882075107e-100	1.0207131870600131e-100	0	0	0.4321776916230027	0	0	0	0	0	0	0	0.4316843943993295	6.833771469685354e-6	0	1.0230254911290795e-100	1.0230254911290795e-100	1.0230254911290795e-100	0	0	0
0.009120108393559097	5.5046823792861e-6	5.496019805820509e-6	9.540863922939916e-101	9.525849717039624e-101	0	0	0.42179324862039896	0	0	0	0	0	0	0	0.4216238650474516	8.59075525793021e-6	0	9.547429394211689e-101	9.547429394211689e-101	9.547429394211689e-101	0	0	0
0.009772372209558112	6.065750763701141e-6	6.056205251718061e-6	8.904052289402523e-101	8.890040217173024e-101	0	0	0.41165832487472226	0	0	0	0	0	0	0	0.41179779923456894	0.000010799465014163553	0	8.910179543703664e-101	8.910179543703664e-101	8.910179543703664e-101	0	0	0
0.010471285480509006	5.664446858504217e-6	5.655532867891722e-6	8.309745093606193e-101	8.296668266934935e-101	0	0	0.4011251687795796	0	0	0	0	0	0	0	0.4007776101981715	0.000011104139437098584	0	8.315463380034811e-101	8.315463380034811e-101	8.315463380034811e-101	0	0	0
0.011220184543019653	5.289692811783198e-6	5.281368561729296e-6	7.755105347134672e-101	7.742901342402943e-101	0	0	0.3908615259448777	0	0	0	0	0	0	0	0.3900523342638441	0.000011417409332482393	0	7.760441962537368e-101	7.760441962537368e-101	7.760441962537368e-101	0	0	0
0.012022644346174132	5.450908427934474e-6	5.442330477117752e-6	7.237485418347184e-101	7.226095978444352e-101	0	0	0.3794669845662898	0	0	0	0	0	0	0	0.3787162248367074	0.000013042548051864673	0	7.24246583762345e-101	7.24246583762345e-101	7.24246583762345e-101	0	0	0
0.01288249551693135	5.617037462655755e-6	5.608198078959007e-6	6.754414393628016e-101	6.74378514985503e-101	0	0	0.3684046211192962	0	0	0	0	0	0	0	0.36770957729366993	0.000014899006835223465	0	6.759062391337364e-101	6.759062391337364e-101	6.759062391337364e-101	0	0	0
0.013803842646028866	6.096889989937877e-6	6.0872954749758154e-6	6.303586282218444e-101	6.293666494753083e-101	0	0	0.35651068182083046	0	0	0	0	0	0	0	0.35581601020981407	0.000016379017014193982	0	6.307924046070786e-101	6.307924046070786e-101	6.307924046070786e-101	0	0	0
0.014791083881682071	6.617735380356464e-6	6.607321224741621e-6	5.882849008325288e-101	5.873591324010248e-101	0	0	0.3450007382268866	0	0	0	0	0	0	0	0.3443071405793657	0.00001800604572628429	0	5.886897245096328e-101	5.886897245096328e-101	5.886897245096328e-101	0	0	0
0.01584893192461114	7.014939975369623e-6	7.003900749360507e-6	5.4901941379588835e-101	5.481554364256452e-101	0	0	0.3325377909444108	0	0	0	0	0	0	0	0.3319326371753532	0.000018113482399338948	0	5.493972172336102e-101	5.493972172336102e-101	5.493972172336102e-101	0	0	0
0.01698243652461746	7.435985277396817e-6	7.424283463501633e-6	5.123747291460554e-101	5.1156841854948475e-101	0	0	0.32052506024919236	0	0	0	0	0	0	0	0.3200028771892038	0.00001822156011479088	0	5.1272731582916517e-101	5.1272731582916517e-101	5.1272731582916517e-101	0	0	0
0.018197008586099864	7.0698352449553e-6	7.058709631708384e-6	4.7817591959524933e-101	4.774234267632216e-101	0	0	0.3076672766647345	0	0	0	0	0	0	0	0.3074576329414367	0.000020994145011330217	0	4.785049726336653e-101	4.785049726336653e-101	4.785049726336653e-101	0	0	0
0.019498445997580455	6.721714544371733e-6	6.711136759489092e-6	4.4625973349982326e-101	4.4555746632801445e-101	0	0	0.2953252798913806	0	0	0	0	0	0	0	0.29540420662549144	0.00002418860525553945	0	4.465668236631153e-101	4.465668236631153e-101	4.465668236631153e-101	0	0	0
0.02089296130854041	7.248435236657833e-6	7.2370285653148325e-6	4.1647381556122883e-101	4.1581842170282974e-101	0	0	0.2826267797118425	0	0	0	0	0	0	0	0.28271878888704116	0.000027721737648067385	0	4.1676040877685356e-101	4.1676040877685356e-101	4.1676040877685356e-101	4.157328159371312e-11	4.157328159371312e-11	4.157328159371312e-11
0.022387211385683423	7.81643032193559e-6	7.804129811708673e-6	3.886759795418494e-101	3.880643304047825e-101	0	0	0.27047429410602825	0	0	0	0	0	0	0	0.2705781156701305	0.00003177094049489605	0	3.889434438929104e-101	3.889434438929104e-101	3.889434438929104e-101	3.879844384557714e-11	3.879844384557714e-11	3.879844384557714e-11
0.02398832919019495	7.2625589589537304e-6	7.251130061481502e-6	3.627335295239141e-101	3.6216270533616763e-101	0	0	0.25790397194082165	0	0	0	0	0	0	0	0.2581618445547382	0.000034068164160722444	0	3.6298314177985164e-101	3.6298314177985164e-101	3.6298314177985164e-101	3.62088145831154e-11	3.62088145831154e-11	3.62088145831154e-11
0.025703957827688646	6.747934857713675e-6	6.737315810615531e-6	3.385226264714656e-101	3.379899023432523e-101	0	0	0.24591785686213116	0	0	0	0	0	0	0	0.24631533048724746	0.00003653149045016111	0	3.38755578182851e-101	3.38755578182851e-101	3.38755578182851e-101	3.37920319364533e-11	3.37920319364533e-11	3.37920319364533e-11
0.02754228703338169	6.5165524395741015e-6	6.50629751288432e-6	3.159276970715885e-101	3.1543052998779505e-101	0	0	0.23388533728275082	0.23431511283347917	0	0	0	0	0	0	0.2340045471832511	0.000041752205021259785	0	3.161451002581169e-101	3.161451002581169e-101	3.161451002581169e-101	3.15365591373643e-11	3.15365591373643e-11	3.15365591373643e-11
0.0295120922666639	6.293103978201019e-6	6.283200686461094e-6	2.9484088203294874e-101	2.943768987137839e-101	0	0	0.22244155708681979	0.22262869107769132	0	0	0	0	0	0	0.22230905398425202	0.00004771901180751387	0	2.9504377449178334e-101	2.9504377449178334e-101	2.9504377449178334e-101	2.9431629447283866e-11	2.9431629447283866e-11	2.9431629447283866e-11
0.03162277660168379	6.128246807004116e-6	6.118602946646122e-6	2.751615212080281e-101	2.7472850677991938e-101	0	0	0.2105907194487414	0.21068637236807078	0	0	0	0	0	0	0.21045384626639718	0.00005327258338566574	0	2.7535087146783476e-101	2.7535087146783476e-101	2.7535087146783476e-101	2.7467194761141074e-11	2.7467194761141074e-11	2.7467194761141074e-11
0.03388441561392028	5.967708313361105e-6	5.9583170881961e-6	2.5679567308123453e-101	2.5639156050389492e-101	0	0	0.1993712492339238	0.19938466729846088	0	0	0	0	0	0	0.19923084829220564	0.00005947248346278307	0	2.5697238502555615e-101	2.5697238502555615e-101	2.5697238502555615e-101	2.5633877641663474e-11	2.5633877641663474e-11	2.5633877641663474e-11
0.03630780547701017	5.385667745976561e-6	5.3771924627002116e-6	2.3965566632912012e-101	2.3927852652831174e-101	6.344164002509334e-6	6.3341803589559304e-6	0.1879625523694997	0.18812868445620934	0	0	0	0	0	0	0.1879148697437655	0.00006701905134515377	0	2.3982058351116045e-101	2.3982058351116045e-101	2.3982058351116045e-101	2.3922926555186252e-11	2.3922926555186252e-11	2.3922926555186252e-11
0.038904514499428125	4.8603945680642626e-6	4.852745893333083e-6	2.2365968131201987e-101	2.2330771397091373e-101	5.616626953902262e-6	5.6077882162123126e-6	0.17720669970725847	0.17750814240016136	0	0	0	0	0	0	0.17724161982699266	0.00007552321648069564	0	2.238135909814343e-101	2.238135909814343e-101	2.238135909814343e-101	2.2326174095278104e-11	2.2326174095278104e-11	2.2326174095278104e-11
0.04168693834703355	4.761696170876709e-6	4.754202815209857e-6	2.0873135949932723e-101	2.0840288446449986e-101	4.545350312633324e-6	4.538197414737126e-6	0.16644105356640082	0.1668497329036526	0	0	0	0	0	0	0.16640073199874372	0.00008280642132801693	0	2.0887499636024252e-101	2.0887499636024252e-101	2.0887499636024252e-101	2.0835997994760692e-11	2.0835997994760692e-11	2.0835997994760692e-11
0.04466835921509635	4.665002008833212e-6	4.657660818218707e-6	1.947994389639499e-101	1.9449288822499283e-101	3.678401580543219e-6	3.6726129769995695e-6	0.15632944103161772	0.15683130358754097	0	0	0	0	0	0	0.15622292121198958	0.00009079199394143592	0	1.9493348868215207e-101	1.9493348868215207e-101	1.9493348868215207e-101	1.9445284740007886e-11	1.9445284740007886e-11	1.9445284740007886e-11
0.0478630092322639	4.489490953566211e-6	4.482425960069999e-6	1.817974142059471e-101	1.815113244104029e-101	3.4596819072490385e-6	3.4542374970861825e-6	0.1461548210362504	0.14677027772451393	0	0	0	0	0	0	0.14624281284437868	0.00009636581949281591	0	1.8192251668197987e-101	1.8192251668197987e-101	1.8192251668197987e-101	1.8147395613834446e-11	1.8147395613834446e-11	1.8147395613834446e-11
0.05128613839913648	4.320583138868583e-6	4.31378395114515e-6	1.6966321868147238e-101	1.693962241493666e-101	3.253967419614569e-6	3.248846736914858e-6	0.13664241086756082	0.137354685771051	0	0	0	0	0	0	0.13690027137320385	0.00010228182864352547	0	1.6977997110527034e-101	1.6977997110527034e-101	1.6977997110527034e-101	1.6936135004875474e-11	1.6936135004875474e-11	1.6936135004875474e-11
0.05495408738576248	4.059733269965855e-6	4.0533445748007866e-6	1.583389285215444e-101	1.5808975472616743e-101	2.8123811568257167e-6	2.8079553867802145e-6	0.12715083764889687	0.1279448209100079	0	0	0	0	0	0	0.1275750686261874	0.00010753649628355579	0	1.5844788822318233e-101	1.5844788822318233e-101	1.5844788822318233e-101	1.58057208321785e-11	1.58057208321785e-11	1.58057208321785e-11
0.05888436553555896	3.8146318896165394e-6	3.8086289040287903e-6	1.477704860263186e-101	1.475379435101371e-101	2.4307212554098695e-6	2.4268960934843433e-6	0.11831857629097413	0.11917960501893646	0	0	0	0	0	0	0.11888506846424034	0.00011306111932400639	0	1.4787217313648572e-101	1.4787217313648572e-101	1.4787217313648572e-101	1.475075694382717e-11	1.475075694382717e-11	1.475075694382717e-11
0.06309573444801943	3.5424399166980345e-6	3.5368652724385744e-6	1.3790744161492337e-101	1.3769042031157888e-101	2.1374582287060417e-6	2.1340945670703638e-6	0.10968411977328268	0.11049738129011742	0	0	0	0	0	0	0.11036078458198553	0.0001194859744613992	0	1.3800234154782248e-101	1.3800234154782248e-101	1.3800234154782248e-101	1.3766207357837776e-11	1.3766207357837776e-11	1.3766207357837776e-11
0.06760829753919818	3.2896701245469496e-6	3.2844932574421953e-6	1.287027129990374e-101	1.2850017693432657e-101	1.8795769647773942e-6	1.8766191240847351e-6	0.1016797742803604	0.10244765679525142	0	0	0	0	0	0	0.10244770794925301	0.00012627593091552448	0	1.2879127876956083e-101	1.2879127876956083e-101	1.2879127876956083e-101	1.2847372222365309e-11	1.2847372222365309e-11	1.2847372222365309e-11
0.07244359600749906	3.1038130888762987e-6	3.0989287000863063e-6	1.2011236043059237e-101	1.199233427771345e-101	2.000109114186969e-6	1.996961595230009e-6	0.09372108885656077	0.0945956556403144	0	0	0	0	0	0	0.09458067264710278	0.0001347590877935331	0	1.2019501481683677e-101	1.2019501481683677e-101	1.2019501481683677e-101	1.1989865380462214e-11	1.1989865380462214e-11	1.1989865380462214e-11
0.07762471166286927	2.9284564488077814e-6	2.9238480141369565e-6	1.1209537695072861e-101	1.119189754127125e-101	2.128370661920501e-6	2.125021301148979e-6	0.08638534613816443	0.08734546348780635	0	0	0	0	0	0	0.08731775280721295	0.00014381213910902586	0	1.1217251451217093e-101	1.1217251451217093e-101	1.1217251451217093e-101	1.1189593432293307e-11	1.1189593432293307e-11	1.1189593432293307e-11
0.08317637711026708	2.5137655364991124e-6	2.50980968997886e-6	1.0461349263872752e-101	1.0444886514470677e-101	2.2425298600416164e-6	2.23900084995114e-6	0.0792373360535222	0.08024930399922066	0	0	0	0	0	0	0.0802056331818257	0.00015086972482911327	0	1.0468548159969657e-101	1.0468548159969657e-101	1.0468548159969657e-101	1.0442736194857508e-11	1.0442736194857508e-11	1.0442736194857508e-11
0.08912509381337459	2.1577978989795836e-6	2.154402229341287e-6	9.763099192648676e-102	9.747735260966246e-102	2.362812203321994e-6	2.35909390808053e-6	0.07268079258277087	0.07372965389620209	0	0	0	0	0	0	0.0736728029213112	0.00015827366181346092	0	9.769817593392101e-102	9.769817593392101e-102	9.769817593392101e-102	9.745728465939168e-12	9.745728465939168e-12	9.745728465939168e-12
0.09549925860214369	1.9492645564137344e-6	1.9461970501962374e-6	9.111454310647002e-102	9.097115855327224e-102	1.925844931206138e-6	1.922814279835105e-6	0.06629781925433077	0.06734911629181603	0	0	0	0	0	0	0.06731695368378295	0.0001612129279233129	0	9.117724287035282e-102	9.117724287035282e-102	9.117724287035282e-102	9.095243005237385e-12	9.095243005237385e-12	9.095243005237385e-12
0.10232929922807536	1.7608842388287073e-6	1.7581131817481658e-6	8.503303921926613e-102	8.489922496832643e-102	1.5696883120198482e-6	1.5672181349262343e-6	0.06047541147648222	0.06152074810596964	0.04938135211291281	0	0	0	0	0	0.06150943188770348	0.00016420677851150146	0	8.509155404356871e-102	8.509155404356871e-102	8.509155404356871e-102	8.488174651431553e-12	8.488174651431553e-12	8.488174651431553e-12
0.10964781961431873	1.6208237903697495e-6	1.6182731427226322e-6	7.93574495612191e-102	7.923256683602172e-102	1.2643445326822273e-6	1.2623548670402292e-6	0.05482435215207668	0.0558821392253459	0.045660791944419105	0	0	0	0	0	0.05585901962373037	0.0001623696962776298	0	7.941205877265986e-102	7.941205877265986e-102	7.941205877265986e-102	7.921625499364475e-12	7.921625499364475e-12	7.921625499364475e-12
0.11748975549395303	1.4919037274000642e-6	1.489555957855575e-6	7.406068110328813e-102	7.394413376290241e-102	1.0183977832302561e-6	1.0167951575006368e-6	0.049701349945569157	0.05076033014133552	0.04222055151961608	0	0	0	0	0	0.05072766854717261	0.00016055316661268764	0	7.411164538472835e-102	7.411164538472835e-102	7.411164538472835e-102	7.39289106658502e-12	7.39289106658502e-12	7.39289106658502e-12
0.12589254117941662	1.2918527678139567e-6	1.2898198131879076e-6	6.911744915959819e-102	6.9008680852936764e-102	9.551217852347398e-7	9.536187352741615e-7	0.044741892884801925	0.0457915879731365	0.03779449016576028	0	0	0	0	0	0.045776055438089366	0.0001586523619179017	0	6.91650117944393e-102	6.91650117944393e-102	6.91650117944393e-102	6.899447383214133e-12	6.899447383214133e-12	6.899447383214133e-12
0.1348962882591656	1.1186268544398117e-6	1.11686650086453e-6	6.450415668831222e-102	6.440264819833004e-102	8.957773078967284e-7	8.943676467748326e-7	0.04027731603080008	0.04130921771515329	0.033832421308520336	0	0	0	0	0	0.041307777618883136	0.00015677406103642522	0	6.454854472183493e-102	6.454854472183493e-102	6.454854472183493e-102	6.438938943507119e-12	6.438938943507119e-12	6.438938943507119e-12
0.1445439770745928	8.488985072881871e-7	8.475626180983066e-7	6.019878164865047e-102	6.01040484138072e-102	8.66566516639835e-7	8.652028237696594e-7	0.03601461850977571	0.03701747630775976	0.029071862953095638	0	0	0	0	0	0.037053678488584346	0.00014989837677749907	0	6.024020697183946e-102	6.024020697183946e-102	6.024020697183946e-102	6.0091674615972625e-12	6.0091674615972625e-12	6.0091674615972625e-12
0.15488166189124797	6.442082744714647e-7	6.431945009019396e-7	5.6180771876342095e-102	5.6092361677496195e-102	8.383082727608815e-7	8.369890491437424e-7	0.032203058054137014	0.03317161708663622	0.0249811625321279	0	0	0	0	0	0.03323768957514059	0.00014332424134441755	0	5.6219432237370125e-102	5.6219432237370125e-102	5.6219432237370125e-102	5.608081377744989e-12	5.608081377744989e-12	5.608081377744989e-12
0.1659586907437563	5.983988490993565e-7	5.974571646142436e-7	5.243094697569077e-102	5.234843777738352e-102	7.077087841318179e-7	7.065950814851667e-7	0.028544268427700508	0.029536677180315326	0.020775634377962787	0	0	0	0	0	0.029580396879362498	0.0001339948492228863	0	5.2467026923890546e-102	5.2467026923890546e-102	5.2467026923890546e-102	5.233766065000014e-12	5.233766065000014e-12	5.233766065000014e-12
0.1778279410038923	5.558469159639767e-7	5.549721943336645e-7	4.8931406759922475e-102	4.885440469574692e-102	5.974553030329008e-7	5.965151033813452e-7	0.025301176636793175	0.0263000533430622	0.017278098377194594	0	0	0	0	0	0.026325532572367537	0.0001252727343947208	0	4.896507852675245e-102	4.896507852675245e-102	4.896507852675245e-102	4.884434689526613e-12	4.884434689526613e-12	4.884434689526613e-12
0.1905460717963252	5.380521961500311e-7	5.372054776009263e-7	4.56654458027445e-102	4.5593583295182414e-102	5.565403476597601e-7	5.556645347942786e-7	0.022293720456517722	0.023263821070163226	0.014030659537358596	0	0	0	0	0	0.023260069037329842	0.00011601668292770672	0	4.5696870123954e-102	4.5696870123954e-102	4.5696870123954e-102	4.5584196809627166e-12	4.5584196809627166e-12	4.5584196809627166e-12
0.20417379446695316	5.20827151266651e-7	5.200075393163414e-7	4.261747369322326e-102	4.255040769897489e-102	5.184273317198957e-7	5.176114963023077e-7	0.019643749337357075	0.02057810924278376	0.0113935806334515	0	0	0	0	0	0.0205515618775836	0.00010744453517824163	0	4.2646800576141655e-102	4.2646800576141655e-102	4.2646800576141655e-102	4.254164772096108e-12	4.254164772096108e-12	4.254164772096108e-12
0.21877616239495518	5.15609647959008e-7	5.147982466560338e-7	3.97729406133033e-102	3.9710350985733784e-102	4.696285644834096e-7	4.6888952239867715e-7	0.017181375081997966	0.018068875530340086	0.009030978601518214	0	0	0	0	0	0.018038091207263348	0.0000985572879416455	0	3.980031005291586e-102	3.980031005291586e-102	3.980031005291586e-102	3.970217569857751e-12	3.970217569857751e-12	3.970217569857751e-12
0.23442288153199276	5.10444412166024e-7	5.096411392583759e-7	3.711826788270852e-102	3.705985584359398e-102	4.254231501396023e-7	4.247536729494351e-7	0.015027663234681408	0.015865610347335968	0.007158291771914355	0	0	0	0	0	0.015832019791957783	0.00009040514708634001	0	3.7143810529937344e-102	3.7143810529937344e-102	3.7143810529937344e-102	3.705222622169514e-12	3.705222622169514e-12	3.705222622169514e-12
0.25118864315095824	4.082219619132345e-7	4.075795537792706e-7	3.4640783139672596e-102	3.4586269852950635e-102	3.5990377376811527e-7	3.593374026923669e-7	0.013041953120746264	0.01382179125447202	0.005529835630969852	0	0	0	0	0	0.013791124141241968	0.00008215137811568027	0	3.466462092505264e-102	3.466462092505264e-102	3.466462092505264e-102	3.4579149475500087e-12	3.4579149475500087e-12	3.4579149475500087e-12
0.2691534803926914	3.2647075022556747e-7	3.259569918171192e-7	3.23286598480754e-102	3.2277785088791552e-102	3.0447502993202254e-7	3.0399588560842834e-7	0.011318628754682055	0.012041258375810148	0.0042718406960612024	0	0	0	0	0	0.012013319057102297	0.00007465115807908697	0	3.23509065638028e-102	3.23509065638028e-102	3.23509065638028e-102	3.2271139965912528e-12	3.2271139965912528e-12	3.2271139965912528e-12
0.28840315031266117	2.548173300822784e-7	2.5441633077113747e-7	3.017086084221928e-102	3.012338175431562e-102	2.0151535241373e-7	2.011982330189222e-7	0.009736061043700655	0.010393391881433995	0.00319213582491278	0	0	0	0	0	0.010378341423432531	0.00006610276501706512	0	3.019162268535049e-102	3.019162268535049e-102	3.019162268535049e-102	3.011718016480945e-12	3.011718016480945e-12	3.011718016480945e-12
0.30902954325135923	1.9889031916457656e-7	1.9857733071535355e-7	2.815708563974871e-102	2.8112775576764698e-102	1.3337197886965258e-7	1.33162094904402e-7	0.00837476753599284	0.008971038692938199	0.002385325635875674	0	0	0	0	0	0.008965879470058538	0.00005853325863039039	0	2.817646171914338e-102	2.817646171914338e-102	2.817646171914338e-102	2.8106987916686286e-12	2.8106987916686286e-12	2.8106987916686286e-12
0.3311311214825908	1.4336011216060273e-7	1.4313451013344497e-7	2.627772127120472e-102	2.6236368714356304e-102	8.730957319562375e-8	8.717217642321367e-8	0.007098117300502725	0.007650780673036737	0.0017073834549178842	0	0	0	0	0	0.007640229668390855	0.00005096105909749505	0	2.6295804080632378e-102	2.6295804080632378e-102	2.6295804080632378e-102	2.6230967355696575e-12	2.6230967355696575e-12	2.6230967355696575e-12
0.354813389233576	1.0333394729832916e-7	1.0317133339106185e-7	2.4523796391496315e-102	2.4485203939968585e-102	5.7155645707649164e-8	5.706570137556947e-8	0.006016079729396642	0.0065248235918309964	0.0012221217171705311	0	0	0	0	0	0.006510583772701346	0.00004436844291785227	0	2.4540672251165174e-102	2.4540672251165174e-102	2.4540672251165174e-102	2.4480163098769244e-12	2.4480163098769244e-12	2.4480163098769244e-12
0.38018939632056126	7.848302601762181e-8	7.835951934969165e-8	2.28869384542337e-102	2.2850921882867142e-102	6.723956084874668e-8	6.713374772538863e-8	0.00500022565117196	0.005454937120577993	0.0008309143451800259	0	0	0	0	0	0.00544437203890433	0.000037760118963049946	0	2.2902687922849306e-102	2.2902687922849306e-102	2.2902687922849306e-102	2.2846217496138224e-12	2.2846217496138224e-12	2.2846217496138224e-12
0.40738027780411384	5.960853653542964e-8	5.951473215375313e-8	2.1359333744489583e-102	2.1325721124361782e-102	7.910257135853231e-8	7.897808972844066e-8	0.004155905122145923	0.004560481761792607	0.0005649344409200082	0	0	0	0	0	0.004552769449382932	0.00003213605189489236	0	2.1374032003810367e-102	2.1374032003810367e-102	2.1374032003810367e-102	2.1321330735214408e-12	2.1321330735214408e-12	2.1321330735214408e-12
0.43651583224016655	4.372631838124806e-8	4.365750742736219e-8	1.9933690079203234e-102	1.9902320956907906e-102	6.354900605146573e-8	6.344900065684794e-8	0.0033438717663712182	0.003703911877991916	0.0003590684119503917	0	0	0	0	0	0.003695823615595755	0.00002724560476236581	0	1.994740729292858e-102	1.994740729292858e-102	1.994740729292858e-102	1.9898223607353946e-12	1.9898223607353946e-12	1.9898223607353946e-12
0.4677351412871981	3.2075790319761365e-8	3.202531349458478e-8	1.8603201997170757e-102	1.8573926628876417e-102	5.105366489067527e-8	5.0973323084857855e-8	0.0026905037678437095	0.003008226743688815	0.0002282213919381703	0	0	0	0	0	0.0030001765627395427	0.000023099383250156952	0	1.861600364587489e-102	1.861600364587489e-102	1.861600364587489e-102	1.8570102759783314e-12	1.8570102759783314e-12	1.8570102759783314e-12
0.5011872336272735	1.643780347514637e-8	1.6411935737390558e-8	1.7361518272454738e-102	1.733419690908663e-102	2.6163349423127956e-8	2.6122176850240443e-8	0.0020695329446398817	0.0023460207903521647	0.00013465392285589274	0	0	0	0	0	0.0023348724856859207	0.00001882183278195818	0	1.7373465466165165e-102	1.7373465466165165e-102	1.7373465466165165e-102	1.7330628266809808e-12	1.7330628266809808e-12	1.7330628266809808e-12
0.5370317963702532	8.423841794509879e-9	8.41058541686999e-9	1.6202711596133954e-102	1.617721381626703e-102	1.3407869043339337e-8	1.3386769433479557e-8	0.0015918827768014756	0.0018295873342365327	0.0000794477624840419	0	0	0	0	0	0.001817102897249216	0.000015336400346082488	0	1.6213861366046662e-102	1.6213861366046662e-102	1.6213861366046662e-102	1.6173883365514178e-12	1.6173883365514178e-12	1.6173883365514178e-12
0.5754399373371566	4.320223585256403e-9	4.3134249633530055e-9	1.5121250281665315e-102	1.5097454368943734e-102	6.876315282513464e-9	6.865494206527063e-9	0.0011719652884214235	0.0013695752771623348	0.000044745910896286316	0	0	0	0	0	0.0013597437417146889	0.000012457228760395854	0	1.5131655852389248e-102	1.5131655852389248e-102	1.5131655852389248e-102	1.5094346211455044e-12	1.5094346211455044e-12	1.5094346211455044e-12
0.6165950018614835	2.2180688726295155e-9	2.214578356149728e-9	1.4111971858791827e-102	1.408976422090302e-102	3.5304054490560606e-9	3.5248497431209007e-9	0.0008308839860911438	0.0009918275307766007	0.000024519755049279078	0	0	0	0	0	0.0009833726364715327	9.964123966536045e-6	0	1.4121682902422184e-102	1.4121682902422184e-102	1.4121682902422184e-102	1.4086863519559146e-12	1.4086863519559146e-12	1.4086863519559146e-12
0.6606934480075964	1.141063583995164e-9	1.1392679223303874e-9	1.3170058429943604e-102	1.3149333056373332e-102	1.816182150322634e-9	1.813324072377344e-9	0.0005643577867377371	0.0006902407237659939	0.000013235641412595613	0	0	0	0	0	0.0006843647630415196	7.557190442428316e-6	0	1.3179121303176862e-102	1.3179121303176862e-102	1.3179121303176862e-102	1.3146625964368834e-12	1.3146625964368834e-12	1.3146625964368834e-12
0.7079457843841374	5.891663443339989e-10	5.882391887981133e-10	1.229101367149255e-102	1.227167162747247e-102	9.377508958823984e-10	9.36275182032211e-10	0.00036579768704931377	0.00045794426100644866	7.1736268255393885e-6	0	0	0	0	0	0.0004544982419944776	5.457733648514377e-6	0	1.2299471636915067e-102	1.2299471636915067e-102	1.2299471636915067e-102	1.226914522221662e-12	1.226914522221662e-12	1.226914522221662e-12
0.7585775750291851	3.062816634682245e-10	3.057996760930865e-10	1.147064137007501e-102	1.1452590324307066e-102	4.874954366824055e-10	4.867282779721586e-10	0.00022510324463794726	0.0002876029820066111	3.7886747258946548e-6	0	0	0	0	0	0.0002866336446719175	3.7215686356859856e-6	0	1.1478534802681564e-102	1.1478534802681564e-102	1.1478534802681564e-102	1.1450232545736486e-12	1.1450232545736486e-12	1.1450232545736486e-12
0.8128305161640995	1.6127521526568273e-10	1.61021420713307e-10	1.0705025391522408e-102	1.068817917542559e-102	2.5669486903563603e-10	2.5629091509096727e-10	0.0001313165124590844	0.00017029248968848136	2.0145990221026356e-6	0	0	0	0	0	0.00017058755504095123	2.2694989952471395e-6	0	1.0712391971450528e-102	1.0712391971450528e-102	1.0712391971450528e-102	1.068597876843427e-12	1.068597876843427e-12	1.068597876843427e-12
0.8709635899560796	8.705489666645136e-11	8.691790067177776e-11	9.990510986779293e-103	9.974789183154784e-103	1.3856155926930396e-10	1.3834350859826155e-10	0.00007417800458706321	0.00009715062382528131	1.0950411908950015e-6	0	0	0	0	0	0.00009712651350777023	1.2553849555835899e-6	0	9.997385879179376e-103	9.997385879179376e-103	9.997385879179376e-103	9.97273564386663e-13	9.97273564386663e-13	9.97273564386663e-13
0.9332543007969925	4.944452952919485e-11	4.936671997725231e-11	9.323687345571344e-103	9.309014904722483e-103	7.869874494426462e-11	7.857489880514953e-11	0.00004258058262088271	0.00005602938522716691	6.219500404020162e-7	0	0	0	0	0	0.0000558934013870787	7.130204145171397e-7	0	9.330103368471237e-103	9.330103368471237e-103	9.330103368471237e-103	9.30709843034996e-13	9.30709843034996e-13	9.30709843034996e-13