1.e-9	0	0	0	0	0	0	1.8449818595953047e-25	0	0	0	0	0	0	0	2.4488883236843526e-22	6.1280148393339125e-49	0	2.8952965460216784e-93	2.8952965460216784e-93	2.8952965460216784e-93	0	0	0
1.0715193052376092e-9	0	0	0	0	0	0	2.9021295219906354e-25	0	0	0	0	0	0	0	3.852065570867657e-22	9.639277851939755e-49	0	2.702047953657398e-93	2.702047953657398e-93	2.702047953657398e-93	0	0	0
1.148153621496884e-9	0	0	0	0	0	0	4.565007356905128e-25	0	0	0	0	0	0	0	6.05924288941795e-22	1.5162443294114163e-48	0	2.5216978737104786e-93	2.5216978737104786e-93	2.5216978737104786e-93	0	0	0
1.2302687708123811e-9	0	0	0	0	0	0	7.180689907425297e-25	0	0	0	0	0	0	0	9.531100579031515e-22	2.3850301877227785e-48	0	2.3533853859509358e-93	2.3533853859509358e-93	2.3533853859509358e-93	0	0	0
1.31825673855641e-9	0	0	0	0	0	0	1.1953671655065892e-24	0	0	0	0	0	0	0	1.586639282603477e-21	3.9703521693615333e-48	0	2.1963070328714916e-93	2.1963070328714916e-93	2.1963070328714916e-93	0	0	0
1.4125375446227555e-9	0	0	0	0	0	0	1.9899239192791102e-24	0	0	0	0	0	0	0	2.641273368406846e-21	6.609432631041038e-48	0	2.0497129842980007e-93	2.0497129842980007e-93	2.0497129842980007e-93	0	0	0
1.5135612484362133e-9	0	0	0	0	0	0	3.3628308342671605e-24	0	0	0	0	0	0	0	4.463565385065056e-21	1.1169474186092558e-47	0	1.9129034579955399e-93	1.9129034579955399e-93	1.9129034579955399e-93	0	0	0
1.6218100973589331e-9	0	0	0	0	0	0	5.68294652390263e-24	0	0	0	0	0	0	0	7.543110147197059e-21	1.8875622244467627e-47	0	1.7852253791837764e-93	1.7852253791837764e-93	1.7852253791837764e-93	0	0	0
1.7378008287493762e-9	0	0	0	0	0	0	9.64586449691321e-24	0	0	0	0	0	0	0	1.2803185470622238e-20	3.203825580607823e-47	0	1.666069263015201e-93	1.666069263015201e-93	1.666069263015201e-93	0	0	0
1.8620871366628732e-9	0	0	0	0	0	0	1.637226419454581e-23	0	0	0	0	0	0	0	2.1731295844335936e-20	5.437965550494898e-47	0	1.5548663051346055e-93	1.5548663051346055e-93	1.5548663051346055e-93	0	0	0
1.9952623149688828e-9	0	0	0	0	0	0	2.782545829656502e-23	0	0	0	0	0	0	0	3.6933392905321433e-20	9.24208660729161e-47	0	1.451085666431199e-93	1.451085666431199e-93	1.451085666431199e-93	0	0	0
2.1379620895022324e-9	0	0	0	0	0	0	4.7290718022486087e-23	0	0	0	0	0	0	0	6.277009531644832e-20	1.5707375132030438e-46	0	1.3542319390217864e-93	1.3542319390217864e-93	1.3542319390217864e-93	0	0	0
2.2908676527677795e-9	0	0	0	0	0	0	8.040432826574594e-23	0	0	0	0	0	0	0	1.0672257813248046e-19	2.6705894922308e-46	0	1.2638427813687274e-93	1.2638427813687274e-93	1.2638427813687274e-93	0	0	0
2.4547089156850337e-9	0	0	0	0	0	0	1.3670454317888522e-22	0	0	0	0	0	0	0	1.8145119305336038e-19	4.540572932182255e-46	0	1.1794867112435978e-93	1.1794867112435978e-93	1.1794867112435978e-93	0	0	0
2.6302679918953816e-9	0	0	0	0	0	0	2.324543104452252e-22	0	0	0	0	0	0	0	3.085421375168808e-19	7.720853494938532e-46	0	1.100761046000988e-93	1.100761046000988e-93	1.100761046000988e-93	0	0	0
2.818382931264461e-9	0	0	0	0	0	0	3.9526854915024435e-22	0	0	0	0	0	0	0	5.246493507236951e-19	1.3128646886782689e-45	0	1.027289980330214e-93	1.027289980330214e-93	1.027289980330214e-93	0	0	0
3.019951720402019e-9	0	0	0	0	0	0	6.721439794624889e-22	0	0	0	0	0	0	0	8.921526976430258e-19	2.232492562945068e-45	0	9.587227923088299e-94	9.587227923088299e-94	9.587227923088299e-94	0	0	0
3.2359365692962944e-9	0	0	0	0	0	0	1.1429635120197093e-21	0	0	0	0	0	0	0	1.5170826663825748e-18	3.7962960589814826e-45	0	8.947321691943136e-94	8.947321691943136e-94	8.947321691943136e-94	0	0	0
3.4673685045253237e-9	0	0	0	0	0	0	1.943600744248549e-21	0	0	0	0	0	0	0	2.579787515926318e-18	6.455572525308234e-45	0	8.350126449620156e-94	8.350126449620156e-94	8.350126449620156e-94	0	0	0
3.715352290971728e-9	0	0	0	0	0	0	3.3050782578072512e-21	0	0	0	0	0	0	0	4.3869090161041266e-18	1.097765189596253e-44	0	7.792791421306731e-94	7.792791421306731e-94	7.792791421306731e-94	0	0	0
3.9810717055349855e-9	0	0	0	0	0	0	5.620278471357825e-21	0	0	0	0	0	0	0	7.459929349864564e-18	1.8667473446717172e-44	0	7.272656109148384e-94	7.272656109148384e-94	7.272656109148384e-94	0	0	0
4.265795188015934e-9	0	0	0	0	0	0	9.557271456732482e-21	0	0	0	0	0	0	0	1.2685593820314053e-17	3.1743998460367626e-44	0	6.78723759208025e-94	6.78723759208025e-94	6.78723759208025e-94	0	0	0
4.570881896148752e-9	0	0	0	0	0	0	1.6252135305764743e-20	0	0	0	0	0	0	0	2.1571845911783398e-17	5.398065341760848e-44	0	6.334218673339916e-94	6.334218673339916e-94	6.334218673339916e-94	0	0	0
4.8977881936844766e-9	0	0	0	0	0	0	2.763674791415588e-20	0	0	0	0	0	0	0	3.668291312437629e-17	9.179407398944638e-44	0	5.911436819083072e-94	5.911436819083072e-94	5.911436819083072e-94	0	0	0
5.248074602497734e-9	0	0	0	0	0	0	4.699628964008435e-20	0	0	0	0	0	0	0	6.237929351854665e-17	1.5609582219482526e-43	0	5.51687383529897e-94	5.51687383529897e-94	5.51687383529897e-94	0	0	0
5.623413251903491e-9	0	0	0	0	0	0	7.991719021337728e-20	0	0	0	0	0	0	0	1.060759882040934e-16	2.654409445808131e-43	0	5.148646233747161e-94	5.148646233747161e-94	5.148646233747161e-94	0	0	0
6.025595860743593e-9	0	0	0	0	0	0	1.358991933559452e-19	0	0	0	0	0	0	0	1.803822330700278e-16	4.513823641178851e-43	0	4.804996240926757e-94	4.804996240926757e-94	4.804996240926757e-94	0	0	0
6.456542290346562e-9	0	0	0	0	0	0	2.310965976842344e-19	0	0	0	0	0	0	0	3.0674001306237137e-16	7.67575774560299e-43	0	4.484283407158276e-94	4.484283407158276e-94	4.484283407158276e-94	0	0	0
6.918309709189363e-9	0	0	0	0	0	0	3.929798077225731e-19	0	0	0	0	0	0	0	5.216114497660249e-16	1.305262748659626e-42	0	4.184976775723052e-94	4.184976775723052e-94	4.184976775723052e-94	0	0	0
7.413102413009192e-9	0	0	0	0	0	0	6.682622367668703e-19	0	0	0	0	0	0	0	8.870003681968533e-16	2.2195995490015902e-42	0	3.9056475746790526e-94	3.9056475746790526e-94	3.9056475746790526e-94	0	0	0
7.943282347242822e-9	0	0	0	0	0	0	1.1363800680662929e-18	0	0	0	0	0	0	0	1.508344304569799e-15	3.7744294796270414e-42	0	3.644962396466569e-94	3.644962396466569e-94	3.644962396466569e-94	0	0	0
8.511380382023759e-9	0	0	0	0	0	0	1.9324145343692503e-18	0	0	0	0	0	0	0	2.5649397933770744e-15	6.418418089464082e-42	0	3.4016768327457377e-94	3.4016768327457377e-94	3.4016768327457377e-94	0	0	0
9.120108393559115e-9	0	0	0	0	0	0	3.2860713123573526e-18	0	0	0	0	0	0	0	4.361680645137213e-15	1.0914521278628019e-41	0	3.1746295340814385e-94	3.1746295340814385e-94	3.1746295340814385e-94	0	0	0
9.772372209558111e-9	0	0	0	0	0	0	5.58796494118831e-18	0	0	0	0	0	0	0	7.417038832368367e-15	1.8560145674706733e-41	0	2.9627366661186547e-94	2.9627366661186547e-94	2.9627366661186547e-94	0	0	0
1.0471285480509006e-8	0	0	0	0	0	0	9.50233553639128e-18	0	0	0	0	0	0	0	1.2612676066041866e-14	3.1561531552461185e-41	0	2.764986735784171e-94	2.764986735784171e-94	2.764986735784171e-94	0	0	0
1.1220184543019653e-8	0	0	0	0	0	0	1.615872354184164e-17	0	0	0	0	0	0	0	2.1447858254789744e-14	5.36703909223363e-41	0	2.58043576281721e-94	2.58043576281721e-94	2.58043576281721e-94	0	0	0
1.202264434617413e-8	0	0	0	0	0	0	2.747791272562212e-17	0	0	0	0	0	0	0	3.6472087399142304e-14	9.126651086611129e-41	0	2.408202773579529e-94	2.408202773579529e-94	2.408202773579529e-94	0	0	0
1.288249551693135e-8	0	0	0	0	0	0	4.672619627421746e-17	0	0	0	0	0	0	0	6.202079216714473e-14	1.5519872060793147e-40	0	2.2474655956343366e-94	2.2474655956343366e-94	2.2474655956343366e-94	0	0	0
1.3803842646028866e-8	0	0	0	0	0	0	7.945790643566679e-17	0	0	0	0	0	0	0	1.0546636991725498e-13	2.639154565167231e-40	0	2.0974569330190146e-94	2.0974569330190146e-94	2.0974569330190146e-94	0	0	0
1.4791083881682102e-8	0	0	0	0	0	0	1.3511818634000217e-16	0	0	0	0	0	0	0	1.793455838736594e-13	4.487882884317464e-40	0	1.9574607034764606e-94	1.9574607034764606e-94	1.9574607034764606e-94	0	0	0
1.5848931924611173e-8	0	0	0	0	0	0	2.2976850384239953e-16	0	0	0	0	0	0	0	3.049772025040364e-13	7.631645773832293e-40	0	1.8268086201605096e-94	1.8268086201605096e-94	1.8268086201605096e-94	0	0	0
1.698243652461746e-8	0	0	0	0	0	0	3.907213883490573e-16	0	0	0	0	0	0	0	5.1861379599235e-13	1.297761521825146e-39	0	1.704877001497815e-94	1.704877001497815e-94	1.704877001497815e-94	0	0	0
1.8197008586099862e-8	0	0	0	0	0	0	6.644218017759546e-16	0	0	0	0	0	0	0	8.819028674500662e-13	2.2068437365303726e-39	0	1.591083793977713e-94	1.591083793977713e-94	1.591083793977713e-94	0	0	0
1.9498445997580494e-8	0	0	0	0	0	0	1.1298494114707039e-15	0	0	0	0	0	0	0	1.4996760086731332e-12	3.752738230837637e-39	0	1.4848857936580937e-94	1.4848857936580937e-94	1.4848857936580937e-94	0	0	0
2.0892961308540408e-8	0	0	0	0	0	0	1.921309158114359e-15	0	0	0	0	0	0	0	2.5501993632208845e-12	6.38153213845458e-39	0	1.385776053123771e-94	1.385776053123771e-94	1.385776053123771e-94	0	0	0
2.2387211385683424e-8	0	0	0	0	0	0	3.267186621134738e-15	0	0	0	0	0	0	0	4.336614545115077e-12	1.0851796722586059e-38	0	1.2932814615192381e-94	1.2932814615192381e-94	1.2932814615192381e-94	0	0	0
2.3988329190194947e-8	0	0	0	0	0	0	5.55585152563579e-15	0	0	0	0	0	0	0	7.374413931764918e-12	1.8453482573373588e-38	0	1.2069604861038467e-94	1.2069604861038467e-94	1.2069604861038467e-94	0	0	0
2.5703957827688646e-8	0	0	0	0	0	0	9.447726669555268e-15	0	0	0	0	0	0	0	1.254019241766958e-11	3.138015093639229e-38	0	1.1264010645484433e-94	1.1264010645484433e-94	1.1264010645484433e-94	0	0	0
2.754228703338169e-8	0	0	0	0	0	0	1.6065861157517068e-14	0	0	0	0	0	0	0	2.1324599802410443e-11	5.336195316388631e-38	0	1.0512186379121435e-94	1.0512186379121435e-94	1.0512186379121435e-94	0	0	0
2.95120922666639e-8	0	0	0	0	0	0	2.732000022443109e-14	0	0	0	0	0	0	0	3.626248637877521e-11	9.074201240257382e-38	0	9.81054314909462e-95	9.81054314909462e-95	9.81054314909462e-95	0	0	0
3.162277660168386e-8	0	0	0	0	0	0	4.645766603763495e-14	0	0	0	0	0	0	0	6.166436559443721e-11	1.5430681087666264e-37	0	9.155731587047005e-95	9.155731587047005e-95	9.155731587047005e-95	0	0	0
3.3884415613920346e-8	0	0	0	0	0	0	7.90012707150128e-14	0	0	0	0	0	0	0	1.0486026645955919e-10	2.623987638415206e-37	0	8.544625880554474e-95	8.544625880554474e-95	8.544625880554474e-95	0	0	0
3.6307805477010175e-8	0	0	0	0	0	0	1.3434167720630978e-13	0	0	0	0	0	0	0	1.7831490482343322e-10	4.462091522362418e-37	0	7.974308851728751e-95	7.974308851728751e-95	7.974308851728751e-95	0	0	0
3.890451449942813e-8	0	0	0	0	0	0	2.284480499017572e-13	0	0	0	0	0	0	0	3.032245325683474e-10	7.587787557553138e-37	0	7.442058031759367e-95	7.442058031759367e-95	7.442058031759367e-95	0	0	0
4.1686938347033635e-8	0	0	0	0	0	0	3.8847595615295775e-13	0	0	0	0	0	0	0	5.156333804082817e-10	1.2903034312499713e-36	0	6.945332664920216e-95	6.945332664920216e-95	6.945332664920216e-95	0	0	0
4.4668359215096346e-8	0	0	0	0	0	0	6.606034438632858e-13	0	0	0	0	0	0	0	8.768346701345434e-10	2.1941612519687868e-36	0	6.481761580002628e-95	6.481761580002628e-95	6.481761580002628e-95	0	0	0
4.78630092322639e-8	0	0	0	0	0	0	1.1233562930526258e-12	0	0	0	0	0	0	0	1.4910575380927068e-9	3.731171663224675e-36	0	6.049131871278148e-95	6.049131871278148e-95	6.049131871278148e-95	0	0	0
5.128613839913659e-8	0	0	0	0	0	0	1.910267608901653e-12	0	0	0	0	0	0	0	2.5355436522165554e-9	6.344858185768659e-36	0	5.64537833495848e-95	5.64537833495848e-95	5.64537833495848e-95	0	0	0
5.495408738576248e-8	0	0	0	0	0	0	3.248410464415119e-12	0	0	0	0	0	0	0	4.3116925055214765e-9	1.0789432658459679e-35	0	5.2685736107261656e-95	5.2685736107261656e-95	5.2685736107261656e-95	0	0	0
5.888436553555896e-8	0	0	0	0	0	0	5.523922667248168e-12	0	0	0	0	0	0	0	7.33203399827823e-9	1.8347432469420125e-35	0	4.9169189812757225e-95	4.9169189812757225e-95	4.9169189812757225e-95	0	0	0
6.309573444801943e-8	0	0	0	0	0	0	9.3934316392595e-12	0	0	0	0	0	0	0	1.2468125332004815e-8	3.1199812712672294e-35	0	4.588735785945926e-95	4.588735785945926e-95	4.588735785945926e-95	0	0	0
6.760829753919818e-8	0	0	0	0	0	0	1.5973532447259372e-11	0	0	0	0	0	0	0	2.1202049708318642e-8	5.305528797711733e-35	0	4.2824574074551026e-95	4.2824574074551026e-95	4.2824574074551026e-95	0	0	0
7.244359600749906e-8	0	0	0	0	0	0	2.7162995233525084e-11	0	0	0	0	0	0	0	3.6054089918403386e-8	9.022052818899103e-35	0	3.9966217934874045e-95	3.9966217934874045e-95	3.9966217934874045e-95	0	0	0
7.762471166286928e-8	0	0	0	0	0	0	4.619067901809531e-11	0	0	0	0	0	0	0	6.130998737043238e-8	1.5342002686350604e-34	0	3.729864477431101e-95	3.729864477431101e-95	3.729864477431101e-95	0	0	0
8.317637711026726e-8	0	0	0	0	0	0	7.854725923301519e-11	0	0	0	0	0	0	0	1.042576462162772e-7	2.6089078744357193e-34	0	3.4809120649524956e-95	3.4809120649524956e-95	3.4809120649524956e-95	0	0	0
8.912509381337478e-8	0	0	0	0	0	0	1.3356963058718358e-10	0	0	0	0	0	0	0	1.7729014897497587e-7	4.436448380593585e-34	0	3.2485761553130495e-95	3.2485761553130495e-95	3.2485761553130495e-95	0	0	0
9.549925860214369e-8	0	0	0	0	0	0	2.2713518446608382e-10	0	0	0	0	0	0	0	3.01481935035875e-7	7.5441813896659235e-34	0	3.031747668412462e-95	3.031747668412462e-95	3.031747668412462e-95	0	0	0
1.0232929922807557e-7	0	0	0	0	0	0	3.8624342820781015e-10	0	0	0	0	0	0	0	5.126700929435679e-7	1.2828882014980244e-33	0	2.829391550477178e-95	2.829391550477178e-95	2.829391550477178e-95	0	0	0
1.0964781961431874e-7	0	0	0	0	0	0	6.56807029630396e-10	0	0	0	0	0	0	0	8.717955991873461e-7	2.1815516522405487e-33	0	2.640541833121492e-95	2.640541833121492e-95	2.640541833121492e-95	0	0	0
1.1748975549395303e-7	0	0	0	0	0	0	1.1169004898635911e-9	0	0	0	0	0	0	0	1.48248859690372e-6	3.709729036276159e-33	0	2.4642970221950067e-95	2.4642970221950067e-95	2.4642970221950067e-95	0	0	0
1.2589254117941688e-7	0	0	0	0	0	0	1.8992895142421627e-9	0	0	0	0	0	0	0	2.5209721659506867e-6	6.308394994203491e-33	0	2.2998157944047065e-95	2.2998157944047065e-95	2.2998157944047065e-95	0	0	0
1.3489628825916562e-7	0	0	0	0	0	0	3.229742212173961e-9	0	0	0	0	0	0	0	4.2869136901097135e-6	1.0727426993654031e-32	0	2.1463129811690397e-95	2.1463129811690397e-95	2.1463129811690397e-95	0	0	0
1.445439770745928e-7	0	0	0	0	0	0	5.492177300447117e-9	0	0	0	0	0	0	0	7.289897617540377e-6	1.824199182358069e-32	0	2.0030558205324207e-95	2.0030558205324207e-95	2.0030558205324207e-95	0	0	0
1.5488166189124826e-7	0	0	0	0	0	0	9.339448636442258e-9	0	0	0	0	0	0	0	0.00001239647240783696	3.102051087259372e-32	0	1.8693604592483265e-95	1.8693604592483265e-95	1.8693604592483265e-95	0	0	0
1.659586907437563e-7	0	0	0	0	0	0	1.588173433979246e-8	0	0	0	0	0	0	0	0.000021080203895937208	5.275038516094406e-32	0	1.744588688333338e-95	1.744588688333338e-95	1.744588688333338e-95	0	0	0
1.7782794100389227e-7	0	0	0	0	0	0	2.7006892532772812e-8	0	0	0	0	0	0	0	0.00003584689108922325	8.970204088696678e-32	0	1.6281448965088715e-95	1.6281448965088715e-95	1.6281448965088715e-95	0	0	0
1.9054607179632522e-7	0	0	0	0	0	0	4.592522634314994e-8	0	0	0	0	0	0	0	0.00006095764571851632	1.5253833909907489e-31	0	1.519473226987572e-95	1.519473226987572e-95	1.519473226987572e-95	0	0	0
2.0417379446695318e-7	0	0	0	0	0	0	7.809585690431184e-8	0	0	0	0	0	0	0	0.00010365848916424634	2.5939147721760655e-31	0	1.4180549240320363e-95	1.4180549240320363e-95	1.4180549240320363e-95	0	0	0
2.1877616239495564e-7	0	0	0	0	0	0	1.3280202083377248e-7	0	0	0	0	0	0	0	0.000176271282283959	4.410952607097131e-31	0	1.3234058566192473e-95	1.3234058566192473e-95	1.3234058566192473e-95	0	0	0
2.3442288153199275e-7	0	0	0	0	0	0	2.258298639215007e-7	0	0	0	0	0	0	0	0.0002997493520168743	7.500825821557111e-31	0	1.2350742073898381e-95	1.2350742073898381e-95	1.2350742073898381e-95	0	0	0
2.5118864315095823e-7	0	0	0	0	0	0	3.8402373035149903e-7	0	0	0	0	0	0	0	0.0005097238351610469	1.2755155862435018e-30	0	1.1526383158500028e-95	1.1526383158500028e-95	1.1526383158500028e-95	0	0	0
2.6915348039269196e-7	0	0	0	0	0	0	6.530324329661844e-7	0	0	0	0	0	0	0	0.0008667854872181985	2.169014518473863e-30	0	1.0757046655304152e-95	1.0757046655304152e-95	1.0757046655304152e-95	0	0	0
2.8840315031266115e-7	0	0	0	0	0	0	1.110481787454693e-6	0	0	0	0	0	0	0	0.0014739689004630145	3.688409637710553e-30	0	1.0039060054936483e-95	1.0039060054936483e-95	1.0039060054936483e-95	0	0	0
3.090295432513592e-7	0	0	0	0	0	0	1.8883745094669184e-6	0	0	0	0	0	0	0	0.002506484420389379	6.272141352528787e-30	0	9.368995972228765e-96	9.368995972228765e-96	9.368995972228765e-96	0	0	0
3.3113112148259143e-7	0	0	0	0	0	0	3.2111812442940047e-6	0	0	0	0	0	0	0	0.004262277275783426	1.0665777668481045e-29	0	8.743655785232176e-96	8.743655785232176e-96	8.743655785232176e-96	0	0	0
3.5481338923357606e-7	0	0	0	0	0	0	5.460614370724673e-6	0	0	0	0	0	0	0	0.007248003389878212	1.813715713336088e-29	0	8.160054366256413e-96	8.160054366256413e-96	8.160054366256413e-96	0	0	0
3.8018939632056126e-7	0	0	0	0	0	0	9.285775867914718e-6	0	0	0	0	0	0	0	0.012325231265023965	3.0842239460170825e-29	0	7.615405832046075e-96	7.615405832046075e-96	7.615405832046075e-96	0	0	0
4.0738027780411303e-7	0	0	0	0	0	0	0.00001579046378579996	0	0	0	0	0	0	0	0.020959058317835132	5.244723458721184e-29	0	7.107110245071483e-96	7.107110245071483e-96	7.107110245071483e-96	0	0	0
4.365158322401665e-7	0	0	0	0	0	0	0.000026851686936813216	0	0	0	0	0	0	0	0.035640883008580135	8.918653327357445e-29	0	6.632741202451315e-96	6.632741202451315e-96	6.632741202451315e-96	0	0	0
4.677351412871981e-7	0	0	0	0	0	0	0.000045661299195087714	0	0	0	0	0	0	0	0.06060732893473053	1.5166171829577517e-28	0	6.190034253261105e-96	6.190034253261105e-96	6.190034253261105e-96	0	0	0
5.011872336272736e-7	0	0	0	0	0	0	0.0000776470487343931	0	0	0	0	0	0	0	0.03232532458006717	2.5790078336012235e-28	0	5.7768760889366015e-96	5.7768760889366015e-96	5.7768760889366015e-96	0	0	0
5.370317963702533e-7	0	0	0	0	0	0	0.00013203882244790813	0	0	0	0	0	0	0	0.01724092824371208	4.385603354964404e-28	0	5.391294455171393e-96	5.391294455171393e-96	5.391294455171393e-96	0	0	0
5.754399373371578e-7	0	0	0	0	0	0	0.00022453204490833164	0	0	0	0	0	0	0	0.01203645824950752	7.457719413057291e-28	0	5.031448737151669e-96	5.031448737151669e-96	5.031448737151669e-96	0	0	0
6.165950018614835e-7	0	0	0	0	0	0	0.00038181678885093265	0	0	0	0	0	0	0	0.00840304681651786	1.268185340585705e-27	0	4.695621173186382e-96	4.695621173186382e-96	4.695621173186382e-96	0	0	0
6.606934480075964e-7	0	0	0	0	0	0	0.0006492795284875791	0	0	0	0	0	0	0	0.010621200838532725	2.156549434215204e-27	0	4.382208654789611e-96	4.382208654789611e-96	4.382208654789611e-96	0	0	0
7.079457843841387e-7	0	0	0	0	0	0	0.0011040999726118494	0	0	0	0	0	0	0	0.013424881440705453	3.667212759347996e-27	0	4.0897150740721984e-96	4.0897150740721984e-96	4.0897150740721984e-96	0	0	0
7.585775750291852e-7	0	0	0	0	0	0	0.0018775222320055055	0	0	0	0	0	0	0	0.021974251259114404	6.236096056485216e-27	0	3.816744181912162e-96	3.816744181912162e-96	3.816744181912162e-96	0	0	0
8.128305161640995e-7	0	0	0	0	0	0	0.0031927269442239823	0	0	0	0	0	0	0	0.035968117895967155	1.0604482635096174e-26	0	3.5619929228114233e-96	3.5619929228114233e-96	3.5619929228114233e-96	0	0	0
8.709635899560814e-7	0	0	0	0	0	0	0.005429232829635265	0	0	0	0	0	0	0	0.0210601740780784	1.803292491640074e-26	0	3.324245214622203e-96	3.324245214622203e-96	3.324245214622203e-96	0	0	0
9.332543007969924e-7	0	0	0	0	0	0	0.009232411550795128	0	0	0	0	0	0	0	0.012331224377150613	3.066499255365011e-26	0	3.102366143449986e-96	3.102366143449986e-96	3.102366143449986e-96	0	0	0
1.e-6	0	0	0	0	0	0	0.015699717753490317	0	0	0	0	0	0	0	0.011964378358132735	5.214582618597979e-26	0	2.8952965460216793e-96	2.8952965460216793e-96	2.8952965460216793e-96	0	0	0
1.0715193052376091e-6	0	0	0	0	0	0	0.026697373290082812	0	0	0	0	0	0	0	0.011608445772976303	8.867398822487929e-26	0	2.702047953657398e-96	2.702047953657398e-96	2.702047953657398e-96	0	0	0
1.148153621496884e-6	0	0	0	0	0	0	0.014815318457552193	0	0	0	0	0	0	0	0.017788673855544796	1.507901353343606e-25	0	2.521697873710479e-96	2.521697873710479e-96	2.521697873710479e-96	0	0	0
1.2302687708123837e-6	0	0	0	0	0	0	0.008221545191497323	0	0	0	0	0	0	0	0.02725919763312169	2.5641865635377896e-25	0	2.3533853859509305e-96	2.3533853859509305e-96	2.3533853859509305e-96	0	0	0
1.3182567385564101e-6	0	0	0	0	0	0	0.00683300304622222	0	0	0	0	0	0	0	0.02158624958493409	4.360399782153257e-25	0	2.1963070328714914e-96	2.1963070328714914e-96	2.1963070328714914e-96	0	0	0
1.4125375446227554e-6	0	0	0	0	0	0	0.0056789726921369675	0	0	0	0	0	0	0	0.017093906336292666	7.4148607322741845e-25	0	2.049712984298001e-96	2.049712984298001e-96	2.049712984298001e-96	0	0	0
1.5135612484362104e-6	0	0	0	0	0	0	0.008142594362008386	0	0	0	0	0	0	0	0.013816403261615028	1.2608972210312136e-24	0	1.9129034579955435e-96	1.9129034579955435e-96	1.9129034579955435e-96	0	0	0
1.6218100973589331e-6	0	0	0	0	0	0	0.01167497125598306	0	0	0	0	0	0	0	0.01116731280329242	2.1441559854040333e-24	0	1.785225379183776e-96	1.785225379183776e-96	1.785225379183776e-96	0	0	0
1.7378008287493763e-6	0	0	0	0	0	0	0.012457845113122127	0	0	0	0	0	0	0	0.005820357364370298	3.646137697078675e-24	0	1.6660692630152007e-96	1.6660692630152007e-96	1.6660692630152007e-96	0	0	0
1.8620871366628694e-6	0	0	0	0	0	0	0.013293215157425587	0	0	0	0	0	0	0	0.003033546247490275	6.200257908733117e-24	0	1.5548663051346084e-96	1.5548663051346084e-96	1.5548663051346084e-96	0	0	0
1.995262314968883e-6	0	0	0	0	0	0	0.014733177079155103	0	0	0	0	0	0	0	0.0018239126460488913	1.0543539857424487e-23	0	1.4510856664311991e-96	1.4510856664311991e-96	1.4510856664311991e-96	0	0	0
2.1379620895022326e-6	0	0	0	0	0	0	0.016329120101880368	0	0	0	0	0	0	0	0.0010966232485063654	1.7929291710353238e-23	0	1.3542319390217862e-96	1.3542319390217862e-96	1.3542319390217862e-96	0	0	0
2.2908676527677747e-6	0	0	0	0	0	0	0.010573865592027937	0	0	0	0	0	0	0	0.001126700472659254	3.048876426531217e-23	0	1.2638427813687302e-96	1.2638427813687302e-96	1.2638427813687302e-96	0	0	0
2.4547089156850335e-6	0	0	0	0	0	0	0.006847070317365069	0	0	0	0	0	0	0	0.0011576026286326084	5.1846149945176043e-23	0	1.179486711243598e-96	1.179486711243598e-96	1.179486711243598e-96	0	0	0
2.6302679918953817e-6	0	0	0	0	0	0	0.007940680665904863	0	0	0	0	0	0	0	0.00180653241987196	8.816438871535024e-23	0	1.100761046000988e-96	1.100761046000988e-96	1.100761046000988e-96	0	0	0
2.8183829312644606e-6	0	0	0	0	0	0	0.009208961864749884	0	0	0	0	0	0	0	0.0028192397834337483	1.499235612629084e-22	0	1.0272899803302141e-96	1.0272899803302141e-96	1.0272899803302141e-96	0	0	0
3.0199517204020193e-6	0	0	0	0	0	0	0.010852842944741195	0	0	0	0	0	0	0	0.004753201542805428	2.5494504696587244e-22	0	9.587227923088299e-97	9.587227923088299e-97	9.587227923088299e-97	0	0	0
3.2359365692962877e-6	0	0	0	0	0	0	0.01279017132583354	0	0	0	0	0	0	0	0.008013835871388817	4.335341051460952e-22	0	8.947321691943152e-97	8.947321691943152e-97	8.947321691943152e-97	0	0	0
3.4673685045253236e-6	0	0	0	0	0	0	0.013423017832027383	0	0	0	0	0	0	0	0.013616837629742555	7.3722483555443e-22	0	8.350126449620155e-97	8.350126449620155e-97	8.350126449620155e-97	0	0	0
3.7153522909717276e-6	0	0	0	0	0	0	0.01408717703061584	0	0	0	0	0	0	0	0.023137267846568648	1.2536509854860858e-21	0	7.79279142130673e-97	7.79279142130673e-97	7.79279142130673e-97	0	0	0
3.981071705534978e-6	0	0	0	0	0	0	0.01160296018227312	0	0	0	0	0	0	0	0.026443581680903085	2.1318337603593557e-21	0	7.272656109148398e-97	7.272656109148398e-97	7.272656109148398e-97	0	0	0
4.265795188015934e-6	0	0	0	0	0	0	0.00955682495498041	0	0	0	0	0	0	0	0.03022236751338338	3.625183750839244e-21	0	6.78723759208025e-97	6.78723759208025e-97	6.78723759208025e-97	0	0	0
4.570881896148752e-6	0	0	0	0	0	0	0.006801268731655056	0	0	0	0	0	0	0	0.030713883223122226	6.164625718814731e-21	0	6.334218673339916e-97	6.334218673339916e-97	6.334218673339916e-97	0	0	0
4.897788193684467e-6	0	0	0	0	0	0	0.0048402326691232775	0	0	0	0	0	0	0	0.03121339260485951	1.0482947311091684e-20	0	5.911436819083084e-97	5.911436819083084e-97	5.911436819083084e-97	0	0	0
5.248074602497734e-6	0	0	0	0	0	0	0.006229160058119395	0	0	0	0	0	0	0	0.02491124883646693	1.782625407276966e-20	0	5.516873835298968e-97	5.516873835298968e-97	5.516873835298968e-97	0	0	0
5.623413251903491e-6	0	0	0	0	0	0	0.008016646653620261	0	0	0	0	0	0	0	0.019881540159648194	3.031354874126972e-20	0	5.148646233747161e-97	5.148646233747161e-97	5.148646233747161e-97	0	0	0
6.0255958607435935e-6	0	0	0	0	0	0	0.011349991968893835	0	0	0	0	0	0	0	0.021102578775582536	5.1548195910267324e-20	0	4.804996240926756e-97	4.804996240926756e-97	4.804996240926756e-97	0	0	0
6.4565422903465625e-6	0	0	0	0	0	0	0.016069352094467027	0	0	0	0	0	0	0	0.022398608327311265	8.76577178173033e-20	0	4.4842834071582766e-97	4.4842834071582766e-97	4.4842834071582766e-97	0	0	0
6.9183097091893625e-6	0	0	0	0	0	0	0.021334921371385106	0	0	0	0	0	0	0	0.023570642916544086	1.4906196729587804e-19	0	4.184976775723052e-97	4.184976775723052e-97	4.184976775723052e-97	0	0	0
7.413102413009192e-6	0	0	0	0	0	0	0.028325900586864048	0	0	0	0	0	0	0	0.0248040056498425	2.534799062465772e-19	0	3.9056475746790526e-97	3.9056475746790526e-97	3.9056475746790526e-97	0	0	0
7.943282347242822e-6	0	0	0	0	0	0	0.023130113636110648	0	0	0	0	0	0	0	0.027389857781765833	4.310426330496102e-19	0	3.644962396466569e-97	3.644962396466569e-97	3.644962396466569e-97	0	0	0
8.511380382023777e-6	0	0	0	0	0	0	0.01888738383370212	0	0	0	0	0	0	0	0.0302452885995905	7.329880867385418e-19	0	3.401676832745731e-97	3.401676832745731e-97	3.401676832745731e-97	0	0	0
9.120108393559115e-6	0	0	0	0	0	0	0.016690552211262703	0	0	0	0	0	0	0	0.030549279139315037	1.246446393247593e-18	0	3.174629534081438e-97	3.174629534081438e-97	3.174629534081438e-97	0	0	0
9.772372209558111e-6	0	0	0	0	0	0	0.014749238728330751	0	0	0	0	0	0	0	0.030856325039147446	2.1195823497661502e-18	0	2.9627366661186543e-97	2.9627366661186543e-97	2.9627366661186543e-97	0	0	0
0.000010471285480509006	0	0	0	0	0	0	0.019511668251272846	0	0	0	0	0	0	0	0.028859787993276625	3.604350224589237e-18	0	2.7649867357841717e-97	2.7649867357841717e-97	2.7649867357841717e-97	0	0	0
0.000011220184543019652	0	0	0	0	0	0	0.02581185408684529	0	0	0	0	0	0	0	0.026992435488029983	6.12919830311347e-18	0	2.58043576281721e-97	2.58043576281721e-97	2.58043576281721e-97	0	0	0
0.000012022644346174132	0	0	0	0	0	0	0.0326927495806664	0	0	0	0	0	0	0	0.028028843725824374	1.0422702983357177e-17	0	2.408202773579529e-97	2.408202773579529e-97	2.408202773579529e-97	0	0	0
0.000012882495516931348	0	0	0	0	0	0	0.041407946579430796	0	0	0	0	0	0	0	0.02910504615098802	1.7723808580984754e-17	0	2.247465595634337e-97	2.247465595634337e-97	2.247465595634337e-97	0	0	0
0.000013803842646028866	0	0	0	0	0	0	0.03992898546428953	0	0	0	0	0	0	0	0.029059781591603336	3.0139340161280883e-17	0	2.0974569330190147e-97	2.0974569330190147e-97	2.0974569330190147e-97	0	0	0
0.000014791083881682102	0	0	0	0	0	0	0.038502848170679733	0	0	0	0	0	0	0	0.02901458742827032	5.125195418392918e-17	0	1.9574607034764605e-97	1.9574607034764605e-97	1.9574607034764605e-97	0	0	0
0.00001584893192461114	0	0	0	0	0	0	0.038344590385020146	0	0	0	0	0	0	0	0.029353573570571823	8.715395870033438e-17	0	1.826808620160513e-97	1.826808620160513e-97	1.826808620160513e-97	0	0	0
0.00001698243652461746	0	0	0	0	0	0	0.038186983084400376	0	0	0	0	0	0	0	0.02969652018982177	1.4820532481318867e-16	0	1.704877001497815e-97	1.704877001497815e-97	1.704877001497815e-97	0	0	0
0.000018197008586099864	0	0	0	0	0	0	0.03879955467232076	0	0	0	0	0	0	0	0.03427538118896868	2.5202318552740343e-16	0	1.591083793977713e-97	1.591083793977713e-97	1.591083793977713e-97	0	0	0
0.000019498445997580493	0	0	0	0	0	0	0.03942195274874651	0	0	0	0	0	0	0	0.03956024975787479	4.2856547916508713e-16	0	1.4848857936580937e-97	1.4848857936580937e-97	1.4848857936580937e-97	0	0	0
0.00002089296130854041	0	0	0	0	0	0	0.04204991379325325	0	0	0	0	0	0	0	0.042349996012256357	7.287756860450428e-16	0	1.385776053123771e-97	1.385776053123771e-97	1.385776053123771e-97	0	0	0
0.000022387211385683423	0	0	0	0	0	0	0.04485306096553679	0	0	0	0	0	0	0	0.045336472171314486	1.2392832049962258e-15	0	1.2932814615192383e-97	1.2932814615192383e-97	1.2932814615192383e-97	0	0	0
0.000023988329190194948	0	0	0	0	0	0	0.04250304115800871	0	0	0	0	0	0	0	0.04436012892421314	2.1074013466617533e-15	0	1.2069604861038464e-97	1.2069604861038464e-97	1.2069604861038464e-97	0	0	0
0.000025703957827688645	0	0	0	0	0	0	0.040276147687388214	0	0	0	0	0	0	0	0.04340481170958655	3.5836364262882965e-15	0	1.1264010645484435e-97	1.1264010645484435e-97	1.1264010645484435e-97	0	0	0
0.00002754228703338169	0	0	0	0	0	0	0.04369749419706333	0	0	0	0	0	0	0	0.04280924617148219	6.093974484814545e-15	0	1.0512186379121431e-97	1.0512186379121431e-97	1.0512186379121431e-97	0	0	0
0.0000295120922666639	0	0	0	0	0	0	0.047409474558568726	0	0	0	0	0	0	0	0.04222185249949615	1.0362804873047451e-14	0	9.81054314909462e-98	9.81054314909462e-98	9.81054314909462e-98	0	0	0
0.000031622776601683856	0	0	0	0	0	0	0.052868168386394764	0	0	0	0	0	0	0	0.04719059284447876	1.762195183200323e-14	0	9.155731587047005e-98	9.155731587047005e-98	9.155731587047005e-98	0	0	0
0.000033884415613920276	0	0	0	0	0	0	0.05895537241357114	0	0	0	0	0	0	0	0.05274406311376101	2.996613273854924e-14	0	8.544625880554491e-98	8.544625880554491e-98	8.544625880554491e-98	0	0	0
0.000036307805477010174	5.4098014655535985e-20	5.4098014655535985e-20	0	0	0	0	0.0613932262025392	0	0	0	0	0	0	0	0.05747394723763034	5.095741492571743e-14	0	7.974308851728751e-98	7.974308851728751e-98	7.974308851728751e-98	0	0	0
0.00003890451449942813	9.199368512151429e-20	9.199368512151429e-20	0	0	0	0	0.06393188727764662	0	0	0	0	0	0	0	0.0626279891245629	8.665309463076705e-14	0	7.442058031759369e-98	7.442058031759369e-98	7.442058031759369e-98	0	0	0
0.00004168693834703355	1.5643528059435818e-19	1.5643528059435818e-19	0	0	0	0	0.06721397750054091	0	0	0	0	0	0	0	0.06490274050491604	1.4735360535919394e-13	0	6.945332664920229e-98	6.945332664920229e-98	6.945332664920229e-98	0	0	0
0.00004466835921509635	2.660182270371071e-19	2.660182270371071e-19	0	0	0	0	0.07066456136080311	0	0	0	0	0	0	0	0.0672601145898257	2.505748364195541e-13	0	6.481761580002628e-98	6.481761580002628e-98	6.481761580002628e-98	0	0	0
0.0000478630092322639	4.523640501496971e-19	4.523640501496971e-19	0	0	0	0	0.07551233713745856	0	0	0	0	0	0	0	0.06761686716800412	4.2610256120734115e-13	0	6.04913187127815e-98	6.04913187127815e-98	6.04913187127815e-98	0	0	0
0.00005128613839913659	7.692451609313404e-19	7.692451609313404e-19	0	0	0	0	0.08069268315198323	0	0	0	0	0	0	0	0.06797551198800808	7.245874935480206e-13	0	5.64537833495848e-98	5.64537833495848e-98	5.64537833495848e-98	0	0	0
0.00005495408738576248	1.3081015554186298e-18	1.3081015554186298e-18	0	0	0	0	0.0826364403888153	0	0	0	0	0	0	0	0.06800953996272517	1.2321611827879303e-12	0	5.2685736107261655e-98	5.2685736107261655e-98	5.2685736107261655e-98	0	0	0
0.00005888436553555896	2.224426965802432e-18	2.224426965802432e-18	0	0	0	0	0.08462701961802846	0	0	0	0	0	0	0	0.06804358497156293	2.0952903464221707e-12	0	4.9169189812757235e-98	4.9169189812757235e-98	4.9169189812757235e-98	0	0	0
0.00006309573444801943	3.782638515864532e-18	3.782638515864532e-18	0	0	0	0	0.08463733537427863	0	0	0	0	0	0	0	0.0684107860976081	3.563041667873569e-12	0	4.588735785945926e-98	4.588735785945926e-98	4.588735785945926e-98	0	0	0
0.00006760829753919819	6.432377579337852e-18	6.432377579337852e-18	0	0	0	0	0.08464765238798601	0	0	0	0	0	0	0	0.06877996884568341	6.058953093866631e-12	0	4.282457407455102e-98	4.282457407455102e-98	4.282457407455102e-98	0	0	0
0.00007244359600749906	1.0938259405342992e-17	1.0938259405342992e-17	0	0	0	0	0.08518078347338613	0	0	0	0	0	0	0	0.07089293529965852	1.0303250990490007e-11	0	3.996621793487404e-98	3.996621793487404e-98	3.996621793487404e-98	0	0	0
0.00007762471166286927	1.8600512383306586e-17	1.8600512383306586e-17	0	0	0	0	0.08571727234540208	0	0	0	0	0	0	0	0.07307081349044581	1.752068044238486e-11	0	3.729864477431102e-98	3.729864477431102e-98	3.729864477431102e-98	0	0	0
0.00008317637711026725	3.1630175158629945e-17	3.1630175158629945e-17	0	0	0	0	0.08853562868492587	0	0	0	0	0	0	0	0.07662404965711626	2.979392071953767e-11	0	3.480912064952495e-98	3.480912064952495e-98	3.480912064952495e-98	0	0	0
0.00008912509381337459	5.37871194055656e-17	5.37871194055656e-17	0	0	0	0	0.09144665167422993	0	0	0	0	0	0	0	0.08035007009500335	5.0664568351734066e-11	0	3.248576155313056e-98	3.248576155313056e-98	3.248576155313056e-98	0	0	0
0.00009549925860214369	9.146500768457728e-17	9.146500768457728e-17	0	0	0	0	0.09500128243107127	0	0	0	0	0	0	0	0.0851885334813322	8.615510897108282e-11	0	3.031747668412462e-98	3.031747668412462e-98	3.031747668412462e-98	0	0	0
0.00010232929922807557	1.5553626450339576e-16	1.5553626450339576e-16	0	0	0	0	0.09869408554946058	0	0	0	0	0	0	0	0.09031835601536521	1.4650678064180333e-10	0	2.8293915504771786e-98	2.8293915504771786e-98	2.8293915504771786e-98	0	0	0
0.00010964781961431851	2.644894499883071e-16	2.644894499883071e-16	0	0	0	0	0.1012037493592266	0	0	0	0	0	0	0	0.09389277911998065	2.491348108123178e-10	0	2.640541833121497e-98	2.640541833121497e-98	2.640541833121497e-98	0	0	0
0.00011748975549395303	4.497643644616991e-16	4.497643644616991e-16	0	0	0	0	0.1037772306956759	0	0	0	0	0	0	0	0.09760866295411415	4.2365379736410063e-10	0	2.4642970221950068e-98	2.4642970221950068e-98	2.4642970221950068e-98	0	0	0
0.00012589254117941688	7.648243948807246e-16	7.648243948807246e-16	0	0	0	0	0.1070977795751746	0	0	0	0	0	0	0	0.1024067735066103	7.204233701256493e-10	0	2.2998157944047064e-98	2.2998157944047064e-98	2.2998157944047064e-98	0	0	0
0.0001348962882591656	1.3005840418343562e-15	1.3005840418343562e-15	0	0	0	0	0.11052457569973079	0	0	0	0	0	0	0	0.10744074288738248	1.225080090046112e-9	0	2.1463129811690394e-98	2.1463129811690394e-98	2.1463129811690394e-98	0	0	0
0.0001445439770745928	2.211643432395975e-15	2.211643432395975e-15	0	0	0	0	0.1142165999133373	0	0	0	0	0	0	0	0.11161398469476115	2.083248946748689e-9	0	2.0030558205324206e-98	2.0030558205324206e-98	2.0030558205324206e-98	0	0	0
0.00015488166189124827	3.760900114660309e-15	3.760900114660309e-15	0	0	0	0	0.11803195455103742	0	0	0	0	0	0	0	0.11594932466634444	3.542565265235928e-9	0	1.869360459248326e-98	1.869360459248326e-98	1.869360459248326e-98	0	0	0
0.00016595869074375631	6.395411423589716e-15	6.395411423589716e-15	0	0	0	0	0.12221301972977575	0	0	0	0	0	0	0	0.12058317451751822	6.0241329669422075e-9	0	1.744588688333338e-98	1.744588688333338e-98	1.744588688333338e-98	0	0	0
0.00017782794100389227	1.087539844984012e-14	1.087539844984012e-14	0	0	0	0	0.12654219146233087	0	0	0	0	0	0	0	0.12540221358393727	1.0244039357446193e-8	0	1.6281448965088715e-98	1.6281448965088715e-98	1.6281448965088715e-98	0	0	0
0.00019054607179632481	1.8493617315459548e-14	1.8493617315459548e-14	0	0	0	0	0.12847982421712553	0	0	0	0	0	0	0	0.13216858991077124	1.741999104813499e-8	0	1.5194732269875753e-98	1.5194732269875753e-98	1.5194732269875753e-98	0	0	0
0.00020417379446695317	3.1448400073626615e-14	3.1448400073626615e-14	0	0	0	0	0.13044712629129185	0	0	0	0	0	0	0	0.13930006225375935	2.9622698383771024e-8	0	1.4180549240320363e-98	1.4180549240320363e-98	1.4180549240320363e-98	0	0	0
0.00021877616239495564	5.347801083588554e-14	5.347801083588554e-14	0	0	0	0	0.13456485812875374	0	0	0	0	0	0	0	0.142206680470057	5.0373404734315454e-8	0	1.3234058566192473e-98	1.3234058566192473e-98	1.3234058566192473e-98	0	0	0
0.00023442288153199226	9.093936849784219e-14	9.093936849784219e-14	0	0	0	0	0.13881257148414844	0	0	0	0	0	0	0	0.14517394782978424	8.565998517938308e-8	0	1.2350742073898409e-98	1.2350742073898409e-98	1.2350742073898409e-98	0	0	0
0.0002511886431509582	1.5464241495753026e-13	1.5464241495753026e-13	0	0	0	0	0.14769275104719048	0	0	0	0	0	0	0	0.1512052953520919	1.4566482253151364e-7	0	1.1526383158500028e-98	1.1526383158500028e-98	1.1526383158500028e-98	0	0	0
0.00026915348039269194	2.6296945865051214e-13	2.6296945865051214e-13	0	0	0	0	0.15714101740690187	0	0	0	0	0	0	0	0.15748721918976927	2.4770306087146335e-7	0	1.0757046655304152e-98	1.0757046655304152e-98	1.0757046655304152e-98	0	0	0
0.00028840315031266115	4.471796188771079e-13	4.471796188771079e-13	0	0	0	0	0.16202521648595888	0	0	0	0	0	0	0	0.16118732986634882	4.2121910629326943e-7	0	1.0039060054936483e-98	1.0039060054936483e-98	1.0039060054936483e-98	0	0	0
0.0003090295432513592	7.604290344789873e-13	7.604290344789873e-13	0	0	0	0	0.16706122443731072	0	0	0	0	0	0	0	0.1649743734323993	7.162831774556278e-7	0	9.368995972228763e-99	9.368995972228763e-99	9.368995972228763e-99	0	0	0
0.0003311311214825914	1.2931097305612522e-12	1.2931097305612522e-12	0	0	0	0	0.17201784189959476	0	0	0	0	0	0	0	0.16894037674476461	1.2180396915536247e-6	0	8.743655785232176e-99	8.743655785232176e-99	8.743655785232176e-99	0	0	0
0.000354813389233576	2.198933364528686e-12	2.198933364528686e-12	0	0	0	0	0.17712151955942093	0	0	0	0	0	0	0	0.17300172324253763	2.071276747654662e-6	0	8.160054366256414e-99	8.160054366256414e-99	8.160054366256414e-99	0	0	0
0.00038018939632056124	3.739286641620629e-12	3.739286641620629e-12	0	0	0	0	0.182622593966117	0	0	0	0	0	0	0	0.17763908288618527	3.5222065381979174e-6	0	7.615405832046075e-99	7.615405832046075e-99	7.615405832046075e-99	0	0	0
0.00040738027780411304	6.3586577082110505e-12	6.3586577082110505e-12	0	0	0	0	0.18829452180554865	0	0	0	0	0	0	0	0.18240074825385422	5.989512947399178e-6	0	7.107110245071482e-99	7.107110245071482e-99	7.107110245071482e-99	0	0	0
0.00043651583224016654	1.0812898749229916e-11	1.0812898749229916e-11	0	0	0	0	0.19300488796822143	0	0	0	0	0	0	0	0.18906738552236355	0.00001018516800704623	0	6.632741202451315e-99	6.632741202451315e-99	6.632741202451315e-99	0	0	0
0.00046773514128719906	1.8387336561632892e-11	1.8387336561632892e-11	0	0	0	0	0.1978330884107962	0	0	0	0	0	0	0	0.19597768435967314	0.00001731988030459204	0	6.190034253261093e-99	6.190034253261093e-99	6.190034253261093e-99	0	0	0
0.0005011872336272725	3.126766962974089e-11	3.126766962974089e-11	0	0	0	0	0.20467719601841114	0	0	0	0	0	0	0	0.20333465653200328	0.000029452460043650136	0	5.776876088936613e-99	5.776876088936613e-99	5.776876088936613e-99	0	0	0
0.0005370317963702533	5.3170678678641715e-11	5.3170678678641715e-11	0	0	0	0	0.21175807801660362	0	0	0	0	0	0	0	0.2109678083097887	0.00005008391440169609	0	5.391294455171392e-99	5.391294455171392e-99	5.391294455171392e-99	0	0	0
0.0005754399373371578	9.041675010082338e-11	9.041675010082338e-11	0	0	0	0	0.2184623407612045	0	0	0	0	0	0	0	0.2192624835409389	0.00006593430184969937	0	5.031448737151669e-99	5.031448737151669e-99	5.031448737151669e-99	0	0	0
0.0006165950018614823	1.5375370226520188e-10	1.5375370226520188e-10	0	0	0	0	0.22537886052744802	0	0	0	0	0	0	0	0.22788328263781737	0.0000868009661852631	0	4.695621173186391e-99	4.695621173186391e-99	4.695621173186391e-99	0	0	0
0.0006606934480075965	2.6145820253322076e-10	2.6145820253322076e-10	0	0	0	0	0.232779735901841	0	0	0	0	0	0	0	0.23547175050650518	0.00007535381113962702	0	4.382208654789611e-99	4.382208654789611e-99	4.382208654789611e-99	0	0	0
0.0007079457843841388	4.4460972753677676e-10	4.4460972753677676e-10	0	0	0	0	0.24042363742420123	0	0	0	0	0	0	0	0.24331291284197185	0.0000654162862789727	0	4.0897150740721985e-99	4.0897150740721985e-99	4.0897150740721985e-99	0	0	0
0.0007585775750291852	7.560589337227332e-10	7.560589337227332e-10	0	0	0	0	0.24774457494167718	0	0	0	0	0	0	0	0.25005841980004023	0.00005857209459124684	0	3.816744181912161e-99	3.816744181912161e-99	3.816744181912161e-99	0	0	0
0.0008128305161640995	1.2856783733204982e-9	1.2856783733204982e-9	0	0	0	0	0.25528843615629465	0	0	0	0	0	0	0	0.25699093641406934	0.00005244397779133386	0	3.561992922811424e-99	3.561992922811424e-99	3.561992922811424e-99	0	0	0
0.0008709635899560814	2.186296340002289e-9	2.186296340002289e-9	0	0	0	0	0.26321212669273314	0	0	0	0	0	0	0	0.2634119863793459	0.000045289285034968237	0	3.3242452146222038e-99	3.3242452146222038e-99	3.3242452146222038e-99	0	0	0
0.0009332543007969925	3.7177973787973464e-9	3.7177973787973464e-9	0	0	0	0	0.27138175422758265	0	0	0	0	0	0	0	0.269993469561575	0.00003911067438743286	0	3.1023661434499858e-99	3.1023661434499858e-99	3.1023661434499858e-99	0	0	0
0.001	6.322115212331102e-9	6.322115212331102e-9	0	0	0	0	0.2794347919509159	0	0	0	0	0	0	0	0.2784396868441007	0.00004430205581961624	0	2.895296546021679e-99	2.895296546021679e-99	2.895296546021679e-99	0	0	0
0.001071519305237607	1.0750758227420758e-8	1.0750758227420758e-8	0	0	0	0	0.28772679716400584	0	0	0	0	0	0	0	0.287150127503953	0.000050182518726269866	0	2.7020479536574034e-99	2.7020479536574034e-99	2.7020479536574034e-99	0	0	0
0.001148153621496884	1.82816665914317e-8	1.82816665914317e-8	0	0	0	0	0.2963524861737894	0	0	0	0	0	0	0	0.29546831985075983	0.000045559201084968625	0	2.5216978737104793e-99	2.5216978737104793e-99	2.5216978737104793e-99	0	0	0
0.0012302687708123836	3.1087977823537494e-8	3.1087977823537494e-8	0	0	0	0	0.30523676253666926	0	0	0	0	0	0	0	0.30402747438873795	0.00004136182989982207	0	2.3533853859509307e-99	2.3533853859509307e-99	2.3533853859509307e-99	0	0	0
0.0013182567385564075	5.286511272499072e-8	5.286511272499072e-8	0	0	0	0	0.31328011380496235	0	0	0	0	0	0	0	0.3117146995434644	0.00004154544259166645	0	2.196307032871496e-99	2.196307032871496e-99	2.196307032871496e-99	0	0	0
0.0014125375446227555	8.989713513337894e-8	8.989713513337894e-8	0	0	0	0	0.32153541693346954	0	0	0	0	0	0	0	0.31959629341667073	0.000041729870373672264	0	2.049712984298001e-99	2.049712984298001e-99	2.049712984298001e-99	0	0	0
0.0015135612484362103	1.528700969054902e-7	1.528700969054902e-7	0	0	0	0	0.33018159664864444	0	0	0	0	0	0	0	0.32978128821688085	0.00004472526013374107	0	1.9129034579955435e-99	1.9129034579955435e-99	1.9129034579955435e-99	0	0	0
0.0016218100973589332	2.5995563143609993e-7	2.5995563143609993e-7	0	0	0	0	0.33906027461978167	0	0	0	0	0	0	0	0.34029086162209093	0.00004793566038232554	0	1.7852253791837766e-99	1.7852253791837766e-99	1.7852253791837766e-99	0	0	0
0.0017378008287493763	4.420546050750502e-7	4.420546050750502e-7	0	0	0	0	0.34764014295930284	0	0	0	0	0	0	0	0.34866641845619184	0.00006934651939275845	0	1.6660692630152007e-99	1.6660692630152007e-99	1.6660692630152007e-99	0	0	0
0.0018620871366628695	7.517139474475835e-7	7.517139474475835e-7	0	0	0	0	0.3564371235535877	0	0	0	0	0	0	0	0.35724812232564634	0.00010032071559117043	0	1.5548663051346085e-99	1.5548663051346085e-99	1.5548663051346085e-99	0	0	0
0.001995262314968883	1.2782897232600817e-6	1.2782897232600817e-6	0	0	0	0	0.3657608820378357	0	0	0	0	0	0	0	0.3670024000184431	0.00010543640697645695	0	1.4510856664311991e-99	1.4510856664311991e-99	1.4510856664311991e-99	0	0	0
0.0021379620895022326	2.1737319390448707e-6	2.1737319390448707e-6	0	0	0	0	0.37532853338993594	0	0	0	0	0	0	0	0.37702300782569564	0.00011081296470619967	0	1.3542319390217865e-99	1.3542319390217865e-99	1.3542319390217865e-99	0	0	0
0.0022908676527677745	3.696431612368066e-6	3.696431612368066e-6	0	0	0	0	0.38402450486216033	0	0	0	0	0	0	0	0.38639812142455143	0.0000954858882414463	0	1.26384278136873e-99	1.26384278136873e-99	1.26384278136873e-99	0	0	0
0.0024547089156850338	6.285782722094848e-6	6.285782722094848e-6	0	0	0	0	0.3929219529425258	0	0	0	0	0	0	0	0.39600635807735174	0.00008227877376470815	0	1.179486711243598e-99	1.179486711243598e-99	1.179486711243598e-99	0	0	0
0.002630267991895387	5.86638603116386e-6	5.86638603116386e-6	0	0	0	0	0.40129948839873614	0	0	0	0	0	0	0	0.405376170292208	0.00008207743995806064	0	1.1007610460009858e-99	1.1007610460009858e-99	1.1007610460009858e-99	0	0	0
0.002818382931264455	5.474972105807265e-6	5.474972105807265e-6	0	0	0	0	0.4098556422797878	0	0	0	0	0	0	0	0.41496767940447776	0.0000818765988094809	0	1.0272899803302163e-99	1.0272899803302163e-99	1.0272899803302163e-99	0	0	0
0.003019951720402019	2.8052194997581503e-6	2.8052194997581503e-6	0	0	0	0	0.4192058495111484	0	0	0	0	0	0	0	0.42407435712984165	0.00009499978935692758	0	9.5872279230883e-100	9.5872279230883e-100	9.5872279230883e-100	0	0	0
0.0032359365692962876	1.4373144355341076e-6	1.4373144355341076e-6	0	0	0	0	0.4287693669089449	0	0	0	0	0	0	0	0.4333808855503553	0.00011022636637436299	0	8.947321691943154e-100	8.947321691943154e-100	8.947321691943154e-100	0	0	0
0.0034673685045253167	7.391776364142265e-7	7.391776364142265e-7	0	0	0	0	0.4374709004954809	0	0	0	0	0	0	0	0.4416027237831728	0.00011988069747820477	0	8.350126449620172e-100	8.350126449620172e-100	8.350126449620172e-100	0	0	0
0.003715352290971728	3.801419958409279e-7	3.801419958409279e-7	0	0	0	0	0.4463490247916178	0	0	0	0	0	0	0	0.4499805417238652	0.00013038061673058515	0	7.79279142130673e-100	7.79279142130673e-100	7.79279142130673e-100	0	0	0
0.003981071705534978	2.0324384344644486e-7	2.0324384344644486e-7	0	0	0	0	0.4538063850371571	0	0	0	0	0	0	0	0.45699555681690346	0.00013312025643752014	0	7.272656109148397e-100	7.272656109148397e-100	7.272656109148397e-100	0	0	0
0.004265795188015935	1.0866481565001536e-7	1.0866481565001536e-7	0	0	0	0	0.4613883388602396	0	0	0	0	0	0	0	0.464119933164913	0.00013591746318096764	0	6.787237592080249e-100	6.787237592080249e-100	6.787237592080249e-100	0	0	0
0.004570881896148752	7.686060781416252e-8	7.686060781416252e-8	0	0	0	0	0.46800296510230954	0	0	0	0	0	0	0	0.4706312426184606	0.0001343410744925302	0	6.334218673339915e-100	6.334218673339915e-100	6.334218673339915e-100	0	0	0
0.004897788193684466	5.436491101765004e-8	5.436491101765004e-8	0	0	0	0	0.4747124209632442	0	0	0	0	0	0	0	0.47723390163010876	0.00013278296896829342	0	5.911436819083085e-100	5.911436819083085e-100	5.911436819083085e-100	0	0	0
0.005248074602497733	6.95739620861203e-8	6.95739620861203e-8	0	0	0	0	0.48091071309245537	0	0	0	0	0	0	0	0.4831089698742446	0.0001332666305798397	0	5.516873835298971e-100	5.516873835298971e-100	5.516873835298971e-100	0	0	0
0.005623413251903491	8.903787589736626e-8	8.903787589736626e-8	0	0	0	0	0.48718993595703924	0	0	0	0	0	0	0	0.4890563641345237	0.00013375205392752047	0	5.148646233747162e-100	5.148646233747162e-100	5.148646233747162e-100	0	0	0
0.0060255958607435805	1.4605621960891933e-7	1.4605621960891933e-7	0	0	0	0	0.49143765441948195	0	0	0	0	0	0	0	0.49274048454777325	0.00013777947159733	0	4.804996240926767e-100	4.804996240926767e-100	4.804996240926767e-100	0	0	0
0.006456542290346563	2.3958814236582567e-7	2.3958814236582567e-7	0	0	0	0	0.49572240794936834	0	0	0	0	0	0	0	0.4964523578832106	0.0001419281591288784	0	4.4842834071582766e-100	4.4842834071582766e-100	4.4842834071582766e-100	0	0	0
0.006918309709189377	4.060379921470686e-7	4.060379921470686e-7	0	0	0	0	0.49919694089279626	0	0	0	0	0	0	0	0.499349318474636	0.00015707349989734504	0	4.184976775723043e-100	4.184976775723043e-100	4.184976775723043e-100	0	0	0
0.007413102413009177	6.881260877054805e-7	6.881260877054805e-7	3.905647574679061e-100	3.905647574679061e-100	0	0	0.5026958269398588	0	0	0	0	0	0	0	0.5022631837710846	0.00017383501992439376	0	3.905647574679061e-100	3.905647574679061e-100	3.905647574679061e-100	0	0	0
0.00794328234724282	1.1697966546968624e-6	1.1697966546968624e-6	3.644962396466569e-100	3.644962396466569e-100	0	0	0.5045383799013875	0	0	0	0	0	0	0	0.503001450503853	0.00018259161358440246	0	3.644962396466569e-100	3.644962396466569e-100	3.644962396466569e-100	0	0	0
0.008511380382023776	1.9886242329554783e-6	1.9886242329554783e-6	3.401676832745731e-100	3.401676832745731e-100	0	0	0.5063876864527296	0	0	0	0	0	0	0	0.5037408024003092	0.00019178930324773575	0	3.401676832745731e-100	3.401676832745731e-100	3.401676832745731e-100	0	0	0
0.009120108393559097	2.0372150428036385e-6	2.0372150428036385e-6	3.1746295340814446e-100	3.1746295340814446e-100	0	0	0.5058059157078646	0	0	0	0	0	0	0	0.5036371550509764	0.00017784255175092397	0	3.1746295340814446e-100	3.1746295340814446e-100	3.1746295340814446e-100	0	0	0
0.009772372209558112	2.0869931392002435e-6	2.0869931392002435e-6	2.9627366661186544e-100	2.9627366661186544e-100	0	0	0.5052248133386507	0	0	0	0	0	0	0	0.5035335290276372	0.00016490999590538082	0	2.9627366661186544e-100	2.9627366661186544e-100	2.9627366661186544e-100	0	0	0
0.010471285480509006	1.9825890418276086e-6	1.9825890418276086e-6	2.764986735784171e-100	2.764986735784171e-100	0	0	0.5025970630168177	0	0	0	0	0	0	0	0.5020357136449489	0.00016740839990833748	0	2.764986735784171e-100	2.764986735784171e-100	2.764986735784171e-100	0	0	0
0.011220184543019653	1.8834078727643462e-6	1.8834078727643462e-6	2.58043576281721e-100	2.58043576281721e-100	0	0	0.4999829800200479	0	0	0	0	0	0	0	0.5005423536774238	0.00016994465499805042	0	2.58043576281721e-100	2.58043576281721e-100	2.58043576281721e-100	0	0	0
0.012022644346174132	1.7241533009148555e-6	1.7241533009148555e-6	2.408202773579529e-100	2.408202773579529e-100	0	0	0.49538005312366373	0	0	0	0	0	0	0	0.49633242018001744	0.0001760248024662183	0	2.408202773579529e-100	2.408202773579529e-100	2.408202773579529e-100	0	0	0
0.01288249551693135	1.5783647546786733e-6	1.5783647546786733e-6	2.2474655956343366e-100	2.2474655956343366e-100	0	0	0.49081950154176096	0	0	0	0	0	0	0	0.49215789535466953	0.0001823224807136576	0	2.2474655956343366e-100	2.2474655956343366e-100	2.2474655956343366e-100	0	0	0
0.013803842646028866	1.335055478816721e-6	1.335055478816721e-6	2.0974569330190148e-100	2.0974569330190148e-100	0	0	0.48427556766613417	0	0	0	0	0	0	0	0.4858418661749534	0.0001897550653593914	0	2.0974569330190148e-100	2.0974569330190148e-100	2.0974569330190148e-100	0	0	0
0.014791083881682071	1.1292529982281586e-6	1.1292529982281586e-6	1.957460703476465e-100	1.957460703476465e-100	0	0	0.47781888189380084	0	0	0	0	0	0	0	0.47960689273969626	0.00019749064782689565	0	1.957460703476465e-100	1.957460703476465e-100	1.957460703476465e-100	0	0	0
0.01584893192461114	1.6340103599234204e-6	1.6340103599234204e-6	1.8268086201605132e-100	1.8268086201605132e-100	0	0	0.4697518314909884	0	0	0	0	0	0	0	0.4715378662145958	0.00021233846079655807	0	1.8268086201605132e-100	1.8268086201605132e-100	1.8268086201605132e-100	0	0	0
0.01698243652461746	2.3643858909618762e-6	2.3643858909618762e-6	1.7048770014978148e-100	1.7048770014978148e-100	0	0	0.46182097767786184	0	0	0	0	0	0	0	0.46360459501338336	0.000228302567385224	0	1.7048770014978148e-100	1.7048770014978148e-100	1.7048770014978148e-100	0	0	0
0.018197008586099864	2.6315148540387145e-6	2.6315148540387145e-6	1.5910837939777126e-100	1.5910837939777126e-100	0	0	0.4522560722343652	0	0	0	0	0	0	0	0.45411966882063104	0.00024470498518637356	0	1.5910837939777126e-100	1.5910837939777126e-100	1.5910837939777126e-100	0	0	0
0.019498445997580455	2.9288241202493462e-6	2.9288241202493462e-6	1.4848857936580964e-100	1.4848857936580964e-100	0	0	0.4428892682643077	0	0	0	0	0	0	0	0.4448287955467877	0.0002622858361203811	0	1.4848857936580964e-100	1.4848857936580964e-100	1.4848857936580964e-100	0	0	0
0.02089296130854041	2.784297401778027e-6	2.784297401778027e-6	1.3857760531237707e-100	1.3857760531237707e-100	0	0	0.43174985038018904	0	0	0	0	0	0	0	0.4339311994248745	0.0002765770501653464	0	1.3857760531237707e-100	1.3857760531237707e-100	1.3857760531237707e-100	0	0	0
0.022387211385683423	2.6469025462982947e-6	2.6469025462982947e-6	1.2932814615192384e-100	1.2932814615192384e-100	0	0	0.42089060778973514	0	0	0	0	0	0	0	0.4233005770295392	0.0002916469520796224	0	1.2932814615192384e-100	1.2932814615192384e-100	1.2932814615192384e-100	0	0	0
0.02398832919019495	2.9738835582707616e-6	2.9738835582707616e-6	1.2069604861038467e-100	1.2069604861038467e-100	0	0	0.4090409536175067	0	0	0	0	0	0	0	0.4109617266820597	0.0003136873654795685	0	1.2069604861038467e-100	1.2069604861038467e-100	1.2069604861038467e-100	0	0	0
0.025703957827688646	3.341257663800831e-6	3.341257663800831e-6	1.1264010645484433e-100	1.1264010645484433e-100	0	0	0.3975249117934818	0	0	0	0	0	0	0	0.3989825432855823	0.0003373934222862991	0	1.1264010645484433e-100	1.1264010645484433e-100	1.1264010645484433e-100	0	0	0
0.02754228703338169	2.5951333930281527e-6	2.5951333930281527e-6	1.0512186379121433e-100	1.0512186379121433e-100	0	0	0.3845972206500818	0	0	0	0	0	0	0	0.3859444000891074	0.00035174920180259546	0	1.0512186379121433e-100	1.0512186379121433e-100	1.0512186379121433e-100	0	0	0
0.0295120922666639	2.0156234583682984e-6	2.0156234583682984e-6	9.810543149094622e-101	9.810543149094622e-101	0	0	0.3720899439092539	0	0	0	0	0	0	0	0.3733323235987393	0.0003667158065214819	0	9.810543149094622e-101	9.810543149094622e-101	9.810543149094622e-101	0	0	0
0.03162277660168379	1.8564136112534412e-6	1.8564136112534412e-6	9.155731587047024e-101	9.155731587047024e-101	0	0	0.35839735981585485	0	0	0	0	0	0	0	0.3599272468575499	0.00038317110204402326	0	9.155731587047024e-101	9.155731587047024e-101	9.155731587047024e-101	0	0	0
0.03388441561392028	1.709779414274576e-6	1.709779414274576e-6	8.544625880554491e-101	8.544625880554491e-101	0	0	0.34520865082637525	0	0	0	0	0	0	0	0.34700350021043014	0.00040036478065755455	0	8.544625880554491e-101	8.544625880554491e-101	8.544625880554491e-101	0	0	0
0.03630780547701017	1.6958696047238451e-6	1.6958696047238451e-6	7.974308851728751e-101	7.974308851728751e-101	0	0	0.33151909676097385	0	0	0	0	0	0	0	0.3334595153915787	0.00040820013250364196	0	7.974308851728751e-101	7.974308851728751e-101	7.974308851728751e-101	0	0	0
0.038904514499428125	1.6820729576080695e-6	1.6820729576080695e-6	7.442058031759367e-101	7.442058031759367e-101	0	0	0.31837241405774985	0	0	0	0	0	0	0	0.3204441694039266	0.000416188826355615	0	7.442058031759367e-101	7.442058031759367e-101	7.442058031759367e-101	0	0	0
0.04168693834703355	2.322546545483501e-6	2.322546545483501e-6	6.945332664920229e-101	6.945332664920229e-101	0	0	0.3044975803201867	0	0	0	0	0	0	0	0.3065374583723945	0.0004267361363553053	0	6.945332664920229e-101	6.945332664920229e-101	6.945332664920229e-101	0	0	0
0.04466835921509635	3.206889708046931e-6	3.206889708046931e-6	6.481761580002629e-101	6.481761580002629e-101	0	0	0.29122741898118754	0	0	0	0	0	0	0	0.29323427403967584	0.000437550742690661	0	6.481761580002629e-101	6.481761580002629e-101	6.481761580002629e-101	0	0	0
0.0478630092322639	3.7528212180839308e-6	3.7528212180839308e-6	6.04913187127815e-101	6.04913187127815e-101	0	0	0.2772026943499731	0	0	0	0	0	0	0	0.2794341277755674	0.00044962064748350493	0	6.04913187127815e-101	6.04913187127815e-101	6.04913187127815e-101	0	0	0
0.05128613839913648	4.39169050920624e-6	4.39169050920624e-6	5.645378334958492e-101	5.645378334958492e-101	0	0	0.2638533625154589	0	0	0	0	0	0	0	0.26628344187053393	0.0004620235024635946	0	5.645378334958492e-101	5.645378334958492e-101	5.645378334958492e-101	0	0	0
0.05495408738576248	4.219994820705488e-6	4.219994820705488e-6	5.268573610726165e-101	5.268573610726165e-101	0	0	0.2500915931225625	0	0	0	0	0	0	0	0.2526214384624619	0.00047523240790686477	0	5.268573610726165e-101	5.268573610726165e-101	5.268573610726165e-101	0	0	0
0.05888436553555896	4.055011674763883e-6	4.055011674763883e-6	4.916918981275723e-101	4.916918981275723e-101	0	0	0.23704759474845385	0	0	0	0	0	0	0	0.2396603811433056	0.0004888189460508072	0	4.916918981275723e-101	4.916918981275723e-101	4.916918981275723e-101	0	0	0
0.06309573444801943	3.398432043657951e-6	3.398432043657951e-6	4.5887357859459256e-101	4.5887357859459256e-101	0	0	0.22357195717207137	0	0	0	0	0	0	0	0.22638265742899333	0.0004954566736970551	0	4.5887357859459256e-101	4.5887357859459256e-101	4.5887357859459256e-101	0	0	0
0.06760829753919818	2.848164513862652e-6	2.848164513862652e-6	4.282457407455103e-101	4.282457407455103e-101	0	0	0.21086238013421826	0	0	0	0	0	0	0	0.21384054944804787	0.000502184535796277	0	4.282457407455103e-101	4.282457407455103e-101	4.282457407455103e-101	4.282457407455103e-11	4.282457407455103e-11	4.282457407455103e-11
0.07244359600749906	2.9079952257405184e-6	2.9079952257405184e-6	3.996621793487405e-101	3.996621793487405e-101	0	0	0.19789651836954472	0	0	0	0	0	0	0	0.2010100670801036	0.0004981076388437743	0	3.996621793487405e-101	3.996621793487405e-101	3.996621793487405e-101	3.996621793487405e-11	3.996621793487405e-11	3.996621793487405e-11
0.07762471166286927	2.969082787096843e-6	2.969082787096843e-6	3.729864477431102e-101	3.729864477431102e-101	0	0	0.18572792338709	0	0	0	0	0	0	0	0.188949416618311	0.0004940638394631332	0	3.729864477431102e-101	3.729864477431102e-101	3.729864477431102e-101	3.729864477431102e-11	3.729864477431102e-11	3.729864477431102e-11
0.08317637711026708	2.549845507903597e-6	2.549845507903597e-6	3.480912064952503e-101	3.480912064952503e-101	0	0	0.17337751647930635	0	0	0	0	0	0	0	0.17654941868280538	0.0004876241979297145	0	3.480912064952503e-101	3.480912064952503e-101	3.480912064952503e-101	3.4809120649525026e-11	3.4809120649525026e-11	3.4809120649525026e-11
0.08912509381337459	2.189804926434359e-6	2.189804926434359e-6	3.2485761553130563e-101	3.2485761553130563e-101	0	0	0.16184837838240504	0.16533786225444397	0	0	0	0	0	0	0.1649631832428521	0.0004812684908593476	0	3.2485761553130563e-101	3.2485761553130563e-101	3.2485761553130563e-101	3.248576155313056e-11	3.248576155313056e-11	3.248576155313056e-11
0.09549925860214369	2.242229434235929e-6	2.242229434235929e-6	3.031747668412462e-101	3.031747668412462e-101	0	0	0.15010848041813313	0.15365128099975814	0	0	0	0	0	0	0.15337379970595882	0.00046694904162838767	0	3.031747668412462e-101	3.031747668412462e-101	3.031747668412462e-101	3.0317476684124626e-11	3.0317476684124626e-11	3.0317476684124626e-11
0.10232929922807536	2.2959089985884543e-6	2.2959089985884543e-6	2.829391550477184e-101	2.829391550477184e-101	0	0	0.13922015233419643	0.14279074273099301	0	0	0	0	0	0	0.1425986209396386	0.0004530556469390663	0	2.829391550477184e-101	2.829391550477184e-101	2.829391550477184e-101	2.829391550477184e-11	2.829391550477184e-11	2.829391550477184e-11
0.10964781961431873	2.30158773130305e-6	2.30158773130305e-6	2.640541833121492e-101	2.640541833121492e-101	0	0	0.12834155950467693	0.13199094140117512	0	0	0	0	0	0	0.13179139541111815	0.0004444641817957739	0	2.640541833121492e-101	2.640541833121492e-101	2.640541833121492e-101	2.640541833121492e-11	2.640541833121492e-11	2.640541833121492e-11
0.11748975549395303	2.3072805098728055e-6	2.3072805098728055e-6	2.4642970221950066e-101	2.4642970221950066e-101	0	0	0.11831301445894715	0.1220079696958333	0	0	0	0	0	0	0.12180322495378117	0.0004360356398470327	0	2.4642970221950066e-101	2.4642970221950066e-101	2.4642970221950066e-101	2.464297022195007e-11	2.464297022195007e-11	2.464297022195007e-11
0.12589254117941662	1.8142825389273564e-6	1.8142825389273564e-6	2.299815794404712e-101	2.299815794404712e-101	1.1327883147771935e-6	1.1327883147771935e-6	0.10846632143936533	0.1120011267152613	0	0	0	0	0	0	0.11183955461619136	0.00041729390051822136	0	2.299815794404712e-101	2.299815794404712e-101	2.299815794404712e-101	2.299815794404712e-11	2.299815794404712e-11	2.299815794404712e-11
0.1348962882591656	1.4266237316927269e-6	1.4266237316927269e-6	2.1463129811690398e-101	2.1463129811690398e-101	1.2255267043505984e-6	1.2255267043505984e-6	0.0994391271356704	0.10281502443455835	0	0	0	0	0	0	0.10269092613511864	0.0003993577210128959	0	2.1463129811690398e-101	2.1463129811690398e-101	2.1463129811690398e-101	2.1463129811690398e-11	2.1463129811690398e-11	2.1463129811690398e-11
0.1445439770745928	1.019695387609902e-6	1.019695387609902e-6	2.0030558205324206e-101	2.0030558205324206e-101	9.482330867650708e-7	9.482330867650708e-7	0.0904157195571516	0.09373186345348028	0	0	0	0	0	0	0.09363279852245919	0.0003818286247360479	0	2.0030558205324206e-101	2.0030558205324206e-101	2.0030558205324206e-101	2.0030558205324206e-11	2.0030558205324206e-11	2.0030558205324206e-11
0.15488166189124797	7.288387683549756e-7	7.288387683549756e-7	1.86936045924833e-101	1.86936045924833e-101	7.336812683428751e-7	7.336812683428751e-7	0.0822111233124952	0.08545115147109589	0	0	0	0	0	0	0.08537366726649112	0.0003650689369371518	0	1.86936045924833e-101	1.86936045924833e-101	1.86936045924833e-101	1.86936045924833e-11	1.86936045924833e-11	1.86936045924833e-11
0.1659586907437563	5.47543279224242e-7	5.47543279224242e-7	1.744588688333338e-101	1.744588688333338e-101	6.083910304656991e-7	6.083910304656991e-7	0.07420433639588844	0.0773596550203869	0	0	0	0	0	0	0.07737390715338906	0.00034573015556562563	0	1.744588688333338e-101	1.744588688333338e-101	1.744588688333338e-101	1.744588688333338e-11	1.744588688333338e-11	1.744588688333338e-11
0.1778279410038923	4.113442583471684e-7	4.113442583471684e-7	1.6281448965088714e-101	1.6281448965088714e-101	5.044965190226714e-7	5.044965190226714e-7	0.06697735437848362	0.07003435438664142	0	0	0	0	0	0	0.07012374775343723	0.00032741580664259463	0	1.6281448965088714e-101	1.6281448965088714e-101	1.6281448965088714e-101	1.6281448965088713e-11	1.6281448965088713e-11	1.6281448965088713e-11
0.1905460717963252	4.0250121868143386e-7	4.0250121868143386e-7	1.519473226987572e-101	1.519473226987572e-101	3.2021420155646817e-7	3.2021420155646817e-7	0.060092650413904915	0.06302255170922162	0	0	0	0	0	0	0.06306484521068852	0.00030375382098642026	0	1.519473226987572e-101	1.519473226987572e-101	1.519473226987572e-101	1.519473226987572e-11	1.519473226987572e-11	1.519473226987572e-11
0.20417379446695316	3.9384828583971106e-7	3.9384828583971106e-7	1.4180549240320364e-101	1.4180549240320364e-101	2.0324646655062704e-7	2.0324646655062704e-7	0.053915635624566874	0.05671276702308176	0	0	0	0	0	0	0.05671651657056768	0.0002818018614005654	0	1.4180549240320364e-101	1.4180549240320364e-101	1.4180549240320364e-101	1.4180549240320365e-11	1.4180549240320365e-11	1.4180549240320365e-11
0.21877616239495518	2.8487632127933817e-7	2.8487632127933817e-7	1.3234058566192503e-101	1.3234058566192503e-101	1.4652884154635757e-7	1.4652884154635757e-7	0.04794841365577855	0.050613768453679334	0	0	0	0	0	0	0.05063588137947678	0.0002555419896950434	0	1.3234058566192503e-101	1.3234058566192503e-101	1.3234058566192503e-101	1.3234058566192503e-11	1.3234058566192503e-11	1.3234058566192503e-11
0.23442288153199276	2.0605527900831395e-7	2.0605527900831395e-7	1.235074207389838e-101	1.235074207389838e-101	1.0563874378386274e-7	1.0563874378386274e-7	0.04264162604174257	0.04517066776234051	0	0	0	0	0	0	0.04520715724644798	0.0002317291595334022	0	1.235074207389838e-101	1.235074207389838e-101	1.235074207389838e-101	1.235074207389838e-11	1.235074207389838e-11	1.235074207389838e-11
0.25118864315095824	2.1201051683750718e-7	2.1201051683750718e-7	1.152638315850003e-101	1.152638315850003e-101	6.971475091500204e-8	6.971475091500204e-8	0.03758807111025597	0.040007069778745186	0	0	0	0	0	0	0.040008236026666325	0.00020837812475624757	0	1.152638315850003e-101	1.152638315850003e-101	1.152638315850003e-101	1.152638315850003e-11	1.152638315850003e-11	1.152638315850003e-11
0.2691534803926914	2.1813786798392696e-7	2.1813786798392696e-7	1.0757046655304172e-101	1.0757046655304172e-101	4.6007234855846767e-8	4.6007234855846767e-8	0.03313342433064317	0.03543373856464888	0	0	0	0	0	0	0.03540720203306322	0.00018738014225038154	0	1.0757046655304172e-101	1.0757046655304172e-101	1.0757046655304172e-101	1.0757046655304173e-11	1.0757046655304173e-11	1.0757046655304173e-11
0.28840315031266117	1.7551125236010918e-7	1.7551125236010918e-7	1.0039060054936482e-101	1.0039060054936482e-101	5.46740015745652e-8	5.46740015745652e-8	0.028897418565845084	0.030996197153959213	0	0	0	0	0	0	0.031017140515783744	0.00016656218112057482	0	1.0039060054936482e-101	1.0039060054936482e-101	1.0039060054936482e-101	1.0039060054936482e-11	1.0039060054936482e-11	1.0039060054936482e-11
0.30902954325135923	1.4121436131063617e-7	1.4121436131063617e-7	9.368995972228761e-102	9.368995972228761e-102	6.497339945644855e-8	6.497339945644855e-8	0.02520297302918236	0.02711439088636389	0	0	0	0	0	0	0.027171393121588852	0.00014805709850818967	0	9.368995972228761e-102	9.368995972228761e-102	9.368995972228761e-102	9.368995972228761e-12	9.368995972228761e-12	9.368995972228761e-12
0.3311311214825908	1.5900183326485443e-7	1.5900183326485443e-7	8.743655785232192e-102	8.743655785232192e-102	6.702239066674744e-8	6.702239066674744e-8	0.021638835041265764	0.023416420150349358	0	0	0	0	0	0	0.02345234794714372	0.00012898397978762622	0	8.743655785232192e-102	8.743655785232192e-102	8.743655785232192e-102	8.743655785232192e-12	8.743655785232192e-12	8.743655785232192e-12
0.354813389233576	1.7902982916851654e-7	1.7902982916851654e-7	8.160054366256414e-102	8.160054366256414e-102	6.913599855117794e-8	6.913599855117794e-8	0.018578728049303352	0.020222793680142823	0.002812434461906314	0	0	0	0	0	0.02024234170742176	0.00011236791217365617	0	8.160054366256414e-102	8.160054366256414e-102	8.160054366256414e-102	8.160054366256414e-12	8.160054366256414e-12	8.160054366256414e-12
0.38018939632056126	1.1466486168583674e-7	1.1466486168583674e-7	7.615405832046074e-102	7.615405832046074e-102	7.478651596356742e-8	7.478651596356742e-8	0.015566659486506582	0.01706617468991396	0.0018906255690528974	0	0	0	0	0	0.017080384036226737	0.00009539629402537773	0	7.615405832046074e-102	7.615405832046074e-102	7.615405832046074e-102	7.615405832046073e-12	7.615405832046073e-12	7.615405832046073e-12
0.40738027780411384	7.344044602229768e-8	7.344044602229768e-8	7.1071102450714685e-102	7.1071102450714685e-102	8.089885279994326e-8	8.089885279994326e-8	0.013042921287495185	0.014402279089295419	0.0012709505201887157	0	0	0	0	0	0.014412340382438127	0.00008098800393934685	0	7.1071102450714685e-102	7.1071102450714685e-102	7.1071102450714685e-102	7.107110245071469e-12	7.107110245071469e-12	7.107110245071469e-12
0.43651583224016655	3.762112565135472e-8	3.762112565135472e-8	6.632741202451314e-102	6.632741202451314e-102	4.1441822198534184e-8	4.1441822198534184e-8	0.01055908480318579	0.011781246894501817	0.0007910061685107841	0	0	0	0	0	0.011782865242947877	0.00006966148684601519	0	6.632741202451314e-102	6.632741202451314e-102	6.632741202451314e-102	6.632741202451315e-12	6.632741202451315e-12	6.632741202451315e-12
0.4677351412871981	1.927206562505489e-8	1.927206562505489e-8	6.190034253261105e-102	6.190034253261105e-102	2.1229282835221276e-8	2.1229282835221276e-8	0.008548259199245766	0.009637209328374358	0.0004923014300581955	0	0	0	0	0	0.009633127559396598	0.00005991903138188004	0	6.190034253261105e-102	6.190034253261105e-102	6.190034253261105e-102	6.190034253261105e-12	6.190034253261105e-12	6.190034253261105e-12
0.5011872336272735	9.876309333198344e-9	9.876309333198344e-9	5.776876088936602e-102	5.776876088936602e-102	1.0879319751278925e-8	1.0879319751278925e-8	0.00659429753678371	0.007553706775414826	0.0002843731074320083	0	0	0	0	0	0.00754251606377024	0.00004970093384965352	0	5.776876088936602e-102	5.776876088936602e-102	5.776876088936602e-102	5.776876088936602e-12	5.776876088936602e-12	5.776876088936602e-12
0.5370317963702532	5.0612885999212615e-9	5.0612885999212615e-9	5.391294455171393e-102	5.391294455171393e-102	5.575298947649962e-9	5.575298947649962e-9	0.005086972562491913	0.005920644047956306	0.00016426534495538546	0	0	0	0	0	0.005905615618755116	0.00004122534641430568	0	5.391294455171393e-102	5.391294455171393e-102	5.391294455171393e-102	5.391294455171394e-12	5.391294455171394e-12	5.391294455171394e-12
0.5754399373371566	2.5957156977259338e-9	2.5957156977259338e-9	5.03144873715168e-102	5.03144873715168e-102	2.859329341179066e-9	2.859329341179066e-9	0.003750595608050647	0.004441913242181023	0.00009168094320786038	0	0	0	0	0	0.004430920007175504	0.00003233292666302057	0	5.03144873715168e-102	5.03144873715168e-102	5.03144873715168e-102	5.03144873715168e-12	5.03144873715168e-12	5.03144873715168e-12
0.6165950018614835	1.332680144372663e-9	1.332680144372663e-9	4.695621173186382e-102	4.695621173186382e-102	1.4680234212667754e-9	1.4680234212667754e-9	0.00265321341007096	0.0032112356434246692	0.00005034913133585977	0	0	0	0	0	0.003203431588978144	0.00002482443585621637	0	4.695621173186382e-102	4.695621173186382e-102	4.695621173186382e-102	4.695621173186382e-12	4.695621173186382e-12	4.695621173186382e-12
0.6606934480075964	6.855841135601494e-10	6.855841135601494e-10	4.38220865478961e-102	4.38220865478961e-102	7.552101231526156e-10	7.552101231526156e-10	0.0017916303600928546	0.0022256077052595514	0.000027398244388748937	0	0	0	0	0	0.002214402676009637	0.000018451128950518425	0	4.38220865478961e-102	4.38220865478961e-102	4.38220865478961e-102	4.38220865478961e-12	4.38220865478961e-12	4.38220865478961e-12
0.7079457843841374	3.5398823657614016e-10	3.5398823657614016e-10	4.089715074072206e-102	4.089715074072206e-102	3.8993829415183547e-10	3.8993829415183547e-10	0.0011502930276474	0.001461794981214227	0.000014447319052282397	0	0	0	0	0	0.0014506816516512645	0.000012576667817632875	0	4.089715074072206e-102	4.089715074072206e-102	4.089715074072206e-102	4.089715074072206e-12	4.089715074072206e-12	4.089715074072206e-12
0.7585775750291851	1.8402291133802395e-10	1.8402291133802395e-10	3.816744181912162e-102	3.816744181912162e-102	2.027117647356313e-10	2.027117647356313e-10	0.0006962479565364026	0.0008994498692946314	7.590803636405241e-6	0	0	0	0	0	0.0008948120712513668	7.562199777066945e-6	0	3.816744181912162e-102	3.816744181912162e-102	3.816744181912162e-102	3.8167441819121625e-12	3.8167441819121625e-12	3.8167441819121625e-12
0.8128305161640995	9.689882934482818e-11	9.689882934482818e-11	3.561992922811423e-102	3.561992922811423e-102	1.067396040769421e-10	1.067396040769421e-10	0.00039886940282259493	0.0005209965735960152	3.99700222546226e-6	0	0	0	0	0	0.0005196583207315446	4.135903603665515e-6	0	3.561992922811423e-102	3.561992922811423e-102	3.561992922811423e-102	3.561992922811423e-12	3.561992922811423e-12	3.561992922811423e-12
0.8709635899560796	5.230510814583344e-11	5.230510814583344e-11	3.3242452146222104e-102	3.3242452146222104e-102	5.7617068982535275e-11	5.7617068982535275e-11	0.00022190609165394364	0.0002899649591170299	2.1575455046826133e-6	0	0	0	0	0	0.00029039268036498055	2.2325232072787003e-6	0	3.3242452146222104e-102	3.3242452146222104e-102	3.3242452146222104e-102	3.3242452146222104e-12	3.3242452146222104e-12	3.3242452146222104e-12
0.9332543007969925	2.970770816205065e-11	2.970770816205065e-11	3.1023661434499857e-102	3.1023661434499857e-102	3.2724740109771624e-11	3.2724740109771624e-11	0.00012619778246147456	0.00016469126416204224	1.2254201257121527e-6	0	0	0	0	0	0.00016505560463750757	1.2680051768925365e-6	0	3.1023661434499857e-102	3.1023661434499857e-102	3.1023661434499857e-102	3.1023661434499857e-12	3.1023661434499857e-12	3.1023661434499857e-12