1.e-9	0	0	0	0	0	0	1.568543472872359e-10	0	0	0	0	0	0	0	2.1288784540079562e-14	1.0016285679113278e-16	0	5.826754575535575e-15	5.826754575535575e-15	5.826754575535575e-15	0	0	0
1.0715193052376092e-9	0	0	0	0	0	0	2.551070323583959e-10	0	0	0	0	0	0	0	3.3486947191238897e-14	1.703269579363526e-16	0	9.908397278028648e-15	9.908397278028648e-15	9.908397278028648e-15	0	0	0
1.148153621496884e-9	0	0	0	0	0	0	4.1490464934024536e-10	0	0	0	0	0	0	0	5.2674478905903894e-14	2.8964102591788864e-16	0	1.684923147980962e-14	1.684923147980962e-14	1.684923147980962e-14	0	0	0
1.2302687708123811e-9	0	0	0	0	0	0	6.747985990535795e-10	0	0	0	0	0	0	0	8.285618608836958e-14	4.925346223004877e-16	0	2.8652121376860216e-14	2.8652121376860216e-14	2.8652121376860216e-14	0	0	0
1.31825673855641e-9	0	0	0	0	0	0	1.0147226245597106e-9	0	0	0	0	0	0	0	1.379304295075116e-13	8.375552260447262e-16	0	4.8722938208779e-14	4.8722938208779e-14	4.8722938208779e-14	0	0	0
1.4125375446227555e-9	0	0	0	0	0	0	1.5258804719473645e-9	0	0	0	0	0	0	0	2.29612347397146e-13	1.424262833338059e-15	0	8.285336629955504e-14	8.285336629955504e-14	8.285336629955504e-14	0	0	0
1.5135612484362133e-9	0	0	0	0	0	0	2.4711099254227428e-9	0	0	0	0	0	0	0	3.880286448515669e-13	2.4219592419552956e-15	0	1.4089216643701732e-13	1.4089216643701732e-13	1.4089216643701732e-13	0	0	0
1.6218100973589331e-9	0	0	0	0	0	0	4.001875884635778e-9	0	0	0	0	0	0	0	6.557409953434162e-13	4.118542190660629e-15	0	2.395871580105354e-13	2.395871580105354e-13	2.395871580105354e-13	0	0	0
1.7378008287493762e-9	0	0	0	0	0	0	6.687702279659601e-9	0	0	0	0	0	0	0	1.1130121952669478e-12	7.003581847000791e-15	0	4.074180117037107e-13	4.074180117037107e-13	4.074180117037107e-13	0	0	0
1.8620871366628732e-9	0	0	0	0	0	0	1.1176099177157421e-8	0	0	0	0	0	0	0	1.8891546443030744e-12	1.1909592379280831e-14	0	6.928144130884727e-13	6.928144130884727e-13	6.928144130884727e-13	0	0	0
1.9952623149688828e-9	0	0	0	0	0	0	1.8892228802780258e-8	0	0	0	0	0	0	0	3.2107100854339745e-12	2.0252264305823303e-14	0	1.178131052806437e-12	1.178131052806437e-12	1.178131052806437e-12	0	0	0
2.1379620895022324e-9	0	0	0	0	0	0	3.193567840433147e-8	0	0	0	0	0	0	0	5.456757753418713e-12	3.4438979643542216e-14	0	2.0034120990632307e-12	2.0034120990632307e-12	2.0034120990632307e-12	0	0	0
2.2908676527677795e-9	0	0	0	0	0	0	5.419805655998883e-8	0	0	0	0	0	0	0	9.27765447468813e-12	5.856349201300109e-14	0	3.4068026891469064e-12	3.4068026891469064e-12	3.4068026891469064e-12	0	0	0
2.4547089156850337e-9	0	0	0	0	0	0	9.19795501974102e-8	0	0	0	0	0	0	0	1.577399555583495e-11	9.958723029123532e-14	0	5.793268678074143e-12	5.793268678074143e-12	5.793268678074143e-12	0	0	0
2.6302679918953816e-9	0	0	0	0	0	0	1.5630653988378334e-7	0	0	0	0	0	0	0	2.6822321882159485e-11	1.6934810572697356e-13	0	9.851454586369073e-12	9.851454586369073e-12	9.851454586369073e-12	0	0	0
2.818382931264461e-9	0	0	0	0	0	0	2.6562137299002086e-7	0	0	0	0	0	0	0	4.560904994575321e-11	2.879764888474673e-13	0	1.675240056353722e-11	1.675240056353722e-11	1.675240056353722e-11	0	0	0
3.019951720402019e-9	0	0	0	0	0	0	4.5158817845573066e-7	0	0	0	0	0	0	0	7.755701382249262e-11	4.897040789036396e-13	0	2.8487460626446348e-11	2.8487460626446348e-11	2.8487460626446348e-11	0	0	0
3.2359365692962944e-9	0	0	0	0	0	0	7.677540426260792e-7	0	0	0	0	0	0	0	1.318837029102118e-10	8.327418875569981e-13	0	4.84429326928674e-11	4.84429326928674e-11	4.84429326928674e-11	0	0	0
3.4673685045253237e-9	0	0	0	0	0	0	1.1288824267014459e-6	0	0	0	0	0	0	0	2.242672320112718e-10	1.416077752190769e-12	0	8.23772170731964e-11	8.23772170731964e-11	8.23772170731964e-11	0	0	0
3.715352290971728e-9	0	0	0	0	0	0	1.6598747288341386e-6	0	0	0	0	0	0	0	3.8136471940157727e-10	2.40804051076662e-12	0	1.4008247468723545e-10	1.4008247468723545e-10	1.4008247468723545e-10	0	0	0
3.9810717055349855e-9	0	0	0	0	0	0	1.287357875410595e-6	0	0	0	0	0	0	0	6.485098853938156e-10	4.094873387088906e-12	0	2.3821027720652924e-10	2.3821027720652924e-10	2.3821027720652924e-10	0	0	0
4.265795188015934e-9	0	0	0	0	0	0	9.984429972891714e-7	0	0	0	0	0	0	0	1.1027896657913727e-9	6.9633330424953095e-12	0	4.050766257057029e-10	4.050766257057029e-10	4.050766257057029e-10	0	0	0
4.570881896148752e-9	0	0	0	0	0	0	8.011092339782686e-7	0	0	0	0	0	0	0	1.8752932720787263e-9	1.1841149280364744e-11	0	6.888328858745342e-10	6.888328858745342e-10	6.888328858745342e-10	0	0	0
4.8977881936844766e-9	0	0	0	0	0	0	6.427768100008799e-7	0	0	0	0	0	0	0	3.18893526607358e-9	2.013587680270302e-11	0	1.1713604650369227e-9	1.1713604650369227e-9	1.1713604650369227e-9	0	0	0
5.248074602497734e-9	0	0	0	0	0	0	5.856176927631416e-7	0	0	0	0	0	0	0	5.422784398272413e-9	3.424106267167557e-11	0	1.991898713299041e-9	1.991898713299041e-9	1.991898713299041e-9	0	0	0
5.623413251903491e-9	0	0	0	0	0	0	5.335414668689744e-7	0	0	0	0	0	0	0	9.221444832386032e-9	5.822693416202587e-11	0	3.3872241743428136e-9	3.3872241743428136e-9	3.3872241743428136e-9	0	0	0
6.025595860743593e-9	0	0	0	0	0	0	6.369517367762546e-7	0	0	0	0	0	0	0	1.5681068252670383e-8	9.901491359710233e-11	0	5.759975409718527e-9	5.759975409718527e-9	5.759975409718527e-9	0	0	0
6.456542290346562e-9	0	0	0	0	0	0	7.604048423136175e-7	0	0	0	0	0	0	0	2.66656588001584e-8	1.6837488107067274e-10	0	9.794839376699053e-9	9.794839376699053e-9	9.794839376699053e-9	0	0	0
6.918309709189363e-9	0	0	0	0	0	0	1.1474944618004692e-6	0	0	0	0	0	0	0	4.534495779293285e-8	2.863215201189083e-10	0	1.665612638787777e-8	1.665612638787777e-8	1.665612638787777e-8	0	0	0
7.413102413009192e-9	0	0	0	0	0	0	1.7316348694683184e-6	0	0	0	0	0	0	0	7.710910923493813e-8	4.868898042386615e-10	0	2.8323746370864066e-8	2.8323746370864066e-8	2.8323746370864066e-8	0	0	0
7.943282347242822e-9	0	0	0	0	0	0	2.8533456006981674e-6	0	0	0	0	0	0	0	1.3112405576719648e-7	8.281659660312344e-10	0	4.8164714068969906e-8	4.8164714068969906e-8	4.8164714068969906e-8	0	0	0
8.511380382023759e-9	0	0	0	0	0	0	4.701673118608224e-6	0	0	0	0	0	0	0	2.2297648321229775e-7	1.408653172281843e-9	0	8.190440808819291e-8	8.190440808819291e-8	8.190440808819291e-8	0	0	0
9.120108393559115e-9	0	0	0	0	0	0	7.939957574013897e-6	0	0	0	0	0	0	0	3.7917155547240166e-7	2.396592492125362e-9	0	1.3927945945915195e-7	1.3927945945915195e-7	1.3927945945915195e-7	0	0	0
9.772372209558111e-9	0	0	0	0	0	0	0.00001340861533474768	0	0	0	0	0	0	0	6.447813079125253e-7	4.077409320001509e-9	0	2.3684644428838864e-7	2.3684644428838864e-7	2.3684644428838864e-7	0	0	0
1.0471285480509006e-8	0	0	0	0	0	0	0.000022766917725113363	0	0	0	0	0	0	0	1.0964507472509413e-6	6.897258456748406e-9	0	4.027243624756027e-7	4.027243624756027e-7	4.027243624756027e-7	0	0	0
1.1220184543019653e-8	0	0	0	0	0	0	0.00003865667928878961	0	0	0	0	0	0	0	1.8645147221145334e-6	1.1667254986107397e-8	0	6.847766392215741e-7	6.847766392215741e-7	6.847766392215741e-7	0	0	0
1.202264434617413e-8	0	0	0	0	0	0	0.0000472982450152824	0	0	0	0	0	0	0	3.170607670663905e-6	1.979595062396066e-8	0	1.1644208769977838e-6	1.1644208769977838e-6	1.1644208769977838e-6	0	0	0
1.288249551693135e-8	0	0	0	0	0	0	0.00005787160259713442	0	0	0	0	0	0	0	5.3916189998608e-6	3.358799148325109e-8	0	1.9800266263896003e-6	1.9800266263896003e-6	1.9800266263896003e-6	0	0	0
1.3803842646028866e-8	0	0	0	0	0	0	0.00007869993046731031	0	0	0	0	0	0	0	9.168449225217347e-6	5.729366827159406e-8	0	3.3671828318069266e-6	3.3671828318069266e-6	3.3671828318069266e-6	0	0	0
1.4791083881682102e-8	0	0	0	0	0	0	0.00010702449522049728	0	0	0	0	0	0	0	0.0000155909498051624	9.773029821245426e-8	0	5.726145331433813e-6	5.726145331433813e-6	5.726145331433813e-6	0	0	0
1.5848931924611173e-8	0	0	0	0	0	0	0.0001296463019962027	0	0	0	0	0	0	0	0.000026512413371208705	1.658063505712849e-7	0	9.736700739324762e-6	9.736700739324762e-6	9.736700739324762e-6	0	0	0
1.698243652461746e-8	0	0	0	0	0	0	0.00015704968836023178	0	0	0	0	0	0	0	0.00004508436442615344	2.8130217949404465e-7	0	0.000016556223392853283	0.000016556223392853283	0.000016556223392853283	0	0	0
1.8197008586099862e-8	0	0	0	0	0	0	0.00023098584807664232	0	0	0	0	0	0	0	0.00007666597104018222	4.762845738925987e-7	0	0.00002814967020290557	0.00002814967020290557	0.00002814967020290557	0	0	0
1.9498445997580494e-8	0	0	0	0	0	0	0.00033972981779692207	0	0	0	0	0	0	0	0.00013037049962546	8.064174822109839e-7	0	0.00004786139409512774	0.00004786139409512774	0.00004786139409512774	0	0	0
2.0892961308540408e-8	0	0	0	0	0	0	0.000535923107953165	0	0	0	0	0	0	0	0.00022169506160320357	1.3840339585853452e-6	0	0.00004175307405523105	0.00004175307405523105	0.00004175307405523105	0	0	0
2.2387211385683424e-8	0	0	0	0	0	0	0.0008454176306945798	0	0	0	0	0	0	0	0.00037699249815292406	2.375382529239636e-6	0	0.00003642432958799001	0.00003642432958799001	0.00003642432958799001	0	0	0
2.3988329190194947e-8	0	0	0	0	0	0	0.0013864033437815972	0	0	0	0	0	0	0	0.000641075821156712	4.1099975853552774e-6	0	0.00003442672272477218	0.00003442672272477218	0.00003442672272477218	0	0	0
2.5703957827688646e-8	0	0	0	0	0	0	0.002273567715957837	0	0	0	0	0	0	0	0.001090149566597045	7.111309418038513e-6	0	0.00003253866992130272	0.00003253866992130272	0.00003253866992130272	0	0	0
2.754228703338169e-8	0	0	0	0	0	0	0.0037915628051555547	0	0	0	0	0	0	0	0.0018537995636890914	0.000012106004527914035	0	0.00002988628249122794	0.00002988628249122794	0.00002988628249122794	0	0	0
2.95120922666639e-8	0	0	0	0	0	0	0.006323079099222068	0	0	0	0	0	0	0	0.0031523865418405794	0.00002060877076423134	0	0.00002745010423922503	0.00002745010423922503	0.00002745010423922503	0	0	0
3.162277660168386e-8	0	0	0	0	0	0	0.010691936400258091	0	0	0	0	0	0	0	0.00536063396703042	0.0000359726366275442	0	0.00004205107114933831	0.00004205107114933831	0.00004205107114933831	0	0	0
3.3884415613920346e-8	0	0	0	0	0	0	0.018079404384049126	0	0	0	0	0	0	0	0.00911575917073372	0.00006279028481326432	0	0.00006441842877521566	0.00006441842877521566	0.00006441842877521566	0	0	0
3.6307805477010175e-8	0	0	0	0	0	0	0.012775365114222325	0	0	0	0	0	0	0	0.008516847521736908	0.00006594771049424053	0	0.00007512113187365666	0.00007512113187365666	0.00007512113187365666	0	0	0
3.890451449942813e-8	0	0	0	0	0	0	0.009027396607472492	0	0	0	0	0	0	0	0.007957284780119415	0.00006926390814066674	0	0.00008760201950393768	0.00008760201950393768	0.00008760201950393768	0	0	0
4.1686938347033635e-8	0	0	0	0	0	0	0.011460795731503045	0	0	0	0	0	0	0	0.004140400500789019	0.00008713477875544927	0	0.00010457733693700098	0.00010457733693700098	0.00010457733693700098	0	0	0
4.4668359215096346e-8	0	0	0	0	0	0	0.014550134940400406	0	0	0	0	0	0	0	0.00215436757394487	0.0001096165358348191	0	0.00012484209225728429	0.00012484209225728429	0.00012484209225728429	0	0	0
4.78630092322639e-8	0	0	0	0	0	0	0.00948475563857107	0	0	0	0	0	0	0	0.0012785019016562599	0.00011147233244038764	0	0.00012848915273041747	0.00012848915273041747	0.00012848915273041747	0	0	0
5.128613839913659e-8	0	0	0	0	0	0	0.006182801045619202	0	0	0	0	0	0	0	0.0007587224818584038	0.00011335954749039897	0	0.00013224275619601469	0.00013224275619601469	0.00013224275619601469	0	0	0
5.495408738576248e-8	0	0	0	0	0	0	0.007091023946545399	0	0	0	0	0	0	0	0.0007587505656107146	0.00008508150156960221	0	0.00011185495267851767	0.00011185495267851767	0.00011185495267851814	0	0	0
5.888436553555896e-8	0	0	0	0	0	0	0.00813266030064288	0	0	0	0	0	0	0	0.0007587786504025413	0.00006385754062710363	0	0.00009461032723916035	0.00009461032723916035	0.0000946103272391611	0	0	0
6.309573444801943e-8	0	0	0	0	0	0	0.009169690476865174	0	0	0	0	0	0	0	0.0011743944257879948	0.00005977346906711112	0	0.00010633152808813748	0.00010633152808813748	0.00010633152808813858	0	0	0
6.760829753919818e-8	0	0	0	0	0	0	0.010338956790666064	0	0	0	0	0	0	0	0.0018176608772403073	0.00005595059830413182	0	0.00011950485951684096	0.00011950485951684096	0.00011950485951684268	0	0	0
7.244359600749906e-8	0	0	0	0	0	0	0.013258407176847115	0	0	0	0	0	0	0	0.0030617544163741277	0.000038977172533686356	0	0.00010582414292121743	0.00010582414292121743	0.0001058241429212211	0	0	0
7.762471166286928e-8	0	0	0	0	0	0	0.017002233825540995	0	0	0	0	0	0	0	0.005157364733744518	0.000027152881734395614	0	0.00009370957189763581	0.00009370957189763581	0.0000937095718976408	0	0	0
8.317637711026726e-8	0	0	0	0	0	0	0.01789110357346875	0	0	0	0	0	0	0	0.005945705073421848	0.00002226071971974289	0	0.00008120821544899062	0.00008120821544899062	0.00008120821544900109	0	0	0
8.912509381337478e-8	0	0	0	0	0	0	0.018826443063954194	0	0	0	0	0	0	0	0.00685454891115422	0.000018249983456203126	0	0.00007037460659422937	0.00007037460659422937	0.00007037460659424376	0	0	0
9.549925860214369e-8	0	0	0	0	0	0	0.021866147161642858	0	0	0	0	0	0	0	0.008568355733711125	0.000022196608763627804	0	0.00007509017206744038	0.00007509017206744038	0.00007509017206746709	0	0	0
1.0232929922807557e-7	0	0	0	0	0	0	0.025396639719484252	0	0	0	0	0	0	0	0.010710656664795598	0.00002699670614978566	0	0.00008012171170815737	0.00008012171170815737	0.000080121711708198	0	0	0
1.0964781961431874e-7	0	0	0	0	0	0	0.025170803348314837	0	0	0	0	0	0	0	0.009280030361372205	0.000025996075236664016	0	0.00007980862537475687	0.00007980862537475687	0.00007980862537483619	0	0	0
1.1748975549395303e-7	0	0	0	0	0	0	0.024946975198197805	0	0	0	0	0	0	0	0.00804049333324743	0.00002503253263419576	0	0.0000794967624681916	0.0000794967624681916	0.0000794967624683093	0	0	0
1.2589254117941688e-7	0	0	0	0	0	0	0.024331678034408416	0	0	0	0	0	0	0	0.009793080423161168	0.000032554786583867777	0	0.00009229913904970294	0.00009229913904970294	0.00009229913904991774	0	0	0
1.3489628825916562e-7	0	0	0	0	0	0	0.023731556682386162	0	0	0	0	0	0	0	0.011927679086299048	0.000042337471202310994	0	0.00010716324545575139	0.00010716324545575139	0.00010716324545609174	0	0	0
1.445439770745928e-7	0	0	0	0	0	0	0.021870309617760895	0	0	0	0	0	0	0	0.013788045715622105	0.000047757810108394826	0	0.00011899790588296174	0.00011899790588296174	0.00011899790588359424	0	0	0
1.5488166189124826e-7	0	0	0	0	0	0	0.02015503867606499	0	0	0	0	0	0	0	0.015938574745397123	0.00005387209867709431	0	0.00013213953668823344	0.00013213953668823344	0.00013213953668921843	0	0	0
1.659586907437563e-7	0	0	0	0	0	0	0.01613723933563737	0	0	0	0	0	0	0	0.014980137118794945	0.00006549360731284099	0	0.00015192726809112498	0.00015192726809112498	0.00015192726809293018	0	0	0
1.7782794100389227e-7	0	0	0	0	0	0	0.01292036684032233	0	0	0	0	0	0	0	0.014079333421120666	0.00007962215514489403	0	0.00017467818768043299	0.00017467818768043299	0.0001746781876832816	0	0	0
1.9054607179632522e-7	0	0	0	0	0	0	0.014709059593791363	0	0	0	0	0	0	0	0.016047012686357345	0.00008687718096140813	0	0.00017855159713465294	0.00017855159713465294	0.0001785515971401376	0	0	0
2.0417379446695318e-7	0	0	0	0	0	0	0.016745378580002388	0	0	0	0	0	0	0	0.01828968804516152	0.00009479327152180542	0	0.0001825108976838025	0.0001825108976838025	0.0001825108976920387	0	0	0
2.1877616239495564e-7	0	0	0	0	0	0	0.017353662073145204	0	0	0	0	0	0	0	0.017170856381258495	0.00009380372464653216	0	0.00018389359829044534	0.00018389359829044534	0.00018389359830641306	0	0	0
2.3442288153199275e-7	0	0	0	0	0	0	0.017984041740839358	0	0	0	0	0	0	0	0.01612046679734409	0.00009282450765019046	0	0.00018528677422207876	0.00018528677422207876	0.00018528677424589496	0	0	0
2.5118864315095823e-7	0	0	0	0	0	0	0.021883123385614444	0	0	0	0	0	0	0	0.01912248909792776	0.00008963028124800994	0	0.00019021021048711738	0.00019021021048711738	0.0001902102105328856	0	0	0
2.6915348039269196e-7	0	0	0	0	0	0	0.02662755658660275	0	0	0	0	0	0	0	0.02268356083588163	0.0000865459728251071	0	0.0001952644721969704	0.0001952644721969704	0.00019526447226584	0	0	0
2.8840315031266115e-7	0	0	0	0	0	0	0.029202154551848544	0	0	0	0	0	0	0	0.024173153510677812	0.00009369211997162259	0	0.0002091793466209537	0.0002091793466209537	0.00020917934675079435	0	0	0
3.090295432513592e-7	0	0	0	0	0	0	0.03202568841405046	0	0	0	0	0	0	0	0.025760565322110244	0.00010142832830033477	0	0.00022408581837985556	0.00022408581837985556	0.00022408581857900726	0	0	0
3.3113112148259143e-7	0	0	0	0	0	0	0.03305942867496922	0	0	0	0	0	0	0	0.025878462694520297	0.00011846169107234651	0	0.0002293443065008944	0.0002293443065008944	0.00022934430688414877	0	0	0
3.5481338923357606e-7	0	0	0	0	0	0	0.0341265364911212	0	0	0	0	0	0	0	0.025996899643226257	0.0001383555510267987	0	0.00023472619242335952	0.00023472619242335952	0.00023472619299924678	0	0	0
3.8018939632056126e-7	0	0	0	0	0	0	0.02987724195265486	0	0	0	0	0	0	0	0.02557027575329127	0.00014393435056876615	0	0.00023696728524427073	0.00023696728524427073	0.00023696728635973596	0	0	0
4.0738027780411303e-7	0	0	0	0	0	0	0.026157051915588467	0	0	0	0	0	0	0	0.025150653003721577	0.00014973809955510676	0	0.0002392297753237494	0.0002392297753237494	0.0002392297769890431	0	0	0
4.365158322401665e-7	0	0	0	0	0	0	0.02864086769796826	0	0	0	0	0	0	0	0.02874077144310016	0.00014907592366603727	0	0.00023566711540811287	0.00023566711540811287	0.00023566711867252475	0	0	0
4.677351412871981e-7	0	0	0	0	0	0	0.031360541132070784	0	0	0	0	0	0	0	0.032843359694171584	0.00014841667606916288	0	0.00023215751137006406	0.00023215751137006406	0.0002321575161855955	0	0	0
5.011872336272736e-7	0	0	0	0	0	0	0.029090264837869795	0	0	0	0	0	0	0	0.031255029549729654	0.0001597344612614166	0	0.00024204988787042176	0.00024204988787042176	0.00024204989705876905	0	0	0
5.370317963702533e-7	0	0	0	0	0	0	0.026984340122626387	0	0	0	0	0	0	0	0.029743512273131902	0.0001719153048717029	0	0.0002523637847094811	0.0002523637847094811	0.00025236379863455727	0	0	0
5.754399373371578e-7	0	0	0	0	0	0	0.02867572740829271	0	0	0	0	0	0	0	0.029230547944101733	0.0001808414026000402	0	0.00026670990643568363	0.00026670990643568363	0.00026670993284462843	0	0	0
6.165950018614835e-7	0	0	0	0	0	0	0.030473131403543977	0	0	0	0	0	0	0	0.028726430330968722	0.00019023095656757282	0	0.0002818715620104546	0.0002818715620104546	0.0002818716022776099	0	0	0
6.606934480075964e-7	0	0	0	0	0	0	0.03494879535549899	0	0	0	0	0	0	0	0.03191219954283938	0.0001893749834817388	0	0.000290799420000501	0.000290799420000501	0.0002907994972046368	0	0	0
7.079457843841387e-7	0.00019789348126183766	0.00003050235303655105	0	0	0	0	0.040081811108473774	0	0	0	0	0	0	0	0.03545127145728648	0.00018852286197683019	0	0.0003000100544711612	0.0003000100544711612	0.0003000101709117322	0	0	0
7.585775750291852e-7	0.0002034685861537223	0.00003232825712935676	0	0	0	0	0.04071363437099897	0	0	0	0	0	0	0	0.03931334170885177	0.000192757435458178	0	0.0003117305189214282	0.00031173051892142756	0.00031173074144199176	0	0	0
8.128305161640995e-7	0.000209200754301845	0.00003426346183094257	0	0	0	0	0.041355417279159555	0	0	0	0	0	0	0	0.04359614684565188	0.00019708712532159618	0	0.0003239088656489133	0.00032390886564891266	0.0003239092023602236	0	0	0
8.709635899560814e-7	0.0002149208252736704	0.00003543829315185203	0	0	0	0	0.04284082163136472	0	0	0	0	0	0	0	0.045951854797979697	0.0002020631819567309	0	0.00033356380287825297	0.00033356380287825226	0.00033356444899493775	0	0	0
9.332543007969924e-7	0.00022079729726819593	0.00003665340728596327	0	0	0	0	0.04437957875413062	0	0	0	0	0	0	0	0.04843485289767523	0.00020716487409238595	0	0.0003435065303559864	0.0003435065303559849	0.000343507504024404	0	0	0
1.e-6	0.00023163235989276553	0.0000372739838662264	0	0	0	0	0.04668534036633318	0	0	0	0	0	0	0	0.04864614955715087	0.00021859467664715458	0	0.0003564584388901124	0.00035645843889011016	0.0003564603007067141	0	0	0
1.0715193052376091e-6	0.00024299912550251946	0.000037905067390331356	0	0	0	0	0.04911089889327773	0	0	0	0	0	0	0	0.048858367996618184	0.00023065508990276364	0	0.00036989869893971694	0.0003698986989397132	0.0003699015144976098	0	0	0
1.148153621496884e-6	0.000253124622083011	0.000039514460606587676	0	0	0	0	0.05052677617587521	0	0	0	0	0	0	0	0.05090421369021312	0.00023982403253142043	0	0.00038541218905936817	0.00038541218905935944	0.00038541756288871853	0	0	0
1.2302687708123837e-6	0.00026367203656460313	0.00004119218628345804	0	0	0	0	0.05198347349077788	0	0	0	0	0	0	0	0.05303572504915073	0.00024935745664176836	0	0.00040157631238314106	0.0004015763123831271	0.0004015844541345845	0	0	0
1.3182567385564101e-6	0.00027392259584324455	0.000042499890452531495	0	0	0	0	0.05255666475778013	0	0	0	0	0	0	0	0.05373297299404721	0.0002593161216188525	0	0.00041620705830500105	0.0004162070583049755	0.00041622263538270755	0	0	0
1.4125375446227554e-6	0.0002845716576210278	0.0000438491095385855	0	0	0	0	0.0531361762686311	0	0	0	0	0	0	0	0.054439387490286206	0.00026967250884359393	0	0.00043137085042413144	0.0004313708504240935	0.0004313943939345495	0	0	0
1.5135612484362104e-6	0.00029501585426841125	0.00004573270744934703	0	0	0	0	0.05508639086647551	0	0	0	0	0	0	0	0.054225222050850785	0.0002801829583007502	0	0.0004481228288899969	0.00044812282888992546	0.00044816782520090123	0	0	0
1.6218100973589331e-6	0.00030584336823039066	0.00004769721786042523	0	0	0	0	0.057108182631604575	0	0	0	0	0	0	0	0.054011899141751765	0.00029110305109999275	0	0.0004655253584588064	0.00046552535845869794	0.0004655934392503461	0	0	0
1.7378008287493763e-6	0.0003181939853730045	0.00005014883755953988	0	0	0	0	0.05877434834280757	0	0	0	0	0	0	0	0.0577451465146245	0.0003036809654976354	0	0.00048608966981573927	0.00048608966981553245	0.0004861955346227627	0	0	0
1.8620871366628694e-6	0.00033104334716614587	0.000052726469622031566	0	0	0	0	0.06048912544469553	0	0	0	0	0	0	0	0.0617364321377449	0.0003168023435587374	0	0.0005075623976400086	0.0005075623976396952	0.0005077092543823678	0	0	0
1.995262314968883e-6	0.0003320891459948695	0.00005362787530431233	0	0	0	0	0.06395488959130091	0	0	0	0	0	0	0	0.06375896917719137	0.00031839020441130043	0	0.0005116370380440598	0.0005116370380434519	0.0005117366860615356	0	0	0
2.1379620895022326e-6	0.0003331382486060121	0.00005454469131483777	0	0	0	0	0.0676192269695676	0	0	0	0	0	0	0	0.06584776621797432	0.0003199860238605681	0	0.0005157443890951179	0.0005157443890942109	0.0005157960655647599	0	0	0
2.2908676527677747e-6	0.00034340517034609505	0.00005557383547009167	0	0	0	0	0.07189566985994045	0	0	0	0	0	0	0	0.06983156037453606	0.00033093708516138614	0	0.0005294649114545301	0.0005294649114527856	0.0005295002932218704	0	0	0
2.4547089156850335e-6	0.00035398850631497954	0.00005662239742140908	0	0	0	0	0.07644256783556361	0	0	0	0	0	0	0	0.07405637433774263	0.0003422629307798671	0	0.0005435504455092616	0.0005435504455066371	0.0005435686296192681	0	0	0
2.6302679918953817e-6	0.00036978284075029743	0.000059468770672733794	0	0	0	0	0.08037496624592637	0	0	0	0	0	0	0	0.07607618540765264	0.0003557914103668974	0	0.0005688758260930373	0.0005688758260880393	0.0005688883986664519	0	0	0
2.8183829312644606e-6	0.00038628189015744264	0.00006245822936471151	0	0	0	0	0.08450965714456721	0	0	0	0	0	0	0	0.07815108473694107	0.0003698546243451753	0	0.00059538117977225	0.000595381179764663	0.0005953875784994502	0	0	0
3.0199517204020193e-6	0.00039899016635157016	0.00006491695719473203	0	0	0	0	0.08534826152352637	0	0	0	0	0	0	0	0.08136283568167074	0.00037933199681385737	0	0.0006163235895945237	0.0006163235895799996	0.0006163279890983264	0	0	0
3.2359365692962877e-6	0.0004121165317389559	0.00006747247519321536	0	0	0	0	0.08619518752309263	0	0	0	0	0	0	0	0.08470657896106439	0.0003890522230499329	0	0.0006380026443495953	0.0006380026443276567	0.0006380048960768447	0	0	0
3.4673685045253236e-6	0.0004270137442445724	0.00006905045693616435	0	0	0	0	0.09030882860350663	0	0	0	0	0	0	0	0.08873152787696867	0.00040491633073043914	0	0.0006581941812548921	0.0006581941812128286	0.0006581957269538664	0	0	0
3.7153522909717276e-6	0.0004424494620595973	0.00007066534300749201	0	0	0	0	0.09461879204743846	0	0	0	0	0	0	0	0.09294772774379406	0.00042142731792373886	0	0.0006790247408448223	0.0006790247407813807	0.0006790255335723095	0	0	0
3.981071705534978e-6	0.00046215018630505866	0.00007231394276952552	0	0	0	0	0.09959094654968707	0	0	0	0	0	0	0	0.09560953931958895	0.00044198790057119983	0	0.0007042780799422433	0.0007042780798209046	0.0007042786261129541	0	0	0
4.265795188015934e-6	0.0004827281147717371	0.00007400100383464881	0	0	0	0	0.10482438445937733	0	0	0	0	0	0	0	0.09834757912642267	0.00046355159227405893	0	0.0007304706059311061	0.0007304706057476504	0.0007304708861095077	0	0	0
4.570881896148752e-6	0.0005023934531407059	0.0000768938250321196	0	0	0	0	0.10756028076613708	0	0	0	0	0	0	0	0.10069432941817566	0.0004825470980515901	0	0.0007598208199120171	0.0007598208195616016	0.000759821014962745	0	0	0
4.897788193684467e-6	0.0005228599164521268	0.00007989973137772259	0	0	0	0	0.11036758344117639	0	0	0	0	0	0	0	0.10309707739671263	0.0005023210052967433	0	0.0007903503216749867	0.000790350321144489	0.0007903504243048898	0	0	0
5.248074602497734e-6	0.0005385963895775893	0.00008327153232000883	0	0	0	0	0.11355726072661472	0	0	0	0	0	0	0	0.10780497453576977	0.0005152428360487636	0	0.0008173875312496461	0.0008173875302336742	0.000817387608159402	0	0	0
5.623413251903491e-6	0.0005548064820772617	0.00008678562462421086	0	0	0	0	0.1168391212498127	0	0	0	0	0	0	0	0.11272785638663109	0.0005284970711960307	0	0.0008453496606750863	0.0008453496591410451	0.0008453497099848613	0	0	0
6.0255958607435935e-6	0.0005789795566112612	0.00009038169234577231	0	0	0	0	0.11928047530829458	0	0	0	0	0	0	0	0.11614097113170029	0.000551594950423895	0	0.0008815621613725132	0.0008815621584527643	0.0008815622148854249	0	0	0
6.4565422903465625e-6	0.0006042058588044627	0.00009412676749931437	0	0	0	0	0.12177284147278315	0	0	0	0	0	0	0	0.11965742636985141	0.0005757023187367595	0	0.0009193259079836334	0.0009193259035622716	0.0009193259659693004	0	0	0
6.9183097091893625e-6	0.000626051253357163	0.00009832880565096246	0	0	0	0	0.12497970302489252	0	0	0	0	0	0	0	0.12507095304643392	0.0005958789047196497	0	0.0009552461747840449	0.0009552461664048353	0.0009552462728352253	0	0	0
7.413102413009192e-6	0.0006486864801437156	0.00010271843257355319	0	0	0	0	0.12827101658526677	0	0	0	0	0	0	0	0.13072939783606033	0.0006167626176476278	0	0.0009925699325073342	0.0009925699198677395	0.0009925700736664168	0	0	0
7.943282347242822e-6	0.000667717942439796	0.00010605040604151373	0	0	0	0	0.13190531896469554	0	0	0	0	0	0	0	0.1347394718466632	0.0006343903782117254	0	0.0010227573139682952	0.0010227572898069556	0.001022757581291272	0	0	0
8.511380382023777e-6	0.0006873077585296041	0.00010949046183620996	0	0	0	0	0.1356425920239923	0	0	0	0	0	0	0	0.13887255333558934	0.0006525219597494259	0	0.0010538627949702806	0.0010538627585980574	0.0010538631960007351	0	0	0
9.120108393559115e-6	0.0007060984538754199	0.00011211277878703589	0	0	0	0	0.14177378038218802	0	0	0	0	0	0	0	0.14272754858940065	0.0006700731156015934	0	0.001081433900616914	0.001081433830788421	0.0010814346705601977	0	0	0
9.772372209558111e-6	0.0007254028786636787	0.00011479790071717431	0	0	0	0	0.14818210492690656	0	0	0	0	0	0	0	0.14668955554602783	0.0006880963522276596	0	0.0011097263201482403	0.001109726215137811	0.0011097274780329461	0	0	0
0.000010471285480509006	0.0007500376968521265	0.00011834359377333047	0	0	0	0	0.15403881201661668	0	0	0	0	0	0	0	0.14995028112322378	0.0007124000517692094	0	0.0011462326828676856	0.0011462324816825578	0.0011462348639295033	0	0	0
0.000011220184543019652	0.0007755091180994065	0.0001219988004980283	0	0	0	0	0.1601269979205292	0	0	0	0	0	0	0	0.15328348855674612	0.0007375621627955634	0	0.0011839399853997695	0.0011839396818259273	0.0011839432557048685	0	0	0
0.000012022644346174132	0.0008033758361435348	0.00012596291454079856	0	0	0	0	0.16452653286522817	0	0	0	0	0	0	0	0.15998859971002635	0.0007647097972023224	0	0.0012250794898175914	0.0012250789085858876	0.0012250850905186081	0	0	0
0.000012882495516931348	0.0008322439015044431	0.00013005583476920248	0	0	0	0	0.16904694628751618	0	0	0	0	0	0	0	0.1669870139189784	0.000792856661356831	0	0.0012676485082687317	0.0012676476304496797	0.0012676565973742128	0	0	0
0.000013803842646028866	0.0008626059213402868	0.00013486661104645723	0	0	0	0	0.17389722844686004	0	0	0	0	0	0	0	0.17225005992512255	0.0008225536075242461	0	0.001314116449388896	0.0013141148320378992	0.0013141305643030075	0	0	0
0.000014791083881682102	0.0008940756119524996	0.00013985533834321676	0	0	0	0	0.17888667453398674	0	0	0	0	0	0	0	0.17767898501738583	0.0008533628715350351	0	0.001362287756653423	0.0013622853467326669	0.0013623083283063084	0	0	0
0.00001584893192461114	0.0009252581065648482	0.0001451507661333616	0	0	0	0	0.18482272132363833	0	0	0	0	0	0	0	0.18308239923552416	0.0008831389914661462	0	0.0014112003821750763	0.0014111960257602958	0.001411231669562056	0	0	0
0.00001698243652461746	0.0009575281467463341	0.00015064669792866543	0	0	0	0	0.19095574562198825	0	0	0	0	0	0	0	0.18865013724924265	0.0009139540801029835	0	0.0014618692041565044	0.0014618627645801596	0.001461911950322538	0	0	0
0.000018197008586099864	0.0009890030121680233	0.0001552499576961616	0	0	0	0	0.19779491675848596	0	0	0	0	0	0	0	0.19599333170732725	0.0009447703022907839	0	0.0015087576307478844	0.0015087457024334366	0.0015088015453522015	0	0	0
0.000019498445997580493	0.001021512486500878	0.00015999387770233877	0	0	0	0	0.204879036072281	0	0	0	0	0	0	0	0.20362235953736563	0.0009766255696238577	0	0.0015571499706455807	0.0015571322081420695	0.001557195084666311	0	0	0
0.00002089296130854041	0.001052341771292894	0.0001653111472699242	0	0	0	0	0.2109753779591636	0	0	0	0	0	0	0	0.20946021772383097	0.0010056500765221288	0	0.001605784020308863	0.001605759787062071	0.0016058188080561781	0	0	0
0.000022387211385683423	0.0010841014850452545	0.0001708051320722462	0	0	0	0	0.217253121443372	0	0	0	0	0	0	0	0.2154654474518254	0.0010355371678405663	0	0.0016559370442721516	0.0016559059534335884	0.0016559608167910202	0	0	0
0.000023988329190194948	0.001120995252122982	0.00017736810210154647	0	0	0	0	0.22397937420610503	0	0	0	0	0	0	0	0.22250074804985978	0.001069565111350688	0	0.0017148025579406111	0.0017147780483829636	0.0017148395502912899	0	0	0
0.000025703957827688645	0.0011591445751315563	0.00018418324590972003	0	0	0	0	0.23091387473037878	0	0	0	0	0	0	0	0.22976576276257069	0.0011047112193994543	0	0.0017757606322601224	0.0017757432112125201	0.001775811754375797	0	0	0
0.00002754228703338169	0.0012004695720030094	0.00019021539071529918	0	0	0	0	0.23924814833638844	0	0	0	0	0	0	0	0.236962209153686	0.0011450986421367272	0	0.0018372795295373227	0.001837259488796354	0.0018373442476680708	0	0	0
0.0000295120922666639	0.0012432678582320294	0.00019644509296306488	0	0	0	0	0.24788322723883585	0	0	0	0	0	0	0	0.2443840539681237	0.001186962599091011	0	0.0019009296682968798	0.0019009068472616334	0.0019010088631976414	0	0	0
0.000031622776601683856	0.0012845033893933006	0.00020211633411774786	0	0	0	0	0.2543367529043611	0	0	0	0	0	0	0	0.2522245417004019	0.001227886801895068	0	0.001961151265540422	0.0019611134947602545	0.0019612014862860107	0	0	0
0.000033884415613920276	0.0013271065816091736	0.00020795130028968263	0	0	0	0	0.26095829313859725	0	0	0	0	0	0	0	0.26031657304561795	0.0012702219930288505	0	0.002023280687589386	0.00202322704285646	0.0020233000194121355	0	0	0
0.000036307805477010174	0.0013723110653053507	0.00021473522374440402	0	0	0	0	0.2690050106136634	0	0	0	0	0	0	0	0.26839278367083047	0.0013140429850291018	0	0.0020911699008155965	0.0020911165943125853	0.0020911954860482747	0	0	0
0.00003890451449942813	0.0014190553238580075	0.0002217404567912036	0	0	0	0	0.2772998507344765	0	0	0	0	0	0	0	0.2767195552853002	0.0013593757437523493	0	0.0021613370704819204	0.0021612841853061717	0.002161369307029044	0	0	0
0.00004168693834703355	0.0014640935643126399	0.0002291145121634099	0	0	0	0	0.2861213683008863	0	0	0	0	0	0	0	0.28533330233784515	0.0014021155160049122	0	0.0022309867199306614	0.0022309281330990982	0.0022310093850360802	0	0	0
0.00004466835921509635	0.001510561236776816	0.0002367337942904399	0	0	0	0	0.29522351772471683	0	0	0	0	0	0	0	0.2942151787541004	0.0014461990581022617	0	0.0023028808474548305	0.0023028162464196924	0.0023028932908096293	0	0	0
0.0000478630092322639	0.0015600388335733216	0.00024354756727416757	0	0	0	0	0.30422912724608964	0	0	0	0	0	0	0	0.303130846797961	0.0014948725710109336	0	0.002374947904533267	0.002374882030968195	0.002374969562070579	0	0	0
0.00005128613839913659	0.0016111370416533378	0.00025055745717653284	0	0	0	0	0.31350944727655894	0	0	0	0	0	0	0	0.31231668831487264	0.0015451842476603415	0	0.0024492702501220393	0.002449203087647359	0.002449301686392377	0	0	0
0.00005495408738576248	0.001665865618745699	0.0002585486876346822	0	0	0	0	0.3215167834882969	0	0	0	0	0	0	0	0.32044772886344935	0.0015981445710507795	0	0.002530102160332457	0.0025300287240999798	0.002530132313010239	0	0	0
0.00005888436553555896	0.001722453266217009	0.00026679478883168324	0	0	0	0	0.3297286348550491	0	0	0	0	0	0	0	0.3287904578131794	0.0016529200798198387	0	0.0026136017213290474	0.0026135216703975636	0.00261363047145391	0	0	0
0.00006309573444801943	0.0017804534530829663	0.00027591362845735503	0	0	0	0	0.3387298818337149	0	0	0	0	0	0	0	0.3371503474229174	0.0017094298229425992	0	0.0027002444758948523	0.002700156987376622	0.00270026471541053	0	0	0
0.00006760829753919819	0.001840406680848484	0.00028534414297174256	0	0	0	0	0.34797685344350693	0	0	0	0	0	0	0	0.34572279719864174	0.0017678715112978021	0	0.0027897594993521	0.0027896641681068456	0.002789770632431861	0	0	0
0.00007244359600749906	0.0019008877048872657	0.0002951670782269511	0	0	0	0	0.35614725639005024	0	0	0	0	0	0	0	0.3541978487778508	0.0018264640803267685	0	0.002877659642362293	0.002877567394218451	0.002877678748584861	0	0	0
0.00007762471166286927	0.00196335630825124	0.0003053281667591932	0	0	0	0	0.36450949820072803	0	0	0	0	0	0	0	0.3628806578432682	0.0018869985829880697	0	0.0029683293557039294	0.0029682404796017286	0.0029683569264754776	0	0	0
0.00008317637711026725	0.0020253871800571125	0.0003142362308501291	0	0	0	0	0.3732381279380327	0	0	0	0	0	0	0	0.3718485496879777	0.0019483038537725427	0	0.0030611570642272534	0.003061051561978525	0.003061173229677857	0	0	0
0.00008912509381337459	0.002089377873949699	0.0003234041910610027	0	0	0	0	0.38217577548548315	0	0	0	0	0	0	0	0.38103806559117703	0.0020116008251655094	0	0.0031568877469280053	0.003156764665627239	0.003156891766794004	0	0	0
0.00009549925860214369	0.0021519585302711393	0.0003316598996864823	0	0	0	0	0.3910294128937265	0	0	0	0	0	0	0	0.38994747067789354	0.0020745484033272503	0	0.0032521711461199775	0.003252051435441321	0.003252180293422177	0	0	0
0.00010232929922807557	0.0022164135907367277	0.000340126356121646	0	0	0	0	0.40008815721974117	0	0	0	0	0	0	0	0.3990651948439022	0.002139465754789366	0	0.0033503304556671398	0.0033502144312219637	0.0033503450362711473	0	0	0
0.00010964781961431851	0.0022825655508590306	0.00034937068134505736	0	0	0	0	0.4095795336105458	0	0	0	0	0	0	0	0.40791594706004697	0.0022060076373923453	0	0.003448017906270209	0.0034478927684861637	0.0034480181661283634	0	0	0
0.00011748975549395303	0.0023506919086507473	0.0003588662589260054	0	0	0	0	0.4192960759408214	0	0	0	0	0	0	0	0.41696299756480065	0.002274619112429991	0	0.0035485536842641326	0.003548419000345332	0.0035485387759295254	0	0	0
0.00012589254117941688	0.0024199038967388686	0.00036898946889352824	0	0	0	0	0.4286145651075085	0	0	0	0	0	0	0	0.42492218517187585	0.002344332556129446	0	0.0036496514975971578	0.003649517127242802	0.00364965012857315	0	0	0
0.0001348962882591656	0.002491153710063663	0.00037939824312767503	0	0	0	0	0.4381401495592025	0	0	0	0	0	0	0	0.43303330152978536	0.0024161826055603226	0	0.003753629573924649	0.003753495644325627	0.0037536425278331207	0	0	0
0.0001445439770745928	0.002565104036915787	0.0003908140532407535	0.002561804978811483	0.0003874412570715324	0	0	0.4465317780204568	0	0	0	0	0	0	0	0.44124759108853817	0.0024900501019969293	0	0.003859035615450514	0.0038588946165620383	0.0038590572079645934	0	0	0
0.00015488166189124827	0.0026412495919545215	0.0004025733565641939	0.0026363340317883985	0.0003975472884354411	0	0	0.4550841300043144	0	0	0	0	0	0	0	0.44961769903981635	0.002566175874367329	0	0.003967401574403307	0.0039672532148113965	0.003967432280489525	0	0	0
0.00016595869074375631	0.0027175433384916204	0.00041540645535094104	0.002710055532993073	0.00040774706335737883	0	0	0.46279284653683334	0	0	0	0	0	0	0	0.45761732113208897	0.002641768069297447	0	0.0040709992354580485	0.004070841913979766	0.004071018986245521	0	0	0
0.00017782794100389227	0.0027960408660641692	0.00042864864336772347	0.0027858385558692435	0.0004182085314450955	0	0	0.4706321418055907	0	0	0	0	0	0	0	0.46575927292747415	0.0027195869938883795	0	0.004177302061385738	0.0041771354111568145	0.004177310263838089	0	0	0
0.00019054607179632481	0.0028725486616359786	0.00044028717016684414	0.002860742182017257	0.0004282023687085369	0	0	0.47722238305503817	0	0	0	0	0	0	0	0.47302756085677783	0.002797026355244582	0	0.004287148381602787	0.004286972437142672	0.004287159217759851	0	0	0
0.00020417379446695317	0.002951149932612359	0.0004522417024127334	0.00293765976306525	0.00043843502650226093	0	0	0.4839049071637899	0	0	0	0	0	0	0	0.48040927220563395	0.002876670777406251	0	0.004399883220267384	0.004399697608014913	0.004399896822970514	0	0	0
0.00021877616239495564	0.0030237000090695644	0.00045910383271833476	0.00301304223174171	0.00044821885956910823	0	0	0.4892961485423206	0	0	0	0	0	0	0	0.48559580134300656	0.0029563658229648467	0	0.004509752525877158	0.004509564383662716	0.004509766345554225	0	0	0
0.00023442288153199226	0.0030980336321828747	0.0004660700861777281	0.003090359068943491	0.00045822102233977513	0	0	0.4947474543739531	0	0	0	0	0	0	0	0.49083832457968063	0.003038268733370715	0	0.004622365373465414	0.0046221746906771515	0.004622379412470569	0	0	0
0.0002511886431509582	0.0031759466065374	0.0004764948227042339	0.0031677499899992285	0.0004681094167336968	0	0	0.49977654136093796	0	0	0	0	0	0	0	0.495873619741994	0.003120319981927899	0	0.0047323914336018106	0.00473220378285043	0.004732413751906324	0	0	0
0.00026915348039269194	0.0032558190275259807	0.0004871527325985879	0.0032470789883230883	0.0004782112023491527	0	0	0.5048567488048328	0	0	0	0	0	0	0	0.5009605697896372	0.003204587100107098	0	0.004845036441599542	0.004844852075277849	0.004845067425406787	0	0	0
0.00028840315031266115	0.0033331111813045943	0.0004979082306421482	0.0033235461712843935	0.0004881207941290584	0	0	0.508957434045861	0	0	0	0	0	0	0	0.5050768996335567	0.003286168868701935	0	0.004954243031168839	0.0049540518405298255	0.004954262440317523	0	0	0
0.0003090295432513592	0.003412238227313157	0.0005089011916627666	0.003401814120439269	0.0004982357345263984	0	0	0.5130914269914717	0	0	0	0	0	0	0	0.5092270528408411	0.0033698275304374914	0	0.0050659111252797555	0.005065712896352863	0.005065918422276684	0	0	0
0.0003311311214825914	0.003488456856586666	0.0005189140763306869	0.003477396802660045	0.0005075961716059688	0	0	0.5159995103890858	0	0	0	0	0	0	0	0.5123149699702455	0.003453223634187358	0	0.0051724062606349945	0.0051722011190317605	0.005172407668978915	0	0	0
0.000354813389233576	0.003566377969409485	0.0005291239694965537	0.0035546588070452345	0.0005171324647637935	0	0	0.5189240761300059	0	0	0	0	0	0	0	0.5154216120125242	0.003538683615111301	0	0.0052811401273011125	0.005280927869989164	0.005281135396193058	0	0	0
0.00038018939632056124	0.003643129478551322	0.0005383829886530609	0.0036307964421805534	0.000525761272693604	0	0	0.5206813741769831	0	0	0	0	0	0	0	0.5166718966157793	0.003624646201537701	0	0.005386718593198176	0.005386503247200058	0.005386715693351281	0	0	0
0.00040738027780411304	0.0037215327459212836	0.0005478040292651879	0.0037085648778508026	0.0005345340598383418	0	0	0.5224446231839721	0	0	0	0	0	0	0	0.5179252140984345	0.0037126970125890956	0	0.005494407742052437	0.005494189268704471	0.005494406748577952	0	0	0
0.00043651583224016654	0.0037917008781924145	0.0005538698428809429	0.0037804599727506885	0.0005423808986217331	0	0	0.5224102536435026	0	0	0	0	0	0	0	0.5180825901597435	0.003796137250701973	0	0.005593460640911617	0.005593223222461149	0.005593442336734328	0	0	0
0.00046773514128719906	0.003863192004810916	0.0005600028230249735	0.0038537488425583626	0.0005503429272190547	0	0	0.5223758863640675	0	0	0	0	0	0	0	0.5182400140411314	0.003881452749120959	0	0.005694299260313029	0.005694042284723739	0.0056942630216573415	0	0	0
0.0005011872336272725	0.003930768984235098	0.0005666760691153497	0.003921773011289852	0.000557478306665292	0	0	0.5210692585884485	0	0	0	0	0	0	0	0.5169903670183692	0.003963037337561394	0	0.005787303309634355	0.005787044678000929	0.005787269865933869	0	0	0
0.0005370317963702533	0.0039995280556035535	0.000573428836614461	0.003990997903711607	0.0005647061986838246	0	0	0.5197658991033239	0	0	0	0	0	0	0	0.5157437333053455	0.0040463367594678525	0	0.0058818263787322545	0.00588156610551122	0.00588179583095514	0	0	0
0.0005754399373371578	0.004061836099930801	0.0005805498274790843	0.004052684909915425	0.0005711887293188235	0	0	0.5166182140603864	0	0	0	0	0	0	0	0.5130768936760104	0.004123453166058555	0	0.005965289047104967	0.005965034331964885	0.00596526072772083	0	0	0
0.0006165950018614823	0.004125114831882665	0.0005877592486905198	0.004115325383604364	0.0005777456760015505	0	0	0.5134895912936518	0	0	0	0	0	0	0	0.5104238439061525	0.004202039282295032	0	0.006049936044385632	0.006049687097485577	0.00604991002278804	0	0	0
0.0006606934480075965	0.004180590127071777	0.0005943469705534555	0.004169503966013432	0.0005830015819222582	0	0	0.509388403888945	0	0	0	0	0	0	0	0.5063572255242729	0.004274416771750557	0	0.006121567657773104	0.006121324267898459	0.00612155640305472	0	0	0
0.0007079457843841388	0.004236811464129225	0.0006010085289054637	0.004224395813721891	0.000588305302215612	0	0	0.5053199722370586	0	0	0	0	0	0	0	0.5023230064616278	0.0043480409180381395	0	0.0061940473938512566	0.006193809727504153	0.006194051259379051	0	0	0
0.0007585775750291852	0.004285284473000291	0.0006056909227886595	0.004272345335801133	0.000592449977146039	0	0	0.49963216337254307	0	0	0	0	0	0	0	0.4963852707453997	0.004417580026899555	0	0.006255884010455365	0.006255649906000354	0.0062558909723011875	0	0	0
0.0008128305161640995	0.0043343120575490566	0.0006104097967073676	0.004320839114803502	0.000596623851762776	0	0	0.4940083756658225	0	0	0	0	0	0	0	0.49051772234884927	0.0044882312889702874	0	0.00631833795639358	0.00631810750864174	0.006318348075996211	0	0	0
0.0008709635899560814	0.0043729787441327255	0.0006127210236583263	0.004360168974336138	0.0005996180163340422	0	0	0.48713977786297163	0	0	0	0	0	0	0	0.4835029630188471	0.004551849886984747	0	0.00636738222811616	0.006367147817143914	0.006367394264935826	0	0	0
0.0009332543007969925	0.004411990378803077	0.0006150410017303308	0.004399856828649357	0.000602627207159209	0	0	0.48036667972794256	0	0	0	0	0	0	0	0.4765885198368978	0.004616370249135837	0	0.006416807191819035	0.0064165687699853455	0.0064168211750102256	0	0	0
0.001	0.004438233997629197	0.000615045694966628	0.004427465717251207	0.0006040368348775981	0	0	0.47212161228474603	0	0	0	0	0	0	0	0.4684476144965459	0.0046710898727720844	0	0.006448982539155215	0.0064487468756312775	0.006449000423203754	0	0	0
0.001071519305237607	0.00446463372004348	0.000615050388238738	0.004455247850292482	0.0006054497599086223	0	0	0.46401806410175556	0	0	0	0	0	0	0	0.46044576903070195	0.004726458109290159	0	0.006481319221084326	0.006481086349528694	0.0064813410447605154	0	0	0
0.001148153621496884	0.004479086984967038	0.0006143369602394983	0.004470026020739112	0.0006050704777966653	0	0	0.4547780480034472	0	0	0	0	0	0	0	0.45128481983232416	0.004771472870508706	0	0.006494830605184255	0.006494601939787339	0.006494853880061018	0	0	0
0.0012302687708123836	0.004493587039141411	0.0006136243597814154	0.004484853210753018	0.0006046914332848027	0	0	0.44572202883134066	0	0	0	0	0	0	0	0.4423061352910673	0.004816916352067237	0	0.0065083701560036435	0.00650814571531773	0.006508394888036983	0	0	0
0.0013182567385564075	0.004496337778550041	0.0006120768094871987	0.0044868406773194425	0.0006023582077523858	0	0	0.4353561254950835	0	0	0	0	0	0	0	0.4321376040976149	0.00485257163290812	0	0.0065023810670562536	0.006502160566576093	0.00650240479651873	0	0	0
0.0014125375446227555	0.004499090201817743	0.0006105331620887429	0.004488829024633387	0.0006000339850618905	0	0	0.42523129606818233	0	0	0	0	0	0	0	0.42220284543947695	0.0048884908375871885	0	0.006496397489348322	0.006496180922014447	0.006496420218064295	4.099425968596001e-11	4.099425968596001e-11	4.099425968596001e-11
0.0015135612484362103	0.004487617473316278	0.0006070734158576363	0.00447680565492361	0.0005960087724310153	0	0	0.4141221811819137	0	0	0	0	0	0	0	0.41122390323227903	0.004916393864268573	0	0.0064708908186242	0.0064706711117374915	0.006470906174708341	3.8258069159910875e-11	3.8258069159910875e-11	3.8258069159910875e-11
0.0016218100973589332	0.004476174000396132	0.0006036332751856164	0.004464814489919866	0.0005920105621652176	0	0	0.40330329054465347	0	0	0	0	0	0	0	0.4005304569029296	0.004944456158692055	0	0.006445484294212319	0.006445261475767283	0.006445492335216439	3.570450758367552e-11	3.570450758367552e-11	3.570450758367552e-11
0.0017378008287493763	0.004449140784110282	0.0005976642200723524	0.004437786196489651	0.0005860463597627284	0	0	0.3917030607894077	0.3912511095574506	0	0	0	0	0	0	0.38855220316200056	0.004955055785891102	0	0.006398042538118839	0.0063978191070933835	0.006398044755849292	3.332138526030402e-11	3.332138526030402e-11	3.332138526030402e-11
0.0018620871366628695	0.004422270831089593	0.0005917541902322293	0.004410921522096102	0.0005801422436366857	0	0	0.3804364889376036	0.37997371406165126	0	0	0	0	0	0	0.37693217077530083	0.004965678135932283	0	0.006350949975370411	0.006350725952854587	0.006350946455120713	3.109732610269217e-11	3.109732610269217e-11	3.109732610269217e-11
0.001995262314968883	0.004377388949158437	0.0005825757881801421	0.0043672218343749755	0.0005721797514283113	0	0	0.36798920054203677	0.3676290550290887	0	0	0	0	0	0	0.36464257082879353	0.004960791461594503	0	0.006280768462649765	0.006280547155224842	0.006280760103611262	2.9021713328623985e-11	2.9021713328623985e-11	2.9021713328623985e-11
0.0021379620895022326	0.004332962576037717	0.0005735397477126798	0.004323955086278225	0.0005643265449733258	0	0	0.35594916800364396	0.3556854516511435	0	0	0	0	0	0	0.3527536643718726	0.0049559095961842145	0	0.006211362494492823	0.006211143869508749	0.006211349404041728	2.7084638780435732e-11	2.7084638780435732e-11	2.7084638780435732e-11
0.0022908676527677745	0.004273781819475819	0.000563044744256309	0.00426533469683092	0.0005544070018156285	0	0	0.34332225494413143	0.34307830676274603	0	0	0	0	0	0	0.3403557067031107	0.00493709014664646	0	0.0061195586038369585	0.006119345260376473	0.006119546611920642	2.5276855627374608e-11	2.5276855627374608e-11	2.5276855627374608e-11
0.0024547089156850338	0.004215409369444566	0.0005527417852013746	0.004207509031193272	0.0005446618210680185	0.0042138608016650606	0.0005511565797140859	0.3311432680149333	0.33091801766082846	0	0	0	0	0	0	0.328393490374216	0.004918342161624766	0	0.006029111573990143	0.006028903403690392	0.006029100650995651	2.358973422487196e-11	2.358973422487196e-11	2.358973422487196e-11
0.002630267991895387	0.004141624904478687	0.0005413491717231992	0.004133393169931091	0.0005329272823307765	0.004140618382118336	0.0005403196487556571	0.3183696070511267	0.31831297667948283	0	0	0	0	0	0	0.3157840880150041	0.004883197191235913	0	0.005915645487102554	0.005915443244349824	0.005915638450810701	2.2015220920019715e-11	2.2015220920019715e-11	2.2015220920019715e-11
0.002818382931264455	0.004069131926719198	0.0005301913724844007	0.004060582869952305	0.0005214455599174444	0.004068649011747553	0.0005296957953089932	0.30608868270671924	0.3061880759433396	0	0	0	0	0	0	0.3036588518543229	0.004848303356067646	0	0.005804314798227694	0.005804118333643319	0.005804311506216274	2.0545799606604324e-11	2.0545799606604324e-11	2.0545799606604324e-11
0.003019951720402019	0.003979371882286794	0.0005163361009286868	0.003971356743252021	0.0005081381904572707	0.003978969223489374	0.0005159228728530438	0.29326702487977424	0.2935430857751669	0	0	0	0	0	0	0.2910921832061546	0.004794868003440405	0	0.005670723250187246	0.005670535120843695	0.005670722818999188	1.9174455846176602e-11	1.9174455846176602e-11	1.9174455846176602e-11
0.0032359365692962876	0.003891591834011212	0.000502842903446308	0.0038840912468210637	0.0004951704270759707	0.003891266126855075	0.0005025080680084805	0.2809824496655463	0.28142030985671806	0	0	0	0	0	0	0.2790455756724523	0.004742021586096433	0	0.005540206432296387	0.005540026358583512	0.005540208731988048	1.789464338388631e-11	1.789464338388631e-11	1.789464338388631e-11
0.0034673685045253167	0.003789393253038198	0.00048784503439886797	0.003781989903684739	0.0004802713224709804	0.003789172923727115	0.00048761865111653107	0.2684357360325929	0.2689417954946795	0	0	0	0	0	0	0.2666178473426979	0.004671521474737359	0	0.0053882410964705705	0.005388070154521777	0.005388245176414901	1.6700252899240343e-11	1.6700252899240343e-11	1.6700252899240343e-11
0.003715352290971728	0.003689878548072324	0.00047329449407859566	0.003682572504773142	0.00046582051466622737	0.0036897582889070307	0.0004731704106941674	0.25644927099585835	0.2570165934389304	0	0	0	0	0	0	0.25474360720592376	0.004602069495617119	0	0.005240444100502631	0.005240281924844683	0.0052404498613069644	1.558558284261346e-11	1.558558284261346e-11	1.558558284261346e-11
0.003981071705534978	0.003575611069749232	0.00045704566020543714	0.003568381274525682	0.00044964908523116646	0.003575830151188692	0.0004572708177456284	0.24425051572575973	0.24467684787814364	0	0	0	0	0	0	0.2423932655038157	0.004515250621580649	0	0.00507235765065961	0.005072200133704011	0.005072363288697241	1.4545312218296795e-11	1.4545312218296795e-11	1.4545312218296795e-11
0.004265795188015935	0.0034648822056195902	0.00044135467056148625	0.0034577309486456234	0.00043403906329478645	0.0034654197562458042	0.0004419054869787813	0.23263202972124292	0.23292955169374757	0	0	0	0	0	0	0.2306416863843366	0.0044300696013176025	0	0.004909662548206045	0.004909509557944162	0.0049096680654257315	1.3574475184160498e-11	1.3574475184160498e-11	1.3574475184160498e-11
0.004570881896148752	0.003339785094241792	0.00042366197860281834	0.003333018336271945	0.00041674011816562857	0.003340121758642418	0.0004240059637408887	0.22088883267270518	0.22102740482445835	0	0	0	0	0	0	0.21890478292098853	0.0043218069704054245	0	0.004727512609534547	0.0047273615589278235	0.0047275136333336815	1.2668437346679832e-11	1.2668437346679832e-11	1.2668437346679832e-11
0.004897788193684466	0.003219204525230045	0.00040667853788725134	0.0032128038285559333	0.00040013063517914003	0.0032193541179099737	0.0004068314664227559	0.20973842878805793	0.20973342939184583	0	0	0	0	0	0	0.2077651474756965	0.004216190076085857	0	0.004552120487684928	0.00455197144339334	0.004552117343887655	1.1822873638166167e-11	1.1822873638166167e-11	1.1822873638166167e-11
0.005248074602497733	0.003086580729357895	0.00038832922052479133	0.0030804762514285862	0.00038208471685491097	0.0030866311868874385	0.0003883801260515258	0.19838631343255045	0.19848265167229323	0	0	0	0	0	0	0.19662595938743907	0.004090449154483883	0	0.00435939313493786	0.004359249910880291	0.004359390316688843	1.103374767059794e-11	1.103374767059794e-11	1.103374767059794e-11
0.005623413251903491	0.0029594207277534607	0.00037080782353751907	0.0029535989254223225	0.00036485267065026913	0.002959379967200176	0.00037076562351019297	0.18764863255998193	0.1878354019628527	0	0	0	0	0	0	0.18608399134678447	0.003968458248673419	0	0.004174825459114419	0.004174687829619538	0.0041748229444828425	1.0297292467494324e-11	1.0297292467494324e-11	1.0297292467494324e-11
0.0060255958607435805	0.002821452287684675	0.000352198550352286	0.002815685054653782	0.0003462977468713382	0.0028212285773515514	0.0003519681393445059	0.17704607224928987	0.17717228005443605	0	0	0	0	0	0	0.17553779593542324	0.0038260000718317744	0	0.003974897443761008	0.0039747682257759345	0.0039748972083991346	9.609992481853533e-12	9.609992481853533e-12	9.609992481853533e-12
0.006456542290346563	0.0026899159477483574	0.00033452319772239264	0.0026842108651793555	0.00032868645109389153	0.0026895264460397275	0.0003341236707459418	0.16704257990732344	0.1671144868947301	0	0	0	0	0	0	0.16558929964288266	0.003688655803434505	0	0.0037845437715063913	0.003784422475027982	0.0037845456028785976	8.968566814316553e-12	8.968566814316553e-12	8.968566814316553e-12
0.006918309709189377	0.002548979476335365	0.00031552411711919804	0.0025436876298502347	0.0003101107717706646	0.002548583157797697	0.00031511762837342503	0.15706046676897653	0.15711591541924444	0.1566657658433444	0	0	0	0	0	0.1556380735542157	0.003532391159978929	0	0.003581881981715477	0.0035817666355539308	0.0035818835538145885	8.369953551446088e-12	8.369953551446088e-12	8.369953551446088e-12
0.007413102413009177	0.0024154272835988054	0.00029760407996119476	0.0024105210369978793	0.0002925848949603529	0.0024150259320834156	0.00029719271157893054	0.1476748637106469	0.14771556515969328	0.147296496849164	0	0	0	0	0	0.14628487463808568	0.0033827464453254855	0	0.00339007270243072	0.003389963017137112	0.0033900740377731985	7.811295149358124e-12	7.811295149358124e-12	7.811295149358124e-12
0.00794328234724282	0.0022749175356122993	0.00027918571354947617	0.0022702118592293845	0.0002743713235825005	0.0022744739206944607	0.00027873084877698325	0.13841659225864503	0.13844072236087154	0.13803571100361403	0	0	0	0	0	0.13713555200944214	0.0032165801727931224	0	0.003188810787189246	0.003188706570539309	0.003188812285891803	7.289924792933138e-12	7.289924792933138e-12	7.289924792933138e-12
0.008511380382023776	0.0021425814923004445	0.00026190723816788247	0.0021380696565936152	0.0002572915570867528	0.002142101890995575	0.0002614158525193301	0.1297387553377825	0.12974823328252513	0.12935716680203854	0	0	0	0	0	0.1285584697082427	0.0030585762708591957	0	0.0029994973940244887	0.002999398383286053	0.002999499031983912	6.803353665491462e-12	6.803353665491462e-12	6.803353665491462e-12
0.009120108393559097	0.002005260474209758	0.0002440819535092223	0.002001112765104498	0.00023983914135971334	0.0020048998977666896	0.00024371276170932654	0.12127033353050191	0.12126067102217712	0.12083456238934871	0	0	0	0	0	0.12018899090861689	0.002887236305894284	0	0.0028040815157387533	0.0028039893019285223	0.002804084770961017	6.34925906816289e-12	6.34925906816289e-12	6.34925906816289e-12
0.009772372209558112	0.0018767405505358845	0.00022746984942313751	0.0018729288291963698	0.00022357054533572978	0.0018764857157176089	0.0002272085248372414	0.11335466997744754	0.11332832798370777	0.11287346367263881	0	0	0	0	0	0.11236438616930253	0.002725494722985058	0	0.0026213968922166484	0.0026213110099485427	0.002621401547022621	5.925473332237309e-12	5.925473332237309e-12	5.925473332237309e-12
0.010471285480509006	0.00174548685383864	0.0002108157985272237	0.0017418971036665452	0.00020714347295920678	0.0017454684804295382	0.000210797442027305	0.10561674404449832	0.10561565183135732	0.10508794098625847	0	0	0	0	0	0.104742420787966	0.0025540859502312437	0	0.002435369318337373	0.0024352876972573963	0.002435373863400188	5.5299734715683436e-12	5.5299734715683436e-12	5.5299734715683436e-12
0.011220184543019653	0.0016234126534184767	0.00019538106268316005	0.0016200324713159587	0.0001919233963721261	0.001623598938512512	0.00019557171808181942	0.0984070318830304	0.09842786980291543	0.09783942993687313	0	0	0	0	0	0.09763747292663583	0.00239345722673938	0	0.0022625432014164704	0.002262465669241457	0.002262547628870221	5.16087152563442e-12	5.16087152563442e-12	5.16087152563442e-12
0.012022644346174132	0.0015009708038490684	0.00018012979434701466	0.0014977349009031504	0.0001768192699773766	0.0015011532065440202	0.00018031655267505703	0.09144815814736226	0.09143826425240759	0.09077242733648645	0	0	0	0	0	0.0907388371283958	0.002227924687205094	0	0.0020896675344506776	0.002089594045288815	0.002089671026841868	4.816405547159058e-12	4.816405547159058e-12	4.816405547159058e-12
0.01288249551693135	0.0013877638253362605	0.0001660690261681862	0.0013846696736647488	0.00016290381905659693	0.0013879418716434598	0.00016625133474060884	0.08498138261588052	0.0849450078136858	0.08421587870937085	0	0	0	0	0	0.08432762869231723	0.00207384044987506	0	0.0019300008953656122	0.001929931284027131	0.00193000356973825	4.494931191268673e-12	4.494931191268673e-12	4.494931191268673e-12
0.013803842646028866	0.001275881157986758	0.00015224505567371668	0.0012729687703612366	0.00014926563716923793	0.0012759445365900562	0.00015230952354261694	0.07873061714336446	0.07868961414999051	0.07787607922000504	0	0	0	0	0	0.07815844238563587	0.0019182878063970705	0	0.0017726305107435105	0.0017725658271467845	0.0017726335572588391	4.19491386603803e-12	4.19491386603803e-12	4.19491386603803e-12
0.014791083881682071	0.0011730185638116014	0.00013957182451120718	0.0011702787467181427	0.00013676923333392146	0.0011729846139206565	0.0001395368704736938	0.07293962377374553	0.07289487086346201	0.07201354195459679	0	0	0	0	0	0.07244057743444313	0.0017744027070131579	0	0.0016280919533063507	0.001628031856663971	0.0016280952934953827	3.91492140695293e-12	3.91492140695293e-12	3.91492140695293e-12
0.01584893192461114	0.0010725480323029567	0.00012735912536808244	0.0010699280466758808	0.000124678767227949	0.0010723321560501204	0.0001271373406244244	0.06741826503274646	0.06736068768187385	0.06635799114661597	0	0	0	0	0	0.06695561598568542	0.0016319382634089135	0	0.001487331878899179	0.0014872743630025154	0.0014873350732453486	3.653617240321026e-12	3.653617240321026e-12	3.653617240321026e-12
0.01698243652461746	0.0009806829295684557	0.00011621505179378435	0.000978182358924248	0.00011365710414950221	0.0009803165695887643	0.00011583965819341061	0.062314860220895295	0.062246660035573505	0.061146596452520234	0	0	0	0	0	0.06188595771588962	0.0015009121013239925	0	0.001358741509346131	0.0013586865771638868	0.001358744558100413	3.4097540029956297e-12	3.4097540029956297e-12	3.4097540029956297e-12
0.018197008586099864	0.0008920813320729462	0.00010544269729541806	0.0008897880922339096	0.00010309688564675139	0.0008919354889126296	0.00010529358661444964	0.05742113081176156	0.05735413347604612	0.05611207069534719	0	0	0	0	0	0.05702301593887662	0.0013730239784404323	0	0.0012349917916824975	0.0012349395131859048	0.001234993227418904	3.1821675879554257e-12	3.1821675879554257e-12	3.1821675879554257e-12
0.019498445997580455	0.0008114846083669842	0.00009566886768386597	0.0008093816473565902	0.00009351784835269286	0.0008115224622955639	0.00009570763204103864	0.05291171723748544	0.05284615471590283	0.05149206432388236	0	0	0	0	0	0.05254219966495745	0.0012560328107884666	0	0.0011225127921918915	0.0011224631396677788	0.0011225128834391632	2.9697715873161925e-12	2.9697715873161925e-12	2.9697715873161925e-12
0.02089296130854041	0.0007347168927203721	0.00008654874897828803	0.0007326661578685255	0.00008445078252140621	0.0007346917035850862	0.00008652292263216824	0.04861625357092816	0.04855139602375149	0.04707646314560594	0	0	0	0	0	0.04830925773268701	0.0011434025422267626	0	0.0010154395115411696	0.001015393279656139	0.001015438803439917	2.771552106247542e-12	2.771552106247542e-12	2.771552106247542e-12
0.022387211385683423	0.0006652115232782789	0.00007829805171792556	0.000663221980185732	0.00007626281821177592	0.0006651348846092278	0.00007821963600146473	0.04466950298861835	0.044605668445083596	0.04303951320265305	0	0	0	0	0	0.04441733306875002	0.0010408719918311143	0	0.000918579644500569	0.0009185366324599382	0.0009185782887162512	2.5865629230384764e-12	2.5865629230384764e-12	2.5865629230384764e-12
0.02398832919019495	0.0005992939996460013	0.00007045250977436818	0.0005974267901259351	0.00006854221410889836	0.0005992897900158991	0.00007044830787939245	0.04092298230816793	0.040901564849116306	0.03919030140016343	0	0	0	0	0	0.0407093657976744	0.0009431277599155217	0	0.0008269337766798095	0.000826894625105454	0.00082693279484486	2.4139209722076927e-12	2.4139209722076927e-12	2.4139209722076927e-12
0.025703957827688646	0.0005399084132543776	0.00006339309886520599	0.0005381588370461219	0.00006160321930280629	0.0005399630371639649	0.00006344908180059476	0.03749068982077854	0.03750505407549524	0.035685341435064875	0	0	0	0	0	0.03731094032781617	0.0008545623078573491	0	0.0007444313349505235	0.0007443957016685601	0.0007444306659431239	2.252802129096887e-12	2.252802129096887e-12	2.252802129096887e-12
0.02754228703338169	0.00048420129369705904	0.000056800051665748345	0.0004825317447400134	0.000055091815958339034	0.00048425385638882333	0.000056853911848743884	0.03426688766833215	0.03428975266679992	0.0323307585337775	0	0	0	0	0	0.034126770862555666	0.0007708592185180239	0	0.0006670032522160205	0.0006669700164478154	0.0006670028478512951	2.102437275824287e-12	2.102437275824287e-12	2.102437275824287e-12
0.0295120922666639	0.00043424196967911313	0.00005089269852688087	0.000432654578265128	0.00004926866192931638	0.0004342923150057	0.000050944272175022096	0.03132029834839965	0.031350098458291224	0.029291521541736556	0	0	0	0	0	0.031214343012339326	0.0006953547205517658	0	0.0005976284414415697	0.0005975974899415349	0.0005976282539060915	1.9621086298189245e-12	1.9621086298189245e-12	1.9621086298189245e-12
0.03162277660168379	0.0003874987470107572	0.000045435257918400377	0.0003859525399454032	0.00004385316175041275	0.0003874289413599282	0.00004536368379780441	0.028560643400514098	0.02859480007397398	0.026417259903061544	0	0	0	0	0	0.028476638919626342	0.0006242320634438355	0	0.0005327943132366195	0.0005327655600202027	0.0005327942992546073	1.831146317409405e-12	1.831146317409405e-12	1.831146317409405e-12
0.03388441561392028	0.00034578711736653393	0.000040563041887456426	0.00034429166030695797	0.00003903292113487568	0.0003456224745798328	0.00004039440980994417	0.0260441437172008	0.02608165943588261	0.023825038238164797	0	0	0	0	0	0.02597904956187006	0.000560384013388371	0	0.0004749937595549228	0.00047496709193241125	0.00047499388367741585	1.7089251761108982e-12	1.7089251761108982e-12	1.7089251761108982e-12
0.03630780547701017	0.00030700298742322116	0.00003602991074417677	0.00030557831938444254	0.00003457208854415313	0.00030678359288252176	0.00003580517135849421	0.023685446095618214	0.023727258933743275	0.02138121619778262	0	0	0	0	0	0.023648848194766228	0.0005009150553630678	0	0.00042134432886719653	0.000421319840137807	0.00042134438614313584	1.5948617703457503e-12	1.5948617703457503e-12	1.5948617703457503e-12
0.038904514499428125	0.00027256895804731964	0.000032003380610239227	0.00027121803994487634	0.000030621057086010246	0.0002723091806350966	0.000031737319645044826	0.021540364806769373	0.02158539098683114	0.019188065997057375	0	0	0	0	0	0.021527655182580114	0.0004477570499776003	0	0.0003737544755006839	0.00037373201366760616	0.0003737544794469458	1.4884116063518735e-12	1.4884116063518735e-12	1.4884116063518735e-12
0.04168693834703355	0.0002406765828559629	0.00002823770712868683	0.00023944613418758434	0.000026978603654192068	0.00024047627161821869	0.00002803255544222406	0.019531246611962295	0.019575835393733095	0.017138948965681494	0	0	0	0	0	0.019543482901363055	0.0003984883776501644	0	0.0003297864890345846	0.0003297659449910193	0.0003297865553463132	1.3890665329840463e-12	1.3890665329840463e-12	1.3890665329840463e-12
0.04466835921509635	0.00021251582700465378	0.00002491512111162333	0.00021139615635092478	0.000023769429418637292	0.0002123646256675114	0.000024760256171918215	0.01770952338269615	0.01775336530138943	0.015308659647787399	0	0	0	0	0	0.01774218885784346	0.00035464095345947823	0	0.00029099083884965725	0.0002909720722307104	0.00029099095279906787	1.2963523160005255e-12	1.2963523160005255e-12	1.2963523160005255e-12
0.0478630092322639	0.0001866013723048668	0.000021875987233467213	0.00018557324639646234	0.000020823898622646632	0.00018644324170153623	0.000021714005728735065	0.016010548239448596	0.016064904355489438	0.01360982109333968	0	0	0	0	0	0.01605644529500297	0.00031433345483374264	0	0.0002553049887349819	0.00025528814029168425	0.00025530518730539195	1.2098263742556298e-12	1.2098263742556298e-12	1.2098263742556298e-12
0.05128613839913648	0.0001638469597151329	0.000019207565369432085	0.00016290471110058863	0.000018243380865771194	0.00016368584111838512	0.000019042535001002513	0.014474565429478302	0.014537027068936963	0.01209950671412868	0	0	0	0	0	0.0145308697577893	0.00027860719373744454	0	0.0002239954959772655	0.00022398037747730078	0.00022399575669986385	1.1290756669916984e-12	1.1290756669916984e-12	1.1290756669916984e-12
0.05495408738576248	0.00014302296158251693	0.000016758966114933796	0.00014217112101511472	0.00001588725527840432	0.0001428988969749309	0.000016631901837490056	0.013054123989474526	0.013117717857159891	0.010733358551708377	0	0	0	0	0	0.013119987361722958	0.00024597822496052834	0	0.00019537265160628344	0.0001953589782364606	0.0001953726293780353	1.053714722145233e-12	1.053714722145233e-12	1.053714722145233e-12
0.05888436553555896	0.0001248455728162336	0.000014622516692744366	0.000124076384986888	0.000013835422399954163	0.00012475174772070343	0.00001452643561990786	0.01177307560374311	0.011836981589429946	0.009521461372057902	0	0	0	0	0	0.011846095329530942	0.00021717058466103945	0	0.00017040732372379644	0.00017039497302151715	0.00017040708660045068	9.833837962551445e-13	9.833837962551445e-13	9.833837962551445e-13
0.06309573444801943	0.00010827236416670293	0.000012663224919804062	0.00010759314356656722	0.00001196818196026179	0.0001082028986797375	0.000012592105272963224	0.010583566161464596	0.010653094735548251	0.00844425603736672	0	0	0	0	0	0.010661642467190872	0.00019106464063170641	0	0.00014767179397014212	0.00014766062225904267	0.00014767155047863548	9.177471571891854e-13	9.177471571891854e-13	9.177471571891854e-13
0.06760829753919818	0.00009389924350383427	0.000010966461433353387	0.00009329966007439158	0.000010352945887247419	0.00009384932473178163	0.000010915349047366278	0.009514240497910838	0.009587615439556638	0.007488919740184074	0	0	0	0	0	0.009595619226095583	0.0001680968762721778	0	0.0001279696098608171	0.0001279595223925677	0.0001279693659213502	8.564914814910205e-13	8.564914814910205e-13	8.564914814910205e-13
0.07244359600749906	0.00008094793501487515	9.465516637070847e-6	0.00008038917553222982	8.8937167566507e-6	0.00008092323657002199	9.440203219734451e-6	0.008524704389212717	0.008595493426002212	0.006655513523776712	0	0	0	0	0	0.008607624472527295	0.00014738659559385443	0	0.00011017292942956264	0.00011016388956564696	0.00011017253675198058	7.99324358697481e-13	7.99324358697481e-13	7.99324358697481e-13
0.07762471166286927	0.00006978297096615992	8.170001394813443e-6	0.00006926519922579471	7.64016335147287e-6	0.00006977748892369071	8.164414756062003e-6	0.007638085766217467	0.007706035739775539	0.005914853116597286	0	0	0	0	0	0.007721356726886104	0.00012922791334666703	0	0.00009485122594569955	0.00009484313740246465	0.0000948507306180331	7.459728954862204e-13	7.459728954862204e-13	7.459728954862204e-13
0.08317637711026708	0.00005971099978047448	7.000273325419959e-6	0.00005923077733166316	6.508796986686238e-6	0.0000597110778031176	7.000381790820214e-6	0.0068172937992672265	0.006885232563630884	0.005280173898310774	0	0	0	0	0	0.006901396261569036	0.00011307599418908022	0	0.00008102838961877149	0.00008102121046521346	0.0000810277399542854	6.961824129905005e-13	6.961824129905005e-13	6.961824129905005e-13
0.08912509381337459	0.00005109274433891317	5.9980193714159e-6	0.00005065003815085464	5.544964978494686e-6	0.000051096891954783816	6.002309618195354e-6	0.006084704488536112	0.006151856681716326	0.004713597421070251	0	0	0	0	0	0.006168510540816188	0.00009894286869392235	0	0.00006921997959172484	0.00006921361655711946	0.00006921923109415704	6.497152310626111e-13	6.497152310626111e-13	6.497152310626111e-13
0.09549925860214369	0.000043378520966742324	5.087478026633856e-6	0.00004298373925303026	4.683405106118172e-6	0.000043363079073420715	5.071648566911365e-6	0.005404091122078984	0.005472831135413203	0.00422437779644502	0	0	0	0	0	0.005491707602220764	0.00008645881543661673	0	0.000058668647195623877	0.00005866309447238778	0.00005866797964420344	6.063495336824925e-13	6.063495336824925e-13	6.063495336824925e-13
0.10232929922807536	0.000036829027401234665	4.31516323452163e-6	0.00003647779760144813	3.9557117985564734e-6	0.00003679982391867773	4.285286968250003e-6	0.004799608742011243	0.004868754619360197	0.003785933793863505	0	0	0	0	0	0.004889162819570855	0.00007554992962481329	0	0.000049725674351052384	0.00004972083275313723	0.00004972508045994782	5.658783100954368e-13	5.658783100954368e-13	5.658783100954368e-13
0.10964781961431873	0.0000310096362818752	3.6342458319087183e-6	0.00003069217199479252	3.309287135174405e-6	0.000030994467914826685	3.618732830246341e-6	0.004243057790887288	0.004315120358892417	0.0033851511452326487	0	0.0028474804277323932	0.00285954897684219	0	0	0.004334930591857577	0.00006586768570049833	0	0.00004177555527179325	0.00004177122350783564	0.00004177491561836875	5.281083666242984e-13	5.281083666242984e-13	5.281083666242984e-13
0.11748975549395303	0.00002610977292063826	3.060774772338411e-6	0.00002582418577048467	2.7684982882290195e-6	0.000026104935812903453	3.055857727551572e-6	0.003751043133833692	0.0038244407795139284	0.003026795739176397	0	0.0024765797687332294	0.002490384174625866	0	0	0.003843525758848064	0.000057426288033427	0	0.00003509649775578634	0.00003509263656151223	0.00003509584215409187	4.928594044390013e-13	4.928594044390013e-13	4.928594044390013e-13
0.12589254117941662	0.000021765844376648648	2.544286640470979e-6	0.000021519250197469075	2.2918786755163677e-6	0.00002176691002138085	2.5454272417389366e-6	0.0032979729316543398	0.003373621946568153	0.00265942984970863	0	0.002138220886273413	0.002153680626069777	0.0020557111727631944	0.002131825651540192	0.0033912355562434175	0.000050023632825534954	0	0.00002919561966763385	0.00002919218347260149	0.000029194928746475538	4.599631588809422e-13	4.599631588809422e-13	4.599631588809422e-13
0.1348962882591656	0.000018144622814931082	2.1149529091071974e-6	0.000017931954686855437	1.8973130254838307e-6	0.000018149761994231383	2.120255725445018e-6	0.002899626869075315	0.0029759449013648308	0.0023366516061786454	0	0.0018460897630744974	0.0018624998851051139	0.001765937752528499	0.0018359976974553992	0.0029921689926116976	0.0000435752322979213	0	0.000024286873684898856	0.000024283828728692598	0.000024286177854615158	4.2926259623380796e-13	4.2926259623380796e-13	4.2926259623380796e-13
0.1445439770745928	0.000014990062987958029	1.7598145236901357e-6	0.000014788759750593882	1.553793263777312e-6	0.000014974797167398892	1.744248831562438e-6	0.00253462700436198	0.00261245104077761	0.0019858764251028233	0	0.0015811913665022908	0.0015981562413786852	0.00150118946128645	0.00156450447724926	0.0026281981164904883	0.000037774233604427585	0	0.000019993208344023047	0.000019990684264557603	0.000019992734604897475	4.0061116410648407e-13	4.0061116410648407e-13	4.0061116410648407e-13
0.15488166189124797	0.00001238394375429195	1.4643102191330032e-6	0.000012196518381852905	1.2724697897143722e-6	0.000012355233654083757	1.4349231320992459e-6	0.002215572672386531	0.0022933557799843587	0.0016877591701523246	0	0.0013543036679525152	0.001371330754049147	0.0012761320694632658	0.001333157586594653	0.0023085010761691783	0.00003274549897167008	0	0.000016458618143843523	0.00001645652593872276	0.00001645830971734842	3.73872091849666e-13	3.73872091849666e-13	3.73872091849666e-13
0.1659586907437563	0.000010094357542931006	1.1896659417879554e-6	9.938341852380066e-6	1.0299574740703783e-6	0.000010085011835788977	1.1800813197845385e-6	0.001926601225530554	0.002000808730176544	0.0013822246603267974	0	0.0011510954341570478	0.0011674052824509854	0.0010744370507592665	0.0011247749954025933	0.002015059618249028	0.000028270159438056482	0	0.000013388273093060894	0.000013386517671238917	0.000013387965958137682	3.489177376666676e-13	3.489177376666676e-13	3.489177376666676e-13
0.1778279410038923	8.228077923013396e-6	9.665336173698354e-7	8.098265068966757e-6	8.336641128679078e-7	8.231933654640964e-6	9.704993181531028e-7	0.0016753195814685955	0.0017455798222367426	0.0011320009663719488	0	0.000978377840872592	0.0009938048056389135	0.0009046203004128107	0.0009489641757314436	0.0017589185064778275	0.00002440646622439848	0.000698097682104443	0.00001089069901542304	0.000010889227533785404	0.000010890403423829352	3.2562897930177424e-13	3.2562897930177424e-13	3.2562897930177424e-13
0.1905460717963252	6.619910096973255e-6	7.786893119006888e-7	6.509640138181152e-6	6.658061942657432e-7	6.61187528836188e-6	7.704149266871505e-7	0.0014468140667832222	0.0015138130101188607	0.0009017201095641557	0	0.0008234236093512937	0.0008375984520153418	0.0007548126451418264	0.0007931925419196132	0.0015268597644613453	0.000020876042306925824	0.0005446341846328856	8.739892234331813e-6	8.738678198063533e-6	8.739649379010582e-6	3.0389464539751445e-13	3.0389464539751445e-13	3.0389464539751445e-13
0.20417379446695316	5.3260567172605754e-6	6.273522550808056e-7	5.23265345944353e-6	5.317463969963133e-7	5.310647128965195e-6	6.115812223257434e-7	0.0012494756027425218	0.0013128186980694504	0.000718284860302176	0	0.0006930108308998522	0.0007059446310158119	0.0006298135571421652	0.0006629906846293361	0.0013254171422639248	0.000017856298342973312	0.00042490671817809253	7.013848804338422e-6	7.012847918952923e-6	7.0136493842744375e-6	2.836109848064073e-13	2.836109848064073e-13	2.836109848064073e-13
0.21877616239495518	4.21570168801891e-6	5.021077370604389e-7	4.133329452254112e-6	4.178170346559027e-7	4.1967702332079425e-6	4.827609248861336e-7	0.00107281821136718	0.0011315822283916829	0.0005587967165072215	0	0.0005776343705636712	0.0005888927309454323	0.0005199966630637529	0.0005480513237161958	0.001143440829386731	0.00001522069742061449	0.0003238354634477818	5.532925426493596e-6	5.53212283141218e-6	5.532786116298753e-6	2.646811713238501e-13	2.646811713238501e-13	2.646811713238501e-13
0.23442288153199276	3.336829039910459e-6	4.0186701741189753e-7	3.264961552162081e-6	3.282976159965588e-7	3.316522443051487e-6	3.810746669275259e-7	0.0009211375653232644	0.0009753657085284261	0.00043472135866525825	0.00024218062349647623	0.0004814664521523225	0.0004912490772276982	0.00042932789637679946	0.0004530384217916968	0.0009864493891148538	0.000012974112860354596	0.00024680571734919844	4.364688294421609e-6	4.364044875280999e-6	4.3645926010136e-6	2.4701484147796765e-13	2.4701484147796765e-13	2.4701484147796765e-13
0.25118864315095824	2.5883167863290485e-6	3.13927476162022e-7	2.5286647153778797e-6	2.528669680916508e-7	2.566911246033291e-6	2.9200045929307456e-7	0.0007850279694119886	0.0008353260424121778	0.00032922401459126475	0.00018302275613322184	0.00039662953852526086	0.00040480745602804413	0.00035043898071389427	0.00037004639059792164	0.0008440807307749658	0.000010965830471743775	0.0001829983224842431	3.3757556172873845e-6	3.375228941854674e-6	3.3756862956865885e-6	2.305276631700006e-13	2.305276631700006e-13	2.305276631700006e-13
0.2691534803926914	2.0077096267936227e-6	2.4523152192021463e-7	1.958413641521399e-6	1.9476749277562304e-7	1.9867296115595456e-6	2.2374688119476185e-7	0.0006690302686144792	0.0007153927916788722	0.00024932856328103764	0.00013831548031788865	0.0003267413339548556	0.00033357635474995975	0.0002860458876308641	0.0003022576554390147	0.0007222593352760919	9.268413126147104e-6	0.00013568723768528156	2.6108911379105615e-6	2.6104613347267424e-6	2.6108411502690804e-6	2.151409331060835e-13	2.151409331060835e-13	2.151409331060835e-13
0.28840315031266117	1.5200229421525939e-6	1.8653628669103087e-7	1.4808763754555024e-6	1.464620975003539e-7	1.5051462674467743e-6	1.7129481728054935e-7	0.0005644866065826835	0.0006065335017662564	0.00018294095878511725	0.00010196407249952685	0.0002641360270187799	0.00026959884349552523	0.00022909283522860703	0.0002421241695764798	0.000612258363034087	7.811918416071398e-6	0.0000974495074946016	1.971554596514576e-6	1.971211657212074e-6	1.971496826303193e-6	2.007812010987296e-13	2.007812010987296e-13	2.007812010987296e-13
0.30902954325135923	1.150798757866275e-6	1.418895335314999e-7	1.119781231547503e-6	1.1013719845393184e-7	1.1402987468589871e-6	1.3113887563704852e-7	0.00047627909223170304	0.0005142390209181441	0.00013423008563802162	0.0000751663664601708	0.00021352621636448984	0.0002178917521555368	0.00018347939761613092	0.00019395410649881482	0.0005190106722011271	6.584306127571673e-6	0.0000699874702510117	1.4887742620125154e-6	1.4885014176758836e-6	1.4887155182623975e-6	1.8737991944457525e-13	1.8737991944457525e-13	1.8737991944457525e-13
0.3311311214825908	8.423497808749024e-7	1.022217089368794e-7	8.209234069595725e-7	8.030218105705665e-8	8.403169124579453e-7	1.0008787710488709e-7	0.0003959901442487226	0.00042973392902468006	0.00009431742435163719	0.000053629494609245695	0.0001691731257731839	0.0001724571847969055	0.00014410702015260634	0.00015224363792083344	0.0004347099104989164	5.454487800095904e-6	0.00004840094080576129	1.0899726690054896e-6	1.0897641746891235e-6	1.0899163666861534e-6	1.7487311570464382e-13	1.7487311570464382e-13	1.7487311570464382e-13
0.354813389233576	6.16574486624909e-7	7.364375312190416e-8	6.01827590164882e-7	5.854915844093712e-8	6.192522050102392e-7	7.638911874681863e-8	0.0003292359393887426	0.00035911559069412276	0.00006627259823342327	0.00003826342588432893	0.0001340329397071104	0.00013649658738272625	0.0001131834610701688	0.00011950314280925589	0.00036410177363894954	4.5185379575246424e-6	0.00003347243531564693	7.979990314803939e-7	7.978399901628012e-7	7.979480779221249e-7	1.632010873251283e-13	1.632010873251283e-13	1.632010873251283e-13
0.38018939632056126	4.3833481098488974e-7	5.5079016964387335e-8	4.246081200174498e-7	4.110748472926243e-8	4.353455825181412e-7	5.20723972829778e-8	0.0002677660660672832	0.00029454965078267516	0.00004438377602527234	0.000026462274376120506	0.00010332834077759589	0.00010505959734819327	0.00008645848945397716	0.00009119108176212814	0.00029814576733441073	3.7111635968573526e-6	0.000022119862673578917	5.623523771424984e-7	5.622300633604765e-7	5.623144950581332e-7	1.5230811664092149e-13	1.5230811664092149e-13	1.5230811664092149e-13
0.40738027780411384	3.1162075416532936e-7	4.1194235507544865e-8	2.9957426101942985e-7	2.886164969341369e-8	3.0605587624015226e-7	3.549634559580701e-8	0.00021777290252778306	0.000241592119708588	0.0000297244958968275	0.0000183008172680079	0.00007965762767855194	0.00008086296666169339	0.00006604384004504977	0.00006958656649072592	0.00024413750499213276	3.0480512440320516e-6	0.000014617649420604162	3.962914535010695e-7	3.961980447756408e-7	3.9626336612760775e-7	1.4214220490142936e-13	1.4214220490142936e-13	1.4214220490142936e-13
0.43651583224016655	2.1129011799451974e-7	2.9351503928845147e-8	2.0144824192019525e-7	1.931686374517945e-8	2.0566312078611446e-7	2.36299802757399e-8	0.00017139640390792735	0.00019210925706484078	0.000018684737004500895	0.00001217144156870287	0.000059050852822152604	0.00005978841429021233	0.00004862391005872676	0.00005111681353526507	0.00019406335972849896	2.4653821211857247e-6	9.16300292032334e-6	2.6618439912133095e-7	2.6611828422112253e-7	2.661673450777063e-7	1.3265482404902631e-13	1.3265482404902631e-13	1.3265482404902631e-13
0.4677351412871981	1.432623256487358e-7	2.091338198829356e-8	1.3546355429415704e-7	1.2928617349096963e-8	1.3820129765551223e-7	1.5730519817167167e-8	0.000134896155268085	0.0001527614671145797	0.000011745174691579082	8.094938476836346e-6	0.000043774881585664046	0.00004420632374636164	0.00003579871533494152	0.000037549325362206106	0.00015425973813538562	1.9940967250346885e-6	5.74378411343675e-6	1.7879299114229494e-7	1.7874631672374268e-7	1.787827531927355e-7	1.238006850652221e-13	1.238006850652221e-13	1.238006850652221e-13
0.5011872336272735	9.19057441385431e-8	1.4356468888721381e-8	8.582558080305356e-8	8.169823400507817e-9	8.756969972619234e-8	9.954928591368682e-9	0.00010125344837844105	0.00011634388444504606	6.8884067751008085e-6	5.126954369427429e-6	0.000030925413308409456	0.00003111686603816291	0.000025068704533603964	0.00002621183254898349	0.00011746149116222412	1.5997198803230294e-6	3.40006429930015e-6	1.1320753690145978e-7	1.1317679937844194e-7	1.1319840120771891e-7	1.1553752177873205e-13	1.1553752177873205e-13	1.1553752177873205e-13
0.5370317963702532	5.895943519980189e-8	9.855326081080498e-9	5.437647313008204e-8	5.162656809558114e-9	5.54875564862673e-8	6.299893735940037e-9	0.000076001134266214	0.00008860807442762861	4.03996953176663e-6	3.2471724376174094e-6	0.000021847716170845642	0.000021903186466996923	0.000017554818409356593	0.0000182975368784521	0.00008944136735111254	1.2833398016117991e-6	2.0126865862405536e-6	7.168036246508076e-8	7.16601502751244e-8	7.167289801253974e-8	1.0782588910342784e-13	1.0782588910342784e-13	1.0782588910342784e-13
0.5754399373371566	3.725973068243202e-8	7.66075091956711e-9	3.2808374651996966e-8	3.102443409359324e-9	3.337851949375736e-8	3.6859139555247283e-9	0.000054550751412159516	0.00006491364399419828	2.263847511065332e-6	1.9726405772288133e-6	0.000014727401215240315	0.00001472326462913829	0.00001176509654926364	0.000012232408752994643	0.00006539462584051489	1.0457282544546265e-6	1.133716524943836e-6	4.320746553169575e-8	4.319481563115639e-8	4.320303447543097e-8	1.0062897474303361e-13	1.0062897474303361e-13	1.0062897474303361e-13
0.6165950018614835	2.263113583380505e-8	5.477983031400128e-9	1.9037513423479368e-8	1.7978611760735576e-9	1.9330310923993135e-8	2.0974793320223468e-9	0.00003779453623039114	0.000045929149272088105	1.2472036249639217e-6	1.1484236183786502e-6	9.558850859081971e-6	9.52723116472943e-6	7.596810304385878e-6	7.876666366696594e-6	0.0000463170374597415	8.168400168503005e-7	6.330534460941923e-7	2.5063883994542214e-8	2.5056439969464748e-8	2.5061063226894572e-8	9.391242346372764e-14	9.391242346372764e-14	9.391242346372764e-14
0.6606934480075964	1.3641330963890645e-8	4.093582688815109e-9	1.0623568248331134e-8	1.003043437632779e-9	1.0774206031308314e-8	1.1571870198207082e-9	0.00002520677825376283	0.000031248365274804256	6.777827299339072e-7	6.455698450688115e-7	5.970993411022386e-6	5.930486054358091e-6	4.703575884498379e-6	4.862146054140335e-6	0.00003149447823647525	6.19825677011238e-7	3.4061990886744234e-7	1.398538982730379e-8	1.3981583235188689e-8	1.39840197493747e-8	8.764417309579222e-14	8.764417309579222e-14	8.764417309579222e-14
0.7079457843841374	7.263004826571772e-9	2.132995050869329e-9	5.7048609859787485e-9	5.372689012281275e-10	5.782626060655454e-9	6.168479311734638e-10	0.00001602169748400071	0.000020243305349653324	3.6195184273995993e-7	3.51643787953135e-7	3.5535658431629908e-6	3.5162220242090542e-6	2.804508373528792e-6	2.8872944880236024e-6	0.000020452901597072404	4.5622912902922636e-7	1.7816232758968726e-7	7.50540269044142e-9	7.503543829220743e-9	7.504728670118292e-9	8.179430148144413e-14	8.179430148144413e-14	8.179430148144413e-14
0.7585775750291851	3.731801705536922e-9	1.1039927096086816e-9	2.921832275139562e-9	2.744746402721384e-10	2.9622550153500098e-9	3.1584144626683155e-10	9.686365360983736e-6	0.000012425246955219107	1.920779951441614e-7	1.8921871411584572e-7	2.0439262929128636e-6	2.0134537067383847e-6	1.59335393583676e-6	1.6340556922879494e-6	0.000012587232422530862	3.133993786810881e-7	9.342694180362221e-8	3.8414754174190105e-9	3.840725636050633e-9	3.841320980576141e-9	7.633488363824325e-14	7.633488363824325e-14	7.633488363824325e-14
0.8128305161640995	1.8209158180844442e-9	5.672080674348326e-10	1.394435518440272e-9	1.304298777700687e-10	1.4157114923388336e-9	1.522054167458796e-10	5.596245658708813e-6	7.2679434142303265e-6	1.014437792392269e-7	9.986209773444934e-8	1.1336808390267473e-6	1.1093743138371286e-6	8.762200181133973e-7	8.927661318418848e-7	7.37957100549681e-6	1.9980492002637357e-7	4.8719811717102915e-8	1.8314024024814645e-9	1.8310920657574624e-9	1.8313582097292684e-9	7.123985845622847e-14	7.123985845622847e-14	7.123985845622847e-14
0.8709635899560796	7.858881390110222e-10	2.8760837427908764e-10	5.556989788545095e-10	5.185473630505305e-11	5.671654748232744e-10	6.359585360669637e-11	3.1618895764370834e-6	4.111662619878904e-6	5.446180434608484e-8	5.349437306954198e-8	6.260165255224407e-7	6.039417979332774e-7	4.795042244215916e-7	4.814196052126015e-7	4.189430225984269e-6	1.1358036639590412e-7	2.517540939223775e-8	7.2935605647577e-10	7.292996177888177e-10	7.29347787554306e-10	6.648490429244422e-14	6.648490429244422e-14	6.648490429244422e-14
0.9332543007969925	2.0319018585761204e-10	1.4066039194521673e-10	7.245582439657558e-11	6.7639113652371075e-12	7.896326438984849e-11	1.3428749154591679e-11	1.8194587082703433e-6	2.3684782947876327e-6	3.05705438471599e-8	2.985735383883044e-8	3.59362670759624e-7	3.364360171210009e-7	2.726329323359168e-7	2.6516874607127903e-7	2.423182331931985e-6	6.509600232184429e-8	1.3822386242096681e-8	9.510022331497428e-11	9.510022331497428e-11	9.510022331497428e-11	6.204732286899972e-14	6.204732286899972e-14	6.204732286899972e-14