1.e-9	0	0	0	0	0	0	9.7338035419873e-10	0	0	0	0	0	0	0	5.8681077047618044e-8	6.725492051224985e-13	0	7.128580613044062e-13	7.128580613044062e-13	7.128580613044062e-13	0	0	0
1.0715193052376092e-9	0	0	0	0	0	0	1.6174733532757844e-9	0	0	0	0	0	0	0	9.230447724805948e-8	1.1436700625461373e-12	0	1.2122152805160442e-12	1.2122152805160442e-12	1.2122152805160442e-12	0	0	0
1.148153621496884e-9	0	0	0	0	0	0	2.687767466511771e-9	0	0	0	0	0	0	0	1.451935947447449e-7	1.9448111781292916e-12	0	2.0613723349465042e-12	2.0613723349465042e-12	2.0613723349465042e-12	0	0	0
1.2302687708123811e-9	0	0	0	0	0	0	4.4662831319038386e-9	0	0	0	0	0	0	0	2.2838740420195367e-7	3.3071518110358054e-12	0	3.5053640814313045e-12	3.5053640814313045e-12	3.5053640814313045e-12	0	0	0
1.31825673855641e-9	0	0	0	0	0	0	7.549359466704256e-9	0	0	0	0	0	0	0	3.8019578552750574e-7	5.62381233933665e-12	0	5.960872345716813e-12	5.960872345716813e-12	5.960872345716813e-12	0	0	0
1.4125375446227555e-9	0	0	0	0	0	0	1.276068414704805e-8	0	0	0	0	0	0	0	6.329107151857159e-7	9.563294047323233e-12	0	1.0136464657166405e-11	1.0136464657166405e-11	1.0136464657166405e-11	0	0	0
1.5135612484362133e-9	0	0	0	0	0	0	2.166180792784524e-8	0	0	0	0	0	0	0	1.0695743931434623e-6	1.6262383507337202e-11	0	1.723706024763455e-11	1.723706024763455e-11	1.723706024763455e-11	0	0	0
1.6218100973589331e-9	0	0	0	0	0	0	3.6771846814452444e-8	0	0	0	0	0	0	0	1.807505158342172e-6	2.7654186520986244e-11	0	2.9311624518961394e-11	2.9311624518961394e-11	2.9311624518961394e-11	0	0	0
1.7378008287493762e-9	0	0	0	0	0	0	6.249814498456657e-8	0	0	0	0	0	0	0	3.067941913848428e-6	4.7025949904113016e-11	0	4.984442356245407e-11	4.984442356245407e-11	4.984442356245407e-11	0	0	0
1.8620871366628732e-9	0	0	0	0	0	0	1.0622306097981243e-7	0	0	0	0	0	0	0	5.207325436006394e-6	7.996763754760667e-11	0	8.476045258652075e-11	8.476045258652075e-11	8.476045258652075e-11	0	0	0
1.9952623149688828e-9	0	0	0	0	0	0	1.7997583844822275e-7	0	0	0	0	0	0	0	8.85010252916077e-6	1.3598498420520124e-10	0	1.441351671708135e-10	1.441351671708135e-10	1.441351671708135e-10	0	0	0
2.1379620895022324e-9	0	0	0	0	0	0	3.0493663171030154e-7	0	0	0	0	0	0	0	0.0000150411791502567	2.312424937935786e-10	0	2.451018816133942e-10	2.451018816133942e-10	2.451018816133942e-10	0	0	0
2.2908676527677795e-9	0	0	0	0	0	0	5.165254616124049e-7	0	0	0	0	0	0	0	0.000025573219364656225	3.9322790856954513e-10	0	4.1679580042614877e-10	4.1679580042614877e-10	4.1679580042614877e-10	0	0	0
2.4547089156850337e-9	0	0	0	0	0	0	8.749311324044388e-7	0	0	0	0	0	0	0	0.000043479938782699854	6.686841399314744e-10	0	7.087613449123709e-10	7.087613449123709e-10	7.087613449123709e-10	0	0	0
2.6302679918953816e-9	0	0	0	0	0	0	1.4804057207060029e-6	0	0	0	0	0	0	0	0.00007393389387730362	1.137097518389491e-9	0	1.205248813756358e-9	1.205248813756358e-9	1.205248813756358e-9	0	0	0
2.818382931264461e-9	0	0	0	0	0	0	2.504884117994752e-6	0	0	0	0	0	0	0	0.00012571822355084172	1.9336345654317925e-9	0	2.049525857311957e-9	2.049525857311957e-9	2.049525857311957e-9	0	0	0
3.019951720402019e-9	0	0	0	0	0	0	4.250479606542938e-6	0	0	0	0	0	0	0	0.00021378059865901088	3.2881459788321694e-9	0	3.4852191446668666e-9	3.4852191446668666e-9	3.4852191446668666e-9	0	0	0
3.2359365692962944e-9	0	0	0	0	0	0	7.212539995703082e-6	0	0	0	0	0	0	0	0.00036352839765132106	5.591492917740901e-9	0	5.926615877042039e-9	5.926615877042039e-9	5.926615877042039e-9	0	0	0
3.4673685045253237e-9	0	0	0	0	0	0	9.030503973968374e-6	0	0	0	0	0	0	0	0.0006181772705780008	9.399749105923938e-9	0	9.965941876801985e-9	9.965941876801985e-9	9.965941876801985e-9	0	0	0
3.715352290971728e-9	0	0	0	0	0	0	0.000011306696680010075	0	0	0	0	0	0	0	0.0010512057388863843	1.5801733911523765e-8	0	1.6758298420608794e-8	1.6758298420608794e-8	1.6758298420608794e-8	0	0	0
3.9810717055349855e-9	0	0	0	0	0	0	0.00001593101211505621	0	0	0	0	0	0	0	0.0017875730988442036	1.9528021572004898e-8	0	2.0939737086868963e-8	2.0939737086868963e-8	2.0939737086868963e-8	0	0	0
4.265795188015934e-9	0	0	0	0	0	0	0.000022446622049990055	0	0	0	0	0	0	0	0.0030397642112347093	2.4133024176453225e-8	0	2.6164505384864683e-8	2.6164505384864683e-8	2.6164505384864683e-8	0	0	0
4.570881896148752e-9	0	0	0	0	0	0	0.00003636401204380695	0	0	0	0	0	0	0	0.005169117512489083	3.453288972234929e-8	0	3.779479535945996e-8	3.779479535945996e-8	3.779479535945996e-8	0	0	0
4.8977881936844766e-9	0	0	0	0	0	0	0.00005891048412438878	0	0	0	0	0	0	0	0.008790081730407323	4.941446475404665e-8	0	5.459482360747112e-8	5.459482360747112e-8	5.459482360747112e-8	0	0	0
5.248074602497734e-9	0	0	0	0	0	0	0.00008970243303938109	0	0	0	0	0	0	0	0.01494753392278245	8.031760997455634e-8	0	8.900601035807114e-8	8.900601035807114e-8	8.900601035807114e-8	0	0	0
5.623413251903491e-9	0	0	0	0	0	0	0.00013658904035137052	0	0	0	0	0	0	0	0.025418281334043974	1.3054716881248317e-7	0	1.451066118799052e-7	1.451066118799052e-7	1.451066118799052e-7	0	0	0
6.025595860743593e-9	0	0	0	0	0	0	0.00022528238961863723	0	0	0	0	0	0	0	0.02499595524231367	1.5722690242348015e-7	0	1.8071049602703261e-7	1.8071049602703261e-7	1.8071049602703261e-7	0	0	0
6.456542290346562e-9	0	0	0	0	0	0	0.000371568282065107	0	0	0	0	0	0	0	0.024580646120983995	1.893591341010999e-7	0	2.2505027821449365e-7	2.2505027821449365e-7	2.2505027821449365e-7	0	0	0
6.918309709189363e-9	0	0	0	0	0	0	0.0006175170697148369	0	0	0	0	0	0	0	0.019605663537055226	2.480426441539647e-7	0	3.0763976302365224e-7	3.0763976302365224e-7	3.0763976302365224e-7	0	0	0
7.413102413009192e-9	0	0	0	0	0	0	0.001026264484336166	0	0	0	0	0	0	0	0.0156375890542634	3.249125193297739e-7	0	4.205381328302593e-7	4.205381328302593e-7	4.205381328302593e-7	0	0	0
7.943282347242822e-9	0	0	0	0	0	0	0.0016767578491843264	0	0	0	0	0	0	0	0.021901703519155307	5.070246194334733e-7	0	6.686511700229903e-7	6.686511700229903e-7	6.686511700229903e-7	0	0	0
8.511380382023759e-9	0	0	0	0	0	0	0.002739563658017413	0	0	0	0	0	0	0	0.030675100578257654	7.912097854584184e-7	0	1.063148267112295e-6	1.063148267112295e-6	1.063148267112295e-6	0	0	0
9.120108393559115e-9	0	0	0	0	0	0	0.004621557001125489	0	0	0	0	0	0	0	0.015912513563743513	1.3159668761797814e-6	0	1.6988625605435157e-6	1.6988625605435157e-6	1.6988625605435157e-6	0	0	0
9.772372209558111e-9	0	0	0	0	0	0	0.007796420080309152	0	0	0	0	0	0	0	0.008254515328167978	2.188760618271445e-6	0	2.7147050782067764e-6	2.7147050782067764e-6	2.7147050782067764e-6	0	0	0
1.0471285480509006e-8	0	0	0	0	0	0	0.013208847761383898	0	0	0	0	0	0	0	0.004777891652454487	2.7508486908088913e-6	0	3.305893993659608e-6	3.305893993659608e-6	3.305893993659608e-6	0	0	0
1.1220184543019653e-8	0	0	0	0	0	0	0.022378688857988667	0	0	0	0	0	0	0	0.0027655468231665113	3.4572846644605456e-6	0	4.025827772250682e-6	4.025827772250682e-6	4.025827772250682e-6	0	0	0
1.202264434617413e-8	0	0	0	0	0	0	0.013204225084609666	0	0	0	0	0	0	0	0.002608794961766319	5.1190910979754694e-6	0	5.9226788131958935e-6	5.9226788131958935e-6	5.9226788131958935e-6	0	0	0
1.288249551693135e-8	0	0	0	0	0	0	0.007790964036876315	0	0	0	0	0	0	0	0.0024609278337022903	7.579674864135277e-6	0	8.713269992836583e-6	8.713269992836583e-6	8.713269992836583e-6	0	0	0
1.3803842646028866e-8	0	0	0	0	0	0	0.0073584247192857236	0	0	0	0	0	0	0	0.0037334426193451333	0.00001252748926374187	0	0.00001435179361188855	0.00001435179361188855	0.00001435179361188855	0	0	0
1.4791083881682102e-8	0	0	0	0	0	0	0.006949899151518257	0	0	0	0	0	0	0	0.005663958772400606	0.000020705108077359893	0	0.000023639113679202453	0.000023639113679202453	0.000023639113679202453	0	0	0
1.5848931924611173e-8	0	0	0	0	0	0	0.01041727369173891	0	0	0	0	0	0	0	0.009518883096880041	0.000026666256033688003	0	0.00003298004778796298	0.00003298004778796298	0.00003298004778796298	0	0	0
1.698243652461746e-8	0	0	0	0	0	0	0.015614556240702359	0	0	0	0	0	0	0	0.015997492046302495	0.000034343660907123055	0	0.00004601202764438757	0.00004601202764438757	0.00004601202764438757	0	0	0
1.8197008586099862e-8	0	0	0	0	0	0	0.009917599154692504	0	0	0	0	0	0	0	0.011136352846735503	0.000031191022240357464	0	0.00005819328340221524	0.00005819328340221524	0.00005819328340221524	0	0	0
1.9498445997580494e-8	0	0	0	0	0	0	0.006299171841769616	0	0	0	0	0	0	0	0.00775236233079806	0.00002832778576021597	0	0.00007359941316438718	0.00007359941316438718	0.00007359941316438718	0	0	0
2.0892961308540408e-8	0	0	0	0	0	0	0.006908327955145256	0	0	0	0	0	0	0	0.009771228113109284	0.00003551975591205737	0	0.00006732727734829494	0.00006732727734829494	0.00006732727734829494	0	0	0
2.2387211385683424e-8	0	0	0	0	0	0	0.00757639199797311	0	0	0	0	0	0	0	0.012315845772469842	0.00004453765185643238	0	0.0000615896524203212	0.0000615896524203212	0.0000615896524203212	0	0	0
2.3988329190194947e-8	0	0	0	0	0	0	0.007151321406400894	0	0	0	0	0	0	0	0.006866757452974062	0.00003713218226507791	0	0.000060953368763666275	0.000060953368763666275	0.000060953368763666275	0	0	0
2.5703957827688646e-8	0	0	0	0	0	0	0.006750099238704804	0	0	0	0	0	0	0	0.003828592756770148	0.00003095805239601663	0	0.00006032365856336033	0.00006032365856336033	0.00006032365856336033	0	0	0
2.754228703338169e-8	0	0	0	0	0	0	0.005669277728744626	0	0	0	0	0	0	0	0.0032347239320005294	0.000030288962399502585	0	0.00006786735366464175	0.00006786735366464175	0.00006786735366464175	0	0	0
2.95120922666639e-8	0	0	0	0	0	0	0.004761516657613977	0	0	0	0	0	0	0	0.0027329725517958284	0.000029634333306979155	0	0.00007635441554997432	0.00007635441554997432	0.00007635441554997432	0	0	0
3.162277660168386e-8	0	0	0	0	0	0	0.006648288726972582	0	0	0	0	0	0	0	0.003952285333104606	0.00003201349093882053	0	0.00009929843066225932	0.00009929843066225932	0.00009929843066225932	0	0	0
3.3884415613920346e-8	0	0	0	0	0	0	0.009282702587318146	0	0	0	0	0	0	0	0.005715593207846092	0.000034583656445835655	0	0.00012913697604736548	0.00012913697604736548	0.00012913697604736548	0	0	0
3.6307805477010175e-8	0	0	0	0	0	0	0.012556397682418778	0	0	0	0	0	0	0	0.006691931320046546	0.00003650984054254779	0	0.00013114021392105922	0.00013114021392105922	0.00013114021392105922	0	0	0
3.890451449942813e-8	0	0	0	0	0	0	0.016984614262494396	0	0	0	0	0	0	0	0.007835047590641468	0.00003854330609980345	0	0.00013317452703053332	0.00013317452703053332	0.00013317452703053332	0	0	0
4.1686938347033635e-8	0	0	0	0	0	0	0.020711897911538997	0	0	0	0	0	0	0	0.010210043650293302	0.000041449818782146354	0	0.00012301507231963251	0.00012301507231963251	0.00012301507231963251	0	0	0
4.4668359215096346e-8	0	0	0	0	0	0	0.02525713616265604	0	0	0	0	0	0	0	0.013304959559583125	0.000044575508718011346	0	0.00011363064960865193	0.00011363064960865193	0.00011363064960865193	0	0	0
4.78630092322639e-8	0	0	0	0	0	0	0.023636154236642455	0	0	0	0	0	0	0	0.014248861225666437	0.00005227927598731727	0	0.00011841049755347581	0.00011841049755347581	0.00011841049755347581	0	0	0
5.128613839913659e-8	0	0	0	0	0	0	0.022119205578198877	0	0	0	0	0	0	0	0.015259726669523146	0.00006131444769476553	0	0.0001233914087365574	0.0001233914087365574	0.0001233914087365574	0	0	0
5.495408738576248e-8	0	0	0	0	0	0	0.019234298649751822	0	0	0	0	0	0	0	0.010508562096674346	0.00006984505094583522	0	0.00014027529235806084	0.00014027529235806084	0.00014027529235806084	0	0	0
5.888436553555896e-8	0	0	0	0	0	0	0.01672565695182491	0	0	0	0	0	0	0	0.007236687768478389	0.00007956250647337697	0	0.00015946943022711218	0.00015946943022711218	0.00015946943022711218	0	0	0
6.309573444801943e-8	0	0	0	0	0	0	0.018942264455770647	0	0	0	0	0	0	0	0.009022517710451814	0.00008215230023125318	0	0.00016874163194027873	0.00016874163194027873	0.00016874163194027873	0	0	0
6.760829753919818e-8	0	0	0	0	0	0	0.021452633145940536	0	0	0	0	0	0	0	0.011249044927709078	0.000084826392888267	0	0.00017855295719886174	0.00017855295719886174	0.00017855295719886174	0	0	0
7.244359600749906e-8	0	0	0	0	0	0	0.021325299277285097	0	0	0	0	0	0	0	0.01414357534699146	0.00008997100398937035	0	0.000195241090945736	0.000195241090945736	0.000195241090945736	0	0	0
7.762471166286928e-8	0	0	0	0	0	0	0.021198721209281058	0	0	0	0	0	0	0	0.017782907338495465	0.00009542762910498483	0	0.00021348895135478611	0.00021348895135478611	0.00021348895135478611	0	0	0
8.317637711026726e-8	0	0	0	0	0	0	0.019263660663244735	0	0	0	0	0	0	0	0.01952221256048029	0.0000911094926153644	0	0.00019978649756783505	0.00019978649756783505	0.00019978649756783505	0	0	0
8.912509381337478e-8	0	0	0	0	0	0	0.017505236211426536	0	0	0	0	0	0	0	0.021431635221511532	0.00008698675344324949	0	0.0001869635143042633	0.0001869635143042633	0.0001869635143042633	0	0	0
9.549925860214369e-8	0	0	0	0	0	0	0.016750538074538898	0	0	0	0	0	0	0	0.021188965660416885	0.00008452215015241462	0	0.00018996962190734546	0.00018996962190734508	0.00018996962190734508	0	0	0
1.0232929922807557e-7	0	0	0	0	0	0	0.016028377018039237	0	0	0	0	0	0	0	0.020949043837200195	0.00008212737668210736	0	0.00019302406344849662	0.00019302406344849583	0.00019302406344849583	0	0	0
1.0964781961431874e-7	0	0	0	0	0	0	0.016036215635254973	0	0	0	0	0	0	0	0.022247307214756675	0.00009017729246184114	0	0.00020248529371962208	0.00020248529371962083	0.00020248529371962083	0	0	0
1.1748975549395303e-7	0	0	0	0	0	0	0.016044058085916944	0	0	0	0	0	0	0	0.02362602714253099	0.00009901624043374617	0	0.00021241027382920826	0.0002124102738292061	0.0002124102738292061	0	0	0
1.2589254117941688e-7	0	0	0	0	0	0	0.019457336559243033	0	0	0	0	0	0	0	0.024162796636008687	0.00010300796525197083	0	0.00022081643733787043	0.00022081643733786637	0.00022081643733786637	0	0	0
1.3489628825916562e-7	0	0	0	0	0	0	0.023596769841663034	0	0	0	0	0	0	0	0.02471176121786874	0.00010716061182358292	0	0.00022955527583282446	0.0002295552758328188	0.0002295552758328188	0	0	0
1.445439770745928e-7	0	0	0	0	0	0	0.024936748324217328	0	0	0	0	0	0	0	0.025543320462259968	0.00011697326758413853	0	0.00025377243754788197	0.00025377243754787156	0.00025377243754787156	0	0	0
1.5488166189124826e-7	0	0	0	0	0	0	0.026352819523942774	0	0	0	0	0	0	0	0.026402861960560162	0.00012768446443583515	0	0.0002805444127796678	0.00028054441277965174	0.00028054441277965174	0	0	0
1.659586907437563e-7	0	0	0	0	0	0	0.027647454969842656	0	0	0	0	0	0	0	0.028321964170773435	0.00013463796177994782	0	0.0002906244570108928	0.0002906244570108625	0.0002906244570108625	0	0	0
1.7782794100389227e-7	0	0	0	0	0	0	0.029005691994930763	0	0	0	0	0	0	0	0.030380557065699223	0.00014197013577457021	0	0.00030106668023081065	0.00030106668023076446	0.00030106668023076446	0	0	0
1.9054607179632522e-7	0	0	0	0	0	0	0.03117735437188833	0	0	0	0	0	0	0	0.03115645585615687	0.0001445771174907024	0	0.0002986805205211861	0.0002986805205210963	0.00029868052052109693	0	0	0
2.0417379446695318e-7	0	0	0	0	0	0	0.03351160957649908	0	0	0	0	0	0	0	0.03195217057466797	0.0001472319709203555	0	0.0002963132727620837	0.0002963132727619503	0.00029631327276195157	0	0	0
2.1877616239495564e-7	0	0	0	0	0	0	0.033354067381610356	0	0	0	0	0	0	0	0.03213152426109055	0.0001591180807512898	0	0.00030323728396017296	0.0003032372839599168	0.00030323728395991806	0	0	0
2.3442288153199275e-7	0	0	0	0	0	0	0.03319726581194029	0	0	0	0	0	0	0	0.032311884694292914	0.00017196376210755094	0	0.0003103230899055046	0.00031032308990512	0.0003103230899051219	0	0	0
2.5118864315095823e-7	0	0	0	0	0	0	0.033480045839650495	0	0	0	0	0	0	0	0.034345086010177335	0.0001747558111352788	0	0.0003183912812766636	0.0003183912812759239	0.0003183912812759278	0	0	0
2.6915348039269196e-7	0	0	0	0	0	0	0.033765234636339445	0	0	0	0	0	0	0	0.03650622500688796	0.00017759319260792189	0	0.00032666924019048667	0.0003266692401893737	0.00032666924018937964	0	0	0
2.8840315031266115e-7	0	0	0	0	0	0	0.03536534676424027	0	0	0	0	0	0	0	0.041411949957216025	0.0001782561919447815	0	0.00032187466488090385	0.0003218746648787224	0.00032187466487873485	0	0	0
3.090295432513592e-7	0.00021874292301408122	0.00002939445918889919	0	0	0	0	0.03704128714713229	0	0	0	0	0	0	0	0.04697690870352553	0.00017892166642223642	0	0.00031715046029978455	0.00031715046029656615	0.00031715046029658496	0	0	0
3.3113112148259143e-7	0.0002331128908984218	0.00003219465164399806	0	0	0	0	0.03676087172006666	0	0	0	0	0	0	0	0.044239161703485366	0.0001909375132163569	0	0.0003409225895953956	0.00034092258958933673	0.0003409225895893709	0	0	0
3.5481338923357606e-7	0.00024842687093250965	0.00003526159769831079	0	0	0	0	0.03648257913531535	0	0	0	0	0	0	0	0.04166096668000305	0.000203760308531954	0	0.0003664765675779417	0.0003664765675686354	0.00036647656756868706	0	0	0
3.8018939632056126e-7	0.00025512972466532204	0.000036657970628547295	0	0	0	0	0.04015664592102117	0	0	0	0	0	0	0	0.0445048041338443	0.00020741974020486068	0	0.00037786041475619027	0.0003778604147383417	0.00037786041473844215	0	0	0
4.0738027780411303e-7	0.00026201342939865066	0.00003810964046781718	0	0	0	0	0.04420071853048612	0	0	0	0	0	0	0	0.04754276601897844	0.00021114489341237384	0	0.0003895978779307729	0.0003895978779038604	0.0003895978779040126	0	0	0
4.365158322401665e-7	0.0002674477407420901	0.00003843165465384506	0	0	0	0	0.046184901647768825	0	0	0	0	0	0	0	0.049833430762576875	0.0002161663787752002	0	0.0003961166111778828	0.00039611661112593026	0.0003961166111262243	0	0	0
4.677351412871981e-7	0.00027299476287232215	0.00003875638975601743	0	0	0	0	0.04825815532258574	0	0	0	0	0	0	0	0.05223446234864061	0.0002213072859949409	0	0.0004027444155610412	0.0004027444154832181	0.0004027444154836588	0	0	0
5.011872336272736e-7	0.0002825632100995704	0.00004159098684298436	0	0	0	0	0.04874895986988064	0	0	0	0	0	0	0	0.052114947351481124	0.0002261759786960179	0	0.0004218635106391656	0.0004218635104909855	0.00042186351049182413	0	0	0
5.370317963702533e-7	0.00029246703072877345	0.00004463290305064371	0	0	0	0	0.049244756093754	0	0	0	0	0	0	0	0.0519957058104635	0.00023115178114954088	0	0.00044189022797717095	0.0004418902277521303	0.00044189022775340366	0	0	0
5.754399373371578e-7	0.0003051929156027849	0.00004643663172996278	0	0	0	0	0.051383386073811425	0	0	0	0	0	0	0	0.05061318324086159	0.0002407168163586319	0	0.00046065513859235523	0.00046065513816293425	0.00046065513816536573	0	0	0
6.165950018614835e-7	0.00031847253176549506	0.000048313253654539135	0	0	0	0	0.05361489372358267	0	0	0	0	0	0	0	0.04926742079645993	0.00025067765166970137	0	0.00048021690292392394	0.0004802169022731713	0.00048021690227685615	0	0	0
6.606934480075964e-7	0.00033053117390972035	0.00005212900862598996	0	0	0	0	0.055494261935800517	0	0	0	0	0	0	0	0.05132945053079527	0.0002573636812555188	0	0.0005051362299008218	0.0005051362286640868	0.0005051362286710888	0	0	0
7.079457843841387e-7	0.0003430464044119952	0.000056246129887243325	0	0	0	0	0.05743950782923344	0	0	0	0	0	0	0	0.05347778408531331	0.0002642280394291647	0	0.0005313486659982059	0.0005313486641164245	0.0005313486641270782	0	0	0
7.585775750291852e-7	0.0003615855005613297	0.00005864710836512484	0	0	0	0	0.060580062111757205	0	0	0	0	0	0	0	0.05544448322601333	0.00027971808614740814	0	0.0005579332858542938	0.0005579332822751941	0.0005579332822954589	0	0	0
8.128305161640995e-7	0.0003811264964000744	0.00006115057740836255	0	0	0	0	0.06389232888929025	0	0	0	0	0	0	0	0.057483509699944764	0.0002961162179721807	0	0.0005858479965868932	0.0005858479911453442	0.0005858479911761551	0	0	0
8.709635899560814e-7	0.00039101864454124636	0.00006190319557102016	0	0	0	0	0.06506109273260903	0	0	0	0	0	0	0	0.06046356119590225	0.0003051347190691232	0	0.0005982719265203788	0.0005982719160376215	0.0005982719160969773	0	0	0
9.332543007969924e-7	0.00040116754364507835	0.00006266507667317472	0	0	0	0	0.06625123643396663	0	0	0	0	0	0	0	0.0635981040749519	0.00031442788719576145	0	0.0006109593275861207	0.000610959311850787	0.0006109593119398833	0	0	0
1.e-6	0.0004132502921152852	0.00006387580724794856	0	0	0	0	0.07062746845312703	0	0	0	0	0	0	0	0.06750008578075649	0.00032559682657238843	0	0.000627103221078551	0.0006271031908377395	0.0006271031910089677	0	0	0
1.0715193052376091e-6	0.00042569696038136356	0.00006510992993524337	0	0	0	0	0.07529277291404612	0	0	0	0	0	0	0	0.07164146866767918	0.00033716250304479555	0	0.0006436736982817549	0.0006436736527798729	0.0006436736530375099	0	0	0
1.148153621496884e-6	0.0004422327746559724	0.00006870988165274713	0	0	0	0	0.07722003684949856	0	0	0	0	0	0	0	0.07386899066148292	0.0003492560677243299	0	0.00067228020613103	0.0006722801193794753	0.0006722801198706707	0	0	0
1.2302687708123837e-6	0.00045941090771406087	0.00007250887601061662	0	0	0	0	0.07919663282749784	0	0	0	0	0	0	0	0.0761657721822775	0.0003617834122736208	0	0.00070215806046147	0.0007021579288836352	0.0007021579296286385	0	0	0
1.3182567385564101e-6	0.0004805512796643925	0.0000767871177263839	0	0	0	0	0.08245527312216336	0	0	0	0	0	0	0	0.07723476551716157	0.0003767579275500621	0	0.0007376340325765306	0.000737633782371343	0.000737633783788014	0	0	0
1.4125375446227554e-6	0.0005026644524748967	0.00008131778856787366	0	0	0	0	0.08584799407393354	0	0	0	0	0	0	0	0.07831876226784877	0.0003923522504245206	0	0.0007749023996926226	0.0007749020192088729	0.0007749020213631806	0	0	0
1.5135612484362104e-6	0.0005173385340863141	0.00008356891841399687	0	0	0	0	0.08873987116826482	0	0	0	0	0	0	0	0.08369535333887808	0.00040345224887431075	0	0.0007971131907488898	0.0007971124602601206	0.0007971124643961443	0	0	0
1.6218100973589331e-6	0.0005324409902726182	0.00008588236655078402	0	0	0	0	0.09172916408714711	0	0	0	0	0	0	0	0.08944104793897308	0.00041486627627500576	0	0.0008199606029325942	0.0008199595026873681	0.0008199595089169389	0	0	0
1.7378008287493763e-6	0.0005491502307094318	0.00008752228076905348	0	0	0	0	0.0941419717625199	0	0	0	0	0	0	0	0.09193701409829	0.0004295659138554717	0	0.0008421740686364717	0.0008421719547790966	0.0008421719667476834	0	0	0
1.8620871366628694e-6	0.000566383846093098	0.0000891935089665638	0	0	0	0	0.09661824497730248	0	0	0	0	0	0	0	0.09450263336668906	0.00044478639238483	0	0.0008649893169830949	0.0008649861354029228	0.0008649861534168883	0	0	0
1.995262314968883e-6	0.0005813637153452281	0.00009068167586974856	0	0	0	0	0.1001341037891703	0	0	0	0	0	0	0	0.09745571100315464	0.0004574503945306286	0	0.0008849614501711564	0.0008849553263732263	0.0008849553610458173	0	0	0
2.1379620895022326e-6	0.0005967397761278197	0.00009219467239066479	0	0	0	0	0.10377790182398645	0	0	0	0	0	0	0	0.10050106826418057	0.0004704749673977779	0	0.0009053947290592317	0.000905385528880812	0.0009053855809715963	0	0	0
2.2908676527677747e-6	0.0006110998811475718	0.00009547339875811907	0	0	0	0	0.10805158637514806	0	0	0	0	0	0	0	0.1034049542227643	0.00047995888779027744	0	0.0009307474898797018	0.0009307298212002301	0.0009307299212390717	0	0	0
2.4547089156850335e-6	0.0006258055515618678	0.0000988687267286143	0	0	0	0	0.11250126580885961	0	0	0	0	0	0	0	0.10639274529605064	0.0004896339867836448	0	0.0009568101758417555	0.0009567835716815903	0.0009567837223120758	0	0	0
2.6302679918953817e-6	0.0006488135287287032	0.00010206907972048122	0	0	0	0	0.11433775322742697	0	0	0	0	0	0	0	0.10959258144572032	0.0005075014334828028	0	0.000990532774471789	0.0009905107836900614	0.0009905110720330854	0	0	0
2.8183829312644606e-6	0.0006726674028550461	0.00010537302724230125	0	0	0	0	0.11620421974013397	0	0	0	0	0	0	0	0.1128886549032647	0.0005260208889480269	0	0.0010254439198868317	0.0010254269007587058	0.0010254273363360141	0	0	0
3.0199517204020193e-6	0.0006987179188656993	0.00010975793297656978	0	0	0	0	0.11922435149123493	0	0	0	0	0	0	0	0.11785528590035697	0.0005458752135769335	0	0.0010661734186915971	0.0010661616113768978	0.0010661622678612523	0	0	0
3.2359365692962877e-6	0.0007257772980701673	0.0001143253085401822	0	0	0	0	0.12232297605278937	0	0	0	0	0	0	0	0.12304042799125521	0.0005664789270889634	0	0.0011085206481598459	0.0011085144935565304	0.0011085153878115143	0	0	0
3.4673685045253236e-6	0.0007532788190311878	0.00011868291839126648	0	0	0	0	0.12654321395632565	0	0	0	0	0	0	0	0.12945084889640762	0.0005886629883140323	0	0.0011506102003755855	0.0011506053048479165	0.0011506059920322314	0	0	0
3.7153522909717276e-6	0.0007818224415530807	0.00012320662238070576	0	0	0	0	0.13090905335303243	0	0	0	0	0	0	0	0.13619525349173384	0.0006117158066082542	0	0.0011942978558009058	0.0011942943238356903	0.0011942947869349489	0	0	0
3.981071705534978e-6	0.0008074399768928744	0.00012815476535271182	0	0	0	0	0.13598956588527783	0	0	0	0	0	0	0	0.14174684705444954	0.0006304197140724999	0	0.001236488236623895	0.0012364837162535827	0.0012364840855349274	0	0	0
4.265795188015934e-6	0.0008338969075761658	0.00013330163237378455	0	0	0	0	0.14126725047651417	0	0	0	0	0	0	0	0.1475247347815747	0.0006496955148091613	0	0.0012801690565574747	0.0012801634823566366	0.0012801637506137861	0	0	0
4.570881896148752e-6	0.0008584246667131812	0.00013711980679504822	0	0	0	0	0.1470596112514284	0	0	0	0	0	0	0	0.15024680477273106	0.0006687969490393892	0	0.0013174806004097735	0.0013174705613547147	0.001317470813805123	0	0	0
4.897788193684467e-6	0.0008836738711065848	0.00014104734563782434	0	0	0	0	0.15308947536298786	0	0	0	0	0	0	0	0.15301910135841615	0.0006884599767874062	0	0.001355879618840148	0.0013558648594170434	0.0013558650949115913	0	0	0
5.248074602497734e-6	0.0009167439453758188	0.00014498643674069653	0	0	0	0	0.15907329347220406	0	0	0	0	0	0	0	0.15864099209298343	0.0007160207440119256	0	0.0014021513887878987	0.001402130419931633	0.0014021307391861163	0	0	0
5.623413251903491e-6	0.0009510516140200095	0.00014903553656898358	0	0	0	0	0.16529100146235043	0	0	0	0	0	0	0	0.16446942995239303	0.0007446848373782953	0	0.0014500022640370044	0.0014499746791453406	0.0014499750876017668	0	0	0
6.0255958607435935e-6	0.0009910978083947674	0.00015416467421173138	0	0	0	0	0.1698530603830973	0	0	0	0	0	0	0	0.16979160848318048	0.0007778390735375325	0	0.0015072227616181716	0.0015072030346441512	0.001507203748949839	0	0	0
6.4565422903465625e-6	0.0010328302389950507	0.00015947033386771203	0	0	0	0	0.17454103288300085	0	0	0	0	0	0	0	0.17528601102132246	0.0008124693748993002	0	0.0015667013145311522	0.0015666901086710974	0.0015666911523326613	0	0	0
6.9183097091893625e-6	0.0010716071470115104	0.000165770135048007	0	0	0	0	0.1793523398332024	0	0	0	0	0	0	0	0.17930236994150156	0.0008432929433444282	0	0.001626558460537117	0.0016265480978078248	0.0016265500596160786	0	0	0
7.413102413009192e-6	0.001111839907634292	0.00017231880693640775	0	0	0	0	0.1842962727578635	0	0	0	0	0	0	0	0.18341075639360943	0.0008752859003241272	0	0.001688702499325241	0.0016886930605098341	0.0016886960091004122	0	0	0
7.943282347242822e-6	0.0011449867604946516	0.00017911085618780515	0	0	0	0	0.19052791254470078	0	0	0	0	0	0	0	0.18848130163834959	0.0008982070645105441	0	0.001744575324200288	0.0017445611150409006	0.0017445666589534952	0	0	0
8.511380382023777e-6	0.001179121807650793	0.000186170618139015	0	0	0	0	0.19697026377920773	0	0	0	0	0	0	0	0.19369202638828664	0.0009217284665934789	0	0.0018022967710562738	0.001802277486231801	0.0018022857939680227	0	0	0
9.120108393559115e-6	0.001214129347097645	0.00019161776905517224	0	0	0	0	0.20292465882965205	0	0	0	0	0	0	0	0.200702912952195	0.0009488123117914098	0	0.001855453678135725	0.0018554232924810512	0.001855430299071578	0	0	0
9.772372209558111e-6	0.0012501762429622668	0.00019722429771524975	0	0	0	0	0.2090590547580783	0	0	0	0	0	0	0	0.20796756592728902	0.0009766919821127772	0	0.0019101783940331347	0.0019101362695702225	0.0019101418910556602	0	0	0
0.000010471285480509006	0.0012875503722807762	0.0002042741568964052	0	0	0	0	0.21576857557579507	0	0	0	0	0	0	0	0.21530625044311807	0.001004118310540687	0	0.0019709033357147307	0.0019708510113656146	0.0019708553272123745	0	0	0
0.000011220184543019652	0.0013260418044997125	0.0002115760160342066	0	0	0	0	0.22269343109716852	0	0	0	0	0	0	0	0.2229038998133103	0.0010323147932289009	0	0.002033558735071764	0.0020334956049365004	0.0020334985264653274	0	0	0
0.000012022644346174132	0.0013765750668917388	0.0002192603191239869	0	0	0	0	0.23080663185459	0	0	0	0	0	0	0	0.22980155653324033	0.0010729931645122913	0	0.0021090694899885704	0.002108995511065377	0.0021089982126707213	0	0	0
0.000012882495516931348	0.0014290340684266075	0.00022722371109672347	0	0	0	0	0.23921541396888238	0	0	0	0	0	0	0	0.23691265800790812	0.0011152744672862684	0	0.002187384134465947	0.002187298588153466	0.002187301049477356	0	0	0
0.000013803842646028866	0.0014800659869142275	0.00023486131673865128	0	0	0	0	0.24666482585822033	0	0	0	0	0	0	0	0.24579066857965218	0.0011560347780060513	0	0.002261811308996178	0.0022617052928559805	0.002261708776391898	0	0	0
0.000014791083881682102	0.0015329202949179914	0.00024275564303556624	0	0	0	0	0.25434622002903395	0	0	0	0	0	0	0	0.2550013716819447	0.0011982847694983264	0	0.002338770916774525	0.002338643136989867	0.0023386477094364247	0	0	0
0.00001584893192461114	0.001585618449746624	0.0002517086896522312	0	0	0	0	0.26285050500379004	0	0	0	0	0	0	0	0.2633044518171872	0.0012400005653437128	0	0.0024151372625500277	0.002414988643428801	0.002414996860367785	0	0	0
0.00001698243652461746	0.0016401282418349108	0.00026099193268665336	0	0	0	0	0.27163913807274576	0	0	0	0	0	0	0	0.27187788790886175	0.001283168609992822	0	0.0024939971482978744	0.002493826465288268	0.002493838559802472	0	0	0
0.000018197008586099864	0.0016965351691834453	0.00027342267304956194	0	0	0	0	0.2793945698579671	0	0	0	0	0	0	0	0.2803627967004203	0.0013245549971830663	0	0.002573838266557549	0.002573662953378694	0.002573684375571749	0	0	0
0.000019498445997580493	0.00175488203108817	0.0002864454750305444	0	0	0	0	0.2873714230576521	0	0	0	0	0	0	0	0.28911250700914276	0.0013672762308084032	0	0.0026562353637482146	0.002656055298871141	0.0026560866336058442	0	0	0
0.00002089296130854041	0.0018102679372375267	0.00029051641506219045	0	0	0	0	0.296001019099715	0	0	0	0	0	0	0	0.2968917250926261	0.0014153533252553572	0	0.0027417812777282306	0.0027415559707677064	0.0027416125692728208	0	0	0
0.000022387211385683423	0.001867401880317949	0.0002946452109658484	0	0	0	0	0.30488975687221664	0	0	0	0	0	0	0	0.3048802604229384	0.001465120939114843	0	0.002830082257580269	0.0028298089817808277	0.002829892438331581	0	0	0
0.000023988329190194948	0.001930516618966133	0.0003040175642431454	0	0	0	0	0.31392691985895016	0	0	0	0	0	0	0	0.31392613745403686	0.0015155689128443718	0	0.002920874708510644	0.002920638824470642	0.002920734115654905	0	0	0
0.000025703957827688645	0.001995764519349143	0.0003136880421893168	0	0	0	0	0.32323195119156317	0	0	0	0	0	0	0	0.32324040802149745	0.001567753943212349	0	0.0030145798907313844	0.0030143840796056733	0.0030144918791966163	0	0	0
0.00002754228703338169	0.002059909206992633	0.00032376488706891836	0	0	0	0	0.3323115321416619	0	0	0	0	0	0	0	0.3310127726102285	0.0016189162572668547	0	0.003110571750247683	0.00311036537517754	0.0031105243465275813	0	0	0
0.0000295120922666639	0.0021261155311232895	0.00033416543827158817	0	0	0	0	0.3416461583925903	0	0	0	0	0	0	0	0.3389720248831756	0.0016717482098451497	0	0.0032096202337140514	0.003209402820482277	0.0032096161137841217	0	0	0
0.000031622776601683856	0.0021939117355462808	0.00034552175750795247	0	0	0	0	0.3506176494438076	0	0	0	0	0	0	0	0.34814685998806444	0.0017253607551527155	0	0.0033094528876532565	0.003309171461395903	0.003309441930700098	0	0	0
0.000033884415613920276	0.002263869781725682	0.0003572640112899861	0	0	0	0	0.35982472825067224	0	0	0	0	0	0	0	0.35757002708799074	0.0017806926413259754	0	0.003412390755937695	0.0034120415458697303	0.003412372540641034	0	0	0
0.000036307805477010174	0.0023330690171410383	0.00036681091931032434	0	0	0	0	0.36869666159599906	0	0	0	0	0	0	0	0.3659455950380297	0.0018367740034274387	0	0.003516624007450582	0.003516302533360863	0.0035166235331080017	0	0	0
0.00003890451449942813	0.002404383451151602	0.00037661294245524266	0	0	0	0	0.3777873436684234	0	0	0	0	0	0	0	0.37451734872280795	0.0018946215991293258	0	0.0036240411178758655	0.0036237494004394536	0.0036240594853942276	0	0	0
0.00004168693834703355	0.002473078575355556	0.0003850432188050576	0	0	0	0	0.3874468217111436	0	0	0	0	0	0	0	0.3842099832627393	0.0019508693039446113	0	0.0037301363282986775	0.0037298698953572075	0.0037301287857415136	0	0	0
0.00004466835921509635	0.0025437363732283497	0.00039366220231631607	0	0	0	0	0.3973532786895553	0	0	0	0	0	0	0	0.3941534664339672	0.00200878689592809	0	0.003839337517188202	0.0038390980995001486	0.0038393025319516313	0	0	0
0.0000478630092322639	0.002620824058667423	0.0004061876162113068	0	0	0	0	0.40672412003343705	0	0	0	0	0	0	0	0.4031458818799541	0.0020699647365595903	0	0.003950142598721646	0.003949870701190222	0.003950074921753408	0	0	0
0.00005128613839913659	0.0027002478789783695	0.00041911155958745597	0	0	0	0	0.41631595531948956	0	0	0	0	0	0	0	0.41234345481519236	0.002133005755506279	0	0.004064145566879719	0.004063839514325583	0.004064043340583967	0	0	0
0.00005495408738576248	0.002779251607600223	0.00042901860833222935	0	0	0	0	0.42517186901735143	0	0	0	0	0	0	0	0.4218173368355111	0.0021990983961565425	0	0.00418097236007317	0.004180647102321977	0.004180903755489333	0	0	0
0.00005888436553555896	0.0028605668236913453	0.000439159842015563	0	0	0	0	0.43421616657709156	0	0	0	0	0	0	0	0.4315088879845317	0.002267238962433292	0	0.004301157423629564	0.004300812109469771	0.004301124458518488	0	0	0
0.00006309573444801943	0.0029398985820364276	0.0004500526479761453	0.002933843397917332	0.00044371878747667535	0	0	0.44316931616564265	0	0	0	0	0	0	0	0.44014842419374894	0.002332569641084822	0	0.004419711995018168	0.004419337563908907	0.004419681015872712	0	0	0
0.00006760829753919819	0.0030214304385683616	0.00046121563624927994	0.0030160149449664038	0.00045555368155392856	0	0	0.45230707170331746	0	0	0	0	0	0	0	0.44896093849910645	0.002399782828657474	0	0.004541534334826506	0.004541129444081729	0.004541505476173558	0	0	0
0.00007244359600749906	0.0031054547514316366	0.00047369525281275266	0.00309874121990924	0.00046667026144746787	0	0	0.4603636283097536	0	0	0	0	0	0	0	0.4574311834454814	0.0024688141708041227	0	0.004661518335919493	0.004661076615255322	0.004661415670074735	0	0	0
0.00007762471166286927	0.003191815734059698	0.00048651254402845416	0.0031837365938754115	0.00047805811200247897	0	0	0.468563689425437	0	0	0	0	0	0	0	0.4660612308229822	0.0025398312452185835	0	0.0047846722261858455	0.0047841920123184965	0.004784491874603221	0	0	0
0.00008317637711026725	0.0032764269528991457	0.0004964203148323902	0.0032696760327946255	0.0004893703541513577	0	0	0.4758590836164203	0	0	0	0	0	0	0	0.47336620455551653	0.0026117416538614887	0	0.004908525662384723	0.004908008628030977	0.004908336681800145	0	0	0
0.00008912509381337459	0.0033632811139852658	0.0005065298562247901	0.003357935257583052	0.0005009502767751043	0	0	0.48326806487700247	0	0	0	0	0	0	0	0.4807856753491754	0.002685688066621177	0	0.005035585101614348	0.005035029662438836	0.005035387166145593	0	0	0
0.00009549925860214369	0.003453615267059597	0.0005192164498778461	0.003447145076440517	0.0005124530354854748	0	0	0.4903976735113462	0	0	0	0	0	0	0	0.4874155388826177	0.0027606704748809885	0	0.0051633043751327665	0.005162755805026094	0.005163118907798189	0	0	0
0.00010232929922807557	0.0035463756993937036	0.0005322207931295483	0.0035387249206767055	0.000524219919128165	0	0	0.4976324645961211	0	0	0	0	0	0	0	0.4941368258771275	0.0028377463360694244	0	0.005294263036428157	0.005293722041236215	0.005294090797087355	0	0	0
0.00010964781961431851	0.003635136367848489	0.000544645348750401	0.003626463279147869	0.0005355663529401889	0	0	0.5041565344653676	0	0	0	0	0	0	0	0.5005395304408166	0.002911820891849575	0	0.005419952238229656	0.005419451969889936	0.005419842894203229	0	0	0
0.00011748975549395303	0.0037261185878060842	0.0005573599523820942	0.0037163770029609976	0.0005471583736815767	0	0	0.5107661363098901	0	0	0	0	0	0	0	0.5070251970983686	0.002987829038290829	0	0.0055486253823363915	0.005548168080068883	0.005548582017899323	0	0	0
0.00012589254117941688	0.0038148946402784298	0.0005694796982843671	0.0038046912107975194	0.0005587905063112007	0	0	0.5158734790058463	0	0	0	0	0	0	0	0.5120640881163433	0.003062978280412979	0	0.005675852231848547	0.005675428406445096	0.005675829330070572	0	0	0
0.0001348962882591656	0.003905785812628685	0.0005818629870553138	0.003895104075282578	0.0005706699284204717	0	0	0.5210318919422883	0	0	0	0	0	0	0	0.5171530563747307	0.0031400176603305387	0	0.005805996321239289	0.005805607748690245	0.005805994843397091	0	0	0
0.0001445439770745928	0.003993028517666317	0.0005907169984124463	0.003984298311147287	0.000581584678095212	0	0	0.5252930026490653	0	0	0	0	0	0	0	0.5211948234775629	0.003218076792680751	0	0.005912816680674371	0.005912437221354899	0.005912832593958641	0	0	0
0.00015488166189124827	0.004082219944407433	0.0005997057382518076	0.004075535011489882	0.000592708185502799	0	0	0.5295889616342976	0	0	0	0	0	0	0	0.5252681786781763	0.0032980764326338966	0	0.006021602351239248	0.0060212324720610114	0.006021636296136203	0	0	0
0.00016595869074375631	0.004160565291485042	0.0006120488307997453	0.0041524844111078185	0.0006035837628237474	0	0	0.5322491846218842	0	0	0	0	0	0	0	0.5280103941338892	0.0033666013978108198	0	0.0061478257863252775	0.006147456365080701	0.006147888816893982	0	0	0
0.00017782794100389227	0.004240414230601355	0.0006246459678297144	0.004230886677670783	0.0006146588956510232	0	0	0.5349227703999663	0	0	0	0	0	0	0	0.5307669256017082	0.0034365501234579388	0	0.006276695087849418	0.006276326306271235	0.006276788408682567	0	0	0
0.00019054607179632481	0.00432685250049628	0.0006327842085258216	0.004319014488223617	0.0006245832982090804	0	0	0.5364842774257247	0	0	0	0	0	0	0	0.532520502761581	0.0035151644080327615	0	0.006399361640914368	0.006398959021923764	0.006399423992133829	0	0	0
0.00020417379446695317	0.004415052762049602	0.0006410284788211566	0.004408977968598069	0.0006346679421088507	0	0	0.5380503426874133	0	0	0	0	0	0	0	0.5342798734867794	0.003595577067581674	0	0.006524425487942197	0.006523987849922039	0.0065244556235875524	0	0	0
0.00021877616239495564	0.004499664051074563	0.000650913091565838	0.004493272744851078	0.0006442221327298746	0	0	0.5379926811119571	0	0	0	0	0	0	0	0.5342614997088138	0.003672257551457849	0	0.006640130300940266	0.00663966805106348	0.006640127514295602	0	0	0
0.00023442288153199226	0.004585896854182446	0.0006609501243235782	0.004579179143877934	0.0006539201506224004	0	0	0.5379350257159558	0	0	0	0	0	0	0	0.5342431265627199	0.0037505733490811616	0	0.006757887034643958	0.006757399437652235	0.006757850148708876	0	0	0
0.0002511886431509582	0.004666575747121823	0.0006705294512325163	0.004659098385403042	0.0006627010078455862	0	0	0.5369477074786901	0	0	0	0	0	0	0	0.5330601562656643	0.003824838282282861	0	0.006866876339666487	0.006866376514465244	0.006866820699088803	0	0	0
0.00026915348039269194	0.004748674009919026	0.0006802476138881337	0.004740412436994593	0.0006715997746537583	0	0	0.5359622013511685	0	0	0	0	0	0	0	0.5318798054103087	0.0039005737320669974	0	0.006977623393604964	0.006977111072596368	0.006977548403088409	0	0	0
0.00028840315031266115	0.004821731459395312	0.0006878487682987439	0.004813051691343468	0.0006787627786540387	0	0	0.5332464606076656	0	0	0	0	0	0	0	0.5294331475352579	0.003970485633224031	0	0.007074812393942522	0.007074291841176841	0.007074738305469039	0	0	0
0.0003090295432513592	0.004895912883882893	0.0006955348587638053	0.004886804026324556	0.0006860021802771952	0	0	0.5305444806252148	0	0	0	0	0	0	0	0.5269977443359752	0.0040416505997655705	0	0.007173355107608199	0.007172826193165056	0.007173281960855594	0	0	0
0.0003311311214825914	0.0049613510439806725	0.000701693165249933	0.00495215776880531	0.0006920722518554954	0	0	0.5265464768558518	0	0	0	0	0	0	0	0.5232038970656572	0.004107029393395821	0	0.00726137861107429	0.007260838586965281	0.007261319510949009	0	0	0
0.000354813389233576	0.005027663842352966	0.0007079059977433457	0.005018385520481686	0.000698196034296566	0	0	0.5225786006907203	0	0	0	0	0	0	0	0.5194373616335108	0.004173465771433982	0	0.007350482241907024	0.007349930915125246	0.007350437544183714	0	0	0
0.00038018939632056124	0.0050844636703585785	0.0007131095527350119	0.0050751388700815215	0.0007033498916731754	0	0	0.5169967772188935	0	0	0	0	0	0	0	0.5142161158373066	0.004233823852189938	0	0.007425500251214172	0.0074249633639471325	0.0074254913106766235	0	0	0
0.00040738027780411304	0.0051419051921135495	0.0007183513571335739	0.0051325340481494335	0.0007085417931585373	0	0	0.5114745749279371	0	0	0	0	0	0	0	0.5090473526110484	0.004295054852028516	0	0.007501283883991354	0.007500761788455225	0.007501311435339507	0	0	0
0.00043651583224016654	0.00518787125139634	0.000721863638638372	0.0051787717409189065	0.0007123413532333051	0	0	0.5045778553135088	0	0	0	0	0	0	0	0.5020586287254689	0.004349227773221021	0	0.0075607348769050195	0.007560205312841407	0.007560755987974703	0	0	0
0.00046773514128719906	0.005234248224246576	0.0007253930929670905	0.005225425977292882	0.0007161612884742258	0	0	0.4977741310184406	0	0	0	0	0	0	0	0.4951658532055931	0.0044040839698294715	0	0.007620657045235193	0.007620119927057008	0.007620671612217634	0	0	0
0.0005011872336272725	0.005269485512645288	0.0007283523378892766	0.005259834797197963	0.0007182481774727431	0	0	0.48995618305048017	0	0	0	0	0	0	0	0.48696091794304047	0.004449845936644813	0	0.007662109452096592	0.007661574401679028	0.007662121988615049	0	0	0
0.0005370317963702533	0.005304960020686723	0.000731323655066622	0.0052944701951643134	0.0007203411476512427	0	0	0.4822610223199851	0	0	0	0	0	0	0	0.47889193907212224	0.004496083407020285	0	0.007703787338470368	0.007703254394203988	0.007703797822005081	0	0	0
0.0005754399373371578	0.005325597904444139	0.0007308963922649883	0.005315702481042526	0.0007205399302268521	0	0	0.4733106585621891	0	0	0	0	0	0	0	0.46996062846100345	0.0045331512463568655	0	0.007725378222803362	0.007724855746837771	0.007725386498195059	0	0	0
0.0006165950018614823	0.005346316075752131	0.0007304693790840251	0.005337019914243693	0.0007207387676577359	0	0	0.46452640611691737	0	0	0	0	0	0	0	0.4611958863442026	0.0045705246905029355	0	0.007747029618449265	0.00774651767366678	0.0077470356732390186	4.143195152811522e-11	4.143195152811522e-11	4.143195152811522e-11
0.0006606934480075965	0.005353704742565256	0.0007292603012265919	0.005343955981260742	0.0007190524293479425	0	0	0.4544115633376991	0	0	0	0	0	0	0	0.45090847168489817	0.004598338486936781	0	0.007748456447023175	0.007747950007835434	0.007748453925892546	3.866654695402597e-11	3.866654695402597e-11	3.866654695402597e-11
0.0007079457843841388	0.005361103620596067	0.0007280532246430069	0.0053509010624891735	0.0007173700366242932	0	0	0.4445169664758303	0	0	0	0	0	0	0	0.440850527633433	0.0046263215434281585	0	0.007749883538386808	0.00774938260684324	0.00774987243818611	3.6085721241813515e-11	3.6085721241813515e-11	3.6085721241813515e-11
0.0007585775750291852	0.005352925090031744	0.000724709333789589	0.005342357174019801	0.000713639882162623	0	0	0.43325249455370757	0	0	0	0	0	0	0	0.4298445508213345	0.004643704960500907	0	0.007729344366577503	0.00772886041020689	0.007729334796286902	3.3677154546283776e-11	3.3677154546283776e-11	3.3677154546283776e-11
0.0008128305161640995	0.0053447590360705555	0.0007213808011622764	0.005333826927744399	0.0007099291236216048	0	0	0.4222734747903418	0.422070721868044	0	0	0	0	0	0	0.4191133418001218	0.004661153695815441	0	0.007708859628822156	0.0077083925611974675	0.007708851580410604	3.142934931892432e-11	3.142934931892432e-11	3.142934931892432e-11
0.0008709635899560814	0.0053186910287072895	0.0007150227411673497	0.005308159561673443	0.0007039919177701364	0	0	0.41066618766044893	0.4103032381187668	0	0	0	0	0	0	0.40735147335388644	0.004667156602166925	0	0.00766362310039287	0.007663175846518724	0.0076636213937397325	2.9331575423137084e-11	2.9331575423137084e-11	2.9331575423137084e-11
0.0009332543007969925	0.00529275016290519	0.0007087207194352024	0.005282615711736389	0.0006981043653448341	0	0	0.3993779570722502	0.39886383605489195	0	0	0	0	0	0	0.3959196863809641	0.004673167239412305	0	0.0076186520254291935	0.007618224368887797	0.0076186565863883265	2.7373818912793992e-11	2.7373818912793992e-11	2.7373818912793992e-11
0.001	0.0052498904101064454	0.0006993648739753494	0.005241133316784722	0.0006902008587762103	0	0	0.38703518781580526	0.3863225449371364	0	0	0	0	0	0	0.3838071258635797	0.004668327518585579	0	0.007551033949236498	0.007550607764229303	0.007551034134072772	2.5546734229603046e-11	2.5546734229603046e-11	2.5546734229603046e-11
0.001071519305237607	0.005207377727989943	0.0006901325353382388	0.005199976667483474	0.0006823868308288093	0.005208543007269299	0.0006913565984338221	0.37507387164213546	0.3741755838354981	0	0	0	0	0	0	0.3720651307091562	0.004663492809969305	0	0.007484016006008628	0.007483591300102795	0.007484011892044333	2.3841599591094736e-11	2.3841599591094736e-11	2.3841599591094736e-11
0.001148153621496884	0.0051496562455988475	0.0006804219581116813	0.005142222285364245	0.0006726404557028621	0.005150382680863928	0.0006811834121312736	0.3623346939495432	0.3614635020185395	0	0	0	0	0	0	0.35944531170691113	0.004647549795054296	0	0.007393636353371051	0.0073932256408318795	0.007393637104786182	2.2250275356268933e-11	2.2250275356268933e-11	2.2250275356268933e-11
0.0012302687708123836	0.005092574580348633	0.0006708480145101799	0.005085109361633629	0.0006630332858250293	0.005092871792038864	0.0006711599224104605	0.3500281954184527	0.3491832950515231	0	0	0	0	0	0	0.3472535355888402	0.004631661284292063	0	0.007304348157727192	0.007303951162525821	0.007304353657612703	2.076516517015527e-11	2.076516517015527e-11	2.076516517015527e-11
0.0013182567385564075	0.005019067186283774	0.0006591049477660122	0.00501182872292127	0.0006515281788973887	0.005019492692343779	0.0006595525854198818	0.33720568369338383	0.33648514563645626	0	0	0	0	0	0	0.33435417933025036	0.004604654967644972	0	0.007192482760596671	0.007192095643777043	0.007192481556454204	1.9379179701807315e-11	1.9379179701807315e-11	1.9379179701807315e-11
0.0014125375446227555	0.0049466208148700236	0.0006475674411689649	0.004939604118922855	0.0006402227112461562	0.004947170853167303	0.0006481459908567243	0.32485289643363396	0.32424876802104985	0	0	0	0	0	0	0.32193399282756746	0.004577806119580769	0	0.007082330571380805	0.007081953123485701	0.007082322867269477	1.808570280262942e-11	1.808570280262942e-11	1.808570280262942e-11
0.0015135612484362103	0.00485891521967941	0.00063425534067327	0.0048519537143629134	0.0006269678956595428	0.0048593115529409845	0.0006346723970932527	0.3118046011802241	0.31142738811623727	0	0	0	0	0	0	0.3090276889986054	0.004544401342288606	0	0.006950300446943104	0.006949929117444069	0.00695028705306699	1.687855992349009e-11	1.687855992349009e-11	1.687855992349009e-11
0.0016218100973589332	0.0047727646802967144	0.0006212168981911526	0.004765858615295993	0.0006139875004162707	0.004773012590302623	0.000621478891043759	0.29928041394890453	0.29911298865013786	0	0	0	0	0	0	0.29663879768971424	0.004511240323494902	0	0.0068207316526541885	0.0068203663446056665	0.006820712783834822	1.575198863985685e-11	1.575198863985685e-11	1.575198863985685e-11
0.0017378008287493763	0.004671628281496294	0.0006062510575359701	0.0046649088561069845	0.0005992170554010845	0.004672185175312666	0.000606838273668177	0.28641783046927566	0.2862834189982457	0	0	0	0	0	0	0.2839177945150545	0.004465113279042488	0	0.006670539719171237	0.006670183025192187	0.00667052001299911	1.470061114425177e-11	1.470061114425177e-11	1.470061114425177e-11
0.0018620871366628695	0.004572634995094542	0.0005916457614621865	0.00456609740077944	0.0005848019369125758	0.004573487687160568	0.0005925425556612255	0.27410805982356157	0.27400413590594236	0	0	0	0	0	0	0.2717423164808346	0.00441945787965381	0	0.00652365499934688	0.006523306717204542	0.006523634501848145	1.3719408574717136e-11	1.3719408574717136e-11	1.3719408574717136e-11
0.001995262314968883	0.004459156037781653	0.0005752324922185778	0.004452884091399594	0.000568667057394154	0.00445969432989923	0.0005757979513835957	0.2615942059391089	0.26147831992086185	0	0	0	0	0	0	0.25925953189390144	0.004364312774739035	0	0.006356591899186935	0.006356257196477046	0.006356572694945905	1.2803697056745875e-11	1.2803697056745875e-11	1.2803697056745875e-11
0.0021379620895022326	0.004348493284641336	0.0005592745552443963	0.004342477829766599	0.0005529773445563509	0.0043487322753640745	0.0005595265313013218	0.24965164696346823	0.24952510867247063	0	0	0	0	0	0	0.2473501578565721	0.0043098557593318175	0	0.006193807087722188	0.006193485497349099	0.0061937891239438455	1.1949105344309881e-11	1.1949105344309881e-11	1.1949105344309881e-11
0.0022908676527677745	0.004225218763785524	0.0005419633683566785	0.0042192782080701955	0.0005357434875116952	0.004225433969366649	0.0005421895946938224	0.23746996131690112	0.23738931792756468	0	0	0	0	0	0	0.2352637184088449	0.0042467641328044455	0	0.006012954264181621	0.00601265040151044	0.0060129485776351755	1.1151553953253504e-11	1.1151553953253504e-11	1.1151553953253504e-11
0.0024547089156850338	0.004105438926374644	0.0005251880134474604	0.004099573859667326	0.0005190467335356544	0.004105631503374818	0.0005253898432850895	0.2258826777782178	0.2258437580327231	0	0	0	0	0	0	0.22376786689439193	0.004184596099445885	0	0.005837382157867042	0.005837095261829099	0.0058373880469251615	1.040723568744351e-11	1.040723568744351e-11	1.040723568744351e-11
0.002630267991895387	0.003973564449696981	0.0005065613316019534	0.003968131201122132	0.0005008733897704018	0.003973794819600392	0.0005068028886751424	0.2143000278781021	0.214228427863383	0	0	0	0	0	0	0.2122816388744532	0.004114222620224393	0	0.005645293140694527	0.005645021611464092	0.00564530354629822	9.71259746471458e-12	9.71259746471458e-12	9.71259746471458e-12
0.002818382931264455	0.003845926031065949	0.0004885952765561648	0.0038409029251144566	0.0004833363479068313	0.0038461915676803273	0.0004888734931826545	0.20331130479003018	0.20321048367503303	0	0	0	0	0	0	0.2013850104067521	0.004045032630749598	0	0.005459525140292968	0.005459268277199772	0.005459539758819785	9.064323355854848e-12	9.064323355854848e-12	9.064323355854848e-12
0.003019951720402019	0.003707790861669158	0.00046945171974675093	0.003703217289473295	0.00046466490625226485	0.0037082748292075387	0.00046996004241457186	0.19229253376083033	0.19221910536079173	0.19235041209479598	0	0	0	0	0	0.19049671156099174	0.003967476205256452	0	0.005259174898076523	0.005258931244911532	0.005259189428083661	8.459318755666147e-12	8.459318755666147e-12	8.459318755666147e-12
0.0032359365692962876	0.0035746171306542153	0.0004510582229254288	0.0035704672990779303	0.00044671474851307093	0.0035753035091873313	0.00045177831186643443	0.18187094209221402	0.1818222357306593	0.1819220948148878	0	0	0	0	0	0.1801971112063213	0.003891406788567523	0	0.005066176983860173	0.005065945917003472	0.005066191412157814	7.894695610538077e-12	7.894695610538077e-12	7.894695610538077e-12
0.0034673685045253167	0.0034328586191866065	0.00043206208820512786	0.0034286615052907246	0.0004276676569605983	0.0034330832549418155	0.0004322958774166517	0.17154563003868561	0.17152074909119447	0.17154547102008555	0	0	0	0	0	0.16991661981789724	0.0038075458570457996	0	0.004860621108717549	0.004860399823922237	0.004860633770481052	7.3677586320178e-12	7.3677586320178e-12	7.3677586320178e-12
0.003715352290971728	0.0032967218218324275	0.00041386596801947217	0.003292487714674872	0.0004094326982016268	0.003296520310814359	0.0004136536011641981	0.16180651426135312	0.16180291288676352	0.16176071772616102	0	0	0	0	0	0.1602226445088925	0.0037254921526318568	0	0.004663405490526121	0.004663193574391077	0.004663416505354274	6.875992430564762e-12	6.875992430564762e-12	6.875992430564762e-12
0.003981071705534978	0.003152674817950372	0.0003947618414055707	0.0031485499700106175	0.00039044231176090004	0.003152624861645181	0.00039470990427369323	0.1521405343740406	0.15220415437442875	0.1520440403467378	0	0	0	0	0	0.1506430083930877	0.0036350587882392773	0	0.00445539331085347	0.004455188028435972	0.004455400527093999	6.417049508072115e-12	6.417049508072115e-12	6.417049508072115e-12
0.004265795188015935	0.0030149218056298678	0.0003765395646703302	0.0030109047543197274	0.00037233274108977853	0.003015010550870228	0.00037663375368489886	0.14305197973816777	0.1431748303879273	0.14291102642172404	0	0	0	0	0	0.1416361341886377	0.003546820621973632	0	0.004256659558068651	0.004256460739207262	0.004256663292682123	5.988739051835515e-12	5.988739051835515e-12	5.988739051835515e-12
0.004570881896148752	0.0028702915476368296	0.0003573789156403073	0.0028663594376992334	0.0003532600381591719	0.0028703535060304514	0.000357444798534425	0.1341649942576937	0.13427112074021103	0.1340200404762035	0	0	0	0	0	0.13282428848523214	0.0034492553352811306	0	0.004048511410430036	0.004048324200244235	0.004048516091057521	5.5890164764763966e-12	5.5890164764763966e-12	5.5890164764763966e-12
0.004897788193684466	0.0027325994170234336	0.000339193278284218	0.0027287533470794745	0.0003351643322984826	0.0027326369545218588	0.00033923349341176754	0.12583010537228026	0.12592111208362572	0.1256821933126419	0	0	0	0	0	0.12456066887642743	0.003354373856477985	0	0.003850541584730096	0.0038503653233121177	0.0038505471099228084	5.215973663896838e-12	5.215973663896838e-12	5.215973663896838e-12
0.005248074602497733	0.0025895171708170267	0.0003203117627101759	0.002585869154847756	0.00031649003904485036	0.002589435491048839	0.0003202258153161525	0.11771005729167826	0.11773017472918688	0.11753449081544286	0	0	0	0	0	0.11649388536572206	0.003248208608514698	0	0.0036453106183484646	0.003645143773507088	0.0036453172220339064	4.867829854675562e-12	4.867829854675562e-12	4.867829854675562e-12
0.005623413251903491	0.0024539268859467543	0.0003024813046104339	0.0024504667280205853	0.0002988562181652658	0.0024537383757501684	0.00030228316126327864	0.11011401084515451	0.11007204282439982	0.1099149861021395	0	0	0	0	0	0.10894952194793678	0.0031454034689821853	0	0.0034510183079026592	0.003450860376570153	0.0034510258594196014	4.542923147423966e-12	4.542923147423966e-12	4.542923147423966e-12
0.0060255958607435805	0.002314030047188864	0.00028428967829999865	0.0023107319505011473	0.0002808342743740091	0.002313860495454573	0.0002841115810680909	0.1027008463941881	0.10264101662331758	0.10252007745792974	0	0	0	0	0	0.10162499311521464	0.0030327161613665577	0	0.0032509162993681843	0.003250766438379581	0.0032509229944914816	4.239702565523618e-12	4.239702565523618e-12	4.239702565523618e-12
0.006456542290346563	0.002182108639812621	0.00026719212049156456	0.0021789653726006345	0.00026389910890046363	0.002181956497619043	0.0002670323750740004	0.09578675564651586	0.09571166322655733	0.09562268672092679	0	0	0	0	0	0.09479288243781961	0.0029240659922048283	0	0.0030624168991791444	0.00306227470361991	0.003062422811833373	3.95672065337495e-12	3.95672065337495e-12	3.95672065337495e-12
0.006918309709189377	0.0020471831552699065	0.00024976345412950593	0.002044227622111714	0.00024666731128371414	0.0020469529848832963	0.0002495215962391683	0.08909540589173681	0.08907794086000602	0.08891031954596555	0	0	0	0	0	0.08820811433468795	0.0028017235567571763	0	0.0028698232297434626	0.0028696891045852458	0.002869829358712446	3.692626566814451e-12	3.692626566814451e-12	3.692626566814451e-12
0.007413102413009177	0.0019206004663364234	0.00023347164169338353	0.0019178214686436112	0.0002305606968869532	0.001920302502316064	0.00023315909530628547	0.08287149196604074	0.08290399811647026	0.08266913629854869	0	0	0	0	0	0.08208075579498501	0.0026844999084884623	0	0.0026893416674205178	0.0026892151599726064	0.0026893479621115154	3.4461596247168188e-12	3.4461596247168188e-12	3.4461596247168188e-12
0.00794328234724282	0.0017921291251598488	0.0002170527994115453	0.0017895190052784817	0.00021431856304075298	0.0017918390393827455	0.00021674816260720017	0.07690853723116231	0.07693155054866606	0.07668722310149878	0	0	0	0	0	0.0761682033707918	0.002557630121139007	0	0.0025067456112946073	0.0025066254957902636	0.0025067506802921836	3.216143290999914e-12	3.216143290999914e-12	3.216143290999914e-12
0.008511380382023776	0.00167225139092704	0.00020178860863222201	0.001669799990568352	0.0001992206264295537	0.0016719694627193855	0.00020149231550192423	0.07137464233733007	0.07138936124054263	0.07113815929781636	0	0	0	0	0	0.07068155194897426	0.0024367562151420517	0	0.002336547131912719	0.0023364331235622617	0.0023365511126390874	3.001479558305057e-12	3.001479558305057e-12	3.001479558305057e-12
0.009120108393559097	0.001551915670270813	0.00018667837379936794	0.0015495206333194225	0.00018416873814682374	0.0015515813889251913	0.00018632696456991765	0.06606538316734319	0.06608973850009388	0.0657912851325552	0	0	0	0	0	0.06541740833702679	0.00230574078824574	0	0.002165959637427981	0.0021658530729313824	0.0021659629137307053	2.801143706542451e-12	2.801143706542451e-12	2.801143706542451e-12
0.009772372209558112	0.0014402393448134268	0.0001726996161011822	0.0014379052620939244	0.00017025407819700353	0.001439861708086152	0.0001723030361696733	0.061151057436053764	0.06118353574132052	0.06084629180904368	0	0	0	0	0	0.06054532187723698	0.0021817695793873884	0	0.0020078264576356866	0.002007726857755832	0.0020078291111543293	2.6141794112811657e-12	2.6141794112811657e-12	2.6141794112811657e-12
0.010471285480509006	0.0013290728461636944	0.0001588638611515838	0.00132683352145288	0.00015651711618944696	0.0013286681424346922	0.00015843852994915932	0.05646966610599656	0.05648565999541464	0.05610727478174083	0	0	0	0	0	0.05591994237873468	0.0020494480186990173	0	0.0018509061213334713	0.0018508118685694557	0.0018509080208494284	2.4396941786330924e-12	2.4396941786330924e-12	2.4396941786330924e-12
0.011220184543019653	0.0012264868591258299	0.0001461365517176557	0.0012243415752491026	0.00014388852190614954	0.0012260615188297152	0.00014568964268122959	0.05214665655548669	0.05214850280322688	0.051737356375197774	0	0	0	0	0	0.05164792024694263	0.0019251515930150144	0	0.0017062497891495172	0.0017061606560697545	0.0017062510363121347	2.2768550848387144e-12	2.2768550848387144e-12	2.2768550848387144e-12
0.012022644346174132	0.0011253460271219333	0.00013371313888244904	0.0011233073870239188	0.00013157663120179973	0.001124998891407107	0.00013334857333233087	0.04803349507015673	0.04804654453463001	0.047591570274343055	0	0	0	0	0	0.047587476762025564	0.001795142912847211	0	0.0015639722492421762	0.0015638882797348313	0.0015639735313760783	2.1248848002172315e-12	2.1248848002172315e-12	2.1248848002172315e-12
0.01288249551693135	0.0010325456578162899	0.00012234586966538465	0.0010306106655618328	0.00012031821335760388	0.0010322667225338433	0.00012205289053165446	0.044244766607419383	0.04426724292409281	0.04377799176193546	0	0	0	0	0	0.043846256223848065	0.0016739139344859005	0	0.0014335586805369457	0.0014334796332286126	0.0014335599831380795	1.983057878500885e-12	1.983057878500885e-12	1.983057878500885e-12
0.013803842646028866	0.0009426743992262422	0.00011148242281590813	0.0009407544677209109	0.00010947019909353928	0.0009423260840979012	0.00011111627829033073	0.0406400578067007	0.04067450783078335	0.04016763674712077	0	0	0	0	0	0.040308224768905054	0.001550402558524955	0	0.0013073471390674964	0.0013072724775425855	0.001307349640966639	1.8506972938403073e-12	1.8506972938403073e-12	1.8506972938403073e-12
0.014791083881682071	0.0008606254030799136	0.00010158357311853987	0.0008587325923455217	0.00009960025298881156	0.0008602219071749393	0.00010115964683271551	0.037329031774235195	0.037373359576817713	0.03685502639368489	0	0	0	0	0	0.037055683288573865	0.0014360045901756482	0	0.0011922473528518554	0.0011921769175689345	0.0011922508327794046	1.727171208949822e-12	1.727171208949822e-12	1.727171208949822e-12
0.01584893192461114	0.0007814244645903998	0.00009199224645551792	0.0007797163051252623	0.00009020250941779282	0.0007812092767772221	0.00009176636314463509	0.03420486049061893	0.03426651214384578	0.033696674239248395	0	0	0	0	0	0.03398025836654775	0.0013215119847102082	0	0.001081764202913626	0.0010816993437499011	0.0010817676324786146	1.6118899589651589e-12	1.6118899589651589e-12	1.6118899589651589e-12
0.01698243652461746	0.0007095121660075992	0.00008330651450956159	0.0007079707022853651	0.00008169148632766025	0.0007094540711326928	0.0000832453025337137	0.031342159857203386	0.03141793694224562	0.030808982271698725	0	0	0	0	0	0.031160077380448084	0.0012161478714487245	0	0.000981519302941794	0.000981459591295358	0.000981522661594908	1.5043032366157189e-12	1.5043032366157189e-12	1.5043032366157189e-12
0.018197008586099864	0.0006411027971547943	0.00007515865142524544	0.0006396612664387331	0.00007364830947134499	0.0006410039906298014	0.00007505476471059719	0.02867087667688661	0.028736578274665435	0.02807145542109852	0	0	0	0	0	0.028504983478461688	0.0011130577585076063	0	0.0008862805913958093	0.0008862234228333066	0.0008862812561965907	1.4038974652744525e-12	1.4038974652744525e-12	1.4038974652744525e-12
0.019498445997580455	0.0005792892866551645	0.0000678076968808149	0.000577942751672061	0.0000663970473768999	0.0005791581622011465	0.00006767009710225638	0.02622726618607038	0.026284059722126104	0.025577171050618904	0	0	0	0	0	0.026076125331357943	0.0010187063619970455	0	0.0008002830757690042	0.0008002285189773346	0.0008002815378801685	1.3101933473453791e-12	1.3101933473453791e-12	1.3101933473453791e-12
0.02089296130854041	0.0005210281411825589	0.00006085369940917715	0.0005198286683945017	0.00005959727626834982	0.0005209913319234897	0.00006081525306477756	0.02393861591656793	0.023983593624933422	0.02321607324697005	0	0	0	0	0	0.023806154588708602	0.0009274524796683103	0	0.0007194011444475762	0.0007193502926549025	0.0007193999670107734	1.2227435762856801e-12	1.2227435762856801e-12	1.2227435762856801e-12
0.022387211385683423	0.0004686265224610515	0.00005461286700669881	0.00046755815122348255	0.00005349387478699441	0.0004686663948718411	0.00005465479087083527	0.021849678419984066	0.0218844717766993	0.021072934764442476	0	0	0	0	0	0.021733788632315135	0.0008443729558698812	0	0.0006466936791524339	0.000646646340727768	0.0006466928050170727	1.1411307013405043e-12	1.1411307013405043e-12	1.1411307013405043e-12
0.02398832919019495	0.0004196812257107094	0.0000488336674232544	0.00041870593875305837	0.00004781213517363162	0.00041975455471641407	0.00004891073165915991	0.019891585319933958	0.019921908723091117	0.01906133883661295	0	0	0	0	0	0.01979000866852312	0.000765218477241458	0	0.0005788533287655644	0.0005788109045400614	0.000578852580305427	1.0649651347975116e-12	1.0649651347975116e-12	1.0649651347975116e-12
0.025703957827688646	0.0003758479786612652	0.00004366602972359087	0.0003749579869120581	0.000042733869605897564	0.00037594734363951307	0.00004377035632773601	0.01810896979510337	0.01813534506205178	0.017241767333577334	0	0	0	0	0	0.018020072327283997	0.0006934842167090589	0	0.0005181296601849039	0.000518091640072431	0.000518129020652095	9.938832922486265e-13	9.938832922486265e-13	9.938832922486265e-13
0.02754228703338169	0.0003351121312964412	0.000038933112756830885	0.0003342465607662525	0.00003802615565751709	0.00033520220743344026	0.00003902776577445561	0.016444940816587247	0.016474333454212668	0.015533307955227097	0	0	0	0	0	0.016389181559462902	0.0006255713767421326	0	0.0004615871668224786	0.0004615521993802483	0.00046158646912135265	9.27545856981303e-13	9.27545856981303e-13	9.27545856981303e-13
0.0295120922666639	0.00029879139151431816	0.000034713191891526416	0.00029795541709655806	0.00003383706009834784	0.00029887302509042573	0.00003479904275717724	0.014933819069828174	0.01496545347397348	0.013994137106933088	0	0	0	0	0	0.01490589312354459	0.0005643092343992416	0	0.00041121504701963486	0.00041118291876503173	0.00041121431146197266	8.656361602142313e-13	8.656361602142313e-13	8.656361602142313e-13
0.03162277660168379	0.0002652068163882484	0.00003078773751511017	0.0002644262017812415	0.000029969530316870604	0.00026531293757605897	0.00003089923416527357	0.013532886628236717	0.013561537982439425	0.012549884156255067	0	0	0	0	0	0.013518847792862602	0.0005067805715027986	0	0.00036477109779290285	0.0003647413435047146	0.0003647706483379987	8.078586694453258e-13	8.078586694453258e-13	8.078586694453258e-13
0.03388441561392028	0.00023539719502065821	0.000027306183316743637	0.0002346700619502222	0.000026544053910217736	0.00023552127136244668	0.000027436463659721995	0.012263374802947489	0.012289324394278793	0.011254684096055604	0	0	0	0	0	0.01226087186670541	0.00045511668425223846	0	0.0003235726774820222	0.0003235451707507495	0.00032357245888614436	7.539375776959845e-13	7.539375776959845e-13	7.539375776959845e-13
0.03630780547701017	0.00020797770955972557	0.000024136499655674786	0.00020727597889752858	0.000023400900810722642	0.00020806089305029995	0.000024223810458094914	0.01108489479057107	0.011110640984936516	0.010047627108228988	0	0	0	0	0	0.011094361665734092	0.00040714303641403493	0	0.0002856651441373913	0.00028563927365743744	0.00028566472185588744	7.036154869172427e-13	7.036154869172427e-13	7.036154869172427e-13
0.038904514499428125	0.00018375209470917255	0.000021334750773139613	0.0001830797293480154	0.00002062993695708581	0.00018380223139280626	0.000021387340598531557	0.010019663795034363	0.01004500647355526	0.008970026137064062	0	0	0	0	0	0.010038834277711439	0.0003642262695176612	0	0.0002521985947950456	0.0002521743547160002	0.000252198019553066	6.566521792728853e-13	6.566521792728853e-13	6.566521792728853e-13
0.04168693834703355	0.00016152118510925768	0.000018736606611999505	0.0001609163781547281	0.00001810263825668491	0.00016157207041811786	0.000018789999190004386	0.009039879510143326	0.009063374226173558	0.007969439448922457	0	0	0	0	0	0.009063185266213627	0.0003244639927809743	0	0.00022157099579896066	0.00022154887962922063	0.00022157068768181268	6.12823470434138e-13	6.12823470434138e-13	6.12823470434138e-13
0.04466835921509635	0.00014197984126597648	0.000016454864229058945	0.00014143608825864832	0.000015884949747257143	0.00014203056046369015	0.000016508086544645255	0.008155904552247366	0.008177670425591388	0.0070804660052895966	0	0	0	0	0	0.008182357124082074	0.00028904253048740323	0	0.00019466288549006348	0.0001946427348658876	0.00019466278810116206	5.719201394119966e-13	5.719201394119966e-13	5.719201394119966e-13
0.0478630092322639	0.000124180986859902	0.000014382055336494695	0.00012369383718169926	0.000013871591410595789	0.0001242253777787764	0.000014428682875284292	0.007340180989079616	0.007359384940076047	0.006270371611924486	0	0.005494899575592334	0.00545647900873352	0	0	0.007366381591952226	0.0002569686029695778	0	0.00017017478355493257	0.00017015631156453202	0.0001701744082931411	5.337469298186602e-13	5.337469298186602e-13	5.337469298186602e-13
0.05128613839913648	0.00010861342962491842	0.000012570356875793316	0.00010817723782598496	0.000012113418759523682	0.00010865228183215492	0.000012611206571548587	0.006606043095195344	0.0066229798802758125	0.005552962209303132	0	0.004937531384164708	0.004900768684426063	0	0	0.0066317782193282436	0.0002284537946743949	0	0.0001487672233207829	0.00014875032651588807	0.0001487666416391368	4.981216177904552e-13	4.981216177904552e-13	4.981216177904552e-13
0.05495408738576248	0.00009448994778877686	0.00001093954146259235	0.00009408440757059262	0.000010514666913936676	0.00009449278394782674	0.000010942532497810958	0.005928232597482656	0.005946240575436068	0.004904612265945948	0	0.004416008000202074	0.00438150626566718	0.004354351438978846	0.004389231339858194	0.005955971590510842	0.0002018072516321213	0	0.00012931008308949635	0.00012929419485896288	0.0001293094647456627	4.648741421228969e-13	4.648741421228969e-13	4.648741421228969e-13
0.05888436553555896	0.00008220300439787808	9.520299908289165e-6	0.00008182752606559078	9.126921351093627e-6	0.00008217854303330634	9.494651981657755e-6	0.005319968583828434	0.005338650821854801	0.004331962036220353	0	0.003949570167876062	0.003917262452538919	0.003883806808960816	0.003922547526315616	0.005349032554132292	0.00017826872549591712	0	0.0001123977258925994	0.0001123828714583825	0.00011239709042682956	4.33845792465505e-13	4.33845792465505e-13	4.33845792465505e-13
0.06309573444801943	0.00007106936019022376	8.226509713721076e-6	0.00007073233092731248	7.873383169675922e-6	0.00007106532288884585	8.222266506026886e-6	0.00475964328206504	0.004780693979083864	0.0038259766672130106	0	0.0035171334042402454	0.0034866267403631146	0.003449451347679139	0.003492228073718409	0.004792910674594476	0.00015705529091230476	0	0.00009710420679751937	0.00009709108804833645	0.00009710413727596239	4.0488845170111114e-13	4.0488845170111114e-13	4.0488845170111114e-13
0.06760829753919818	0.0000614436661390221	7.108543083923614e-6	0.00006114156053551647	6.792012350266217e-6	0.00006145497268367368	7.120394367980615e-6	0.004258334201703911	0.004281050715676569	0.0033790918146711676	0	0.003132043958564456	0.0031033320268689323	0.0030636731395991337	0.0031091164191252548	0.004294607015785535	0.0001383661903395036	0	0.00008389161704913378	0.00008388003666466862	0.00008389197122720372	3.778638888930973e-13	3.778638888930973e-13	3.778638888930973e-13
0.07244359600749906	0.00005279748668711547	6.102541319677865e-6	0.000052528630557880564	5.820848823569835e-6	0.000052804008752438415	6.109401298382144e-6	0.003796145781853322	0.0038225273975360367	0.0029908570995552416	0	0.002772507887885416	0.0027474381328023087	0.0027080791738375706	0.002755314910052155	0.00383745455896268	0.00012123634768094232	0	0.0000720264622578547	0.00007201586337598475	0.0000720262171184739	3.5264309942535926e-13	3.5264309942535926e-13	3.5264309942535926e-13
0.07762471166286927	0.00004536797322882692	5.23890903082495e-6	0.00004512899252356308	4.9885482062655935e-6	0.00004537083361308417	5.241954630001623e-6	0.003384122080253007	0.003413114367322888	0.0026472279182004083	0	0.00245424396658533	0.002432358583684039	0.002393758236471778	0.002441774198886913	0.003428965080617483	0.00010622719295045861	0.002591147442627565	0.0000618394477048137	0.0000618297843445392	0.00006183876569484274	3.2910568918509725e-13	3.2910568918509725e-13	3.2910568918509725e-13
0.08317637711026708	0.000038724470769580434	4.464118717705575e-6	0.00003851380479951103	4.243392511593842e-6	0.00003873249626017609	4.472591629116485e-6	0.003006082549217064	0.0030384538235648842	0.0023502701766211394	0	0.002157684597400259	0.0021399253959168436	0.0021014202922401515	0.0021509948288615105	0.0030533893064021806	0.00009270204249346783	0.002254399219266251	0.00005272835069740629	0.00005272000055898569	0.00005272772017102717	3.0713929984875024e-13	3.0713929984875024e-13	3.0713929984875024e-13
0.08912509381337459	0.00003305381593355469	3.8039133354890733e-6	0.000032868297677160724	3.6095431502164618e-6	0.000033065433166559977	3.816148229584459e-6	0.0026702737307962984	0.002704920094774734	0.0020866242249627733	0	0.0018969600761964151	0.0018826503340449432	0.0018447841462667818	0.001894843002230946	0.0027189504813423917	0.00008089895293071072	0.0019614151461309795	0.000044959634512586876	0.00004495242039745065	0.00004495905510394103	2.866390725276226e-13	2.866390725276226e-13	2.866390725276226e-13
0.09549925860214369	0.000028015243152219915	3.2257341296759623e-6	0.00002784305898407379	3.045280518720569e-6	0.00002801763019547851	3.228262165250637e-6	0.0023617029901610038	0.002397386911271402	0.001857186870751315	0	0.0016570604051284544	0.0016453205196446524	0.001609440453637927	0.001658421395275528	0.002410583499371328	0.00007033894178943556	0.0016903218365453166	0.000038044460039644	0.00003803819015181104	0.000038044040173968946	2.675071472128643e-13	2.675071472128643e-13	2.675071472128643e-13
0.10232929922807536	0.00002374472740018077	2.735435788791059e-6	0.000023586129747428483	2.569226367924961e-6	0.00002374043000786915	2.730941247720768e-6	0.002088789980371092	0.0021248184053341136	0.0016529775853400754	0	0.0014474997237423014	0.0014379088689015862	0.0014041201400435668	0.001451498367447553	0.0021371896425904707	0.00006115736425284975	0.0014566971794512413	0.00003219289826083587	0.00003218745280526422	0.00003219260256721223	2.4965219563033976e-13	2.4965219563033976e-13	2.4965219563033976e-13
0.10964781961431873	0.000019962833405714577	2.302294500616666e-6	0.000019814748656507312	2.147053711256973e-6	0.000019951045589023373	2.2899127917998924e-6	0.0018388836575568446	0.001874806115077524	0.0014653805603311906	0.0011702741941971944	0.001255611979806743	0.0012493060947264183	0.0012143053561967322	0.0012603640494429753	0.0018886718467851025	0.00005294410256899615	0.0012381787119805073	0.00002700759136927457	0.000027002784493677335	0.000027007566367593843	2.329889852754258e-13	2.329889852754258e-13	2.329889852754258e-13
0.11748975549395303	0.000016783293017770517	1.9377387651685325e-6	0.000016646404837290823	1.7942520349989767e-6	0.000016766512652186783	1.9201074349091905e-6	0.0016188765447012108	0.0016542109953059305	0.0012990739896541219	0.000982166767509758	0.0010891618270974517	0.0010854413322541436	0.001050150522050295	0.001094398431823042	0.0016690523263602583	0.00004583385878513876	0.0010524400983458056	0.00002265748133827025	0.000022653248606635212	0.000022657647500761152	2.1743797254661822e-13	2.1743797254661822e-13	2.1743797254661822e-13
0.12589254117941662	0.000013983269833114765	1.610528555588229e-6	0.00001386326156548914	1.4847087994735376e-6	0.000013968165430882767	1.5946584972864342e-6	0.0014185315890212506	0.0014528207653019193	0.0011324747159943372	0.0008087211446694385	0.0009378943316118977	0.0009363570642396895	0.0009005559500581414	0.0009419181375304084	0.0014682837443718718	0.000039453258749254265	0.0008778676350446804	0.000018837628583727318	0.000018833883759764857	0.000018837718666546052	2.0292492303570984e-13	2.0292492303570984e-13	2.0292492303570984e-13
0.1348962882591656	0.000011650385595881688	1.3385716769409235e-6	0.000011545437174676136	1.2285677687613083e-6	0.000011636865074566285	1.3243715829307577e-6	0.0012429804333365813	0.0012759485833922213	0.0009872409058916717	0.0006659051308503386	0.0008076355187859658	0.0008077493694945072	0.0007722712146081024	0.0008106826106565566	0.001291665407931216	0.00003396091158792626	0.0007322522069144071	0.00001566176952153445	0.00001565846840052922	0.000015661804454677522	1.8938055716197406e-13	1.8938055716197406e-13	1.8938055716197406e-13
0.1445439770745928	9.614127076774892e-6	1.1055412118533145e-6	9.519011997174543e-6	1.0058089006682083e-6	9.601804313710063e-6	1.0926050312491946e-6	0.0010827095679174959	0.0011154685984687998	0.0008336691730135334	0.0005399625294668624	0.0006901001408224901	0.0006918071814905662	0.0006548769531035983	0.00069018536009455	0.0011308978960769913	0.000029140593111193204	0.000597153412176832	0.000012889209025958703	0.000012886347223679535	0.000012889150610723059	1.7674021945874302e-13	1.7674021945874302e-13	1.7674021945874302e-13
0.15488166189124797	7.93376654254686e-6	9.130787631031242e-7	7.84825970913437e-6	8.23439756753001e-7	7.922635992427477e-6	9.01397892930677e-7	0.0009431041527446622	0.0009751726757374081	0.0007039865202965261	0.00043783944547166984	0.0005896697127425741	0.0005925070256154191	0.0005553279930599044	0.000587598432514855	0.0009901403594912025	0.00002500445739430675	0.00048698002451512575	0.000010607467380134095	0.000010604992807829202	0.000010607347572666588	1.649435699336762e-13	1.649435699336762e-13	1.649435699336762e-13
0.1659586907437563	6.474633143679308e-6	7.465777147380114e-7	6.3982810818145e-6	6.665097491968463e-7	6.46555094187399e-6	7.370470342471217e-7	0.0008167925751224863	0.0008477179651370498	0.0005742337471168918	0.00034933092961630203	0.00049972469019829	0.0005030689874243292	0.0004662363437747173	0.0004950311468021283	0.0008610440990876783	0.000021286646712317632	0.00038851847238206117	8.631751499316854e-6	8.62968237063703e-6	8.6316441454298e-6	1.5393429602941216e-13	1.5393429602941216e-13	1.5393429602941216e-13
0.1778279410038923	5.283855293752295e-6	6.104383396774788e-7	5.2161883422714965e-6	5.394872449760782e-7	5.27644448412423e-6	6.026620818097049e-7	0.0007073981265310506	0.0007369215384062052	0.0004683958951217113	0.00027871426306766444	0.00042349939397819976	0.0004271314856482542	0.0003914377286451138	0.0004170464431898181	0.0007487796386309257	0.000018121622121590126	0.000309964671615404	7.0240266857193615e-6	7.022297814582705e-6	7.023931302611538e-6	1.4365984380960628e-13	1.4365984380960628e-13	1.4365984380960628e-13
0.1905460717963252	4.251274724177652e-6	4.913453312157609e-7	4.193917493537112e-6	4.311963878069664e-7	4.244354262123812e-6	4.840841669944149e-7	0.0006089109612182971	0.0006371371559454575	0.00037174894695945294	0.00021874452558312565	0.00035562597443984363	0.00035920855660218	0.0003257187647607927	0.00034802181804497937	0.0006475589401578817	0.00001527785635417297	0.0002421992117420368	5.638979006893803e-6	5.6375068521289325e-6	5.638872305722692e-6	1.340711670871387e-13	1.340711670871387e-13	1.340711670871387e-13
0.20417379446695316	3.4204829193188127e-6	3.954866836101441e-7	3.3719917281471048e-6	3.446426705899653e-7	3.4141443459911237e-6	3.888372735032523e-7	0.000524135624319496	0.0005508642838208183	0.0002950437461232533	0.00017167821605516804	0.00029863049509534816	0.0003020868080946875	0.0002710334389189239	0.0002904213375108605	0.0005600213458596625	0.000012880353271501972	0.00018924885169252197	4.527044907850151e-6	4.525795451426557e-6	4.526935061056831e-6	1.2512249329694439e-13	1.2512249329694439e-13	1.2512249329694439e-13
0.21877616239495518	2.713228914986398e-6	3.1620039217994927e-7	2.6704970903634618e-6	2.71398270122713e-7	2.7070909296281756e-6	3.097705812615688e-7	0.00044822720040714296	0.0004730556716016683	0.00022860184507892385	0.00013225901917528793	0.0002482235287325687	0.0002513380323756065	0.00022288922694271165	0.00023941829205201078	0.00048179684376847034	0.000010794094596818892	0.0001447252452481384	3.5801517237807106e-6	3.579102241968882e-6	3.5800135091490712e-6	1.167711049958162e-13	1.167711049958162e-13	1.167711049958162e-13
0.23442288153199276	2.1522139764358834e-6	2.5280924025576435e-7	2.114938376067245e-6	2.1371996943823786e-7	2.146464987597828e-6	2.467814161708092e-7	0.0003833122838114061	0.0004062373891484562	0.00017712222089146245	0.00010189090121712218	0.00020632494413129146	0.00020911474723729132	0.00018329696765564057	0.0001973722697525889	0.0004144988407699505	9.045751751456973e-6	0.00011067647927483357	2.831314163255496e-6	2.830435665056124e-6	2.8311642541427575e-6	1.0897713594616218e-13	1.0897713594616218e-13	1.0897713594616218e-13
0.25118864315095824	1.6732766630982504e-6	1.968219768932949e-7	1.6430232245993118e-6	1.650926307812092e-7	1.6690137211700566e-6	1.9235377306946583e-7	0.00032529938232289755	0.0003465209523630252	0.00013363379715977767	0.00007667166971925623	0.00016919553206513785	0.00017153805314040353	0.0001491538615929712	0.00016084648897716434	0.00035388276760113285	7.544872138502201e-6	0.00008264048596191496	2.1964251307640218e-6	2.1957312938557293e-6	2.1962826432065743e-6	1.0170338081029437e-13	1.0170338081029437e-13	1.0170338081029437e-13
0.2691534803926914	1.3009184132824238e-6	1.5323368144690082e-7	1.2764084982904003e-6	1.2752938721590643e-7	1.2977648447792214e-6	1.4993014704336663e-7	0.0002760665196728297	0.000295582764250922	0.00010082298908324854	0.00005769450331008428	0.00013874778055235408	0.0001407136706710112	0.00012137066266088143	0.0001310801818751529	0.00030213115426912067	6.293019878328862e-6	0.00006170642547331566	1.7039025261346178e-6	1.7033547076653918e-6	1.7037716698323506e-6	9.491511754680154e-14	9.491511754680154e-14	9.491511754680154e-14
0.28840315031266117	9.896448307567503e-7	1.1808221300000224e-7	9.688387088521674e-7	9.626922583943736e-8	9.840876291214139e-7	1.1225428171559401e-7	0.00023214185614907847	0.0002496813733724938	0.00007355737429622165	0.000042242099193726136	0.00011202359431791584	0.00011349825503999944	0.0000973397220783779	0.00010511403434232484	0.0002555312006109227	5.166798832806926e-6	0.00004478949728653308	1.2915601596647488e-6	1.291134980014878e-6	1.2914492276626417e-6	8.857994166120424e-14	8.857994166120424e-14	8.857994166120424e-14
0.30902954325135923	7.528503563666209e-7	9.099441386070089e-8	7.353824774964738e-7	7.267159394433914e-8	7.46227997842376e-7	8.404596415048766e-8	0.00019520600122103037	0.0002109080628133438	0.00005366521427853123	0.00003092833531649002	0.00009044674901426536	0.00009154656996506554	0.00007806681850926261	0.0000842916149311049	0.00021611870726677263	4.2421302800309135e-6	0.000032510375569362846	9.790041510282185e-7	9.786743354840438e-7	9.789111634862276e-7	8.266761151966554e-14	8.266761151966554e-14	8.266761151966554e-14
0.3311311214825908	5.566996311253571e-7	6.788490071175224e-8	5.428319784815744e-7	5.334042239821575e-8	5.530708831851605e-7	6.405429385340243e-8	0.00016151600009469894	0.00017555063403092676	0.00003759569693067979	0.000022084225884038566	0.00007141862819248704	0.00007225628180389494	0.00006125452311316876	0.00006617194085271552	0.00018020355579725366	3.390848997047509e-6	0.000022657342438101194	7.216678535271444e-7	7.214085923886376e-7	7.215866013214131e-7	7.714990398734287e-14	7.714990398734287e-14	7.714990398734287e-14
0.354813389233576	4.116548218038986e-7	5.0644424741271497e-8	4.006983656523526e-7	3.915148281733331e-8	4.099114516094847e-7	4.881796053539769e-8	0.00013364045225767348	0.00014612065891446896	0.00002633803752962817	0.000015769132994273866	0.00005639362949454544	0.00005703075781120074	0.00004806288604391482	0.000051947346836267554	0.00015025687471787946	2.7103969378078968e-6	0.000015790502489338983	5.31973730925942e-7	5.317707211712513e-7	5.319044696070654e-7	7.200047970226247e-14	7.200047970226247e-14	7.200047970226247e-14
0.38018939632056126	2.9582313518453635e-7	3.867435003375326e-8	2.853124487630609e-7	2.772762913619721e-8	2.93480708821774e-7	3.627049410144587e-8	0.0001082673306046194	0.0001192125658059253	0.000017553423257162482	0.000010883848230935932	0.00004339914514219376	0.00004373802912860295	0.000036712548961878834	0.00003958775835976699	0.00012243529671896315	2.1503987483951746e-6	0.000010538391075397912	3.7829417520424144e-7	3.781407443877738e-7	3.7825308308696805e-7	6.719475734158303e-14	6.719475734158303e-14	6.719475734158303e-14
0.40738027780411384	2.1258423969607867e-7	2.9533465098564975e-8	2.0315329533886427e-7	1.9637095767266875e-8	2.1012081051247273e-7	2.6948047971178536e-8	0.00008771157743202524	0.00009725959321296646	0.000011698770939120706	7.512026967941693e-6	0.000033398910762701355	0.00003354356956622403	0.00002804266165054755	0.0000301688287736983	0.00009976516489382698	1.7061024208651234e-6	7.033195209145782e-6	2.690104316699362e-7	2.6889487682058384e-7	2.6898701372163294e-7	6.270979628004237e-14	6.270979628004237e-14	6.270979628004237e-14
0.43651583224016655	1.4568297354721727e-7	2.1040624358409464e-8	1.383016137420285e-7	1.3312543832983968e-8	1.4473134306873487e-7	1.9996542866604166e-8	0.00006869562573332132	0.00007700143499469172	7.3375134250425375e-6	4.988598519795959e-6	0.000024732205052955423	0.000024773003199273926	0.00002058871075880295	0.000022120596394670555	0.00007884390392302603	1.3408279561241339e-6	4.506772289443393e-6	1.8294875706715534e-7	1.8286999110864774e-7	1.829375243747704e-7	5.852418708045278e-14	5.852418708045278e-14	5.852418708045278e-14
0.4677351412871981	9.983585242208695e-8	1.499004170063355e-8	9.415223283355793e-8	9.024950807671621e-9	9.969103781482165e-8	1.4838244575028169e-8	0.000053802350078012956	0.000060962839709381655	4.60211620031311e-6	3.31283624219061e-6	0.000018314428608987384	0.00001829565831685338	0.000015116076212450822	0.000016219416024612494	0.00006230993746603837	1.0537583124771563e-6	2.887876116744631e-6	1.24419887751727e-7	1.2436619858098034e-7	1.2441544058704238e-7	5.461794929348034e-14	5.461794929348034e-14	5.461794929348034e-14
0.5011872336272735	6.399191936052693e-8	9.280743866174638e-9	6.066314248164009e-8	5.793731938782718e-9	6.465810572742599e-8	9.979100559609246e-9	0.0000401807563365427	0.00004610858498173612	2.6956923916492117e-6	2.0951928150304197e-6	0.000012947036450188057	0.000012865236041244442	0.000010576908369208181	0.000011304682971794435	0.0000472296334036306	8.235802938370848e-7	1.733439250474126e-6	8.009410269403533e-8	8.005964675977651e-8	8.009403342883606e-8	5.097243607885238e-14	5.097243607885238e-14	5.097243607885238e-14
0.5370317963702532	4.1016985823204495e-8	5.745961781140336e-9	3.9085816076750685e-8	3.7193919937976845e-9	4.1936273589856496e-8	6.71120141437663e-9	0.000030007856114754073	0.000034873729950129593	1.5790034745105435e-6	1.3250980764604361e-6	9.152660802108925e-6	9.046643500358307e-6	7.400795621715781e-6	7.879189787033942e-6	0.00003579907735675655	6.43681280959283e-7	1.0404918748632358e-6	5.1559806091159066e-8	5.15376936212037e-8	5.1561559888634696e-8	4.757024519268876e-14	4.757024519268876e-14	4.757024519268876e-14
0.5754399373371566	2.5444865015193922e-8	3.910291992361361e-9	2.388226234875103e-8	2.270200017458771e-9	2.554937977999731e-8	4.019750788534e-9	0.000021361480439070157	0.0000252885606194195	8.811774925342468e-7	7.97303782575572e-7	6.138495612438182e-6	6.022601452925349e-6	4.963735541949688e-6	5.243807686757326e-6	0.00002610003929175433	4.97133338129302e-7	6.054112131775292e-7	3.1495562743689064e-8	3.1482497189808655e-8	3.1500324393315204e-8	4.439513591604424e-14	4.439513591604424e-14	4.439513591604424e-14
0.6165950018614835	1.4880349605597327e-8	2.1792105859192255e-9	1.407796195101172e-8	1.3370726289997456e-9	1.528271543844382e-8	2.6013734367646192e-9	0.000014677219093266302	0.00001773584317637089	4.83048551192731e-7	4.688667513196465e-7	3.979624224620307e-6	3.887690666395856e-6	3.2099729375121264e-6	3.3774346692084768e-6	0.000018340154181906727	3.8028333582235315e-7	3.418492636693433e-7	1.8561609092065578e-8	1.8554248578532577e-8	1.8567516978117396e-8	4.143195152811514e-14	4.143195152811514e-14	4.143195152811514e-14
0.6606934480075964	8.385548680330598e-9	1.1891686060073788e-9	7.972715266231288e-9	7.559005894476125e-10	8.730614193454287e-9	1.5511848635280864e-9	9.688765813387127e-6	0.000011982119865883229	2.583287718393293e-7	2.6724635653903353e-7	2.492410589303766e-6	2.4226089965988336e-6	1.9997671319417153e-6	2.0948597380599173e-6	0.000012368076509329004	2.79444168094725e-7	1.891384205925222e-7	1.0507405556660637e-8	1.0503338978729823e-8	1.0512911755095325e-8	3.866654695402597e-14	3.866654695402597e-14	3.866654695402597e-14
0.7079457843841374	4.548582147849471e-9	6.335820215134832e-10	4.335413310254233e-9	4.098649677009654e-10	4.962844850275078e-9	1.0683609196284977e-9	6.14756087039954e-6	7.726435354290121e-6	1.3727686317876524e-7	1.4675561184178075e-7	1.4917071427178995e-6	1.442708902295533e-6	1.1812271150864006e-6	1.2331771203350798e-6	7.979757580752333e-6	2.0311994004919734e-7	1.0351686364547244e-7	5.70972353503612e-9	5.707569941253126e-9	5.71362765297505e-9	3.6085721241813586e-14	3.6085721241813586e-14	3.6085721241813586e-14
0.7585775750291851	2.374935163933751e-9	3.2987108803950964e-10	2.264126092948233e-9	2.1357626051423201e-10	2.5903051546551066e-9	5.559029698734953e-10	3.703598142973296e-6	4.732638023257067e-6	7.210996425386034e-8	7.847784724317578e-8	8.519001536192115e-7	8.194334928576346e-7	6.678480946725893e-7	6.942096527360403e-7	4.880502921741192e-6	1.394235647780758e-7	5.46052011004191e-8	2.9802194209128415e-9	2.979142269452398e-9	2.9823178470435095e-9	3.3677154546283775e-14	3.3677154546283775e-14	3.3677154546283775e-14
0.8128305161640995	1.1760427857608789e-9	1.664373083918046e-10	1.1177230920939186e-9	1.052214256017279e-10	1.2894533813509984e-9	2.8546045104312046e-10	2.118248079121965e-6	2.7636314715895036e-6	3.8301813531561446e-8	4.1405899827464995e-8	4.7174348549035823e-7	4.4970193477330634e-7	3.7033695125786147e-7	3.814122864173983e-7	2.8394187197884662e-6	8.556222122083916e-8	2.829029642339867e-8	1.470406674851976e-9	1.4699861256301398e-9	1.4715416951598622e-9	3.1429349318924324e-14	3.1429349318924324e-14	3.1429349318924324e-14
0.8709635899560796	5.239906444980177e-10	7.935824925538252e-11	4.925238849608757e-10	4.632439963033579e-11	5.851931184346204e-10	1.4359458731917111e-10	1.1883325291403911e-6	1.5660228709705336e-6	2.0508726396002392e-8	2.212336813809136e-8	2.6034498637348684e-7	2.4378297427790083e-7	2.0341387048020124e-7	2.058482816183456e-7	1.6020649167313972e-6	4.789563103774078e-8	1.4530194438174138e-8	6.477646722929055e-10	6.476099185059133e-10	6.482952987737345e-10	2.933157542313715e-14	2.933157542313715e-14	2.933157542313715e-14
0.9332543007969925	1.6414227042845008e-10	3.2516662409577e-11	1.4628220277482608e-10	1.3763217556252984e-11	1.9885958310573234e-10	6.896914170278854e-11	6.824793207706166e-7	9.049114213606471e-7	1.1418201188068434e-8	1.2249053734230927e-8	1.4695682385198267e-7	1.314702329637957e-7	1.1521232904999963e-7	1.1129136070365854e-7	9.209953774399553e-7	2.648014399726376e-8	7.0048010330841846e-9	1.9238308999650498e-10	1.9235906155009606e-10	1.9245300370559902e-10	2.7373818912793994e-14	2.7373818912793994e-14	2.7373818912793994e-14