1.e-9	0	0	0	0	0	0	1.712849550771507e-10	0	0	0	0	0	0	0	2.14676951571774e-11	2.5727958754421145e-16	0	1.4853669246433456e-16	1.4853669246433456e-16	1.4853669246433456e-16	0	0	0
1.0715193052376092e-9	0	0	0	0	0	0	2.912697926558776e-10	0	0	0	0	0	0	0	3.3768370979216454e-11	4.375007426316428e-16	0	2.525720652230813e-16	2.525720652230813e-16	2.525720652230813e-16	0	0	0
1.148153621496884e-9	0	0	0	0	0	0	4.953038174052065e-10	0	0	0	0	0	0	0	5.3117154414626335e-11	7.439645781083737e-16	0	4.2947400452158226e-16	4.2947400452158226e-16	4.2947400452158226e-16	0	0	0
1.2302687708123811e-9	0	0	0	0	0	0	8.422633507554586e-10	0	0	0	0	0	0	0	8.355250819898842e-11	1.2651025233710763e-15	0	7.302783876629673e-16	7.302783876629673e-16	7.302783876629673e-16	0	0	0
1.31825673855641e-9	0	0	0	0	0	0	1.4322685451835699e-9	0	0	0	0	0	0	0	1.3908959471082734e-10	2.1513022907053265e-15	0	1.2418173881809353e-15	1.2418173881809353e-15	1.2418173881809353e-15	0	0	0
1.4125375446227555e-9	0	0	0	0	0	0	2.4355721802238585e-9	0	0	0	0	0	0	0	2.3154200602508249e-10	3.658281807597154e-15	0	2.1116747416330705e-15	2.1116747416330705e-15	2.1116747416330705e-15	0	0	0
1.5135612484362133e-9	0	0	0	0	0	0	4.141690598636394e-9	0	0	0	0	0	0	0	3.912896316012439e-10	6.22090477997307e-15	0	3.590885026465481e-15	3.590885026465481e-15	3.590885026465481e-15	0	0	0
1.6218100973589331e-9	0	0	0	0	0	0	7.04294504351603e-9	0	0	0	0	0	0	0	6.61251832559715e-10	1.0578642739092533e-14	0	6.1062695968612895e-15	6.1062695968612895e-15	6.1062695968612895e-15	0	0	0
1.7378008287493762e-9	0	0	0	0	0	0	1.1976529157906675e-8	0	0	0	0	0	0	0	1.1223659325983412e-9	1.798898051751452e-14	0	1.038369679896605e-14	1.038369679896605e-14	1.038369679896605e-14	0	0	0
1.8620871366628732e-9	0	0	0	0	0	0	2.0366089722969197e-8	0	0	0	0	0	0	0	1.905031070811565e-9	3.0590258886772134e-14	0	1.765745149350742e-14	1.765745149350742e-14	1.765745149350742e-14	0	0	0
1.9952623149688828e-9	0	0	0	0	0	0	3.463253948831397e-8	0	0	0	0	0	0	0	3.2376928434972994e-9	5.201873839063304e-14	0	3.002648606748698e-14	3.002648606748698e-14	3.002648606748698e-14	0	0	0
2.1379620895022324e-9	0	0	0	0	0	0	5.8892640056326276e-8	0	0	0	0	0	0	0	5.502616261459863e-9	8.845786999610323e-14	0	5.1060022217392504e-14	5.1060022217392504e-14	5.1060022217392504e-14	0	0	0
2.2908676527677795e-9	0	0	0	0	0	0	1.0014694634520781e-7	0	0	0	0	0	0	0	9.355623739873841e-9	1.5042262347249304e-13	0	8.682756628839518e-14	8.682756628839518e-14	8.682756628839518e-14	0	0	0
2.4547089156850337e-9	0	0	0	0	0	0	1.7029990254600432e-7	0	0	0	0	0	0	0	1.5906559971322353e-8	2.557936976477345e-13	0	1.4765027393578235e-13	1.4765027393578235e-13	1.4765027393578235e-13	0	0	0
2.6302679918953816e-9	0	0	0	0	0	0	2.895950193072096e-7	0	0	0	0	0	0	0	2.7047736261777872e-8	4.349772333945315e-13	0	2.510793108895089e-13	2.510793108895089e-13	2.510793108895089e-13	0	0	0
2.818382931264461e-9	0	0	0	0	0	0	4.924563898965163e-7	0	0	0	0	0	0	0	4.5992347698411395e-8	7.396788713384361e-13	0	4.2696040228255397e-13	4.2696040228255397e-13	4.2696040228255397e-13	0	0	0
3.019951720402019e-9	0	0	0	0	0	0	3.4676727516010997e-7	0	0	0	0	0	0	0	7.820880177107767e-8	1.2578240717442427e-12	0	7.260462433238291e-13	7.260462433238291e-13	7.260462433238291e-13	0	0	0
3.2359365692962944e-9	0	0	0	0	0	0	2.4417906963747913e-7	0	0	0	0	0	0	0	1.329920515164177e-7	2.138930090833258e-12	0	1.2346417715238915e-12	1.2346417715238915e-12	1.2346417715238915e-12	0	0	0
3.4673685045253237e-9	0	0	0	0	0	0	1.5692434437463784e-7	0	0	0	0	0	0	0	2.2615197037190585e-7	3.637251060449846e-12	0	2.099508580111802e-12	2.099508580111802e-12	2.099508580111802e-12	0	0	0
3.715352290971728e-9	0	0	0	0	0	0	1.0084914277857783e-7	0	0	0	0	0	0	0	3.8456970262451923e-7	6.185146178194759e-12	0	3.5702147615840618e-12	3.5702147615840618e-12	3.5702147615840618e-12	0	0	0
3.9810717055349855e-9	0	0	0	0	0	0	6.681702756507386e-8	0	0	0	0	0	0	0	6.539599524735664e-7	1.0517842354921888e-11	0	6.071150934265153e-12	6.071150934265153e-12	6.071150934265153e-12	0	0	0
4.265795188015934e-9	0	0	0	0	0	0	4.426924264923155e-8	0	0	0	0	0	0	0	1.1120574931426386e-6	1.788559309931721e-11	0	1.0323993408809578e-11	1.0323993408809578e-11	1.0323993408809578e-11	0	0	0
4.570881896148752e-9	0	0	0	0	0	0	3.4522271987900826e-8	0	0	0	0	0	0	0	1.8910532078287158e-6	3.041445476681156e-11	0	1.755595292298638e-11	1.755595292298638e-11	1.755595292298638e-11	0	0	0
4.8977881936844766e-9	0	0	0	0	0	0	2.6921338425637145e-8	0	0	0	0	0	0	0	3.2157350288906844e-6	5.171978662523134e-11	0	2.985390156982302e-11	2.985390156982302e-11	2.985390156982302e-11	0	0	0
5.248074602497734e-9	0	0	0	0	0	0	3.136083852654384e-8	0	0	0	0	0	0	0	5.468357394760653e-6	8.79495078624138e-11	0	5.0766565794796495e-11	5.0766565794796495e-11	5.0766565794796495e-11	0	0	0
5.623413251903491e-9	0	0	0	0	0	0	3.653244045813832e-8	0	0	0	0	0	0	0	9.298941712604372e-6	1.4955815632594953e-10	0	8.632855563517506e-11	8.632855563517506e-11	8.632855563517506e-11	0	0	0
6.025595860743593e-9	0	0	0	0	0	0	5.694196504457732e-8	0	0	0	0	0	0	0	0.000015812851708534575	2.543236757938817e-10	0	1.4680172672541811e-10	1.4680172672541811e-10	1.4680172672541811e-10	0	0	0
6.456542290346562e-9	0	0	0	0	0	0	8.875364860590254e-8	0	0	0	0	0	0	0	0.00002688975658565091	4.3247746333768245e-10	0	2.4963636668075864e-10	2.4963636668075864e-10	2.4963636668075864e-10	0	0	0
6.918309709189363e-9	0	0	0	0	0	0	1.4887947430050423e-7	0	0	0	0	0	0	0	0.000045726036119210015	7.354280159395241e-10	0	4.245066932182187e-10	4.245066932182187e-10	4.245066932182187e-10	0	0	0
7.413102413009192e-9	0	0	0	0	0	0	2.497373146473865e-7	0	0	0	0	0	0	0	0.00007775713300027341	1.2505954933574791e-9	0	7.218737196953811e-10	7.218737196953811e-10	7.218737196953811e-10	0	0	0
7.943282347242822e-9	0	0	0	0	0	0	4.144704468938826e-7	0	0	0	0	0	0	0	0.00013222602031052707	2.126637895361241e-9	0	1.2275464097862215e-9	1.2275464097862215e-9	1.2275464097862215e-9	0	0	0
8.511380382023759e-9	0	0	0	0	0	0	6.878657744476831e-7	0	0	0	0	0	0	0	0.0002248503741399236	3.6163481813328204e-9	0	2.087442923971339e-9	2.087442923971339e-9	2.087442923971339e-9	0	0	0
9.120108393559115e-9	0	0	0	0	0	0	1.0607483919350286e-6	0	0	0	0	0	0	0	0.0003823581073794758	6.149600831039351e-9	0	3.549697124368358e-9	3.549697124368358e-9	3.549697124368358e-9	0	0	0
9.772372209558111e-9	0	0	0	0	0	0	1.6357655705376812e-6	0	0	0	0	0	0	0	0.0006502000400845987	1.045739748631791e-8	0	6.036260694868272e-9	6.036260694868272e-9	6.036260694868272e-9	0	0	0
1.0471285480509006e-8	0	0	0	0	0	0	2.661309403155981e-6	0	0	0	0	0	0	0	0.0011056653024285109	1.7782806590451754e-8	0	1.0264662561292738e-8	1.0264662561292738e-8	1.0264662561292738e-8	0	0	0
1.1220184543019653e-8	0	0	0	0	0	0	4.329818322926633e-6	0	0	0	0	0	0	0	0.0018801840750967806	3.0239666288592375e-8	0	1.7455060810541324e-8	1.7455060810541324e-8	1.7455060810541324e-8	0	0	0
1.202264434617413e-8	0	0	0	0	0	0	7.0700914772963105e-6	0	0	0	0	0	0	0	0.0031972534086516825	5.142255878419275e-8	0	2.968233452200056e-8	2.968233452200056e-8	2.968233452200056e-8	0	0	0
1.288249551693135e-8	0	0	0	0	0	0	0.00001154463992926874	0	0	0	0	0	0	0	0.005436930082821172	8.74440718584026e-8	0	5.0474815999717595e-8	5.0474815999717595e-8	5.0474815999717595e-8	0	0	0
1.3803842646028866e-8	0	0	0	0	0	0	0.000013434908526083687	0	0	0	0	0	0	0	0.009245500731169885	1.4869866229853657e-7	0	8.583243505718994e-8	8.583243505718994e-8	8.583243505718994e-8	0	0	0
1.4791083881682102e-8	0	0	0	0	0	0	0.00001563468139414492	0	0	0	0	0	0	0	0.015721975906983366	2.528621060233781e-7	0	1.4595807358442549e-7	1.4595807358442549e-7	1.4595807358442549e-7	0	0	0
1.5848931924611173e-8	0	0	0	0	0	0	0.000018365066666367242	0	0	0	0	0	0	0	0.026735223284478454	4.299920636421593e-7	0	2.482017343476469e-7	2.482017343476469e-7	2.482017343476469e-7	0	0	0
1.698243652461746e-8	0	0	0	0	0	0	0.000021572276732573424	0	0	0	0	0	0	0	0.04546325272979346	7.312015932436553e-7	0	4.2206710064274563e-7	4.2206710064274563e-7	4.2206710064274563e-7	0	0	0
1.8197008586099862e-8	0	0	0	0	0	0	0.000014735929309037984	0	0	0	0	0	0	0	0.04246885703722227	1.2434084612323256e-6	0	7.177251922031874e-7	7.177251922031874e-7	7.177251922031874e-7	0	0	0
1.9498445997580494e-8	0	0	0	0	0	0	0.00001006604983298224	0	0	0	0	0	0	0	0.03967168448697543	2.1144163466680513e-6	0	1.220491838237636e-6	1.220491838237636e-6	1.220491838237636e-6	0	0	0
2.0892961308540408e-8	0	0	0	0	0	0	8.256977946881972e-6	0	0	0	0	0	0	0	0.02059216601470953	3.5955704558738886e-6	0	2.0754492388455025e-6	2.0754492388455025e-6	2.0754492388455025e-6	0	0	0
2.2387211385683424e-8	0	0	0	0	0	0	6.7730327135779956e-6	0	0	0	0	0	0	0	0.010688663883596378	6.114276842176856e-6	0	3.529306307565424e-6	3.529306307565424e-6	3.529306307565424e-6	0	0	0
2.3988329190194947e-8	0	0	0	0	0	0	5.557035531217558e-6	0	0	0	0	0	0	0	0.006218921434848598	5.846047488265892e-6	0	3.39255990665888e-6	3.39255990665888e-6	3.39255990665888e-6	0	0	0
2.5703957827688646e-8	0	0	0	0	0	0	4.559352538384741e-6	0	0	0	0	0	0	0	0.003618317895857317	5.589585181899009e-6	0	3.261111877877442e-6	3.261111877877442e-6	3.261111877877442e-6	0	0	0
2.754228703338169e-8	0	0	0	0	0	0	5.11181685965528e-6	0	0	0	0	0	0	0	0.0034576429817017216	6.347867632980691e-6	0	3.739100216433122e-6	3.739100216433122e-6	3.739100216433122e-6	0	0	0
2.95120922666639e-8	0	0	0	0	0	0	5.731224200511944e-6	0	0	0	0	0	0	0	0.003304102992884953	7.209018589847198e-6	0	4.287148356783815e-6	4.287148356783815e-6	4.287148356783815e-6	0	0	0
3.162277660168386e-8	0	0	0	0	0	0	7.867191305463713e-6	0	0	0	0	0	0	0	0.0050362518865314865	0.000011230323416385459	0	6.700414662030308e-6	6.700414662030308e-6	6.700414662030308e-6	0	0	0
3.3884415613920346e-8	0	0	0	0	0	0	0.000010799210931450999	0	0	0	0	0	0	0	0.007676465630523987	0.00001749477580960045	0	0.000010472125736472518	0.000010472125736472518	0.000010472125736472518	0	0	0
3.6307805477010175e-8	0	0	0	0	0	0	0.00001349197769592457	0	0	0	0	0	0	0	0.012908162006769088	0.00002249721168417969	0	0.000013673099860287378	0.000013673099860287378	0.000013673099860287378	0	0	0
3.890451449942813e-8	0	0	0	0	0	0	0.000016856181743537198	0	0	0	0	0	0	0	0.021705385578809674	0.00002893003826233961	0	0.00001785250334975125	0.00001785250334975125	0.00001785250334975125	0	0	0
4.1686938347033635e-8	0	0	0	0	0	0	0.000020903685163914763	0	0	0	0	0	0	0	0.022131763150632613	0.000021251468701892267	0	0.000014581571548587585	0.000014581571548587585	0.000014581571548587585	0	0	0
4.4668359215096346e-8	0	0	0	0	0	0	0.000025923074399669506	0	0	0	0	0	0	0	0.022566516424103126	0.000015610934140222865	0	0.000011909939164332538	0.000011909939164332538	0.000011909939164332538	0	0	0
4.78630092322639e-8	0	0	0	0	0	0	0.00003537612952610568	0	0	0	0	0	0	0	0.0211439065325976	0.000017320217525704165	0	0.000012417421202293104	0.000012417421202293104	0.000012417421202293104	0	0	0
5.128613839913659e-8	0	0	0	0	0	0	0.00004827631634092563	0	0	0	0	0	0	0	0.019810979021188935	0.000019216654970362292	0	0.000012946527029871716	0.000012946527029871716	0.000012946527029871716	0	0	0
5.495408738576248e-8	0	0	0	0	0	0	0.00007271721802317581	0	0	0	0	0	0	0	0.017221203025151368	0.000029819507541287207	0	0.000018938679453589838	0.000018938679453589838	0.000018938679453589838	0	0	0
5.888436553555896e-8	0	0	0	0	0	0	0.00010953184082414132	0	0	0	0	0	0	0	0.014969973635138429	0.000046272518884077056	0	0.00002770423130606758	0.00002770423130606758	0.00002770423130606758	0	0	0
6.309573444801943e-8	0	0	0	0	0	0	0.00016674782094497633	0	0	0	0	0	0	0	0.009248517561585685	0.00003616723383062326	0	0.000021913794114273076	0.000021913794114273076	0.000021913794114273076	0	0	0
6.760829753919818e-8	0	0	0	0	0	0	0.0002538516250679984	0	0	0	0	0	0	0	0.00571377606746001	0.000028268804778836353	0	0.00001733361114327634	0.00001733361114327634	0.00001733361114327634	0	0	0
7.244359600749906e-8	0	0	0	0	0	0	0.00041416733372033105	0	0	0	0	0	0	0	0.0061713352015885375	0.000028226175937189294	0	0.00001737047144513398	0.00001737047144513398	0.00001737047144513398	0	0	0
7.762471166286928e-8	0	0	0	0	0	0	0.0006757277219519729	0	0	0	0	0	0	0	0.006665535666905476	0.000028183611379057265	0	0.000017407410131226843	0.000017407410131226843	0.000017407410131226843	0	0	0
8.317637711026726e-8	0	0	0	0	0	0	0.0011240421759187908	0	0	0	0	0	0	0	0.01054707756022886	0.00004039620417867165	0	0.000024880551221895107	0.000024880551221895107	0.000024880551221895107	0	0	0
8.912509381337478e-8	0	0	0	0	0	0	0.0018697927762892435	0	0	0	0	0	0	0	0.01668895804035494	0.0000579007881600812	0	0.000035561971852138574	0.000035561971852138574	0.000035561971852138574	0	0	0
9.549925860214369e-8	0	0	0	0	0	0	0.0031498261458805694	0	0	0	0	0	0	0	0.010098853972009502	0.0000647701891019699	0	0.000043509320228514136	0.000043509320228514136	0.000043509320228514136	0	0	0
1.0232929922807557e-7	0	0	0	0	0	0	0.00530615203731997	0	0	0	0	0	0	0	0.006111037687395418	0.00007245458187384917	0	0.00005323273283659534	0.00005323273283659534	0.00005323273283659534	0	0	0
1.0964781961431874e-7	0	0	0	0	0	0	0.008989835190793475	0	0	0	0	0	0	0	0.006357800601601926	0.00007758589471947728	0	0.00005637618834856128	0.00005637618834856128	0.00005637618834856128	0	0	0
1.1748975549395303e-7	0	0	0	0	0	0	0.01523083699622854	0	0	0	0	0	0	0	0.006614527770480577	0.00008308061276100474	0	0.00005970526860735424	0.00005970526860735424	0.00005970526860735424	0	0	0
1.2589254117941688e-7	0	0	0	0	0	0	0.01632270959533681	0	0	0	0	0	0	0	0.010360121402302374	0.00007924705135831827	0	0.000057851126420454724	0.000057851126420454724	0.000057851126420454724	0	0	0
1.3489628825916562e-7	0	0	0	0	0	0	0.017492856669641555	0	0	0	0	0	0	0	0.01622672384103466	0.00007559038071918955	0	0.0000560545644660779	0.0000560545644660779	0.0000560545644660779	0	0	0
1.445439770745928e-7	0	0	0	0	0	0	0.01890922419746469	0	0	0	0	0	0	0	0.019339515098639206	0.000058303569888254826	0	0.00005041212914762057	0.00005041212914762057	0.00005041212914762057	0	0	0
1.5488166189124826e-7	0	0	0	0	0	0	0.020440272649722445	0	0	0	0	0	0	0	0.023049436714062548	0.00004497009049792508	0	0.00004533765964294199	0.00004533765964294199	0.00004533765964294199	0	0	0
1.659586907437563e-7	0	0	0	0	0	0	0.023638280250309722	0	0	0	0	0	0	0	0.019439936791943845	0.00004271307940189893	0	0.000056689050855189464	0.000056689050855189464	0.000056689050855189464	0	0	0
1.7782794100389227e-7	0	0	0	0	0	0	0.02733663600127045	0	0	0	0	0	0	0	0.016395678001285326	0.000040569345798339294	0	0.00007088254030250914	0.00007088254030250914	0.00007088254030250914	0	0	0
1.9054607179632522e-7	0	0	0	0	0	0	0.029759020054788154	0	0	0	0	0	0	0	0.014846326850033275	0.000044506014785836005	0	0.00007391250564150635	0.00007391250564150635	0.00007391250564150635	0	0	0
2.0417379446695318e-7	0	0	0	0	0	0	0.03239605906813555	0	0	0	0	0	0	0	0.013443385562996584	0.00004882468063357653	0	0.0000770719907454038	0.0000770719907454038	0.0000770719907454038	0	0	0
2.1877616239495564e-7	0	0	0	0	0	0	0.026962585405425517	0	0	0	0	0	0	0	0.012627477521630022	0.000047278506911696426	0	0.00007094454410228512	0.00007094454410228512	0.00007094454410228512	0	0	0
2.3442288153199275e-7	0	0	0	0	0	0	0.022440415058383345	0	0	0	0	0	0	0	0.01186108869763973	0.000045781297220860046	0	0.00006530424722656123	0.00006530424722656123	0.00006530424722656123	0	0	0
2.5118864315095823e-7	0	0	0	0	0	0	0.019591335074306278	0	0	0	0	0	0	0	0.01284591937146591	0.000046523970742341615	0	0.00006554585509115824	0.00006554585509115824	0.00006554585509115824	0	0	0
2.6915348039269196e-7	0	0	0	0	0	0	0.01710397998411137	0	0	0	0	0	0	0	0.01391252090805468	0.000047278692064846664	0	0.0000657883568388136	0.0000657883568388136	0.0000657883568388136	0	0	0
2.8840315031266115e-7	0	0	0	0	0	0	0.014059301233967475	0	0	0	0	0	0	0	0.015606805821346702	0.00005127067819497274	0	0.00007098221662351869	0.00007098221662351869	0.00007098221662351869	0	0	0
3.090295432513592e-7	0	0	0	0	0	0	0.011556605618754205	0	0	0	0	0	0	0	0.01750742295770442	0.00005559972849855869	0	0.00007658612129700596	0.00007658612129700596	0.00007658612129700596	0	0	0
3.3113112148259143e-7	0	0	0	0	0	0	0.008590380795851185	0	0	0	0	0	0	0	0.022006049394657678	0.00006756292449277806	0	0.0000831584252393999	0.0000831584252393999	0.0000831584252393999	0	0	0
3.5481338923357606e-7	0	0	0	0	0	0	0.006385494551962115	0	0	0	0	0	0	0	0.027660622076134646	0.0000821001988550193	0	0.00009029473710358996	0.00009029473710358996	0.00009029473710358996	0	0	0
3.8018939632056126e-7	0	0	0	0	0	0	0.00845119928635136	0	0	0	0	0	0	0	0.02549956387905303	0.00008434650259890063	0	0.00009137349117787517	0.00009137349117787517	0.00009137349117787517	0	0	0
4.0738027780411303e-7	0	0	0	0	0	0	0.011185158611665962	0	0	0	0	0	0	0	0.02350734398641447	0.0000866542663706521	0	0.00009246513316113598	0.00009246513316113598	0.00009246513316113598	0	0	0
4.365158322401665e-7	0	0	0	0	0	0	0.012331901109832103	0	0	0	0	0	0	0	0.02536131381083995	0.00009327582033001489	0	0.00009995758055730178	0.00009995758055730178	0.00009995758055730178	0	0	0
4.677351412871981e-7	0	0	0	0	0	0	0.0135962117536773	0	0	0	0	0	0	0	0.027361501945248275	0.00010040335026347656	0	0.00010805714077605361	0.00010805714077605361	0.00010805714077605361	0	0	0
5.011872336272736e-7	0	0	0	0	0	0	0.014919429470603051	0	0	0	0	0	0	0	0.029325061484317762	0.00010140465976099723	0	0.00011144962674246875	0.00011144962674246875	0.00011144962674246875	0	0	0
5.370317963702533e-7	0	0	0	0	0	0	0.016371426082569977	0	0	0	0	0	0	0	0.031429533100186945	0.0001024159551873459	0	0.00011494862081144583	0.00011494862081144583	0.00011494862081144583	0	0	0
5.754399373371578e-7	0	0	0	0	0	0	0.01800215219719214	0	0	0	0	0	0	0	0.0288844049418608	0.00011093254617120753	0	0.00011989191885006934	0.00011989191885006934	0.00011989191885006934	0	0	0
6.165950018614835e-7	0	0	0	0	0	0	0.019795311788745457	0	0	0	0	0	0	0	0.026545378392542264	0.00012015735026360079	0	0.0001250478005223746	0.0001250478005223746	0.0001250478005223746	0	0	0
6.606934480075964e-7	0	0	0	0	0	0	0.021213073194408	0	0	0	0	0	0	0	0.02485114269027782	0.00012509427354409058	0	0.00013339888828480364	0.00013339888828480334	0.00013339888828480334	0	0	0
7.079457843841387e-7	0	0	0	0	0	0	0.022732376188545643	0	0	0	0	0	0	0	0.02326504010905547	0.0001302340409404338	0	0.0001423076881103357	0.00014230768811033511	0.00014230768811033511	0	0	0
7.585775750291852e-7	0	0	0	0	0	0	0.025442950067253875	0	0	0	0	0	0	0	0.02659655106146289	0.0001364642429999779	0	0.0001533672522392499	0.0001533672522392496	0.0001533672522392496	0	0	0
8.128305161640995e-7	0	0	0	0	0	0	0.02847672864269036	0	0	0	0	0	0	0	0.030405128254632336	0.00014299248862341955	0	0.0001652863198872329	0.0001652863198872329	0.0001652863198872329	0	0	0
8.709635899560814e-7	0	0	0	0	0	0	0.030055453691374377	0	0	0	0	0	0	0	0.031089387288627125	0.00015122522214185786	0	0.00017066629156541532	0.00017066629156541532	0.00017066629156541532	0	0	0
9.332543007969924e-7	0	0	0	0	0	0	0.03172170188257274	0	0	0	0	0	0	0	0.03178904538365131	0.0001599319518949091	0	0.00017622137813076819	0.00017622137813076819	0.00017622137813076819	0	0	0
1.e-6	0	0	0	0	0	0	0.034062289580124944	0	0	0	0	0	0	0	0.03522070307932759	0.00016084947138183238	0	0.00017612883221166723	0.00017612883221166688	0.00017612883221166688	0	0	0
1.0715193052376091e-6	0	0	0	0	0	0	0.036575577682914064	0	0	0	0	0	0	0	0.03902281148839153	0.000161772254619987	0	0.00017603633489476824	0.00017603633489476786	0.00017603633489476786	0	0	0
1.148153621496884e-6	0	0	0	0	0	0	0.035416796220875846	0	0	0	0	0	0	0	0.04191363374728993	0.00016507030474343298	0	0.00017609584297789569	0.00017609584297789457	0.00017609584297789457	0	0	0
1.2302687708123837e-6	0	0	0	0	0	0	0.03429472708334003	0	0	0	0	0	0	0	0.04501860903652592	0.00016843559219779336	0	0.00017615537117739153	0.00017615537117739006	0.00017615537117739006	0	0	0
1.3182567385564101e-6	0	0	0	0	0	0	0.036162830029050394	0	0	0	0	0	0	0	0.04476680066441442	0.00017419652115484177	0	0.00017958383889727606	0.0001795838388972731	0.0001795838388972731	0	0	0
1.4125375446227554e-6	0	0	0	0	0	0	0.03813269230957878	0	0	0	0	0	0	0	0.04451640076443508	0.00018015448864759978	0	0.00018307903402278925	0.00018307903402278475	0.00018307903402278475	0	0	0
1.5135612484362104e-6	0	0	0	0	0	0	0.040079854893525606	0	0	0	0	0	0	0	0.041518518156045216	0.00018307129633758005	0	0.0001881410537254568	0.00018814105372544793	0.00018814105372544793	0	0	0
1.6218100973589331e-6	0	0	0	0	0	0	0.042126445078795184	0	0	0	0	0	0	0	0.03872252294150048	0.00018603532886866313	0	0.00019334303507696578	0.00019334303507695274	0.00019334303507695274	0	0	0
1.7378008287493763e-6	0.00013010363052330003	0.000020314050337041917	0	0	0	0	0.0427010227273012	0	0	0	0	0	0	0	0.0403988749685679	0.0001851753004299764	0	0.0001981677406825895	0.00019816774068256437	0.00019816774068256478	0	0	0
1.8620871366628694e-6	0.00013107329388691494	0.00002151830675204106	0	0	0	0	0.0432834372458197	0	0	0	0	0	0	0	0.04214779861300933	0.0001843192478431884	0	0.00020311284257852694	0.00020311284257848916	0.0002031128425784896	0	0	0
1.995262314968883e-6	0.00013787248238839294	0.000022779338026596256	0	0	0	0	0.041982349156206474	0	0	0	0	0	0	0	0.0452929550816511	0.00019358883712355574	0	0.00021413474295821637	0.00021413474295814454	0.00021413474295814544	0	0	0
2.1379620895022326e-6	0.00014502436641546492	0.00002411426916203431	0	0	0	0	0.04072037141282859	0	0	0	0	0	0	0	0.048672809673036416	0.00020332460281486425	0	0.00022575474578400337	0.00022575474578389397	0.00022575474578389535	0	0	0
2.2908676527677747e-6	0.00015318222308995758	0.000025095588367000783	0	0	0	0	0.04058737675106753	0	0	0	0	0	0	0	0.05155827418165843	0.00021531423285670642	0	0.0002372038614307791	0.00023720386143057098	0.00023720386143057294	0	0	0
2.4547089156850335e-6	0.00016179897248135312	0.00002611684191024494	0	0	0	0	0.040454816456171175	0	0	0	0	0	0	0	0.05461479734677564	0.0002280108665102617	0	0.00024923361713735957	0.0002492336171370425	0.0002492336171370456	0	0	0
2.6302679918953817e-6	0.00016601269113164656	0.000026579416296246503	0	0	0	0	0.042369226220964555	0	0	0	0	0	0	0	0.056217796404865225	0.00023525733643168516	0	0.00025499787973269335	0.0002549978797320832	0.00025499787973209	0	0	0
2.8183829312644606e-6	0.00017033614734449426	0.000027050183673702397	0	0	0	0	0.04437423001308505	0	0	0	0	0	0	0	0.05786784509245194	0.00024273410821163755	0	0.0002608954579041911	0.00026089545790327446	0.0002608954579032846	0	0	0
3.0199517204020193e-6	0.00017823139456070604	0.00002838806195020341	0	0	0	0	0.047219759822910504	0	0	0	0	0	0	0	0.05626376286159265	0.00025484047179163353	0	0.0002732699615744109	0.00027326996157266554	0.00027326996157268403	0	0	0
3.2359365692962877e-6	0.0001864925942161198	0.000029792110508737373	0	0	0	0	0.050247761303708456	0	0	0	0	0	0	0	0.05470414539003522	0.00026755064025183617	0	0.00028623139896250465	0.0002862313989598541	0.00028623139895988164	0	0	0
3.4673685045253236e-6	0.00019473972694970072	0.00003114173524502066	0	0	0	0	0.05355269311444408	0	0	0	0	0	0	0	0.059568346780368424	0.00027960669487327167	0	0.00029899687681640886	0.0002989968768113556	0.0002989968768114082	0	0	0
3.7153522909717276e-6	0.00020335156691796282	0.000032552499890416655	0	0	0	0	0.057074999271622025	0	0	0	0	0	0	0	0.06486506484739916	0.00029220600535422443	0	0.0003123316752460028	0.0003123316752383384	0.0003123316752384182	0	0	0
3.981071705534978e-6	0.0002112372669213273	0.00003380235584081631	0	0	0	0	0.05994624157489596	0	0	0	0	0	0	0	0.06712432440441901	0.00030421693834438153	0	0.00032440168062978424	0.0003244016806151349	0.0003244016806152868	0	0	0
4.265795188015934e-6	0.00021942876375471027	0.00003510020011475484	0	0	0	0	0.06296192597136821	0	0	0	0	0	0	0	0.06946227429741506	0.00031672157272550917	0	0.0003369381293541232	0.0003369381293319612	0.0003369381293321907	0	0	0
4.570881896148752e-6	0.00022694264835389086	0.00003663230775325386	0	0	0	0	0.06564443441243135	0	0	0	0	0	0	0	0.07246522476561412	0.0003265874992156335	0	0.00034958450713366417	0.0003495845070912834	0.0003495845070917224	0	0	0
4.897788193684467e-6	0.00023471383040489106	0.00003823129118756824	0	0	0	0	0.06844123178963138	0	0	0	0	0	0	0	0.0755979969479118	0.0003367607508578514	0	0.0003627055443744242	0.0003627055443103373	0.0003627055443110012	0	0	0
5.248074602497734e-6	0.00024324251190747538	0.0000391214119250454	0	0	0	0	0.07169037898660015	0	0	0	0	0	0	0	0.07760252846876874	0.0003495975604762157	0	0.00037422103524778515	0.0003742210351249158	0.0003742210351261893	0	0	0
5.623413251903491e-6	0.00025208109593283424	0.000040032256914899943	0	0	0	0	0.07509377468599221	0	0	0	0	0	0	0	0.0796602114854368	0.00036292368982901663	0	0.000386102129934241	0.0003861021297489211	0.00038610212975084227	0	0	0
6.0255958607435935e-6	0.00026102620065747775	0.00004133035475292895	0	0	0	0	0.07808790696343389	0	0	0	0	0	0	0	0.08081466643788703	0.00037621684477241783	0	0.00039939343614716483	0.0003993934357922872	0.0003993934357959661	0	0	0
6.4565422903465625e-6	0.00027028872267292913	0.00004267054509652612	0	0	0	0	0.08120142101562706	0	0	0	0	0	0	0	0.08198585202928962	0.00038999690088347853	0	0.00041314228663956606	0.0004131422861036773	0.00041314228610923263	0	0	0
6.9183097091893625e-6	0.0002817336296567391	0.00004474471195728697	0	0	0	0	0.08509921329583127	0	0	0	0	0	0	0	0.0841150768631278	0.0004058472904397509	0	0.00043153289981310645	0.00043153289879143954	0.00043153289880202905	0	0	0
7.413102413009192e-6	0.0002936631513687307	0.000046919701719573144	0	0	0	0	0.08918410556110526	0	0	0	0	0	0	0	0.08629959902303963	0.00042234187703584094	0	0.0004507421526268823	0.0004507421510772512	0.00045074215109331106	0	0	0
7.943282347242822e-6	0.000304031490313951	0.000048398347670731404	0	0	0	0	0.0905007312307336	0	0	0	0	0	0	0	0.09131899147058413	0.0004372761805621529	0	0.00046606145270965967	0.00046606144974162164	0.0004660614497720746	0	0	0
8.511380382023777e-6	0.0003147659032864434	0.000049923592252502204	0	0	0	0	0.09183679425574083	0	0	0	0	0	0	0	0.09663032386718617	0.00045273857148387287	0	0.0004819014073477274	0.000481901402866657	0.0004819014029124629	0	0	0
9.120108393559115e-6	0.00032466246750815196	0.00005135240791984246	0	0	0	0	0.0938433717620293	0	0	0	0	0	0	0	0.09892829994614351	0.00046660617984553923	0	0.0004965818190707376	0.000496581810474528	0.0004965818105618238	0	0	0
9.772372209558111e-6	0.0003348701899028752	0.00005282211636190333	0	0	0	0	0.09589379175347133	0	0	0	0	0	0	0	0.10128092444029897	0.0004808985599712742	0	0.0005117094477660787	0.000511709434808164	0.0005117094349394349	0	0	0
0.000010471285480509006	0.0003452245432692891	0.0000543370134551048	0	0	0	0	0.10085175980730726	0	0	0	0	0	0	0	0.10320475400513053	0.0004959554534517249	0	0.0005271356941409363	0.0005271356692797267	0.0005271356695305066	0	0	0
0.000011220184543019652	0.0003558990584084399	0.00005589535661523881	0	0	0	0	0.10606606820156876	0	0	0	0	0	0	0	0.10516512668225012	0.000511483777001115	0	0.0005430269877769985	0.0005430269503065851	0.0005430269506839615	0	0	0
0.000012022644346174132	0.00036590745692235407	0.000057328093025187174	0	0	0	0	0.11009869186247476	0	0	0	0	0	0	0	0.10930807197676005	0.0005262032574365287	0	0.0005578323050655251	0.0005578322330807899	0.0005578322338037475	0	0	0
0.000012882495516931348	0.0003761973061410292	0.00005879755401736699	0	0	0	0	0.11428463556122295	0	0	0	0	0	0	0	0.11361422722740978	0.0005413463350885694	0	0.000573041280781618	0.0005730411724283903	0.0005730411735154939	0	0	0
0.000013803842646028866	0.0003890742413573034	0.00006083423940005391	0	0	0	0	0.11704992138812613	0	0	0	0	0	0	0	0.1189059969573944	0.0005598482430256548	0	0.0005927366663478267	0.0005927365128695078	0.0005927365149475434	0	0	0
0.000014791083881682102	0.0004023919438461137	0.00006294147342064525	0	0	0	0	0.11988211739649716	0	0	0	0	0	0	0	0.12444423957689703	0.0005789825014103598	0	0.000613108980829298	0.0006131087792519955	0.0006131087823877944	0	0	0
0.00001584893192461114	0.00041822708255677974	0.0000655446746431771	0	0	0	0	0.12419479333533835	0	0	0	0	0	0	0	0.12858348839341252	0.0006011039694666146	0	0.0006376593182417277	0.0006376591343049218	0.0006376591402879453	0	0	0
0.00001698243652461746	0.0004346853739468717	0.00006825554186456029	0	0	0	0	0.1286626147967767	0	0	0	0	0	0	0	0.13286041638916	0.0006240706432894917	0	0.0006631927093785551	0.0006631925448181886	0.0006631925538714283	0	0	0
0.000018197008586099864	0.00045088930778124976	0.00007091463096769075	0	0	0	0	0.13291808236303815	0	0	0	0	0	0	0	0.1363447657007422	0.0006468682289283412	0	0.0006882986637517106	0.0006882984446939448	0.0006882984619909801	0	0	0
0.000019498445997580493	0.0004676972818880771	0.00007367731246295883	0	0	0	0	0.13731429791764194	0	0	0	0	0	0	0	0.13992049429936193	0.000670498620783201	0	0.0007143550340990975	0.0007143547566536375	0.0007143547828056496	0	0	0
0.00002089296130854041	0.0004819184346684397	0.00007639273177621197	0	0	0	0	0.14282419968989218	0	0	0	0	0	0	0	0.14509378625145	0.0006896791711392934	0	0.0007376691878119783	0.0007376687016608875	0.0007376687517558101	0	0	0
0.000022387211385683423	0.0004965720064391102	0.00007920822941480497	0	0	0	0	0.14855519291438307	0	0	0	0	0	0	0	0.15045835075267894	0.0007094084079513486	0	0.0007617442373503315	0.0007617435291662827	0.0007617436047390805	0	0	0
0.000023988329190194948	0.0005123571362601986	0.0000818099661034621	0	0	0	0	0.15252165497204126	0	0	0	0	0	0	0	0.15411386741140093	0.0007322052638547002	0	0.000786236731028304	0.000786235395140852	0.0007862355399591432	0	0	0
0.000025703957827688645	0.0005286440469312697	0.00008449716151082976	0	0	0	0	0.15659402259211208	0	0	0	0	0	0	0	0.15785819803076645	0.0007557346972596055	0	0.000811516736074467	0.0008115147328509204	0.0008115149512893998	0	0	0
0.00002754228703338169	0.0005467084946579961	0.00008688915530284677	0	0	0	0	0.1613591527474578	0	0	0	0	0	0	0	0.16364775236871354	0.0007829355971027879	0	0.0008375836109514208	0.0008375805269722932	0.0008375809456137615	0	0	0
0.0000295120922666639	0.0005653902278219976	0.00008934886301801526	0	0	0	0	0.16626928502371213	0	0	0	0	0	0	0	0.16964964246020567	0.0008111155296077818	0	0.0008644877845994889	0.0008644835525026313	0.0008644841839827846	0	0	0
0.000031622776601683856	0.0005862811379328786	0.00009216180836139865	0	0	0	0	0.17154630048346345	0	0	0	0	0	0	0	0.17431491167721608	0.000842520914098838	0	0.0008947727377439623	0.0008947687347588102	0.0008947699435218008	0	0	0
0.000033884415613920276	0.0006079439576095471	0.00009506331287876087	0	0	0	0	0.17699079661866457	0	0	0	0	0	0	0	0.17910847315910497	0.0008751422760173078	0	0.0009261186409715928	0.0009261148883447843	0.0009261167140635024	0	0	0
0.000036307805477010174	0.0006296444715073365	0.00009852386737852704	0	0	0	0	0.18376571161004354	0	0	0	0	0	0	0	0.1847492225569697	0.0009060052471590605	0	0.000959329501861014	0.0009593258921780167	0.0009593293858140662	0	0	0
0.00003890451449942813	0.0006521195836185474	0.00010211039515950066	0	0	0	0	0.19079995914309744	0	0	0	0	0	0	0	0.19056761879201686	0.0009379566390225547	0	0.0009937313130587617	0.0009937278613973862	0.0009937331402306198	0	0	0
0.00004168693834703355	0.0006751752255374391	0.00010613622884306576	0	0	0	0	0.1982941522797031	0	0	0	0	0	0	0	0.1970265001535756	0.0009697973904291214	0	0.001030049902258991	0.0010300462938092384	0.0010300534528113448	0	0	0
0.00004466835921509635	0.0006990459980514596	0.00011032078619842097	0	0	0	0	0.20608270046240382	0	0	0	0	0	0	0	0.20370429146797397	0.0010027190376979802	0	0.0010676958521895854	0.0010676920801014505	0.0010677012496557513	0	0	0
0.0000478630092322639	0.0007221304815222011	0.00011414555843956946	0	0	0	0	0.21163946655206026	0	0	0	0	0	0	0	0.2101706972483323	0.0010353856583747952	0	0.0011029572599303723	0.0011029520840953983	0.0011029651296099922	0	0	0
0.00005128613839913659	0.0007459772801747661	0.00011810293382107507	0	0	0	0	0.21734606399245912	0	0	0	0	0	0	0	0.216842373145558	0.0010691164935187915	0	0.0011393832005044606	0.0011393765323189314	0.0011393936998086464	0	0	0
0.00005495408738576248	0.0007705479111278548	0.00012235274397900606	0	0	0	0	0.22347558379134455	0	0	0	0	0	0	0	0.2248202215310489	0.0011037939424151343	0	0.0011763653078535826	0.0011763574098905085	0.0011763724804236854	0	0	0
0.00005888436553555896	0.0007959278373791798	0.0001267554790964971	0	0	0	0	0.2297779662235574	0	0	0	0	0	0	0	0.2330915829598571	0.0011395961756256758	0	0.0012145477806841149	0.0012145385801372263	0.0012145513995123797	0	0	0
0.00006309573444801943	0.000824825688556852	0.0001322688324772836	0	0	0	0	0.23668314120402217	0	0	0	0	0	0	0	0.24002886850749647	0.0011792692348559528	0	0.0012566715550227313	0.0012566610241263364	0.0012566746815969546	0	0	0
0.00006760829753919819	0.0008547727376183956	0.00013802199454893097	0	0	0	0	0.24379582712339382	0	0	0	0	0	0	0	0.24717262195997686	0.001220323442656539	0	0.0013002562948274694	0.0013002443523694694	0.001300258890649541	0	0	0
0.00007244359600749906	0.0008884212132206744	0.00014589468100328058	0	0	0	0	0.25214698615313774	0	0	0	0	0	0	0	0.2536950524670723	0.0012641410605488544	0	0.0013452022536109092	0.0013451912807385755	0.001345204401246227	0	0	0
0.00007762471166286927	0.0009233942747164134	0.00015421642046697974	0	0	0	0	0.2607842118394088	0	0	0	0	0	0	0	0.2603895979089974	0.0013095320184022413	0	0.0013917018593322692	0.0013916919373481828	0.001391703524694427	0	0	0
0.00008317637711026725	0.000953933185431912	0.00015900272274922583	0	0	0	0	0.2686284965411693	0	0	0	0	0	0	0	0.26757609362221674	0.001353288749322284	0	0.0014364771393507746	0.0014364673072128835	0.0014364760301933174	0	0	0
0.00008912509381337459	0.0009854820927363297	0.00016393757399576348	0	0	0	0	0.2767087341867388	0	0	0	0	0	0	0	0.27496092951895723	0.001398507568586791	0	0.001482692976258171	0.0014826832500181332	0.001482688912333553	0	0	0
0.00009549925860214369	0.0010154856029495139	0.0001687213558883349	0	0	0	0	0.28524866651146336	0	0	0	0	0	0	0	0.28328911208779367	0.001441512266792482	0	0.0015292145357203195	0.0015292048756686274	0.0015292102442724645	0	0	0
0.00010232929922807557	0.0010464025854944145	0.00017364473097261927	0	0	0	0	0.2940521627758135	0	0	0	0	0	0	0	0.29186954367623225	0.001485839377625256	0	0.0015771957739760247	0.0015771861938415432	0.0015771912447280648	0	0	0
0.00010964781961431851	0.0010811090406016401	0.00017925510623679965	0	0	0	0	0.3020088811545219	0	0	0	0	0	0	0	0.3004810840525626	0.0015357152060054022	0	0.0016289121068956192	0.001628899436238921	0.0016289051408291903	0	0	0
0.00011748975549395303	0.0011169666186540968	0.00018504674994735678	0	0	0	0	0.31018089931800497	0	0	0	0	0	0	0	0.30934670584732105	0.0015872652384038733	0	0.001682324221109319	0.001682308267558958	0.0016823146632907186	0	0	0
0.00012589254117941688	0.0011548563155191927	0.00019241181925059412	0	0	0	0	0.3185102368395579	0	0	0	0	0	0	0	0.317644663078007	0.001639248679482762	0	0.0017348160697198826	0.0017348020886920855	0.001734808295184962	0	0	0
0.0001348962882591656	0.0011940313051625575	0.00020007002661681745	0	0	0	0	0.3270632433997276	0	0	0	0	0	0	0	0.3261652058184157	0.0016929345947802063	0	0.001788945768000545	0.0017889338981239603	0.001788939897340991	0	0	0
0.0001445439770745928	0.0012317046264669852	0.00020572315136127496	0	0	0	0	0.33519631868939104	0	0	0	0	0	0	0	0.334523698988262	0.0017470159217245023	0	0.0018448557141183943	0.001844839906142865	0.0018448469396472324	0	0	0
0.00015488166189124827	0.0012705665926017145	0.00021153600927474646	0	0	0	0	0.3435316390035316	0	0	0	0	0	0	0	0.34309639160925665	0.0018028248936310177	0	0.0019025130145332826	0.0019024930339049154	0.0019025011604830947	0	0	0
0.00016595869074375631	0.0013065771825957525	0.0002129982856541379	0	0	0	0	0.3526907302749063	0	0	0	0	0	0	0	0.3510766808694906	0.0018613088113415275	0	0.0019628797199060977	0.0019628579456375072	0.0019628684883849757	0	0	0
0.00017782794100389227	0.0013436083901625026	0.0002144706702520642	0	0	0	0	0.36209401725751234	0	0	0	0	0	0	0	0.35924258856883995	0.0019216899563661465	0	0.0020251618598066744	0.002025138198190552	0.0020251513022553763	0	0	0
0.00019054607179632481	0.0013824819373192104	0.00021835917293166253	0	0	0	0	0.3712055874094398	0	0	0	0	0	0	0	0.3682582742101225	0.0019810497652151646	0	0.0020854989202243124	0.0020854730848909988	0.002085490518459846	0	0	0
0.00020417379446695317	0.0014224801817311727	0.0002223181768740749	0	0	0	0	0.38054643699344004	0	0	0	0	0	0	0	0.37750022085210266	0.0020422431616806094	0	0.0021476336447853	0.0021476055272132894	0.002147627536639964	0	0	0
0.00021877616239495564	0.0014667004870559976	0.00023003421794648486	0	0	0	0	0.3893703861144197	0	0	0	0	0	0	0	0.38691103152934225	0.002103694521379239	0	0.0022111024784381623	0.0022110718943624138	0.002211095237315754	0	0	0
0.00023442288153199226	0.0015122954585646742	0.0002380180611872475	0	0	0	0	0.39839894121911346	0	0	0	0	0	0	0	0.3965564469901319	0.0021669949604038153	0	0.0022764470011104486	0.002276413829304635	0.0022764385653805405	0	0	0
0.0002511886431509582	0.0015543152034348368	0.00024281578196725813	0	0	0	0	0.4071243884608573	0	0	0	0	0	0	0	0.4052355122136956	0.0022296520679559494	0	0.002340611049637602	0.0023405779870700125	0.002340605837665407	0	0	0
0.00026915348039269194	0.001597502484019636	0.0002477102102179876	0	0	0	0	0.4160409341762451	0	0	0	0	0	0	0	0.4141045281333749	0.002294120860905854	0	0.0024065836292315413	0.0024065507084140955	0.0024065818294541088	0	0	0
0.00028840315031266115	0.00164347069207645	0.0002534638011956199	0	0	0	0	0.4239190061117209	0	0	0	0	0	0	0	0.4223973084810748	0.0023620702418114107	0	0.0024749186207262135	0.002474886706867239	0.002474921231256933	0	0	0
0.0003090295432513592	0.0016907616374517277	0.0002593510314330494	0	0	0	0	0.4319462557177618	0	0	0	0	0	0	0	0.4308561585073769	0.002432032209954249	0	0.002545193985705456	0.002545163162535037	0.0025452012584653012	0	0	0
0.0003311311214825914	0.0017373458203221157	0.0002649144139930813	0	0	0	0	0.4396883580697102	0	0	0	0	0	0	0	0.43823649703919315	0.002501188642194277	0	0.00261402170507505	0.002613988394912876	0.002614025828288995	0	0	0
0.000354813389233576	0.0017852134993670283	0.00027059713760735186	0.0017837349522896527	0.00026911189368957286	0	0	0.4475692280299762	0	0	0	0	0	0	0	0.4457432568737305	0.0025723115829783096	0	0.0026847106794138987	0.0026846747702938766	0.002684711477426422	0	0	0
0.00038018939632056124	0.0018343462910179829	0.0002774900105357503	0.0018324937584176075	0.00027562792287861887	0	0	0.4550075729981663	0	0	0	0	0	0	0	0.45316955065541187	0.0026433823704367387	0	0.002755290029252923	0.002755250951692321	0.0027552856673695694	0	0	0
0.00040738027780411304	0.0018848313193713163	0.000284558464394632	0.0018825853977515164	0.0002823017252370722	0	0	0.4625695390117752	0	0	0	0	0	0	0	0.46071957000889263	0.002716416783477466	0	0.0028277248656670625	0.0028276824778930196	0.002827715072045488	0	0	0
0.00043651583224016654	0.0019342777848367588	0.0002910485453935363	0.0019320792859254378	0.00028883965677872965	0	0	0.46881484573240917	0	0	0	0	0	0	0	0.4680660648056221	0.002788584029841903	0	0.0028991062508604715	0.0028990672320661887	0.002899101472367563	0	0	0
0.00046773514128719906	0.0019850214236470497	0.0002976866492300754	0.00198287438729771	0.0002955290027292351	0	0	0.4751444724368413	0	0	0	0	0	0	0	0.47552970458448807	0.002862668548798495	0	0.0029722895447947214	0.0029722540920868847	0.0029722900408788336	0	0	0
0.0005011872336272725	0.0020340975227104707	0.0003037128808286731	0.002032143675174349	0.0003017506859175958	0	0	0.4805422668486675	0	0	0	0	0	0	0	0.48030051932756834	0.0029347949820688357	0	0.0030423954514686618	0.0030423571359946035	0.0030423999088892723	0	0	0
0.0005370317963702533	0.0020843869404164935	0.0003098611046878368	0.00208263717712295	0.00030810335233040785	0	0	0.48600138194546944	0	0	0	0	0	0	0	0.4851191979014318	0.003008738678598127	0	0.003114154911094458	0.0031141136175334458	0.0031141635164489575	0	0	0
0.0005754399373371578	0.002133956862832558	0.00031676552837502136	0.0021311658569644607	0.00031395788015857657	0	0	0.490539966163409	0	0	0	0	0	0	0	0.48870426190366595	0.003080258978481898	0	0.0031822947977036583	0.003182248478442052	0.003182301251377797	0	0	0
0.0006165950018614823	0.002184705634127726	0.0003238237986267822	0.0021808253303945155	0.00031992365473505725	0	0	0.49512093451330463	0	0	0	0	0	0	0	0.4923158197737074	0.003153479377258218	0	0.003251925632669528	0.0032518740875510112	0.003251929836384581	0	0	0
0.0006606934480075965	0.002233861383326228	0.00033006144050400093	0.0022294612387652284	0.0003256367976041881	0	0	0.4986147465688163	0	0	0	0	0	0	0	0.49570521201167733	0.0032250274422163075	0	0.0033196957638963295	0.0033196435519112534	0.0033196978978097163	0	0	0
0.0007079457843841388	0.0022841231340113904	0.00033641923468736066	0.0022791818060263484	0.0003314519648186898	0	0	0.5021332126468668	0	0	0	0	0	0	0	0.4991179388232707	0.0032981988333442586	0	0.0033888782246796084	0.0033888253404193557	0.0033888782006977246	0	0	0
0.0007585775750291852	0.002331615412203267	0.0003430483485870104	0.0023254485587770627	0.0003368455619760415	0	0	0.5035633624954762	0	0	0	0	0	0	0	0.5015410930941122	0.0033657671737271026	0	0.0034532075053182914	0.0034531548572290477	0.0034532083038802184	0	0	0
0.0008128305161640995	0.0023800951662690376	0.00034980808864165755	0.0023726545136591825	0.0003423269271763783	0	0	0.5049975856229243	0	0	0	0	0	0	0	0.503976011471517	0.003434719748612701	0	0.003518757914623482	0.0035187055307279247	0.003518759566965888	0	0	0
0.0008709635899560814	0.0024241566870951956	0.0003552394405376983	0.0024160645613814685	0.00034710100353732294	0	0	0.5057563829102839	0	0	0	0	0	0	0	0.5044949493327668	0.003498236865459077	0	0.003578156158058706	0.0035781055460112694	0.003578162590012971	0	0	0
0.0009332543007969925	0.0024690338969933817	0.0003607551231978819	0.0024602688386185854	0.00035194165895848927	0	0	0.506516320348289	0	0	0	0	0	0	0	0.5050144215379093	0.003562928582979668	0	0.003638557071017888	0.003638508305566574	0.0036385684434836626	0	0	0
0.001	0.0025100536573030106	0.00036498487203009706	0.0025011025660747407	0.00035598394473085516	0	0	0.5056748632041398	0	0	0	0	0	0	0	0.5041498141941021	0.003623072985868171	0	0.0036929332160478973	0.0036928851577279127	0.0036929463883303673	0	0	0
0.001071519305237607	0.002551754907136905	0.00036926421343642463	0.0025426140216197085	0.0003600726588638581	0	0	0.5048348039421456	0	0	0	0	0	0	0	0.5032866870968523	0.0036842326628814715	0	0.003748121981325607	0.0037480746621639314	0.003748137004680072	0	0	0
0.001148153621496884	0.0025869067832613043	0.0003722561820235921	0.002578018733576073	0.0003633209904418037	0	0	0.5022052268659171	0	0	0	0	0	0	0	0.5010700160529312	0.003736074385798634	0	0.003794414666638449	0.0037943639334688203	0.0037944223051461635	0	0	0
0.0012302687708123836	0.002622542896485281	0.00037527239307916216	0.002613916439599982	0.0003665986262664904	0	0	0.4995893466971635	0	0	0	0	0	0	0	0.4988631080936354	0.003788645586053669	0	0.0038412791083466628	0.0038412248840573597	0.003841279177312157	0	0	0
0.0013182567385564075	0.002653507720246899	0.00037762870015611903	0.002644961277696339	0.0003690364235906844	0	0	0.49549026283609093	0	0	0	0	0	0	0	0.49472886067759253	0.00383396050155273	0	0.003880499491480761	0.003880442337337771	0.0038804979840585943	0	0	0
0.0014125375446227555	0.002684838151111404	0.00037999980230764887	0.0026763748276450797	0.00037149043171155836	0	0	0.49142481157469436	0	0	0	0	0	0	0	0.49062887516911413	0.003879817415906008	0	0.0039201203241551776	0.003920060185983774	0.00392011720814821	0	0	0
0.0015135612484362103	0.0027086566195818605	0.0003810840072949816	0.002700447906834339	0.00037283247632716545	0	0	0.4865117348502946	0	0	0	0	0	0	0	0.48493908076740255	0.003914918893843085	0	0.00394869850374917	0.003948638406100506	0.0039486954673673925	0	0	0
0.0016218100973589332	0.0027326863929460756	0.00038217130570617256	0.00272473751516431	0.00037417936920694413	0	0	0.4816477771820177	0	0	0	0	0	0	0	0.4793152705789572	0.00395033794181537	0	0.003977485021935189	0.003977424968596251	0.003977482066505157	0	0	0
0.0017378008287493763	0.002750069844846521	0.00038354000613297946	0.002740958257630875	0.0003743741016405724	0	0	0.4751791711904569	0	0	0	0	0	0	0	0.47254374164211455	0.003973341299449365	0	0.003994373212554649	0.003994310251817052	0.003994368838631294	0	0	0
0.0018620871366628695	0.002767563878188268	0.00038491360839524604	0.0027572755644397636	0.0003745689354178974	0	0	0.4687974396026741	0	0	0	0	0	0	0	0.46586787751496334	0.003996478608778179	0	0.0040113331095364985	0.0040112672177953345	0.0040113273051279015	0	0	0
0.001995262314968883	0.0027753305738835777	0.0003844821543874276	0.002764412222471035	0.0003735008264337694	0	0	0.4606982619614031	0	0	0	0	0	0	0	0.45804543504540673	0.004005526100518074	0	0.0040149066835502645	0.004014840775189587	0.004014900557919281	0	0	0
0.0021379620895022326	0.0027831190654848455	0.00038405118400127575	0.0027715673523186534	0.00037243576323559485	0	0	0.4527390097397772	0	0	0	0	0	0	0	0.4503543401298304	0.004014594074566212	0	0.004018483441151847	0.00401841751619434	0.004018476993730775	0	0	0
0.0022908676527677745	0.0027789598488272204	0.0003803645078299664	0.0027686463770439733	0.0003700027985735684	0	0	0.44396462635689976	0	0	0	0	0	0	0	0.44120545767071684	0.004008311474957619	0	0.0040074320777728385	0.004007364340359573	0.004007424144159811	0	0	0
0.0024547089156850338	0.002774806847887571	0.00037671322168414943	0.002765728480206678	0.00036758572743636134	0	0	0.4353602963648137	0	0	0	0	0	0	0	0.4322424334187797	0.004002038707241644	0	0.003996411107111465	0.00399634156771102	0.003996401695530258	0	0	0
0.002630267991895387	0.002761740409603813	0.00037399000171906113	0.00275148757903429	0.0003636761572216592	0	0	0.425205760816404	0	0	0	0	0	0	0	0.422056853858571	0.003978489799176187	0	0.003969093791592157	0.0039690250130469855	0.003969085778814485	0	0	0
0.002818382931264455	0.0027487355005791354	0.0003712864676225635	0.0027373200051128096	0.00035980816843442584	0	0	0.41528807413332525	0	0	0	0	0	0	0	0.41211129245242706	0.003955079458254045	0	0.003941963202539972	0.003941895177697626	0.00394195656988309	0	0	0
0.003019951720402019	0.002721501382450023	0.00036530340163945296	0.0027105813142148643	0.00035432523173469367	0	0	0.4042095343548846	0	0	0	0	0	0	0	0.40130142620052545	0.003912368210242727	0	0.0038968762161407915	0.0038968132285471125	0.0038968743024969522	0	0	0
0.0032359365692962876	0.002694537096463769	0.00035941674929292744	0.0026841038122132122	0.0003489258467647182	0	0	0.3934265341097634	0	0	0	0	0	0	0	0.39077510764684054	0.003870118204723743	0	0.0038523049210959213	0.0038522468644255287	0.00385230761938899	0	0	0
0.0034673685045253167	0.0026558697562009442	0.0003524368572161296	0.002645440416447505	0.000341948927738526	0	0	0.38205993548610717	0	0	0	0	0	0	0	0.3791882657660662	0.003809439292545895	0	0.0037902961133185367	0.0037902388857898005	0.0037902985155017347	4.1750632248100864e-11	4.1750632248100864e-11	4.1750632248100864e-11
0.003715352290971728	0.0026177573027886154	0.00034559251500866753	0.0026073339507697254	0.00033511151514199316	0	0	0.37102173251721654	0	0	0	0	0	0	0	0.36794498441958073	0.0037497117545091754	0	0.003729285433238914	0.0037292290232016174	0.0037292875481458308	3.896395710653365e-11	3.896395710653365e-11	3.896395710653365e-11
0.003981071705534978	0.00256607268004429	0.00033619244125353265	0.002556682150137995	0.00032675562670216523	0	0	0.35885853493377656	0	0	0	0	0	0	0	0.3561808122911569	0.0036711887439093796	0	0.003650672216806713	0.003650615315831725	0.0036506723689499238	3.636328054574199e-11	3.636328054574199e-11	3.636328054574199e-11
0.004265795188015935	0.0025154085110392697	0.0003270480483443787	0.0025070143450187992	0.00031860808941848684	0	0	0.347094083198592	0	0	0	0	0	0	0	0.3447927717903608	0.003594310089888792	0	0.003573716164436757	0.0035736588182893846	0.003573714435627449	3.393618796040125e-11	3.393618796040125e-11	3.393618796040125e-11
0.004570881896148752	0.0024523199943419023	0.00031694780572513346	0.0024443408860330123	0.00030892634869728085	0	0	0.3347206038412011	0.33447110506752403	0	0	0	0	0	0	0.3324080678853372	0.0035054114368912644	0	0.003478640626991429	0.003478583735052257	0.003478637930612981	3.167109336669958e-11	3.167109336669958e-11	3.167109336669958e-11
0.004897788193684466	0.002390813789591723	0.0003071594894466327	0.002383234216032318	0.0002995388130088588	0	0	0.3227882238825579	0.3226795450599498	0	0	0	0	0	0	0.3204682134764867	0.0034187115286617555	0	0.003386094489589247	0.003386038068279367	0.0033860908783481937	2.955718409541542e-11	2.955718409541542e-11	2.955718409541542e-11
0.005248074602497733	0.002317119918015937	0.0002960674016477715	0.002309826956581359	0.00028873506502608134	0	0	0.31008185366082813	0.3100712745005044	0	0	0	0	0	0	0.30803854573882516	0.0033072410454798766	0	0.003276525980961067	0.0032764718547387693	0.0032765229587735285	2.758436917649485e-11	2.758436917649485e-11	2.758436917649485e-11
0.005623413251903491	0.002245697568685621	0.0002853758693126515	0.0022386807530114607	0.00027832098597903543	0	0	0.297875662294045	0.297955655207413	0	0	0	0	0	0	0.29609097461346984	0.003199405168060035	0	0.0031705029310080454	0.0031704510104195328	0.0031705004635336604	2.5743231168735808e-11	2.5743231168735808e-11	2.5743231168735808e-11
0.0060255958607435805	0.0021631386616677004	0.00027369885825585756	0.002156208712725047	0.000266730398779772	0.0021641642760390728	0.0002747288246551292	0.2852220394502276	0.2852440951752901	0	0	0	0	0	0	0.283617932553258	0.003075369269058039	0	0.0030492342068116126	0.003049183597515828	0.003049231821642524	2.402498120463383e-11	2.402498120463383e-11	2.402498120463383e-11
0.006456542290346563	0.0020836148797810697	0.00026249964718807095	0.002076774907086362	0.0002556224978254974	0.0020842590403286404	0.00026314767760458933	0.2731059367577394	0.27307484322031306	0	0	0	0	0	0	0.2716703262258945	0.002956142046492156	0	0.0029326038960745733	0.002932554573719548	0.0029326015905244687	2.2421417035791384e-11	2.2421417035791384e-11	2.2421417035791384e-11
0.006918309709189377	0.0019947579955742426	0.00025040187148827567	0.001987931288874037	0.00024353685179999602	0.001995308362813314	0.000250955364473772	0.2606431810412544	0.2606450059108399	0	0	0	0	0	0	0.25933024522293036	0.0028236208419733988	0	0.0028033062448260984	0.0028032567327554133	0.0028033030856000484	2.092488387861522e-11	2.092488387861522e-11	2.092488387861522e-11
0.007413102413009177	0.0019096904612840291	0.00023886164387835552	0.0019028883658984144	0.00023202260634015823	0.0019101538655603007	0.0002393279527733345	0.2487491433903405	0.24878095069142692	0	0	0	0	0	0	0.2475506877091351	0.002697040444550819	0	0.002679709289345217	0.0026796597001676383	0.0026797053562019426	1.9528237873395306e-11	1.9528237873395306e-11	1.9528237873395306e-11
0.00794328234724282	0.001816616696234681	0.0002262776098826254	0.0018101598895216865	0.0002197857247979737	0.001817499742071096	0.0002271674375869554	0.23657745197672836	0.23665317682051049	0	0	0	0	0	0	0.23561293322244728	0.002560391415973961	0	0.0025460157743808606	0.0025459689395488892	0.002546012446516216	1.8224811982332846e-11	1.8224811982332846e-11	1.8224811982332846e-11
0.008511380382023776	0.0017280791248335096	0.0002143565450812559	0.0017219501071919904	0.00020819421687795226	0.0017293399092012656	0.00021562481148492492	0.2250013407924548	0.22511661742423647	0	0	0	0	0	0	0.22425085874498601	0.0024306658864676188	0	0.0024189923694969487	0.002418948137609481	0.002418989596305076	1.7008384163728656e-11	1.7008384163728656e-11	1.7008384163728656e-11
0.009120108393559097	0.0016340781932608166	0.00020231446775972723	0.0016278988009538254	0.00019610023528095308	0.0016344170605885836	0.00020265224079562123	0.21322590685427747	0.21338319910418937	0	0	0	0	0	0	0.21262416394166497	0.0022886553522603794	0	0.002284453044296496	0.0022844114488669866	0.0022844503707385587	1.5873147670407223e-11	1.5873147670407223e-11	1.5873147670407223e-11
0.009772372209558112	0.001545190554829362	0.00019094888774861502	0.0015389844892012468	0.00018470879188632033	0.0015447044931593762	0.00019046013497550377	0.20206673966341795	0.20226134427975803	0	0	0	0	0	0	0.2016002763374157	0.002154941718066462	0	0.002157396516583804	0.002157357401168493	0.0021573939401553993	1.4813683330593274e-11	1.4813683330593274e-11	1.4813683330593274e-11
0.010471285480509006	0.001452378492000463	0.00017912467930330172	0.0014463277235633475	0.000173040128039783	0.0014517193409910333	0.0001784613442357297	0.1909340667830833	0.1910385612476043	0	0	0	0	0	0	0.19047159539852238	0.002021695027022818	0	0.002025675766542152	0.0020256380460136046	0.0020256727907099715	1.3824933678920857e-11	1.3824933678920857e-11	1.3824933678920857e-11
0.011220184543019653	0.0013651411972670795	0.00016803266630047926	0.0013592494912236831	0.00016210861219022497	0.0013643315302961307	0.00016721846485365474	0.18041473781905562	0.18043849166292275	0	0	0	0	0	0	0.1799572367298645	0.0018966873897434725	0	0.001901997282193507	0.001901960932034436	0.001901993965333542	1.2902178814086052e-11	1.2902178814086052e-11	1.2902178814086052e-11
0.012022644346174132	0.0012759772017376788	0.0001570589988680943	0.0012700214210708838	0.00015106980721066334	0.0012750951254087925	0.0001561718893360577	0.16985038150130172	0.1698818891268148	0	0	0	0	0	0	0.16941547445081911	0.0017693703119615318	0	0.0017758125825746436	0.0017757781093758287	0.001775809905178004	1.2041013867897646e-11	1.2041013867897646e-11	1.2041013867897646e-11
0.01288249551693135	0.001192636939397695	0.0001468019859979907	0.0011866507365964282	0.00014078269095220305	0.001191695378093595	0.0001458550587708063	0.15990463110098874	0.1599429034643476	0	0	0	0	0	0	0.15949124083562333	0.0016505995230317147	0	0.001657999387251273	0.0016579667019581514	0.0016579972790688078	1.1237327978171686e-11	1.1237327978171686e-11	1.1237327978171686e-11
0.013803842646028866	0.0011084696080166869	0.00013617559321124165	0.0011028506120268505	0.00013052540847455246	0.0011079365147616774	0.0001356397716929463	0.1500693403319253	0.150096102569474	0	0	0	0	0	0	0.1496415642045352	0.0015316505701418303	0	0.0015398587297879107	0.0015398278907151617	0.0015398571694551974	1.0487284665095074e-11	1.0487284665095074e-11	1.0487284665095074e-11
0.014791083881682071	0.0010302421728755028	0.0001263184013511059	0.0010249683710107957	0.00012101546107847148	0.0010300646820548857	0.00012613993522038282	0.14083899104483164	0.14085551480293054	0	0	0	0	0	0	0.14040017257536158	0.0014212735653206193	0	0.001430136178539305	0.0014301070885343742	0.001430135098686235	9.787303517382325e-12	9.787303517382325e-12	9.787303517382325e-12
0.01584893192461114	0.0009522400785727984	0.00011635977476677694	0.0009475161649143525	0.0001116102510872015	0.000952333932321911	0.00011645484253861282	0.1317535477155708	0.13180736009852248	0	0	0	0	0	0	0.1312630699353349	0.0013120565584759717	0	0.0013211960635482853	0.001321168603968129	0.0013211952461883122	9.134043100802567e-12	9.134043100802567e-12	9.134043100802567e-12
0.01698243652461746	0.0008801437090363653	0.00010718626137565933	0.0008759166703735742	0.00010293600533960398	0.000880468901081485	0.00010751337652900336	0.12325420117581998	0.12334043292836781	0	0	0	0	0	0	0.1227206007855881	0.0012112322740988049	0	0.001220554423088815	0.001220528514336596	0.0012205538344972555	8.524385007489075e-12	8.524385007489075e-12	8.524385007489075e-12
0.018197008586099864	0.0008097747093759273	0.00009874284178017331	0.0008055235028661509	0.00009446807127151223	0.0008099801224244244	0.00009894957658397599	0.11491841898147495	0.11503645560570785	0.1120340363302244	0	0	0	0	0	0.11446979389206523	0.001112691284432003	0	0.0011218112583687965	0.0011217866613931096	0.0011218103989983506	7.955418969888564e-12	7.955418969888564e-12	7.955418969888564e-12
0.019498445997580455	0.0007450318319752662	0.00009096453853029442	0.0007407874922542757	0.00008669674386835755	0.0007451345503706436	0.00009106791194030516	0.10714639253848535	0.10729154912249701	0.10402183752659756	0	0	0	0	0	0.10677370897642098	0.0010221671936310613	0	0.001031056440906783	0.001031033113030951	0.0010310553584219403	7.424428968290481e-12	7.424428968290481e-12	7.424428968290481e-12
0.02089296130854041	0.0006817889393585273	0.00008315348701644388	0.000677821423331369	0.000079163921867398	0.0006818671549108896	0.00008323219394744825	0.09957523930100413	0.09965702496641014	0.09615798233109792	0	0	0	0	0	0.09924589004494706	0.0009344181012507392	0	0.000942870914920915	0.0009428488726239332	0.0009428698843644634	6.928880265618855e-12	6.928880265618855e-12	6.928880265618855e-12
0.022387211385683423	0.000623914493155586	0.00007601316419245204	0.0006202073964948361	0.00007228560434684087	0.0006239716259499716	0.00007607068133775451	0.09253907711629994	0.09256574917952455	0.08888861979220004	0	0	0	0	0	0.09224880155646611	0.0008542019283982072	0	0.0008622278344160768	0.0008622070284386064	0.0008622268548238785	6.466407307596191e-12	6.466407307596191e-12	6.466407307596191e-12
0.02398832919019495	0.0005679662079720388	0.00006910512878277402	0.0005645418331394976	0.00006566176135278558	0.0005680148205502484	0.00006915406511007305	0.08573940400289605	0.08571916106184149	0.08170147151349441	0	0	0	0	0	0.08548924234375489	0.0007768164919830457	0	0.0007843855434546869	0.0007843663292963405	0.0007843846858796373	6.0348024305192325e-12	6.0348024305192325e-12	6.0348024305192325e-12
0.025703957827688646	0.0005170349734409764	0.00006282489190942013	0.0005138724290708437	0.000059644889780030024	0.0005170761344692946	0.0000628663321683009	0.0794393636488621	0.0793789780591033	0.0750954448733166	0	0	0	0	0	0.07922499190448283	0.0007064416997376956	0	0.0007135708872091524	0.0007135531470300749	0.0007135701376039535	5.632005322742217e-12	5.632005322742217e-12	5.632005322742217e-12
0.02754228703338169	0.00046824102166907126	0.00005692355008872538	0.00046521295993890853	0.00005387860299261334	0.0004681127642302282	0.000056794434402980044	0.07334840791607689	0.07330527940426126	0.06871934567643186	0	0	0	0	0	0.07315368148121439	0.0006394637480522045	0	0.000645605869990546	0.0006455894657709536	0.0006456054637472004	5.256093189560717e-12	5.256093189560717e-12	5.256093189560717e-12
0.0295120922666639	0.00042405188359801403	0.00005157654006592508	0.00042116114010328306	0.00004866978329814224	0.0004237858710307142	0.00005130898635089855	0.06772447180724957	0.06769631103761166	0.0628846194088519	0	0	0	0	0	0.06754763851168236	0.0005788359962680636	0	0.0005841142720892435	0.0005840991102753249	0.0005841141506002511	4.905271574547311e-12	4.905271574547311e-12	4.905271574547311e-12
0.03162277660168379	0.00038203032602917816	0.00004648305180515488	0.0003792932017625961	0.00004373059710936342	0.0003819292597744915	0.0000463811349743681	0.06232696330065818	0.06235239720581616	0.05718811742024174	0	0	0	0	0	0.06220184063781696	0.000522979236719043	0	0.0005257095040383075	0.0005256959160165023	0.0005257099915443124	4.577865793523512e-12	4.577865793523512e-12	4.577865793523512e-12
0.03388441561392028	0.0003441729082008101	0.000041892575623702876	0.0003415873859303376	0.00003929265745496864	0.0003442067549753651	0.00004192656753728437	0.05735962571015209	0.05743032932993664	0.052007642008738655	0	0	0	0	0	0.057279115361867375	0.000472512566258178	0	0.0004731445469525822	0.0004731323695839279	0.00047314552288369366	4.272312940277246e-12	4.272312940277246e-12	4.272312940277246e-12
0.03630780547701017	0.00030852802124179454	0.00003774272051312462	0.000305907566705597	0.00003510805652063787	0.00030838354384897754	0.00003759788406202861	0.05263922357905752	0.05270326875851493	0.0470438041324633	0	0	0	0	0	0.05257552423123979	0.00042399517873850504	0	0.0004234547444108939	0.0004234434561461833	0.00042345550997732934	3.9871544258643764e-12	3.9871544258643764e-12	3.9871544258643764e-12
0.038904514499428125	0.0002765747611832311	0.00003400394772876758	0.00027395461080293956	0.00003136910844141543	0.0002762886222952262	0.000033716112932084386	0.048307286261032624	0.04836529008696386	0.042553736754335186	0	0	0	0	0	0.048258178058907156	0.0003804595357476069	0	0.0003789833819686098	0.0003789729303676782	0.0003789839705917248	3.721029015879684e-12	3.721029015879684e-12	3.721029015879684e-12
0.04168693834703355	0.00024626381864825876	0.00003026531549611723	0.00024387074516481766	0.00002785874303062837	0.00024598862885695413	0.00002998849168511571	0.0441739119649341	0.044270297533781006	0.038301040600550826	0	0	0	0	0	0.04415587103040493	0.00034000707338907886	0	0.000337146726656925	0.00033713715854266114	0.0003371470777855879	3.4726663324601156e-12	3.4726663324601156e-12	3.4726663324601156e-12
0.04466835921509635	0.00021927477444351606	0.000026937734682628566	0.00021709048872341528	0.0000247412056576627	0.0002190115721170239	0.00002667299268334293	0.04039420653318293	0.04052201982466227	0.03447334647845208	0	0	0	0	0	0.040402290862986225	0.00030385572995940673	0	0.0002999284947668069	0.00029991974244689465	0.0002999286536628072	3.240880790001314e-12	3.240880790001314e-12	3.240880790001314e-12
0.0478630092322639	0.0001940641892433365	0.00002384508533886822	0.00019205433663522836	0.000021823856891191993	0.00019376530916830813	0.00002354438866076797	0.03682804976018326	0.03697206829491686	0.03088170940167102	0	0	0	0	0	0.036867117425486	0.00027102337789511625	0	0.0002651249989001919	0.0002651170413111624	0.00026512515400351925	3.024565935639075e-12	3.024565935639075e-12	3.024565935639075e-12
0.05128613839913648	0.0001717521299121204	0.000021107494802990186	0.00016990550086876916	0.000019250506066575595	0.00017142927505688538	0.000020782753701105378	0.03357672709883194	0.033733112019555964	0.027664270312873947	0	0	0	0	0	0.03364126930014672	0.000241738641477955	0	0.00023436007671254503	0.00023435284726556552	0.0002343602267638447	2.8226891674792455e-12	2.8226891674792455e-12	2.8226891674792455e-12
0.05495408738576248	0.00015109563290998166	0.000018645724142839437	0.00014931763337600718	0.00001685779276872094	0.00015073239868670823	0.000018280562109447738	0.030511865283621875	0.030668762191428046	0.024694770020971965	0	0	0	0	0	0.030594978732976955	0.00021518464709611253	0	0.0002057614714878361	0.00020575485097797696	0.00020576136172149818	2.6342868053630823e-12	2.6342868053630823e-12	2.6342868053630823e-12
0.05888436553555896	0.0001329234769673552	0.000016471070207801932	0.00013122444843167503	0.000014762478246042947	0.0001325342827606866	0.00001607962813029932	0.02772676206187697	0.027882780984128937	0.02204401777063689	0	0	0	0	0	0.027824536444206932	0.00019154749965822577	0	0.00018065271074633224	0.00018064665821190568	0.00018065240233850448	2.4584594906378613e-12	2.4584594906378613e-12	2.4584594906378613e-12
0.06309573444801943	0.00011608848643417898	0.000014426528323288666	0.00011449541928358046	0.000012824411441032446	0.00011577887457007424	0.000014115010341158303	0.025106697758776383	0.02525737784628804	0.019692191673725424	0	0	0	0	0	0.025225823098808255	0.00017077964132724096	0	0.0001574350311745381	0.00015742961576405482	0.00015743474510161945	2.294367892972963e-12	2.294367892972963e-12	2.294367892972963e-12
0.06760829753919818	0.00010138567685743225	0.000012635773925853798	0.00009989907516165742	0.00001114078043454318	0.0001011417387070908	0.000012390430631637884	0.02273421869253339	0.022879178946794462	0.0175912765517399	0	0	0	0	0	0.022869820393534593	0.0001522634643829906	0	0.00013720131260986976	0.00013719647052947597	0.0001372010482250262	2.1412287037275515e-12	2.1412287037275515e-12	2.1412287037275515e-12
0.07244359600749906	0.00008789120387972421	0.000010998330416957016	0.00008649586133203734	9.595050340340107e-6	0.00008756821736293992	0.000010673424267860589	0.020507067031214916	0.02067105761303132	0.01576794476311056	0	0	0	0	0	0.02065802582134306	0.00013564064726565386	0	0.00011862306825108135	0.0001186187502822445	0.00011862283489507399	1.998310896743702e-12	1.998310896743702e-12	1.998310896743702e-12
0.07762471166286927	0.00007619285049790499	9.573079786831386e-6	0.0000748909238195084	8.263782916697956e-6	0.0000758163028453603	9.194352398928386e-6	0.018498097687467917	0.01867604706597773	0.014133600897082982	0	0	0	0	0	0.01866013914809415	0.00012083256653328079	0	0.0001025604788586291	0.00010255663184497552	0.0001025602729759415	1.864932238715551e-12	1.864932238715551e-12	1.864932238715551e-12
0.08317637711026708	0.00006542991389151275	8.16534551131704e-6	0.00006432228483688545	7.051497502532519e-6	0.00006517460263732665	7.908771582526857e-6	0.01662060446631417	0.01678854426786469	0.012737988857359417	0	0	0	0	0	0.01678791499408888	0.00010815214557010068	0	0.00008793322179627777	0.00008792983872629185	0.00008793301560765562	1.7404560324762516e-12	1.7404560324762516e-12	1.7404560324762516e-12
0.08912509381337459	0.000056187340464030364	6.964620456929583e-6	0.00005524509667698422	6.017052665765172e-6	0.00005602658886700585	6.802944376144884e-6	0.014933670342373173	0.015091802758813389	0.01148018550344803	0	0	0	0	0	0.015103536346219495	0.00009680243436850721	0	0.00007539211576938517	0.00007538914255802407	0.00007539191354989842	1.624288077656528e-12	1.624288077656528e-12	1.624288077656528e-12
0.09549925860214369	0.00004786689953144362	5.939190203330133e-6	0.00004701350623784692	5.080796717130329e-6	0.0000477107989769341	5.78218383695106e-6	0.013352773507559762	0.013520309580070028	0.010401583198233979	0	0	0	0	0	0.013533140922502311	0.0000866442136852067	0	0.00006402602979122012	0.00006402350851331382	0.00006402582404536711	1.5158738342062309e-12	1.5158738342062309e-12	1.5158738342062309e-12
0.10232929922807536	0.000040778582004964664	5.064738342810379e-6	0.00004000843335833839	4.290222591481954e-6	0.000040629286648539046	4.9145852259995315e-6	0.011939232369304905	0.012112454294711889	0.009424319232236132	0	0	0	0	0	0.01212602790697755	0.00007755197288272038	0	0.00005437349050351049	0.000054371352468951885	0.000054373286890711284	1.414695775238592e-12	1.414695775238592e-12	1.414695775238592e-12
0.10964781961431873	0.000034340862252289784	4.209729375619819e-6	0.00003371938954102398	3.5849962390278386e-6	0.00003430410141475976	4.173092598250699e-6	0.010621158870950565	0.010801172717106804	0.00851217626884829	0	0	0	0	0	0.010808508149406286	0.00006973933932161699	0	0.00004572338923162637	0.000045721658059631314	0.00004572331314788258	1.320270916560746e-12	1.320270916560746e-12	1.320270916560746e-12
0.11748975549395303	0.00002891946610814417	3.499059618966002e-6	0.000028418939098057955	2.9956949225341703e-6	0.00002896362380303931	3.5434733619932514e-6	0.00944859872666506	0.009631849105569575	0.007688316051954482	0	0	0	0	0	0.009634139828142745	0.00006271375528216032	0	0.00003844940435986631	0.00003844800470828104	0.00003844942038213436	1.2321485110975033e-12	1.2321485110975033e-12	1.2321485110975033e-12
0.12589254117941662	0.000024131909240965562	2.9151183848010658e-6	0.000023694276299963727	2.4748931652356076e-6	0.000024222561528631606	3.005958163496072e-6	0.00835941762015576	0.00854023758145908	0.0068132800883259625	0	0	0	0	0	0.008543346105554597	0.000056879577301185455	0	0.000031981276226033235	0.000031980045559538925	0.00003198120499145234	1.1499078972023557e-12	1.1499078972023557e-12	1.1499078972023557e-12
0.1348962882591656	0.000020136922356605815	2.428628295255019e-6	0.00001975509104832773	2.0446328273469185e-6	0.000020257564833678286	2.5499795137745344e-6	0.007395791161176184	0.007572342252080206	0.006037835235737712	0	0	0	0	0	0.007576053906347028	0.00005158814520682719	0	0.000026601245092718058	0.000026600166165967392	0.000026601115505515612	1.0731564905845198e-12	1.0731564905845198e-12	1.0731564905845198e-12
0.1445439770745928	0.000016604853776196997	2.0076992602637357e-6	0.00001626836201364036	1.6692359179219935e-6	0.00001672422680934913	2.1276445300925686e-6	0.006499899299438746	0.006674997399199973	0.005169004980599965	0	0	0	0	0	0.006685570061645347	0.00004660616664239187	0	0.000021857744671733644	0.000021856829654190735	0.000021857606273452504	1.0015279102662103e-12	1.0015279102662103e-12	1.0015279102662103e-12
0.15488166189124797	0.00001369231921572337	1.6597255032970289e-6	0.000013397032793187725	1.3627623074488125e-6	0.000013807175969421033	1.7752578881435946e-6	0.0057125316253691045	0.005883990553528722	0.004425197350752597	0	0	0	0	0	0.005899753037887258	0.00004210530850430606	0	0.000017960099253605396	0.00001795932399638591	0.000017959959307203067	9.34680229624165e-13	9.34680229624165e-13	9.34680229624165e-13
0.1659586907437563	0.000011128593854304989	1.3452310814540027e-6	0.000010882836019852498	1.0980427431270893e-6	0.00001121743273680314	1.4345764534513794e-6	0.0049902915509824446	0.005155597530552406	0.0036513180694016777	0	0	0	0	0	0.005172300954031798	0.00003745163404512926	0	0.000014559620408013186	0.000014558983153927056	0.000014559481498234183	8.722943441666688e-13	8.722943441666688e-13	8.722943441666688e-13
0.1778279410038923	9.044895844369439e-6	1.0903288880691909e-6	8.840473981315036e-6	8.847455342312993e-7	9.113434744612776e-6	1.1592735988061107e-6	0.0043593648835507145	0.0045173739922301035	0.003012774931195309	0	0	0	0	0	0.004534545257619591	0.00003331230532384889	0	0.000011802971878503512	0.000011802448161132863	0.000011802838629618133	8.140724482544355e-13	8.140724482544355e-13	8.140724482544355e-13
0.1905460717963252	7.25540479223235e-6	8.941193640515456e-7	7.06379270936856e-6	7.016409100283133e-7	7.288112675649277e-6	9.272710484477366e-7	0.003782781543867755	0.003942668359303929	0.0024152369779710703	0	0	0	0	0	0.003951600953938081	0.00002974246746007206	0	9.413237927067272e-6	9.41281429405701e-6	9.413132027205715e-6	7.59736613493786e-13	7.59736613493786e-13	7.59736613493786e-13
0.20417379446695316	5.819956316237561e-6	7.332186149700698e-7	5.644173326723234e-6	5.564311404556511e-7	5.82838280642314e-6	7.416985931318388e-7	0.003282458934011406	0.0034410774530055015	0.0019362115634188877	0	0	0	0	0	0.0034435978057393212	0.00002655518319772781	0	7.507350621834541e-6	7.507008014335624e-6	7.507266458702225e-6	7.090274620160181e-13	7.090274620160181e-13	7.090274620160181e-13
0.21877616239495518	4.573860962812092e-6	5.863071691842451e-7	4.4207374256598145e-6	4.3239290946747244e-7	4.5899640596927055e-6	6.022822071093804e-7	0.0028298658329764972	0.002978836980279067	0.0015140326423230253	0	0	0	0	0	0.002982727829830009	0.000023603672042688325	0	5.868612693184962e-6	5.86834764364868e-6	5.868562103239232e-6	6.61702928309625e-13	6.61702928309625e-13	6.61702928309625e-13
0.23442288153199276	3.5945637682484116e-6	4.6883165486854246e-7	3.462494550636851e-6	3.360049691047876e-7	3.6146853713954393e-6	4.89071787865806e-7	0.002439677325334016	0.002578689342585933	0.0011839072161990195	0	0	0	0	0	0.002583537860319983	0.000020980210520500327	0	4.587585777923212e-6	4.587380751552879e-6	4.5875581143990425e-6	6.17537103694919e-13	6.17537103694919e-13	6.17537103694919e-13
0.25118864315095824	2.7521422258125715e-6	3.6224258194349903e-7	2.6454689463545317e-6	2.5496735211064483e-7	2.7691467103935075e-6	3.793297042975538e-7	0.0020892422651442996	0.002217638442784217	0.0009016611507970949	0	0	0	0	0	0.0022212465018172484	0.000018368401893539282	0	3.4992203618767985e-6	3.4990704377029e-6	3.4992212173128246e-6	5.763191579250015e-13	5.763191579250015e-13	5.763191579250015e-13
0.2691534803926914	2.1071504970939633e-6	2.7988657935199807e-7	2.021232335178386e-6	1.934743727615528e-7	2.1213944550650958e-6	2.9421248195561663e-7	0.0017891436695906834	0.0019071394842709796	0.000686703163670957	0	0.0008225031452322331	0.0008383017104550886	0	0	0.001909759519151879	0.000016081735109039867	0	2.669060314882282e-6	2.668950887467062e-6	2.6690777146255866e-6	5.378523327652088e-13	5.378523327652088e-13	5.378523327652088e-13
0.28840315031266117	1.571106843600656e-6	2.1418826742944086e-7	1.4997152692571698e-6	1.4246492174199163e-7	1.600054803601167e-6	2.4228535657138134e-7	0.0015170804467200167	0.0016254376666347684	0.0005057410515648369	0	0.0006662790334136051	0.0006787255264726364	0	0	0.0016268612491417058	0.000013857515551436358	0	1.9767527445116693e-6	1.9766735486108787e-6	1.976779858383907e-6	5.019530027468241e-13	5.019530027468241e-13	5.019530027468241e-13
0.30902954325135923	1.1714287695221945e-6	1.6391144588154702e-7	1.1127597009497892e-6	1.0490409472455715e-7	1.2068360829427412e-6	1.995231256632337e-7	0.0012863880754454828	0.0013853457651657034	0.00037246662716770173	0	0.0005397277237660055	0.0005495257072009079	0.0004547118187180746	0.000470153967381965	0.001385869528292401	0.000011940921545857188	0	1.4640176511360816e-6	1.4639603658972207e-6	1.4640482692204138e-6	4.684497986114382e-13	4.684497986114382e-13	4.684497986114382e-13
0.3311311214825908	8.352404869608077e-7	1.1557234840502655e-7	7.943274852259734e-7	7.443017904368836e-8	8.737082396253678e-7	1.5389649155464948e-7	0.0010757678704599325	0.0011636523914334135	0.00026332598453519585	0	0.00042775768409438424	0.00043518558134485245	0.0003557584730298274	0.0003675812272203327	0.0011658326254082446	0.000010299525606691503	0	1.0435482110618808e-6	1.0435102889757333e-6	1.0435678332108493e-6	4.3718278926160956e-13	4.3718278926160956e-13	4.3718278926160956e-13
0.354813389233576	5.955348623912172e-7	8.148892619436199e-8	5.670192344734053e-7	5.280872559856865e-8	6.325350217635662e-7	1.1870368426768369e-7	0.0008996324928720395	0.0009774360467523593	0.0001861658711780595	0	0.00033901656010006315	0.0003446362703850981	0.00027833912804228923	0.00028738661795664933	0.0009807313623101026	8.883755522177169e-6	0	7.438386196815085e-7	7.438136636512213e-7	7.438510364772733e-7	4.080027183128207e-13	4.080027183128207e-13	4.080027183128207e-13
0.38018939632056126	4.0920144187463825e-7	5.849511384710103e-8	3.8657071209328113e-7	3.579818427188986e-8	4.372775308630237e-7	8.664014024523558e-8	0.000737161586137142	0.0008054635727178018	0.00012503721221065762	0	0.0002600049499550657	0.0002640160087398143	0.0002121473933422564	0.00021877184555450766	0.000808423125004418	7.591877865423784e-6	0	5.064351171812387e-7	5.064182938609653e-7	5.064439887424958e-7	3.8077029160230376e-13	3.8077029160230376e-13	3.8077029160230376e-13
0.40738027780411384	2.81168795660331e-7	4.198948868002123e-8	2.6354822969468754e-7	2.426701236658679e-8	3.022941535546016e-7	6.323741295835696e-8	0.000604032433667903	0.0006637483537986287	0.00008398050801942705	0	0.00019940788137659624	0.0002022551276829119	0.00016169669287415203	0.00016653914071442302	0.0006663883446150592	6.48786533799005e-6	0	3.4480130653095873e-7	3.4478996674804305e-7	3.4480763103869015e-7	3.553555122535735e-13	3.553555122535735e-13	3.553555122535735e-13
0.43651583224016655	1.857787805344762e-7	3.143950510375476e-8	1.6966679445752167e-7	1.553001969467085e-8	1.9784343184102455e-7	4.3781514135702545e-8	0.0004787831563951034	0.0005312155176153618	0.00005306425158187005	0	0.00014693641213262896	0.0001487986026315296	0.00011869779231559579	0.00012204268113013727	0.0005333794974421877	5.328265020940344e-6	0.000018141391051304966	2.216659539085221e-7	2.2165930234229641e-7	2.2166967015934497e-7	3.316370601225658e-13	3.316370601225658e-13	3.316370601225658e-13
0.4677351412871981	1.2275101586511703e-7	2.3540236193429238e-8	1.092279055520105e-7	9.938656974887722e-9	1.2948323036477186e-7	3.031150216845492e-8	0.0003795049703799357	0.00042514595258938897	0.00003352938511984972	0	0.00010827209567326432	0.00010947076792934371	0.00008713329660713502	0.00008943492775054553	0.00042691876379683544	4.375924384116731e-6	0.000011202425661947688	1.4250466628601118e-7	1.425008006418517e-7	1.4250683060735122e-7	3.0950171266305517e-13	3.0950171266305517e-13	3.0950171266305517e-13
0.5011872336272735	7.5388650109829e-8	1.5757093074870552e-8	6.555651723101585e-8	5.941592498708907e-9	7.999638238004275e-8	2.0368887446071187e-8	0.00028692030070857054	0.00032653733409724635	0.00001973188255232914	0	0.00007580568587493117	0.00007649402741356472	0.000060794549920391675	0.00006227104687909395	0.0003273441601611365	3.5759251192301923e-6	6.4800117318806755e-6	8.544993652233991e-8	8.54480534932187e-8	8.545101093154504e-8	2.8884380444683006e-13	2.8884380444683006e-13	2.8884380444683006e-13
0.5370317963702532	4.630062346390291e-8	1.0547302080148303e-8	3.934577825823265e-8	3.552041438789441e-9	4.942277989100312e-8	1.368759533872594e-8	0.0002169227424776044	0.00025080006033203225	0.000011612118375186801	0	0.00005307463548419919	0.000053451129836998636	0.00004241750793255782	0.000043357593917156535	0.0002509943536766034	2.92218039798754e-6	3.748344627534157e-6	5.123826357389167e-8	5.123739524896246e-8	5.123877387563314e-8	2.695647227585696e-13	2.695647227585696e-13	2.695647227585696e-13
0.5754399373371566	2.9065804681830322e-8	8.76766557355679e-9	2.235239522432373e-8	2.0152283570773786e-9	2.803273733280247e-8	7.72857954653944e-9	0.000157396301353344	0.0001845409729837635	6.47261028660022e-6	0	0.000035498114252845274	0.00003567215067797425	0.000028188689539451726	0.000028750680314245992	0.00018519820915727329	2.349586738556303e-6	2.082587258670151e-6	2.9099578397246935e-8	2.9099029289321935e-8	2.9099739716841027e-8	2.51572436857584e-13	2.51572436857584e-13	2.51572436857584e-13
0.6165950018614835	1.8137445756146985e-8	7.045597731511875e-9	1.2226323962885626e-8	1.1000974587874912e-9	1.601592209013759e-8	4.9117272807069655e-9	0.00011023789160616022	0.00013175172427178626	3.525001112864219e-6	2.19253856747179e-6	0.00002285433392493418	0.000022914011976565933	0.000018003566164402053	0.000018321015224508204	0.0001316961389335317	1.8717372461324963e-6	1.1368612340006241e-6	1.59094645198605e-8	1.590925893360893e-8	1.590954568809986e-8	2.3478105865931907e-13	2.3478105865931907e-13	2.3478105865931907e-13
0.6606934480075964	1.0986311932886154e-8	5.13829129915653e-9	6.453914600781992e-9	5.795298505448477e-10	9.894920826519076e-9	4.04054918423079e-9	0.00007389087146032663	0.00009046536935141944	1.913005475087658e-6	1.1847047149300422e-6	0.000014100206186542033	0.000014105054556216977	0.000011016582237091032	0.000011185568063977153	0.00009020300215183478	1.4338788278564224e-6	6.016047997429257e-7	8.3941590188393e-9	8.394079752606046e-9	8.394188725016067e-9	2.191104327394805e-13	2.191104327394805e-13	2.191104327394805e-13
0.7079457843841374	5.603005941256092e-9	2.64737960295858e-9	3.2627919284611444e-9	2.9355226703194e-10	5.039484099021077e-9	2.0805793431431075e-9	0.000047209147866524155	0.000059470735582228644	1.0229854007878492e-6	6.303423903742407e-7	8.332740008960879e-6	8.315984894718503e-6	6.445962069929834e-6	6.529483649000943e-6	0.00005909256146025467	1.055315544952806e-6	3.180658575939255e-7	4.245581008209343e-9	4.245553865915899e-9	4.245580866624169e-9	2.0448575370361033e-13	2.0448575370361033e-13	2.0448575370361033e-13
0.7585775750291851	2.7318688825141815e-9	1.3610883277324679e-9	1.5152972410817366e-9	1.3743898549774828e-10	2.438918681456208e-9	1.0664338177768957e-9	0.000028723407260651502	0.00003687839375218965	5.370207874809998e-7	3.287126525524279e-7	4.71751816372939e-6	4.694352792599893e-6	3.6315258842374832e-6	3.6672386857837255e-6	0.00003677440830544331	7.159125705873885e-7	1.6505042351905518e-7	1.9754190620959356e-9	1.9754190620959356e-9	1.9754190620959356e-9	1.9083720909560811e-13	1.9083720909560811e-13	1.9083720909560811e-13
0.8128305161640995	1.1859994258501507e-9	6.939782952887119e-10	5.454032793605791e-10	4.965532523572436e-11	1.0317440055198664e-9	5.388254566107997e-10	0.00001670153624266699	0.000021649337581169377	2.8498979935456537e-7	1.7263031294751273e-7	2.589941468312887e-6	2.5635989902801746e-6	1.979120179685268e-6	1.9872362884563506e-6	0.000021694766143995457	4.552228331503884e-7	8.665587860079234e-8	7.116406725410266e-10	7.116406725410266e-10	7.116406725410266e-10	1.7809964614057117e-13	1.7809964614057117e-13	1.7809964614057117e-13
0.8709635899560796	3.4578798264632583e-10	3.4779968816274376e-10	1.6512612048018813e-103	1.6608678176439066e-103	2.6252230753951724e-10	2.640495947813056e-10	9.440222386776677e-6	0.000012275986942570953	1.5342704827812113e-7	9.259874122211509e-8	1.4221741034695842e-6	1.3914226125697586e-6	1.084195273176512e-6	1.0748263006918495e-6	0.000012335927578822237	2.554430152118283e-7	4.6496077712627675e-8	1.647060387186139e-103	1.647060387186139e-103	1.647060387186139e-103	1.662122607311105e-13	1.662122607311105e-13	1.662122607311105e-13
0.9332543007969925	1.9639704110275026e-10	1.975396285575597e-10	1.5410466211110422e-103	1.5500120338619997e-103	1.4910467399603556e-10	1.499721266267103e-10	5.442387655079171e-6	7.0651275306124294e-6	8.714188988392964e-8	5.259326436588136e-8	8.077515699557127e-7	7.902856598451188e-7	6.176605853877066e-7	6.123231289603194e-7	7.137974769955506e-6	1.4710074818009157e-7	2.640835582474164e-8	1.5371261900043112e-103	1.5371261900043112e-103	1.5371261900043112e-103	1.551183071724993e-13	1.551183071724993e-13	1.551183071724993e-13