1.e-9	0	0	0	0	0	0	4.1270966716752564e-10	0	0	0	0	0	0	0	5.915508273986732e-9	7.881789731107191e-16	0	9.172950057238289e-15	9.172950057238289e-15	9.172950057238289e-15	0	0	0
1.0715193052376092e-9	0	0	0	0	0	0	6.8512717546596e-10	0	0	0	0	0	0	0	9.30500812798353e-9	1.340298496632274e-15	0	1.559858101015861e-14	1.559858101015861e-14	1.559858101015861e-14	0	0	0
1.148153621496884e-9	0	0	0	0	0	0	1.1373594657558595e-9	0	0	0	0	0	0	0	1.4636641899831522e-8	2.2791778534572445e-15	0	2.6525352041840427e-14	2.6525352041840427e-14	2.6525352041840427e-14	0	0	0
1.2302687708123811e-9	0	0	0	0	0	0	1.8880969850083175e-9	0	0	0	0	0	0	0	2.3023223962550604e-8	3.875742381822221e-15	0	4.510630168765971e-14	4.510630168765971e-14	4.510630168765971e-14	0	0	0
1.31825673855641e-9	0	0	0	0	0	0	3.158568227077479e-9	0	0	0	0	0	0	0	3.8326687719071434e-8	6.590700707394179e-15	0	7.670324209164442e-14	7.670324209164442e-14	7.670324209164442e-14	0	0	0
1.4125375446227555e-9	0	0	0	0	0	0	5.283919906825531e-9	0	0	0	0	0	0	0	6.380231517117162e-8	1.1207487891395976e-14	0	1.3043382248690417e-13	1.3043382248690417e-13	1.3043382248690417e-13	0	0	0
1.5135612484362133e-9	0	0	0	0	0	0	8.930518284899981e-9	0	0	0	0	0	0	0	1.0782140496757059e-7	1.9058335466269276e-14	0	2.2180271316854296e-13	2.2180271316854296e-13	2.2180271316854296e-13	0	0	0
1.6218100973589331e-9	0	0	0	0	0	0	1.509374824813501e-8	0	0	0	0	0	0	0	1.822105567484758e-7	3.2408703383360435e-14	0	3.771755103923798e-13	3.771755103923798e-13	3.771755103923798e-13	0	0	0
1.7378008287493762e-9	0	0	0	0	0	0	2.56091101628646e-8	0	0	0	0	0	0	0	3.0927237004791e-7	5.5111006801307004e-14	0	6.413870082728157e-13	6.413870082728157e-13	6.413870082728157e-13	0	0	0
1.8620871366628732e-9	0	0	0	0	0	0	4.3450209487545056e-8	0	0	0	0	0	0	0	5.249388431817714e-7	9.371627845540616e-14	0	1.0906786974403274e-12	1.0906786974403274e-12	1.0906786974403274e-12	0	0	0
1.9952623149688828e-9	0	0	0	0	0	0	7.382596559641813e-8	0	0	0	0	0	0	0	8.921590633791222e-7	1.5936455090516472e-13	0	1.8546993288188346e-12	1.8546993288188346e-12	1.8546993288188346e-12	0	0	0
2.1379620895022324e-9	0	0	0	0	0	0	1.254372133189836e-7	0	0	0	0	0	0	0	1.5162676656677276e-6	2.709994517899126e-13	0	3.1539165552551285e-12	3.1539165552551285e-12	3.1539165552551285e-12	0	0	0
2.2908676527677795e-9	0	0	0	0	0	0	2.1324130890938217e-7	0	0	0	0	0	0	0	2.5779791093701547e-6	4.608346238643088e-13	0	5.3632357360162e-12	5.3632357360162e-12	5.3632357360162e-12	0	0	0
2.4547089156850337e-9	0	0	0	0	0	0	3.6250690383044177e-7	0	0	0	0	0	0	0	4.383115487344891e-6	7.836493732717249e-13	0	9.120183446880273e-12	9.120183446880273e-12	9.120183446880273e-12	0	0	0
2.6302679918953816e-9	0	0	0	0	0	0	6.16374536307206e-7	0	0	0	0	0	0	0	7.453110661284197e-6	1.3325959214778905e-12	0	1.550887382287622e-11	1.550887382287622e-11	1.550887382287622e-11	0	0	0
2.818382931264461e-9	0	0	0	0	0	0	1.0480285064739677e-6	0	0	0	0	0	0	0	0.000012673373240958541	2.26607964034414e-12	0	2.6372843118212858e-11	2.6372843118212858e-11	2.6372843118212858e-11	0	0	0
3.019951720402019e-9	0	0	0	0	0	0	1.7821000708278687e-6	0	0	0	0	0	0	0	0.00002155074452977407	3.853468897539184e-12	0	4.484702516790114e-11	4.484702516790114e-11	4.484702516790114e-11	0	0	0
3.2359365692962944e-9	0	0	0	0	0	0	3.030338051710037e-6	0	0	0	0	0	0	0	0.00003664648558496084	6.552824658028313e-12	0	7.626237555789132e-11	7.626237555789132e-11	7.626237555789132e-11	0	0	0
3.4673685045253237e-9	0	0	0	0	0	0	4.4131204599963555e-6	0	0	0	0	0	0	0	0.00006231706953720792	1.1143079687586346e-11	0	1.2968418541195796e-10	1.2968418541195796e-10	1.2968418541195796e-10	0	0	0
3.715352290971728e-9	0	0	0	0	0	0	6.426884348248553e-6	0	0	0	0	0	0	0	0.00010596970197051515	1.8948809315654187e-11	0	2.2052798411971598e-10	2.2052798411971598e-10	2.2052798411971598e-10	0	0	0
3.9810717055349855e-9	0	0	0	0	0	0	4.839340467454769e-6	0	0	0	0	0	0	0	0.0001802012503619876	3.222245416418861e-11	0	3.7500788263990856e-10	3.7500788263990856e-10	3.7500788263990856e-10	0	0	0
4.265795188015934e-9	0	0	0	0	0	0	3.6439454782359215e-6	0	0	0	0	0	0	0	0.00030643183880104676	5.479428997712719e-11	0	6.377009820473651e-10	6.377009820473651e-10	6.377009820473651e-10	0	0	0
4.570881896148752e-9	0	0	0	0	0	0	2.9876854305538034e-6	0	0	0	0	0	0	0	0.000521087187774782	9.317770145002843e-11	0	1.0844106519836204e-9	1.0844106519836204e-9	1.0844106519836204e-9	0	0	0
4.8977881936844766e-9	0	0	0	0	0	0	2.4496152001332293e-6	0	0	0	0	0	0	0	0.000886108500753128	1.5844870060611135e-10	0	1.8440405381846416e-9	1.8440405381846416e-9	1.8440405381846416e-9	0	0	0
5.248074602497734e-9	0	0	0	0	0	0	2.574426825611634e-6	0	0	0	0	0	0	0	0.0015068274995048954	2.6944204818391947e-10	0	3.135791316941669e-9	3.135791316941669e-9	3.135791316941669e-9	0	0	0
5.623413251903491e-9	0	0	0	0	0	0	2.705597793509962e-6	0	0	0	0	0	0	0	0.002562360152661293	4.5818625871866635e-10	0	5.33241378364025e-9	5.33241378364025e-9	5.33241378364025e-9	0	0	0
6.025595860743593e-9	0	0	0	0	0	0	3.43065156397206e-6	0	0	0	0	0	0	0	0.0043572938050542	7.791458278082664e-10	0	9.067770743029524e-9	9.067770743029524e-9	9.067770743029524e-9	0	0	0
6.456542290346562e-9	0	0	0	0	0	0	4.3500073002776935e-6	0	0	0	0	0	0	0	0.007409578736948172	1.3249376414925147e-9	0	1.5419746025786608e-8	1.5419746025786608e-8	1.5419746025786608e-8	0	0	0
6.918309709189363e-9	0	0	0	0	0	0	4.149634609544867e-6	0	0	0	0	0	0	0	0.012599990032435657	2.2530881516637455e-9	0	2.6221308686981644e-8	2.6221308686981644e-8	2.6221308686981644e-8	0	0	0
7.413102413009192e-9	0	0	0	0	0	0	3.958491607964293e-6	0	0	0	0	0	0	0	0.02142628541428763	3.831430295428411e-9	0	4.4589387406784473e-8	4.4589387406784473e-8	4.4589387406784473e-8	0	0	0
7.943282347242822e-9	0	0	0	0	0	0	4.324759801905247e-6	0	0	0	0	0	0	0	0.03643540265764009	6.516225945539273e-9	0	7.582502759662617e-8	7.582502759662617e-8	7.582502759662617e-8	0	0	0
8.511380382023759e-9	0	0	0	0	0	0	4.7249177708360005e-6	0	0	0	0	0	0	0	0.06195840954957008	1.1082336699165495e-8	0	1.2894177615803107e-7	1.2894177615803107e-7	1.2894177615803107e-7	0	0	0
9.120108393559115e-9	0	0	0	0	0	0	6.291385719237304e-6	0	0	0	0	0	0	0	0.03179931201097281	1.884783014375609e-8	0	2.1926753384015287e-7	2.1926753384015287e-7	2.1926753384015287e-7	0	0	0
9.772372209558111e-9	0	0	0	0	0	0	8.377190077790482e-6	0	0	0	0	0	0	0	0.016320564903496922	3.205467499959932e-8	0	3.7286791627112433e-7	3.7286791627112433e-7	3.7286791627112433e-7	0	0	0
1.0471285480509006e-8	0	0	0	0	0	0	0.000012993192515582847	0	0	0	0	0	0	0	0.008546304572669153	5.4514030498860766e-8	0	6.340663687223833e-7	6.340663687223833e-7	6.340663687223833e-7	0	0	0
1.1220184543019653e-8	0	0	0	0	0	0	0.000020152706358493977	0	0	0	0	0	0	0	0.0044752937340529824	9.270970681399572e-8	0	1.0782374733804118e-6	1.0782374733804118e-6	1.0782374733804118e-6	0	0	0
1.202264434617413e-8	0	0	0	0	0	0	0.00003311305429106202	0	0	0	0	0	0	0	0.002786346226458506	1.5776485055065926e-7	0	1.8336406537031795e-6	1.8336406537031795e-6	1.8336406537031795e-6	0	0	0
1.288249551693135e-8	0	0	0	0	0	0	0.00005440829360472914	0	0	0	0	0	0	0	0.0017347968100114972	2.6846970964117617e-7	0	3.118272300787333e-6	3.118272300787333e-6	3.118272300787333e-6	0	0	0
1.3803842646028866e-8	0	0	0	0	0	0	0.00008923077873354859	0	0	0	0	0	0	0	0.0018980855649101574	3.8203573614344576e-7	0	5.239002238158066e-6	5.239002238158066e-6	5.239002238158066e-6	0	0	0
1.4791083881682102e-8	0	0	0	0	0	0	0.0001463404077922336	0	0	0	0	0	0	0	0.002076743968474606	5.436416044317919e-7	0	8.802035808256847e-6	8.802035808256847e-6	8.802035808256847e-6	0	0	0
1.5848931924611173e-8	0	0	0	0	0	0	0.0002289656698423212	0	0	0	0	0	0	0	0.003296962018485015	7.769499469723672e-7	0	0.000011765208401485117	0.000011765208401485117	0.000011765208401485117	0	0	0
1.698243652461746e-8	0	0	0	0	0	0	0.0003582419835864549	0	0	0	0	0	0	0	0.005234135125148052	1.1103845165258647e-6	0	0.000015725922019145362	0.000015725922019145362	0.000015725922019145362	0	0	0
1.8197008586099862e-8	0	0	0	0	0	0	0.0005694603366944681	0	0	0	0	0	0	0	0.008840963797818775	1.7969787949716616e-6	0	0.00001531253078913517	0.00001531253078913517	0.00001531253078913517	0	0	0
1.9498445997580494e-8	0	0	0	0	0	0	0.0009052123702020302	0	0	0	0	0	0	0	0.014933248570293342	2.908121233247163e-6	0	0.000014910006477378885	0.000014910006477378885	0.000014910006477378885	0	0	0
2.0892961308540408e-8	0	0	0	0	0	0	0.0014890778339808953	0	0	0	0	0	0	0	0.014012131693234769	4.125068000897553e-6	0	0.00001547698365113114	0.00001547698365113114	0.00001547698365113114	0	0	0
2.2387211385683424e-8	0	0	0	0	0	0	0.0024495387697345637	0	0	0	0	0	0	0	0.0131478314088422	5.851264320582885e-6	0	0.000016065521051302032	0.000016065521051302032	0.000016065521051302032	0	0	0
2.3988329190194947e-8	0	0	0	0	0	0	0.004108816320582471	0	0	0	0	0	0	0	0.007277107040873055	7.93292565764495e-6	0	0.00001663400241171413	0.00001663400241171413	0.00001663400241171413	0	0	0
2.5703957827688646e-8	0	0	0	0	0	0	0.006892061381055013	0	0	0	0	0	0	0	0.004027758284815804	0.000010755164361375517	0	0.000017222599587611113	0.000017222599587611113	0.000017222599587611113	0	0	0
2.754228703338169e-8	0	0	0	0	0	0	0.011637963034491392	0	0	0	0	0	0	0	0.0033160013026814665	0.000015865677958015985	0	0.000021468243266186575	0.000021468243266186575	0.000021468243266186575	0	0	0
2.95120922666639e-8	0	0	0	0	0	0	0.019651911975782744	0	0	0	0	0	0	0	0.002730020984833807	0.00002340454581721343	0	0.000026760505380831237	0.000026760505380831237	0.000026760505380831237	0	0	0
3.162277660168386e-8	0	0	0	0	0	0	0.014309173182713965	0	0	0	0	0	0	0	0.0038943313064364986	0.000036470225763564664	0	0.00004107511620082559	0.00004107511620082559	0.00004107511620082559	0	0	0
3.3884415613920346e-8	0	0	0	0	0	0	0.01041895757650551	0	0	0	0	0	0	0	0.005555201373375175	0.00005682987303548385	0	0.00006304683513637563	0.00006304683513637563	0.00006304683513637563	0	0	0
3.6307805477010175e-8	0	0	0	0	0	0	0.013562120229168828	0	0	0	0	0	0	0	0.009264434652945774	0.0000674991323798872	0	0.0000822737048003629	0.0000822737048003629	0.0000822737048003629	0	0	0
3.890451449942813e-8	0	0	0	0	0	0	0.017653503602432615	0	0	0	0	0	0	0	0.015450339901280028	0.00008017144203705765	0	0.00010736403321333417	0.00010736403321333417	0.00010736403321333417	0	0	0
4.1686938347033635e-8	0	0	0	0	0	0	0.014833213147495253	0	0	0	0	0	0	0	0.011719966001105897	0.00009259339908648836	0	0.00012119995264186206	0.00012119995264186206	0.00012119995264186206	0	0	0
4.4668359215096346e-8	0	0	0	0	0	0	0.012463486978794852	0	0	0	0	0	0	0	0.008890264158893975	0.00010694004419212937	0	0.00013681889624248157	0.00013681889624248157	0.00013681889624248157	0	0	0
4.78630092322639e-8	0	0	0	0	0	0	0.012603656492201215	0	0	0	0	0	0	0	0.0120452497842688	0.00009422019661724803	0	0.0001229399606301217	0.0001229399606301217	0.0001229399606301217	0	0	0
5.128613839913659e-8	0	0	0	0	0	0	0.012745402409748767	0	0	0	0	0	0	0	0.01631987978897976	0.00008301329513800824	0	0.00011046890696259719	0.00011046890696259719	0.00011046890696259719	0	0	0
5.495408738576248e-8	0	0	0	0	0	0	0.010151425497911107	0	0	0	0	0	0	0	0.01699783652519926	0.00006872694606246264	0	0.00010349099321587384	0.00010349099321587384	0.00010349099321587384	0	0	0
5.888436553555896e-8	0	0	0	0	0	0	0.008085381404734372	0	0	0	0	0	0	0	0.017703956786035747	0.00005689923652855963	0	0.00009695384856513913	0.00009695384856513913	0.00009695384856513913	0	0	0
6.309573444801943e-8	0	0	0	0	0	0	0.006840890877037781	0	0	0	0	0	0	0	0.013300878693874358	0.00005956067264804972	0	0.00011973485912797582	0.00011973485912797582	0.00011973485912797582	0	0	0
6.760829753919818e-8	0	0	0	0	0	0	0.00578795058006013	0	0	0	0	0	0	0	0.00999287199846233	0.00006234659624136597	0	0.00014786866847027566	0.00014786866847027566	0.00014786866847027566	0	0	0
7.244359600749906e-8	0	0	0	0	0	0	0.00820777566909938	0	0	0	0	0	0	0	0.009713125664528786	0.00004530344736873028	0	0.00010830516200442401	0.00010830516200442401	0.00010830516200442401	0	0	0
7.762471166286928e-8	0	0	0	0	0	0	0.01163928069226173	0	0	0	0	0	0	0	0.00944121071394142	0.00003291923644950464	0	0.00007932720459413992	0.00007932720459413992	0.00007932720459413992	0	0	0
8.317637711026726e-8	0	0	0	0	0	0	0.012951124639389047	0	0	0	0	0	0	0	0.011767291230841932	0.00003041132713797909	0	0.00007756384775648515	0.00007756384775648515	0.00007756384775648515	0	0	0
8.912509381337478e-8	0	0	0	0	0	0	0.01441082433354344	0	0	0	0	0	0	0	0.01466646038383345	0.00002809447964298418	0	0.0000758396884091844	0.0000758396884091844	0.0000758396884091844	0	0	0
9.549925860214369e-8	0	0	0	0	0	0	0.018326829073915807	0	0	0	0	0	0	0	0.016876158866989	0.000029151821947662415	0	0.00007880015292752068	0.00007880015292752068	0.00007880015292752068	0	0	0
1.0232929922807557e-7	0	0	0	0	0	0	0.0233069709359188	0	0	0	0	0	0	0	0.019418777990754185	0.000030248957576989147	0	0.00008187618160953178	0.00008187618160953178	0.00008187618160953178	0	0	0
1.0964781961431874e-7	0	0	0	0	0	0	0.01739834770832497	0	0	0	0	0	0	0	0.015012670612584085	0.000029137651804969643	0	0.00008298941426668107	0.00008298941426668107	0.00008298941426668107	0	0	0
1.1748975549395303e-7	0	0	0	0	0	0	0.01298763806811472	0	0	0	0	0	0	0	0.011606305969884323	0.00002806717390332516	0	0.00008411778303453554	0.00008411778303453554	0.00008411778303453554	0	0	0
1.2589254117941688e-7	0	0	0	0	0	0	0.013010442504054481	0	0	0	0	0	0	0	0.01081569463949984	0.000039493154435983475	0	0.00009707441026813136	0.00009707441026813136	0.00009707441026813155	0	0	0
1.3489628825916562e-7	0	0	0	0	0	0	0.013033286981324037	0	0	0	0	0	0	0	0.010078939055927038	0.000055570584080773796	0	0.00011202674142085483	0.00011202674142085483	0.0001120267414208553	0	0	0
1.445439770745928e-7	0	0	0	0	0	0	0.016374479165047494	0	0	0	0	0	0	0	0.011318359392265949	0.0000604761931485865	0	0.00012736202379427423	0.00012736202379427423	0.0001273620237942745	0	0	0
1.5488166189124826e-7	0	0	0	0	0	0	0.02057221392506627	0	0	0	0	0	0	0	0.012710192870663616	0.00006581485507564704	0	0.00014479654499665554	0.00014479654499665554	0.00014479654499665554	0	0	0
1.659586907437563e-7	0	0	0	0	0	0	0.021262109119639414	0	0	0	0	0	0	0	0.014235908336691677	0.00007754558358406568	0	0.00015983976361956274	0.00015983976361956274	0.00015983976361956274	0	0	0
1.7782794100389227e-7	0	0	0	0	0	0	0.021975140150794357	0	0	0	0	0	0	0	0.015944768756298827	0.00009136717731098413	0	0.0001764458539708103	0.0001764458539708103	0.00017644585397081066	0	0	0
1.9054607179632522e-7	0	0	0	0	0	0	0.021744290871531822	0	0	0	0	0	0	0	0.017725316627005824	0.00010311519526528142	0	0.00018199375908147647	0.00018199375908147647	0.00018199375908147723	0	0	0
2.0417379446695318e-7	0	0	0	0	0	0	0.02151586666848606	0	0	0	0	0	0	0	0.019704697780799894	0.00011637377674924479	0	0.00018771610439815716	0.00018771610439815716	0.00018771610439815832	0	0	0
2.1877616239495564e-7	0	0	0	0	0	0	0.025288645256762853	0	0	0	0	0	0	0	0.02038978835001341	0.00011310149838938529	0	0.0001931645056586903	0.0001931645056586903	0.00019316450565869307	0	0	0
2.3442288153199275e-7	0	0	0	0	0	0	0.02972297554990329	0	0	0	0	0	0	0	0.02109869806597295	0.00010992123221615008	0	0.0001987710450629433	0.0001987710450629433	0.00019877104506294734	0	0	0
2.5118864315095823e-7	0	0	0	0	0	0	0.027553207381578543	0	0	0	0	0	0	0	0.024681737000261057	0.00010632259559128037	0	0.00021014649047788056	0.00021014649047788056	0.00021014649047788916	0	0	0
2.6915348039269196e-7	0	0	0	0	0	0	0.025541831629126478	0	0	0	0	0	0	0	0.028873257460967465	0.00010284177228870301	0	0.000222172939958059	0.000222172939958059	0.00022217293995807264	0	0	0
2.8840315031266115e-7	0	0	0	0	0	0	0.02602815912193135	0	0	0	0	0	0	0	0.02739006850696235	0.00011059100833392587	0	0.00023337884612482658	0.00023337884612482658	0.0002333788461248519	0	0	0
3.090295432513592e-7	0	0	0	0	0	0	0.02652374649999775	0	0	0	0	0	0	0	0.025983069413981978	0.00011892415749099085	0	0.0002451499531348726	0.0002451499531348726	0.00024514995313491074	0	0	0
3.3113112148259143e-7	0	0	0	0	0	0	0.028425098005908846	0	0	0	0	0	0	0	0.02681630706395327	0.00013194073912342345	0	0.0002442292300631952	0.0002442292300631952	0.00024422923006327013	0	0	0
3.5481338923357606e-7	0	0	0	0	0	0	0.030462747660689123	0	0	0	0	0	0	0	0.027676265382305377	0.00014638202201898198	0	0.00024331196500145715	0.00024331196500145715	0.00024331196500156812	0	0	0
3.8018939632056126e-7	0	0	0	0	0	0	0.02923970755246456	0	0	0	0	0	0	0	0.02877912760135266	0.00014514250406939662	0	0.00024074715750931929	0.00024074715750931929	0.00024074715750953594	0	0	0
4.0738027780411303e-7	0	0	0	0	0	0	0.0280657709303401	0	0	0	0	0	0	0	0.029925937407164222	0.00014391348197665289	0	0.00023820938624399243	0.00023820938624399243	0.0002382093862443125	0	0	0
4.365158322401665e-7	0	0	0	0	0	0	0.02977373497771711	0	0	0	0	0	0	0	0.032297023341187656	0.00014530465593031968	0	0.00023478023370036638	0.00023478023370036638	0.00023478023370099296	0	0	0
4.677351412871981e-7	0	0	0	0	0	0	0.031585638489090004	0	0	0	0	0	0	0	0.03485597468540786	0.00014670927799838705	0	0.00023140044565640592	0.00023140044565640592	0.00023140044565733014	0	0	0
5.011872336272736e-7	0	0	0	0	0	0	0.034722421658101736	0	0	0	0	0	0	0	0.03458663634252543	0.00015452786517989553	0	0.00024158611403500826	0.00024158611403500777	0.0002415861140367706	0	0	0
5.370317963702533e-7	0	0	0	0	0	0	0.038170720095445976	0	0	0	0	0	0	0	0.03431937922513163	0.0001627631288412339	0	0.00025222013003897687	0.0002522201300389763	0.0002522201300416493	0	0	0
5.754399373371578e-7	0	0	0	0	0	0	0.03707014409235986	0	0	0	0	0	0	0	0.03487236652934789	0.00016858636982427827	0	0.00026431147929241314	0.00026431147929241206	0.0002643114792975007	0	0	0
6.165950018614835e-7	0	0	0	0	0	0	0.03600130098651937	0	0	0	0	0	0	0	0.03543426410424906	0.00017461795120842047	0	0.0002769824838126451	0.00027698248381264343	0.0002769824838203733	0	0	0
6.606934480075964e-7	0.00018824645354713357	0.0000299112470360545	0	0	0	0	0.041069291048746896	0	0	0	0	0	0	0	0.036982004357760584	0.00017534224094348062	0	0.00028844207203004586	0.0002884420720300429	0.0002884420720448003	0	0	0
7.079457843841387e-7	0.00019318882885032253	0.00003201688075570118	0	0	0	0	0.046850714308304085	0	0	0	0	0	0	0	0.03859734866494449	0.0001760695349264814	0	0.0003003757774562501	0.0003003757774562452	0.0003003757774785984	0	0	0
7.585775750291852e-7	0.0002054456194924748	0.00003359599076500162	0	0	0	0	0.048040778708697454	0	0	0	0	0	0	0	0.04164776504027792	0.00018914385902184353	0	0.00031792564989163756	0.00031792564989162846	0.000317925649933993	0	0	0
8.128305161640995e-7	0.00021848003748367972	0.000035252984327059735	0	0	0	0	0.049261072173855114	0	0	0	0	0	0	0	0.04493926118882776	0.00020318903790262775	0	0.00033650089802511455	0.00033650089802510073	0.00033650089808973875	0	0	0
8.709635899560814e-7	0.00022815940899244762	0.000037121167966752634	0	0	0	0	0.04987648219849209	0	0	0	0	0	0	0	0.046645648114495564	0.00021242906939845588	0	0.0003524373861681363	0.0003524373861681104	0.00035243738629119086	0	0	0
9.332543007969924e-7	0.00023826760793041097	0.00003908835344070816	0	0	0	0	0.05049958043375259	0	0	0	0	0	0	0	0.04841682819125339	0.00022208929178117986	0	0.00036912861718353375	0.0003691286171834937	0.00036912861737040727	0	0	0
1.e-6	0.00024616656751800864	0.00003997623783191525	0	0	0	0	0.050669145515437046	0	0	0	0	0	0	0	0.04882643297354163	0.00022907804298728739	0	0.0003800045280632325	0.00038000452806315633	0.0003800045284218809	0	0	0
1.0715193052376091e-6	0.0002543273904915207	0.00004088429034540806	0	0	0	0	0.05083927995466202	0	0	0	0	0	0	0	0.049239502998885375	0.00023628671764413378	0	0.00039120088399096194	0.00039120088399084675	0.00039120088453134516	0	0	0
1.148153621496884e-6	0.0002681363977262156	0.0000417345056670675	0	0	0	0	0.05134604719202852	0	0	0	0	0	0	0	0.0498101305997509	0.00025128510316315485	0	0.0004079041549630018	0.0004079041549627832	0.0004079041559940504	0	0	0
1.2302687708123837e-6	0.00028269518138270645	0.00004260240176750692	0	0	0	0	0.05185786589812326	0	0	0	0	0	0	0	0.05038737109959038	0.0002672355166692747	0	0.0004253206126188712	0.00042532061261854067	0.0004253206141815004	0	0	0
1.3182567385564101e-6	0.0002934394404967854	0.00004427777180650702	0	0	0	0	0.05553525798666701	0	0	0	0	0	0	0	0.05081848660191105	0.00027680973974893494	0	0.0004416737979885852	0.0004416737979879529	0.0004416738009756157	0	0	0
1.4125375446227554e-6	0.00030459205147362155	0.000046019026975244386	0	0	0	0	0.05947342464313125	0	0	0	0	0	0	0	0.05125329073835337	0.00028672697766704596	0	0.0004586557482565928	0.00045865574825563506	0.0004586557527752474	0	0	0
1.5135612484362104e-6	0.0003117303639854954	0.000047390824545520835	0	0	0	0	0.06116056717510315	0	0	0	0	0	0	0	0.05373320256564485	0.00029345383881966195	0	0.00047038862477385903	0.00047038862477201773	0.0004703886334613213	0	0	0
1.6218100973589331e-6	0.0003190359674863188	0.00004880351451829918	0	0	0	0	0.06289557057838478	0	0	0	0	0	0	0	0.05633310595996643	0.0003003385179123091	0	0.0004824216401030615	0.00048242164010029213	0.0004824216531696592	0	0	0
1.7378008287493763e-6	0.00033216481590390225	0.00005102921294155075	0	0	0	0	0.06595544616335397	0	0	0	0	0	0	0	0.059458856300069224	0.00031459936205538767	0	0.0005030027616848023	0.0005030027616795199	0.000503002785368734	0	0	0
1.8620871366628694e-6	0.0003458339377650438	0.00005335641498642023	0	0	0	0	0.06916418499114646	0	0	0	0	0	0	0	0.0627580448879339	0.00032953734770228534	0	0.0005244619171902988	0.000524461917182293	0.0005244619523736974	0	0	0
1.995262314968883e-6	0.0003537270274498584	0.00005527668403643558	0	0	0	0	0.07077682534965528	0	0	0	0	0	0	0	0.0646478660154845	0.0003370198083704303	0	0.0005387936542469665	0.0005387936542315863	0.0005387937111930625	0	0	0
2.1379620895022326e-6	0.0003618002638986824	0.00005726606255014715	0	0	0	0	0.0724270662224512	0	0	0	0	0	0	0	0.06659459496896464	0.0003446721654647039	0	0.0005535170282944807	0.000553517028271329	0.0005535171081664023	0	0	0
2.2908676527677747e-6	0.00037396754956892423	0.00005900705365179011	0	0	0	0	0.07516680707983397	0	0	0	0	0	0	0	0.06881847694796875	0.00035526758163001296	0	0.0005715134325080181	0.0005715134324636468	0.0005715135782969172	0	0	0
2.4547089156850335e-6	0.0003865440191324721	0.000060800974008231126	0	0	0	0	0.07801018571183752	0	0	0	0	0	0	0	0.07111662397894662	0.00036618870684573134	0	0.0005900949507253917	0.0005900949506584453	0.0005900951666331394	0	0	0
2.6302679918953817e-6	0.00040059062847340704	0.00006384474419895576	0	0	0	0	0.08076526405309503	0	0	0	0	0	0	0	0.073989612401533	0.0003763745209708133	0	0.000614343490372465	0.0006143434902446428	0.0006143438976314508	0	0	0
2.8183829312644606e-6	0.00041514767705078397	0.00006704088920151646	0	0	0	0	0.08361764323522633	0	0	0	0	0	0	0	0.07697866457988449	0.00038684366117190785	0	0.0006395884657190705	0.0006395884655254839	0.0006395890796910121	0	0	0
3.0199517204020193e-6	0.00042547359299755676	0.00006884354849904323	0	0	0	0	0.08552071506364717	0	0	0	0	0	0	0	0.08097339278317611	0.0003945327387841488	0	0.000655949245846351	0.0006559492454741639	0.0006559504227742151	0	0	0
3.2359365692962877e-6	0.00043605634415269916	0.00007069467941712357	0	0	0	0	0.08746709931088288	0	0	0	0	0	0	0	0.08517542327607304	0.00040237464794169156	0	0.0006727285374708198	0.0006727285369110227	0.0006727303057543402	0	0	0
3.4673685045253236e-6	0.0004504431874958964	0.00007234534850851171	0	0	0	0	0.09053816632559557	0	0	0	0	0	0	0	0.08928170702679511	0.00041716714578606716	0	0.0006926472689543399	0.0006926472678800465	0.0006926505745925901	0	0	0
3.7153522909717276e-6	0.00046530469716181893	0.00007403455951665647	0	0	0	0	0.09371706191451609	0	0	0	0	0	0	0	0.09358595358876998	0.0004325034601795066	0	0.000713155771559212	0.0007131557699404441	0.0007131607040439117	0	0	0
3.981071705534978e-6	0.00048205396159585316	0.00007605088643242272	0	0	0	0	0.09579999596568195	0	0	0	0	0	0	0	0.09623913206411687	0.00044848219169818683	0	0.0007366579159876653	0.0007366579128857835	0.0007366613959177521	0	0	0
4.265795188015934e-6	0.0004994061381878581	0.00007812212789428426	0	0	0	0	0.09792922483417153	0	0	0	0	0	0	0	0.09896752862243513	0.0004650512534325801	0	0.0007609345767486794	0.0007609345720676892	0.0007609365030326668	0	0	0
4.570881896148752e-6	0.0005172450193362849	0.00008071153906990518	0	0	0	0	0.09984718197016615	0	0	0	0	0	0	0	0.10289467056078835	0.000481649047475431	0	0.0007874329740613125	0.0007874329650990559	0.0007874343340253064	0	0	0
4.897788193684467e-6	0.0005357211086731892	0.00008338677804383623	0	0	0	0	0.10180270255651773	0	0	0	0	0	0	0	0.10697764587215479	0.0004988392208851924	0	0.0008148541380369365	0.0008148541245009127	0.0008148548899030314	0	0	0
5.248074602497734e-6	0.0005544836250538862	0.00008663067398593637	0	0	0	0	0.1070710465329329	0	0	0	0	0	0	0	0.11044028500970236	0.0005152522623597608	0	0.0008444493060429224	0.0008444492811324566	0.0008444498268327678	0	0	0
5.623413251903491e-6	0.0005739032595044862	0.00009000076332619971	0	0	0	0	0.112612030110821	0	0	0	0	0	0	0	0.11401500242023105	0.000532205333405319	0	0.0008751193584097071	0.0008751193213164231	0.000875119630346398	0	0	0
6.0255958607435935e-6	0.0005974850413707096	0.00009388906921911186	0	0	0	0	0.11690288689328268	0	0	0	0	0	0	0	0.1178685785596726	0.0005537650484443505	0	0.0009116364152836961	0.0009116363464215135	0.0009116365716385573	0	0	0
6.4565422903465625e-6	0.0006220358026368197	0.0000979453617174497	0	0	0	0	0.12135723821455625	0	0	0	0	0	0	0	0.12185240114692629	0.0005761981506582004	0	0.0009496772590902067	0.0009496771558724059	0.0009496772897437343	0	0	0
6.9183097091893625e-6	0.0006441052326022978	0.00010223378485403952	0	0	0	0	0.12572485803244784	0	0	0	0	0	0	0	0.12614048762335708	0.0005966898116379772	0	0.000985871312726983	0.0009858711173032235	0.0009858712231033055	0	0	0
7.413102413009192e-6	0.0006669576717401417	0.00010670997158326963	0	0	0	0	0.13024966750918832	0	0	0	0	0	0	0	0.13057947539887094	0.0006179102291561658	0	0.0010234447923804723	0.0010234444978723903	0.001023444573267084	0	0	0
7.943282347242822e-6	0.0006878574340734021	0.00011011959700403962	0	0	0	0	0.13460533474502337	0	0	0	0	0	0	0	0.13546540775595997	0.000637251895655159	0	0.001055062625862733	0.001055062062277482	0.0010550621421904767	0	0	0
8.511380382023777e-6	0.0007094121106299999	0.0001136381676839777	0	0	0	0	0.1391066594511012	0	0	0	0	0	0	0	0.14053415854546453	0.0006571989900064619	0	0.001087657246174686	0.0010876563971679203	0.001087656481806428	0	0	0
9.120108393559115e-6	0.0007320198660639967	0.00011734010367905603	0	0	0	0	0.14473627601244332	0	0	0	0	0	0	0	0.14524415368978338	0.000677522077163002	0	0.0011206435491064658	0.0011206419207857381	0.0011206420554000804	0	0	0
9.772372209558111e-6	0.0007553480921498228	0.000121162635864577	0	0	0	0	0.15059372194408802	0	0	0	0	0	0	0	0.15011200408074865	0.0006984736313102878	0	0.001154630255598215	0.0011546278014751157	0.0011546279890186993	0	0	0
0.000010471285480509006	0.0007832301097424925	0.00012615958465619486	0	0	0	0	0.1573138734845661	0	0	0	0	0	0	0	0.15655294134621783	0.0007241102326562436	0	0.0011934429522215142	0.0011934382554734347	0.0011934386040624602	0	0	0
0.000011220184543019652	0.0008121413308416164	0.00013136261593395024	0	0	0	0	0.16433390762402533	0	0	0	0	0	0	0	0.16327024340417362	0.0007506877934015329	0	0.0012335603309383747	0.0012335532435715061	0.0012335537638205288	0	0	0
0.000012022644346174132	0.0008454952380677044	0.00013948289728645926	0	0	0	0	0.1684180421245782	0	0	0	0	0	0	0	0.16929093553644642	0.0007792695616602767	0	0.0012774769139066984	0.0012774633947786047	0.0012774643866832836	0	0	0
0.000012882495516931348	0.0008802189599861311	0.00014810514008953003	0	0	0	0	0.17260367822549874	0	0	0	0	0	0	0	0.1755336444489707	0.0008089395552558049	0	0.0013229569925640742	0.0013229365927281678	0.0013229380892080206	0	0	0
0.000013803842646028866	0.0009236334588968532	0.0001640064322966822	0	0	0	0	0.17813713074329765	0	0	0	0	0	0	0	0.1814429681769202	0.0008402416841809111	0	0.0013723874532521156	0.0013723662357833864	0.0013723690963574728	0	0	0
0.000014791083881682102	0.0009691892644611969	0.00018161496500679022	0	0	0	0	0.18384797865082037	0	0	0	0	0	0	0	0.18755122873564742	0.0008727550572204548	0	0.0014236648148277548	0.0014236427471057502	0.001423647071621102	0	0	0
0.00001584893192461114	0.0009889816494370496	0.0001737523174040131	0	0	0	0	0.18900789897102702	0	0	0	0	0	0	0	0.19129619679520762	0.0009022301500629627	0	0.0014736570822808327	0.0014736392376990528	0.0014736471671548204	0	0	0
0.00001698243652461746	0.0010091782263673497	0.00016623006701092116	0	0	0	0	0.194312638820425	0	0	0	0	0	0	0	0.1951159432812371	0.0009327006895555797	0	0.0015254048379493071	0.0015253915403292842	0.0015254033226019994	0	0	0
0.000018197008586099864	0.0010383774188666968	0.0001674816176853565	0	0	0	0	0.2007222708916094	0	0	0	0	0	0	0	0.20100048486233155	0.0009641049802254859	0	0.0015733290483260331	0.001573313051060922	0.001573330604757695	0	0	0
0.000019498445997580493	0.0010684214500876318	0.00016874259131870046	0	0	0	0	0.20734333225291932	0	0	0	0	0	0	0	0.2070624995347458	0.0009965666620644221	0	0.0016227589114207164	0.0016227400580078545	0.0016227637341478976	0	0	0
0.00002089296130854041	0.0011032131618130057	0.00017387210560034638	0	0	0	0	0.2139229700859187	0	0	0	0	0	0	0	0.21319655612956326	0.0010296437091532843	0	0.0016784725000158348	0.0016784451039662622	0.0016784811727572789	0	0	0
0.000022387211385683423	0.0011391378189736193	0.00017915754919752656	0	0	0	0	0.22071139994296496	0	0	0	0	0	0	0	0.21951232911625884	0.0010638186166119273	0	0.0017360988828851473	0.0017360623798779106	0.0017361116643267924	0	0	0
0.000023988329190194948	0.0011773786089911713	0.00018574588725718124	0	0	0	0	0.22745149675474266	0	0	0	0	0	0	0	0.22766557352731975	0.001098559874218617	0	0.0017973274103047225	0.0017972756958551253	0.0017973224163050341	0	0	0
0.000025703957827688645	0.0012169031400950184	0.00019257650479979858	0	0	0	0	0.23439742301186836	0	0	0	0	0	0	0	0.23612165010591407	0.0011344356814198052	0	0.0018607153380942537	0.0018606473847666096	0.0018606912991424415	0	0	0
0.00002754228703338169	0.001259623510849985	0.00019834243815772438	0	0	0	0	0.24211641104178516	0	0	0	0	0	0	0	0.24384340811402785	0.0011759143963457474	0	0.001922824677334912	0.001922752214007743	0.0019228010184571508	0	0	0
0.0000295120922666639	0.001303843614835409	0.00020428100933313786	0	0	0	0	0.2500895945975768	0	0	0	0	0	0	0	0.2518176865780563	0.001218909710070625	0	0.0019870071816330886	0.001986929982940003	0.001986983954986957	0	0	0
0.000031622776601683856	0.0013462644539822626	0.00021067442507590364	0	0	0	0	0.2597432426930784	0	0	0	0	0	0	0	0.26055248641796186	0.0012591963688130593	0	0.0020503749354693255	0.0020503057290320154	0.0020503840303732145	0	0	0
0.000033884415613920276	0.0013900654644728569	0.0002172679365837779	0	0	0	0	0.26976952892932876	0	0	0	0	0	0	0	0.26959027025108784	0.0013008145575771318	0	0.002115763553781218	0.002115702927931722	0.002115807055944289	0	0	0
0.000036307805477010174	0.0014375675889130022	0.00022539819422351346	0	0	0	0	0.27896544874239	0	0	0	0	0	0	0	0.2771339598172668	0.0013446890029315478	0	0.002188995446327821	0.002188939675154694	0.0021890516479962873	0	0	0
0.00003890451449942813	0.0014866929835400462	0.00023383268952632718	0	0	0	0	0.288474839619227	0	0	0	0	0	0	0	0.2848887373140947	0.0013900432648700706	0	0.002264762078673842	0.002264711570896376	0.0022648318069137807	0	0	0
0.00004168693834703355	0.0015333002513049927	0.00024186462271997118	0	0	0	0	0.29575345805904324	0	0	0	0	0	0	0	0.29272192063361224	0.0014329667150989457	0	0.0023338938572982373	0.0023338393000991147	0.0023339599346000866	0	0	0
0.00004466835921509635	0.001581368639444187	0.0002501724452726158	0	0	0	0	0.3032157260901444	0	0	0	0	0	0	0	0.3007704819336539	0.0014772156079425243	0	0.0024051358809063124	0.002405077074133217	0.002405198019424402	0	0	0
0.0000478630092322639	0.0016360539077555673	0.000259994655957916	0	0	0	0	0.3111912063146657	0	0	0	0	0	0	0	0.30962209688288617	0.0015274788834795953	0	0.0024800941006872007	0.0024800268880035784	0.002480136697314036	0	0	0
0.00005128613839913659	0.001692630245926107	0.00027020250392889214	0	0	0	0	0.31937646551612653	0	0	0	0	0	0	0	0.31873421308445243	0.001579452401485077	0	0.0025573884607075206	0.0025573123752956266	0.0025574102371977566	0	0	0
0.00005495408738576248	0.0017524928485882342	0.00028179099386158615	0	0	0	0	0.32822273371710325	0	0	0	0	0	0	0	0.3275631537166573	0.0016330987014026126	0	0.0026433468903397307	0.0026432744144922744	0.002643379305554266	0	0	0
0.00005888436553555896	0.001814472588886369	0.000293876492878088	0	0	0	0	0.3373140308088514	0	0	0	0	0	0	0	0.3366366560855297	0.0016885671046593476	0	0.002732194537522727	0.0027321259998602304	0.002732238282071229	0	0	0
0.00006309573444801943	0.0018701674682214183	0.0002991627152227505	0	0	0	0	0.3458494390526374	0	0	0	0	0	0	0	0.3450705059454775	0.0017453045848963991	0	0.0028211247532603555	0.0028210424882703193	0.002821176503225801	0	0	0
0.00006760829753919819	0.0019275718909263495	0.0003045440256311226	0	0	0	0	0.3546008276210899	0	0	0	0	0	0	0	0.35371565134373	0.0018039484990884785	0	0.00291294955910223	0.002912852745822694	0.002913009789292568	0	0	0
0.00007244359600749906	0.0019894098638234764	0.0003117239665091398	0	0	0	0	0.3637136775171806	0	0	0	0	0	0	0	0.3623834020280832	0.0018661678273011028	0	0.0030054946412294355	0.003005397438987889	0.003005559260416103	0	0	0
0.00007762471166286927	0.0020532316459419635	0.000319073181930979	0	0	0	0	0.3730607175977289	0	0	0	0	0	0	0	0.37126355468458944	0.0019305331396175997	0	0.003100979902049137	0.003100882383851481	0.003101049128319894	0	0	0
0.00008317637711026725	0.0021144989310892116	0.0003268834407667721	0	0	0	0	0.3818448046850126	0	0	0	0	0	0	0	0.38060232204080585	0.001990873826034266	0	0.0031953373994826066	0.003195216815226533	0.0031953830792223483	0	0	0
0.00008912509381337459	0.002177594397794415	0.00033488487876313537	0	0	0	0	0.39083572187345006	0	0	0	0	0	0	0	0.39017599684924414	0.002053100519151633	0	0.0032925660336545117	0.003292421070039329	0.0032925866700191228	0	0	0
0.00009549925860214369	0.002244101678898641	0.0003442564455222519	0	0	0	0	0.3992141837652551	0	0	0	0	0	0	0	0.3992299698348155	0.0021176033005876277	0	0.00339149329942413	0.0033913463005351896	0.003391491977797311	0	0	0
0.00010232929922807557	0.0023126402007354646	0.0003538902703559788	0	0	0	0	0.407772257242552	0	0	0	0	0	0	0	0.4084940388475267	0.002184132582321179	0	0.0034933928985691814	0.0034932438729704516	0.003493368280992498	0	0	0
0.00010964781961431851	0.0023816159459211714	0.00036395871616389777	0	0	0	0	0.41764908662723543	0	0	0	0	0	0	0	0.41628378269291144	0.0022516659628572305	0	0.0035941167718061707	0.0035939601663094083	0.0035940885780422456	0	0	0
0.00011748975549395303	0.002452648930024716	0.0003743136168689377	0	0	0	0	0.42776514699676665	0	0	0	0	0	0	0	0.4242220724249081	0.002321287475553175	0	0.003697744784066278	0.0036975802854655043	0.0036977128283605214	0	0	0
0.00012589254117941688	0.0025249827600814538	0.0003858990334975282	0	0	0	0	0.4359637314996874	0	0	0	0	0	0	0	0.43265695105645974	0.002391459846348135	0	0.003801886599212157	0.0038017132012579586	0.003801865079107664	0	0	0
0.0001348962882591656	0.00259944986853226	0.0003978430314664935	0.0025943500410778564	0.0003926215638894991	0	0	0.4443194507956668	0	0	0	0	0	0	0	0.4412595417948375	0.0024637535233900903	0	0.003908961423068797	0.003908778754968788	0.003908950951755469	0	0	0
0.0001445439770745928	0.00267255444239712	0.00040765271035371546	0.0026676768041446175	0.0004026597543172742	0	0	0.4523375832201199	0	0	0	0	0	0	0	0.4495586433206207	0.0025365630426301207	0	0.004011580573082373	0.004011400430610959	0.004011577514048091	0	0	0
0.00015488166189124827	0.002747714943088891	0.00041770426805307856	0.0027430760763549737	0.00041295459205210346	0	0	0.46050040984479357	0	0	0	0	0	0	0	0.45801383231785975	0.0026115242487339584	0	0.004116893709761386	0.004116716351430894	0.004116898459416357	0	0	0
0.00016595869074375631	0.0028244685764766873	0.00042938310102604526	0.0028186521320270664	0.0004234243368394276	0	0	0.4677852895153713	0	0	0	0	0	0	0	0.46498863876230495	0.0026874560015857072	0	0.004228415250751758	0.004228239890352245	0.004228427934646378	0	0	0
0.00017782794100389227	0.0029033662169249738	0.00044138846918201466	0.002896310426773807	0.00043415952377952316	0	0	0.47518541223607363	0	0	0	0	0	0	0	0.47206966017560953	0.0027655955191533675	0	0.004342957771874628	0.004342784647805969	0.00434297881639581	0	0	0
0.00019054607179632481	0.0029781171929737153	0.00045038333157754277	0.0029721891136830097	0.00044431789443045934	0	0	0.4825831167444667	0	0	0	0	0	0	0	0.4784755957396845	0.002845353939400177	0	0.0044542158204520154	0.004454027665924436	0.004454231545736684	0	0	0
0.00020417379446695317	0.003054792731066233	0.00045956149633632646	0.003050055700464363	0.00045471394844115285	0	0	0.4900959889970389	0	0	0	0	0	0	0	0.48496845917460873	0.002927412553423059	0	0.004568324081723961	0.0045681202402801475	0.004568334201432049	0	0	0
0.00021877616239495564	0.0031343088623599085	0.00047039796670257807	0.003128589166808264	0.00046453960170256525	0	0	0.4957915317031542	0	0	0	0	0	0	0	0.4911382200553322	0.003008117644327076	0	0.004680412244714413	0.004680201634996793	0.004680424850079793	0	0	0
0.00023442288153199226	0.0032158947953365735	0.0004814899612825324	0.0032091447291207995	0.00047457757187738	0	0	0.501553263905707	0	0	0	0	0	0	0	0.497386472534026	0.0030910476733219784	0	0.004795250597064872	0.004795033009657253	0.004795265803972364	0	0	0
0.0002511886431509582	0.0032979253960685206	0.0004940942962949543	0.003288665942516249	0.00048460412628231037	0	0	0.5059925782123834	0	0	0	0	0	0	0	0.5021368287051491	0.0031735135447805932	0	0.004907964868745914	0.00490775212904871	0.004907981699967497	0	0	0
0.00026915348039269194	0.003382048422045909	0.0005070285847308748	0.003370157657061896	0.0004948425149566893	0	0	0.510471185477419	0	0	0	0	0	0	0	0.506932553789579	0.003258179518170383	0	0.005023328534193442	0.005023120990339924	0.005023347057687876	0	0	0
0.00028840315031266115	0.003461169730593753	0.0005185703102875287	0.0034476534176539845	0.0005047137241183351	0	0	0.5137200084959909	0	0	0	0	0	0	0	0.5101194313585262	0.003340185764214542	0	0.005133949725986714	0.005133740786089729	0.005133968849887156	0	0	0
0.0003090295432513592	0.0035421420420502178	0.0005303747654670009	0.0035269311699274207	0.000514781845969104	0	0	0.5169895081978033	0	0	0	0	0	0	0	0.51332634352293	0.003424256053799802	0	0.0052470069615287536	0.005246796664751969	0.0052470267032959815	0	0	0
0.0003311311214825914	0.0036137755499259885	0.0005352962929729726	0.003602797105629688	0.0005240789723268566	0	0	0.5187466259828784	0	0	0	0	0	0	0	0.515378325030197	0.0035069481845864552	0	0.005353670154668965	0.0053534494435818515	0.005353685978675302	0	0	0
0.000354813389233576	0.003686857717790448	0.0005402634890034836	0.003680294953020236	0.0005335440077886085	0	0	0.5205097157709853	0	0	0	0	0	0	0	0.5174385091714392	0.003591637242117659	0	0.00546250163858033	0.0054622701766815305	0.005462513377387645	0	0	0
0.00038018939632056124	0.0037631342468685213	0.0005492892762274024	0.0037561109182986927	0.0005420977960942237	0	0	0.5211333959969511	0	0	0	0	0	0	0	0.5184472964768724	0.0036762008149562398	0	0.0055671704836198705	0.00556692724147198	0.005567167483768495	0	0	0
0.00040738027780411304	0.0038409888430524027	0.0005584658506813865	0.0038334887313813387	0.0005507887189066646	0	0	0.5217578235231357	0	0	0	0	0	0	0	0.5194580504929578	0.0037627554011876565	0	0.005673844923869599	0.005673589535014636	0.005673826616265677	0	0	0
0.00043651583224016654	0.003913696442929182	0.0005673568456301154	0.0039051012562654384	0.0005585526382339529	0	0	0.521696763267757	0	0	0	0	0	0	0	0.5186861987698946	0.0038451549953150044	0	0.005771955889715164	0.005771687923449038	0.005771929423660021	0	0	0
0.00046773514128719906	0.003987780353775833	0.0005763893886987186	0.003978051558323181	0.0005664259977898645	0	0	0.5216357101581356	0	0	0	0	0	0	0	0.5179154939249706	0.003929359036553156	0	0.005871763370313653	0.005871482468038904	0.005871728469143678	0	0	0
0.0005011872336272725	0.004055660281738482	0.0005838099681611383	0.004045694681064438	0.00057360339166508	0	0	0.5198111240821295	0	0	0	0	0	0	0	0.5158679876943427	0.0040099565736883185	0	0.0059636284041467555	0.005963351259206196	0.005963595762909465	0	0	0
0.0005370317963702533	0.004124695660656655	0.0005913260819977799	0.004114488013144889	0.0005808717329598011	0	0	0.5179929200736922	0	0	0	0	0	0	0	0.5138285759922885	0.004092207297241881	0	0.006056930686708879	0.006056657485439746	0.0060569003846627735	0	0	0
0.0005754399373371578	0.004184974549563764	0.000597083062718416	0.00417515180261276	0.0005870250566629865	0	0	0.5147458390159445	0	0	0	0	0	0	0	0.5104250439187878	0.004167950630826626	0	0.006138269426818815	0.006138000615462409	0.006138251890902535	0	0	0
0.0006165950018614823	0.004246134362724875	0.000602896091748143	0.004236710015722365	0.0005932435641071726	0	0	0.5115191125518349	0	0	0	0	0	0	0	0.5070440563885779	0.004245095910150139	0	0.006220700467796109	0.006220436213536592	0.006220696046376587	0	0	0
0.0006606934480075965	0.0042998553735412465	0.0006083742602972688	0.00428977364023287	0.000598045219657816	0	0	0.5067604744031643	0	0	0	0	0	0	0	0.5024429445457823	0.00431664650158043	0	0.006290616550642499	0.0062903552169028855	0.00629062048320656	0	0	0
0.0007079457843841388	0.00435425604890814	0.0006139022057997746	0.0043435018720060226	0.0006028857393401948	0	0	0.5020461056404738	0	0	0	0	0	0	0	0.49788358495295953	0.004389403069799546	0	0.006361318438667228	0.00636106012448294	0.006361330913569966	0	0	0
0.0007585775750291852	0.00439832927355596	0.0006168373611964446	0.004388358944863741	0.0006066290438666916	0	0	0.4957908799916576	0	0	0	0	0	0	0	0.4917552593194607	0.004455527459754568	0	0.006418991235882785	0.006418732028699651	0.0064189983580467385	0	0	0
0.0008128305161640995	0.004442848601765226	0.0006197865499963525	0.0044336792745692	0.0006103955904900962	0	0	0.48961359110498004	0	0	0	0	0	0	0	0.4857023657271166	0.004522647984007898	0	0.0064771869045079054	0.006476926809366346	0.006477188575854705	0	0	0
0.0008709635899560814	0.00447878531086839	0.0006218237854401694	0.004470048578213453	0.0006128788707708158	0	0	0.48217510095597527	0	0	0	0	0	0	0	0.47850003325933116	0.004583728873825397	0	0.0065216960064477985	0.006521435338850419	0.006521704928440106	0	0	0
0.0009332543007969925	0.0045150126999332005	0.0006238677172672059	0.004506716217881948	0.00061537225381284	0	0	0.47484962061041974	0	0	0	0	0	0	0	0.4714045019863449	0.004645634695212652	0	0.0065665109603238285	0.006566249724685066	0.0065665272325389264	0	0	0
0.001	0.004539314563019626	0.0006250399031542958	0.00453080438358518	0.0006163244855710443	0	0	0.4663156526975655	0	0	0	0	0	0	0	0.46301208192380233	0.0046977130273965955	0	0.006592684969603612	0.006592429943820823	0.006592706134477498	0	0	0
0.001071519305237607	0.004563747229846527	0.0006262142914630137	0.004555021299291491	0.0006172781908199945	0	0	0.45793505672643015	0	0	0	0	0	0	0	0.45476907221735363	0.004750375166285327	0	0.0066189633080722034	0.006618714545808696	0.00661898940435401	0	0	0
0.001148153621496884	0.004573621484845518	0.0006244810933050718	0.004565626635357373	0.0006162977854885551	0	0	0.4482199615724158	0	0	0	0	0	0	0	0.4450610767924327	0.004792532878685191	0	0.006626216835041583	0.006625972167240778	0.006626243086803511	0	0	0
0.0012302687708123836	0.004583517104067127	0.0006227526921884869	0.004576256663547765	0.0006153189373069196	0	0	0.43871097222415956	0	0	0	0	0	0	0	0.43556031880059115	0.004835064724211927	0	0.006633478310937556	0.006633237746875086	0.006633504718489038	0	0	0
0.0013182567385564075	0.004581147433732126	0.0006201440219451903	0.0045735034272474055	0.000612314761507593	0	0	0.42843708293132626	0	0	0	0	0	0	0	0.4249390043243274	0.004867173482299646	0	0.006621297169747868	0.00662105690194255	0.0066213176333276705	4.118075686634055e-11	4.118075686634055e-11	4.118075686634055e-11
0.0014125375446227555	0.004578778988512556	0.0006175462792507003	0.004570751847390445	0.0006093252530160415	0	0	0.4184037912252511	0	0	0	0	0	0	0	0.41457669489589355	0.004899495468628302	0	0.006609138396943779	0.006608898425118772	0.00660915293829808	3.843211845558751e-11	3.843211845558751e-11	3.843211845558751e-11
0.0015135612484362103	0.004561857684556983	0.0006134345065128267	0.004553240582831805	0.0006046058096837999	0	0	0.40717943579156407	0	0	0	0	0	0	0	0.4032508237861096	0.004917585380766237	0	0.006576241882460051	0.006575999011909401	0.006576249362394877	3.586693983741645e-11	3.586693983741645e-11	3.586693983741645e-11
0.0016218100973589332	0.0045449989148552495	0.0006093501109539855	0.00453579640666402	0.0005999229201383181	0	0	0.3962561917663868	0	0	0	0	0	0	0	0.3922343655255636	0.004935742084459184	0	0.006543509108028378	0.006543263373556275	0.0065435095964862895	3.34729758596958e-11	3.34729758596958e-11	3.34729758596958e-11
0.0017378008287493763	0.0045119790968374575	0.0006030783051099054	0.004502347765668021	0.0005932091289807617	0	0	0.3842440625345518	0.38361799456999324	0	0	0	0	0	0	0.38046331246688814	0.004942234660571266	0	0.006487406928072949	0.006487163694246021	0.006487403092430519	3.1238798681535017e-11	3.1238798681535017e-11	3.1238798681535017e-11
0.0018620871366628695	0.004479199170710144	0.0005968710525461777	0.0044691457873270776	0.000586570472461663	0	0	0.3725960695652666	0.3721312832518081	0	0	0	0	0	0	0.36904551170400324	0.004948735777150779	0	0.006431785752200154	0.0064315449942023775	0.006431777666571534	2.915374322127391e-11	2.915374322127391e-11	2.915374322127391e-11
0.001995262314968883	0.004429590711871892	0.0005875331423534197	0.004420181081192949	0.0005778952715237183	0	0	0.35995876840100116	0.3596771530198175	0	0	0	0	0	0	0.35672805016047027	0.004940152579289071	0	0.006353665972373121	0.0063534277816102575	0.006353654898950094	2.7207856245584982e-11	2.7207856245584982e-11	2.7207856245584982e-11
0.0021379620895022326	0.004380531681423519	0.0005783413216156559	0.004371752840540344	0.0005693483741994863	0	0	0.34775008523290196	0.3476398255851627	0	0	0	0	0	0	0.34482170284015595	0.004931584268317444	0	0.006276495027012189	0.006276259376638807	0.006276481039567907	2.5391848856658495e-11	2.5391848856658495e-11	2.5391848856658495e-11
0.0022908676527677745	0.004315715841807719	0.0005671536367354462	0.004307623721403817	0.0005588673123425906	0.004317648739567198	0.0005691411772965828	0.334971105892888	0.33498796832535627	0	0	0	0	0	0	0.33219372330766656	0.004909750640600422	0	0.006176823479653085	0.006176594442028589	0.006176814528226397	2.369705215066369e-11	2.369705215066369e-11	2.369705215066369e-11
0.0024547089156850338	0.004251859039443705	0.0005561823712745322	0.0042444353105074925	0.0005485791950212834	0.004254723629635131	0.0005591217695233703	0.32266172331188886	0.32279655742509195	0	0	0	0	0	0	0.3200282026800533	0.004888013677012689	0	0.0060787347292706705	0.006078512153799723	0.0060787306574473865	2.211537583581746e-11	2.211537583581746e-11	2.211537583581746e-11
0.002630267991895387	0.004172225508649739	0.0005438062741560081	0.0041647749097078945	0.0005361745445760735	0.004174784615476937	0.0005464312407193581	0.30993713868738526	0.31007135113521644	0	0	0	0	0	0	0.30741236898896374	0.004850512481539548	0	0.005957637688756376	0.00595742236182425	0.005957637374913755	2.0639269612518484e-11	2.0639269612518484e-11	2.0639269612518484e-11
0.002818382931264455	0.004094083442922678	0.0005317055683260219	0.004086609591054997	0.0005240503921046565	0.004096347519314097	0.0005340287520706468	0.29771436460366835	0.2978477947898501	0	0	0	0	0	0	0.2952938641532329	0.004813298997958162	0	0.005838953073503994	0.005838744794641572	0.005838956369531578	1.926168713119155e-11	1.926168713119155e-11	1.926168713119155e-11
0.003019951720402019	0.004000087304175463	0.0005178457098643678	0.003992539817383108	0.000510113612795224	0.004001186441761158	0.0005189690780081004	0.2850770338956883	0.2851201125256308	0	0	0	0	0	0	0.282662959515688	0.004757078449475827	0	0.005698461058161626	0.00569826283442829	0.005698466018979341	1.7976052355790558e-11	1.7976052355790558e-11	1.7976052355790558e-11
0.0032359365692962876	0.003908249224545157	0.0005043471334505612	0.003900635438305811	0.0004965474730663477	0.0039082360239821624	0.0005043340885378926	0.27297613053690745	0.2729363117292372	0	0	0	0	0	0	0.27057232940237086	0.004701514571205126	0	0.005561349444430041	0.005561160912534796	0.0055613559880166264	1.6776228172393415e-11	1.6776228172393415e-11	1.6776228172393415e-11
0.0034673685045253167	0.003801317471438917	0.0004888303094106747	0.0037938113278844004	0.00048114020024551826	0.0038011041665911467	0.0004886110554681751	0.26053749126068465	0.26038681538826375	0	0	0	0	0	0	0.2581691640436626	0.004635664409303771	0	0.005403160564044247	0.005402979963275361	0.005403168139143878	1.5656487093037823e-11	1.5656487093037823e-11	1.5656487093037823e-11
0.003715352290971728	0.003697311427305009	0.0004737908784445573	0.0036899127383807477	0.0004662109966298534	0.0036969089882536985	0.00047337820098152325	0.24866564054117407	0.2484143395888745	0	0	0	0	0	0	0.24633456573412432	0.004570736555258054	0	0.0052494712609872495	0.005249298292692108	0.005249479803624506	1.461148391495012e-11	1.461148391495012e-11	1.461148391495012e-11
0.003981071705534978	0.0035786487697818557	0.00045654798402038267	0.0035718383403796836	0.00044957334358665044	0.0035782843809487887	0.00045617511783938947	0.236558858224439	0.2363207022935981	0	0	0	0	0	0	0.2342732732775544	0.004481439953396389	0	0.005075720664749352	0.00507555138532996	0.005075726403509649	1.3636230204653247e-11	1.3636230204653247e-11	1.3636230204653247e-11
0.004265795188015935	0.003463794508323602	0.0004399326183681829	0.0034575422332087232	0.00043352943779691644	0.0034634661420189046	0.00043959721361124313	0.22504151873440814	0.22481582353485285	0	0	0	0	0	0	0.22280253852566287	0.004393887902551315	0	0.004907720984783228	0.0049075553395372395	0.004907724095918402	1.2726070485150467e-11	1.2726070485150467e-11	1.2726070485150467e-11
0.004570881896148752	0.0033356923082633	0.00042220463789956084	0.00332949014077032	0.00041585139152489303	0.003335543936401614	0.0004220542117778364	0.21334097584479791	0.21312635077147868	0	0	0	0	0	0	0.21123378414110558	0.004286244048565317	0	0.0047208202994247685	0.00472065961273339	0.004720820871931526	1.1876660012512342e-11	1.1876660012512342e-11	1.1876660012512342e-11
0.004897788193684466	0.0032123277373033543	0.0004051910424944092	0.0032061805322328653	0.0003988942036139163	0.0032123465036040886	0.0004052112983521758	0.2022487771606546	0.20204468119267183	0	0	0	0	0	0	0.20026572344206817	0.004181237312220451	0	0.004541037350852032	0.004540881485280099	0.004541035573576559	1.1083944035780782e-11	1.1083944035780782e-11	1.1083944035780782e-11
0.005248074602497733	0.003077222923138901	0.00038664804266340483	0.0030712906906909553	0.0003805710125470311	0.0030770253900024957	0.00038644509848890623	0.19112038207391263	0.19101450890305013	0	0	0	0	0	0	0.1894263584676449	0.004056628943120653	0	0.004344760127214426	0.0043446116940387145	0.004344759476524475	1.0344138441185568e-11	1.0344138441185568e-11	1.0344138441185568e-11
0.005623413251903491	0.0029478003781272686	0.0003689536372154748	0.0029420759099163035	0.00036308949661062446	0.002947404721158604	0.00036854800138447013	0.18060430800559804	0.1805865039163271	0	0	0	0	0	0	0.17917367318572938	0.003935734126849909	0	0.004156966592554119	0.004156825240466204	0.004156966974381491	9.653711688275929e-12	9.653711688275929e-12	9.653711688275929e-12
0.0060255958607435805	0.002807536912527834	0.00034983759673348015	0.002802164127542821	0.00034433403888275266	0.0028074806536864012	0.00034978124571645393	0.17023414521639577	0.17018116174974018	0	0	0	0	0	0	0.16879894925244215	0.0037948590884094905	0	0.003954401078357404	0.003954266070977431	0.003954401622641087	9.009367951737688e-12	9.009367951737688e-12	9.009367951737688e-12
0.006456542290346563	0.0026739475215801084	0.0003317119869366713	0.002668905914773353	0.00032654739792833617	0.0026741992927680047	0.0003319701080872819	0.1604594293324313	0.1603753723916727	0.16019881121355678	0	0	0	0	0	0.15902495473870715	0.003659026508584401	0	0.0037617064126816433	0.003761577467310033	0.0037617071026822646	8.408031388421768e-12	8.408031388421768e-12	8.408031388421768e-12
0.006918309709189377	0.002531621323943228	0.00031262111572508404	0.0025269549514189958	0.0003078414704129135	0.0025320581958711255	0.0003130699448333656	0.1507999414172695	0.15068310893873343	0.1504467165311298	0	0	0	0	0	0.14933583705812856	0.0035046260531858982	0	0.003557362308850112	0.0035572395824188803	0.003557363275531302	7.846831454480707e-12	7.846831454480707e-12	7.846831454480707e-12
0.007413102413009177	0.002396870722450363	0.000294628972862096	0.0023925539267438943	0.0002902070924686471	0.002397472291843266	0.00029524583078485196	0.14172194445699499	0.1415765960872755	0.1412882801285278	0	0	0	0	0	0.14023706069588196	0.0033567408554854056	0	0.003364118622805028	0.003364001820166347	0.0033641198340709066	7.32308920252324e-12	7.32308920252324e-12	7.32308920252324e-12
0.00794328234724282	0.0022558329195005505	0.0002762806342658342	0.002251596048915861	0.0002719397045192318	0.0022559863364152366	0.0002764358687108131	0.13271356320045885	0.13265341133475986	0.13220814853719534	0	0	0	0	0	0.13136675119869348	0.0031926861637647896	0	0.0031620489335904226	0.0031619388947689967	0.003162050330678224	6.834304493374817e-12	6.834304493374817e-12	6.834304493374817e-12
0.008511380382023776	0.0021230941297910415	0.0002590749583411102	0.0021189427376431267	0.00025482217634635	0.002122850123193398	0.0002588242797764938	0.12427778862931668	0.12429263045638765	0.12371156704386747	0	0	0	0	0	0.12305750872747855	0.0030366493510030324	0	0.0029721167947649413	0.0029720131286250593	0.002972118350981287	6.378144061398245e-12	6.378144061398245e-12	6.378144061398245e-12
0.009120108393559097	0.0019855863099029593	0.00024136461620732783	0.0019816535397777293	0.00023733542481793322	0.001985444643110069	0.00024121906590714274	0.11601505153009324	0.1160242051436853	0.1154276571397506	0	0	0	0	0	0.1149542149235215	0.002866965229471666	0	0.0027763498039134462	0.002776252906372057	0.0027763533676099634	5.952430376402708e-12	5.952430376402708e-12	5.952430376402708e-12
0.009772372209558112	0.0018569845485193238	0.0002248649515566331	0.0018532594968005114	0.00022104867276915666	0.0018569329920119545	0.00022481135775732127	0.10830167103854567	0.10830582738328492	0.10769845012186556	0	0	0	0	0	0.10738452017542245	0.0027067628418422883	0	0.0025934775669876845	0.0025933869961419155	0.0025934828669572398	5.555131248972476e-12	5.555131248972476e-12	5.555131248972476e-12
0.010471285480509006	0.0017259464318790576	0.00020835816323982898	0.0017223464552692262	0.00020466961464301898	0.0017257652609151731	0.0002081713913459231	0.10081346751696216	0.10081269822866808	0.1001818930437576	0	0	0	0	0	0.09996455559943634	0.002537004267784126	0	0.0024076392978547956	0.0024075525056119944	0.0024076431176806266	5.184350129595321e-12	5.184350129595321e-12	5.184350129595321e-12
0.011220184543019653	0.0016041550200788074	0.00019306309804238868	0.0016006810255659442	0.0001895041966701502	0.0016038627934305367	0.0001927630730368926	0.09384301401200305	0.09383798055646457	0.09318993618268642	0	0	0	0	0	0.09305728944794336	0.002377892349953388	0	0.0022351174586436144	0.002235034368531017	0.002235119983235448	4.838317055282269e-12	4.838317055282269e-12	4.838317055282269e-12
0.012022644346174132	0.0014820363410907136	0.00017776501681580748	0.0014788207372563266	0.0001744709041491656	0.001481761535114473	0.00017748289834019037	0.08711662526461117	0.08712021691240557	0.08640294773089235	0	0	0	0	0	0.08643799645162556	0.002213655381246261	0	0.002062900578556967	0.0020628225326598227	0.0020629031487650585	4.515380200461617e-12	4.515380200461617e-12	4.515380200461617e-12
0.01288249551693135	0.0013692141275758016	0.000163679136634315	0.0013662377063326074	0.00016063019674235048	0.0013689557834610925	0.00016341397087607913	0.08087236410079454	0.08088337099600666	0.08011025312810863	0	0	0	0	0	0.08028954287080131	0.0020607619798333485	0	0.0019039530922876679	0.0019038798065757903	0.0019039556860945936	4.2139979918143815e-12	4.2139979918143815e-12	4.2139979918143815e-12
0.013803842646028866	0.0012581607730532804	0.00015005347720494094	0.0012552690692109092	0.00014709040227297053	0.0012578176726232354	0.0001497010340426791	0.07486707372873959	0.07490881949453841	0.07398878120411986	0	0	0	0	0	0.07434520372553924	0.0019062644431211008	0	0.0017474510146656404	0.0017473826379886003	0.0017474538416345083	3.932731749410653e-12	3.932731749410653e-12	3.932731749410653e-12
0.014791083881682071	0.0011561146638566192	0.00013756210158658274	0.0011533135330800374	0.00013469190027531164	0.0011557022634897266	0.00013713882279038292	0.0693077145824339	0.069375585722588	0.06833506986074331	0	0	0	0	0	0.06884096134270073	0.0017633497525035243	0	0.001603813172196901	0.0016037493926864958	0.0016038161764713981	3.670238819018372e-12	3.670238819018372e-12	3.670238819018372e-12
0.01584893192461114	0.0010564276327806224	0.00012539796502839134	0.0010538111312122346	0.0001227169076183105	0.001056079794827423	0.00012504107043738905	0.0639838002467566	0.06405217994549815	0.06291434415047799	0	0	0	0	0	0.06357112347811393	0.0016217974889202946	0	0.0014644841643213365	0.0014644238926876509	0.001464486016941848	3.4252661628009623e-12	3.4252661628009623e-12	3.4252661628009623e-12
0.01698243652461746	0.0009653362059949451	0.00011430946061378991	0.0009628933229466769	0.00011180657028833426	0.00096504486343653	0.00011401052581606761	0.05906884563546784	0.059137255751264724	0.05792362117944763	0	0	0	0	0	0.058704696469177226	0.001491608282097126	0	0.0013372591675438964	0.0013372022756511	0.0013372600459342267	3.1966443778084027e-12	3.1966443778084027e-12	3.1966443778084027e-12
0.018197008586099864	0.000877683069513153	0.00010373435674499432	0.000875371008721092	0.0001013652662558824	0.0008775229672681388	0.00010357029028753561	0.054399325879311004	0.05445687969967416	0.053134593287622864	0	0	0	0	0	0.05406549201045752	0.0013645647939560883	0	0.0012147788177497556	0.00121472521275559	0.0012147783389367447	2.9832821137082118e-12	2.9832821137082118e-12	2.9832821137082118e-12
0.019498445997580455	0.0007979888931194473	0.00009413758678867944	0.0007958040466667765	0.00009189904651066856	0.0007979386112070908	0.00009408609383619452	0.05009894173971435	0.05014692868228618	0.04874151419322619	0	0	0	0	0	0.049792905885606774	0.0012483418731669264	0	0.0011035165148756089	0.001103466071941623	0.0011035149201059006	2.7841608631089308e-12	2.7841608631089308e-12	2.7841608631089308e-12
0.02089296130854041	0.0007220107733004645	0.00008508977015848156	0.0007199064378960294	0.00008293340226609446	0.0007219546999957577	0.00008503238412105016	0.046009012608389396	0.04604552644847044	0.04453671356782388	0	0	0	0	0	0.04575627290454403	0.0011363770667450683	0	0.0009976006148251734	0.0009975536327022582	0.0009975979703715577	2.59833009960707e-12	2.59833009960707e-12	2.59833009960707e-12
0.022387211385683423	0.0006532666823520607	0.00007691156351687884	0.0006512473535349594	0.00007484244366595659	0.0006532063764372612	0.00007684989411823452	0.042252973170506816	0.04227956849261087	0.04069464989452555	0	0	0	0	0	0.04204688344409924	0.0010344544756382202	0	0.0009018505598094712	0.0009018068388514229	0.0009018470818626949	2.424902740348571e-12	2.424902740348571e-12	2.424902740348571e-12
0.02398832919019495	0.000588160800639389	0.00006916363725884242	0.0005862637953625405	0.00006721966966738793	0.000588053664720839	0.00006905378362089385	0.038687296051774435	0.038727350287868036	0.037040151559725606	0	0	0	0	0	0.03852557211369549	0.0009372524441652561	0	0.0008113443023102934	0.0008113039889944434	0.0008113418446307329	2.2630509114447125e-12	2.2630509114447125e-12	2.2630509114447125e-12
0.025703957827688646	0.0005295435030656234	0.00006219622252020594	0.0005277645058935989	0.000060373282443315975	0.0005293994747536332	0.00006204855695734545	0.03542252209703361	0.0354735801189966	0.03371383784166703	0	0	0	0	0	0.03529916096304272	0.0008491839561637377	0	0.0007299209051114301	0.000729883755812526	0.0007299192979470369	2.1120019960283313e-12	2.1120019960283313e-12	2.1120019960283313e-12
0.02754228703338169	0.00047459207600019753	0.000055712500090791794	0.000472884015404664	0.000053962002422019775	0.00047443859004485156	0.000055555078872400926	0.032372755623197164	0.03242003205767924	0.030544242768277458	0	0	0	0	0	0.03226544722440086	0.0007658986093895312	0	0.000653574241085124	0.0006535398124351473	0.0006535732468287828	1.9710349460852688e-12	1.9710349460852688e-12	1.9710349460852688e-12
0.0295120922666639	0.0004253430309280269	0.000049904681355175556	0.000423710366135008	0.00004823156183578425	0.0004251836022853965	0.00004974115337831902	0.029585564341478823	0.029629331888553653	0.027672636104763858	0	0	0	0	0	0.02949245976924375	0.0006907816328924028	0	0.0005852131177758022	0.000585181247063503	0.000585212625795395	1.8394768404552416e-12	1.8394768404552416e-12	1.8394768404552416e-12
0.03162277660168379	0.0003792206950992687	0.00004440469515271987	0.00037776031569006425	0.00004290816157750815	0.0003791296370733526	0.0000443113640236686	0.02696223631432887	0.027000456722567876	0.024944010782752202	0	0	0	0	0	0.026887719474038247	0.0006202819661717733	0	0.0005214389189730764	0.000521409621448528	0.0005214387914468781	1.7166996725713171e-12	1.7166996725713171e-12	1.7166996725713171e-12
0.03388441561392028	0.0003380996634123909	0.000039510861467538214	0.00033679340303132137	0.00003817231414213864	0.0003380640291270904	0.00003947429539287502	0.02457151665856564	0.024604829631980133	0.02248443811332248	0	0	0	0	0	0.0245130268608013	0.0005569773416628299	0	0.0004646145787934564	0.00046458767211587254	0.0004646147421307386	1.6021173526039671e-12	1.6021173526039671e-12	1.6021173526039671e-12
0.03630780547701017	0.0002999446178143968	0.00003497840579908311	0.0002987905088498503	0.00003379583026259792	0.00029989568041342255	0.000034928169688557756	0.022343014008644222	0.0223719547061425	0.02016262626012386	0	0	0	0	0	0.022297522109520122	0.0004978018326022882	0	0.0004119579302185296	0.00041193324281277077	0.000411957759990988	1.4951829096991408e-12	1.4951829096991408e-12	1.4951829096991408e-12
0.038904514499428125	0.0002660954253778396	0.000030965887019460134	0.00026507576269375394	0.000029921113477306687	0.00026603664212029757	0.000030905606437066054	0.020316624404071816	0.020341711967115622	0.018080571800660566	0	0	0	0	0	0.020282256248802005	0.00044491336721594674	0	0.0003652690725087618	0.0003652464469438676	0.00036526864222710697	1.3953858809548815e-12	1.3953858809548815e-12	1.3953858809548815e-12
0.04168693834703355	0.00023485903905674695	0.000027294504931402076	0.0002339388739179501	0.000026351683407778002	0.00023485189102016044	0.00002728723315370153	0.01840979042718945	0.018446335619649767	0.016137918308669598	0	0	0	0	0	0.018409266046686922	0.0003959519251412011	0	0.0003221810001610497	0.0003221598651639639	0.0003221803944246967	1.3022498746725433e-12	1.3022498746725433e-12	1.3022498746725433e-12
0.04466835921509635	0.0002072894268976485	0.000024058409790817584	0.00020645945209719438	0.000023208067405326616	0.00020732260893145964	0.000024092492561202463	0.016681923966912024	0.01672756444210961	0.0144039917657791	0	0	0	0	0	0.016709239456419778	0.0003523785495681179	0	0.0002841757068339919	0.00028415602558459215	0.00028417497302468865	1.2153302962504929e-12	1.2153302962504929e-12	1.2153302962504929e-12
0.0478630092322639	0.00018196464043171423	0.000021123780235729782	0.00018118268405636667	0.000020322513906452908	0.0001819995076285825	0.00002115955534725211	0.015080691925724938	0.015132379121292215	0.012808459314938295	0	0	0	0	0	0.01511671625662039	0.0003124256903882625	0	0.00024923639886843227	0.0002492190429808855	0.0002492362715450458	1.1342122258646529e-12	1.1342122258646529e-12	1.1342122258646529e-12
0.05128613839913648	0.00015973381210510168	0.000018547114931000857	0.00015900054305295445	0.00001779573302097455	0.00015976945759927838	0.000018583663826233906	0.013633155828411616	0.013689314942590779	0.0113896642465594	0	0	0	0	0	0.0136759731631816	0.00027700270670338845	0	0.00021859286711369984	0.0002185775622970866	0.00021859320823540394	1.0585084378047171e-12	1.0585084378047171e-12	1.0585084378047171e-12
0.05495408738576248	0.0001394128386822565	0.000016221384366034073	0.00013870452560127303	0.00001549552201531508	0.00013943705955041962	0.00001624623688565667	0.012286608130298934	0.012343823669436503	0.010097186181927014	0	0	0	0	0	0.012337356804282093	0.00024438888378357915	0	0.000190594578474084	0.00019058090276301986	0.0001905947326815849	9.878575520111562e-13	9.878575520111562e-13	9.878575520111562e-13
0.05888436553555896	0.00012167705342596105	0.000014187290677257636	0.00012099924347973301	0.000013492627825114746	0.0001216921798960597	0.000014202808198256145	0.011073059036919712	0.01113057763818998	0.008951376141162018	0	0	0	0	0	0.011129765399507061	0.00021561495635830606	0	0.000166182427740512	0.00016617021489424754	0.0001661824373191175	9.219223089891982e-13	9.219223089891982e-13	9.219223089891982e-13
0.06309573444801943	0.00010551028083205341	0.000012301800390917716	0.00010489243522191103	0.000011668542957979696	0.00010553703564413753	0.000012329237408314387	0.009949796688887406	0.010010070382897003	0.007933863585859543	0	0	0	0	0	0.010014572653033262	0.00018964937554586392	0	0.0001439676870262139	0.000143956769570333	0.00014396775633311902	8.60387959864861e-13	8.60387959864861e-13	8.60387959864861e-13
0.06760829753919818	0.00009149152652708483	0.00001066689167795612	0.00009092968394158372	0.000010091058356236863	0.000091526554147237	0.000010702819678241089	0.00894047921356829	0.009002363788088776	0.007032012777295379	0	0	0	0	0	0.009011121243159715	0.0001668107178296435	0	0.00012472254250637128	0.00012471279235159408	0.0001247226554018537	8.029607638978318e-13	8.029607638978318e-13	8.029607638978318e-13
0.07244359600749906	0.00007883331567917018	9.183159154299155e-6	0.00007832794856262733	8.665169961362901e-6	0.00007885951396356605	9.210047630685164e-6	0.008006496342152369	0.00806895050632661	0.0062492849603817836	0	0	0	0	0	0.008077939448990752	0.00014633887623505685	0	0.0001073464273016959	0.00010733753604436922	0.00010734614106056687	7.493665862788884e-13	7.493665862788884e-13	7.493665862788884e-13
0.07762471166286927	0.00006792641785391924	7.905809358452857e-6	0.00006747265865315332	7.440762684015097e-6	0.00006794555963033171	7.925479444630775e-6	0.007170083632610378	0.007232318511688475	0.005553681961749018	0	0	0	0	0	0.007241396933938074	0.0001283794409398176	0	0.00009239112050533797	0.00009238303807355166	0.00009239054415148258	6.993495895183317e-13	6.993495895183317e-13	6.993495895183317e-13
0.08317637711026708	0.00005809273745647284	6.7543781854636074e-6	0.0000576879696444635	6.339507747500175e-6	0.00005813948345300999	6.802345432328656e-6	0.0063934040512587395	0.006461954254562165	0.004959398299646396	0	0	0	0	0	0.00647281821324506	0.00011232489359297462	0	0.00007891894337337764	0.00007891163400647932	0.00007891819136059495	6.526710121785943e-13	6.526710121785943e-13	6.526710121785943e-13
0.08912509381337459	0.000049682675044698446	5.770645686451826e-6	0.000049322227819831196	5.401241806428384e-6	0.00004974864515905545	5.838372770251764e-6	0.005700856148559339	0.005773646821633868	0.0044287072367373385	0	0	0	0	0	0.005785813980912642	0.00009827805471272964	0	0.00006741123594026037	0.00006740464604135224	0.00006741037175206984	6.09108029121198e-13	6.09108029121198e-13	6.09108029121198e-13
0.09549925860214369	0.000042205658180531046	4.926520759004819e-6	0.00004184936213827562	4.561344529328663e-6	0.000042247569239025346	4.96961878950783e-6	0.005064430605862028	0.00513663511291801	0.003967923926651452	0	0	0	0	0	0.0051527190710490434	0.00008584830477657436	0	0.00005712591832976916	0.00005712007461121148	0.00005712505539393997	5.684526878273365e-13	5.684526878273365e-13	5.684526878273365e-13
0.10232929922807536	0.00003585389838307264	4.205873676473928e-6	0.00003550871866084618	3.852051928220315e-6	0.00003587750180733042	4.230136013046048e-6	0.004499053597076599	0.004569905485801035	0.0035550826564214634	0	0.0030782403699557556	0.0030852778668582375	0	0	0.004588898625628578	0.00007499061163302649	0	0.000048409890421108194	0.00004840471859445329	0.00004840904847347218	5.305109157144721e-13	5.305109157144721e-13	5.305109157144721e-13
0.10964781961431873	0.000030197206701576776	3.555099748896497e-6	0.000029872306578593517	3.2220186898591804e-6	0.000030215169347205026	3.5735822301865024e-6	0.003975596459635487	0.004048919933222944	0.003174268656054369	0	0.002678034457946505	0.0026875818694615723	0	0	0.0040651940594460525	0.00006536805525824205	0	0.000040663832928932423	0.00004065919587968973	0.00004066298559458597	4.951015937102797e-13	4.951015937102797e-13	4.951015937102797e-13
0.11748975549395303	0.00002543297475870228	3.005019930888648e-6	0.000025130580149867513	2.695032318164588e-6	0.000025446489100134454	3.018931286492857e-6	0.003513042658601881	0.0035873285949975455	0.002834246760088479	0	0.002329859821197774	0.002341149360531974	0.0022435198531051376	0.002322058357536013	0.0036012568786463277	0.00005698023466130476	0	0.0000341572206441341	0.000034153079649809836	0.00003415639120383902	4.620556916615637e-13	4.620556916615637e-13	4.620556916615637e-13
0.12589254117941662	0.000021184681488862333	2.487155728550596e-6	0.000020935073898475384	2.231297235019134e-6	0.000021212930058274488	2.5162303842199057e-6	0.0030885187262160536	0.0031643124594648827	0.002486480221856725	0	0.0020095743506987978	0.0020227845046698364	0.0019267948114202462	0.0019995473270399983	0.003177064893601185	0.00004943489989016215	0	0.000028408713512435143	0.000028405173701328674	0.00002840804981625322	4.312154614508833e-13	4.312154614508833e-13	4.312154614508833e-13
0.1348962882591656	0.000017646017976366723	2.058536635473381e-6	0.000017440000052562703	1.8473571977031557e-6	0.000017683712668042	2.0972373153370763e-6	0.0027152952153400465	0.0027911781917852084	0.002181385185209353	0	0.0017333184744609807	0.0017477129914524646	0.0016547828806496273	0.001721829901516916	0.002802838475090163	0.00004288871995133993	0	0.00002362765436450122	0.00002362463067096021	0.000023627124117023543	4.0243368396919494e-13	4.0243368396919494e-13	4.0243368396919494e-13
0.1445439770745928	0.000014556110194416445	1.6908284867114547e-6	0.000014382243464549521	1.5125783028186982e-6	0.000014595889069271036	1.7316773054301604e-6	0.0023728954028097984	0.0024477934833216104	0.0018532517902605744	0	0.001484136748118819	0.0014991902155047558	0.001404880166568656	0.0014655348817511017	0.0024590271855309377	0.000037036468206264716	0	0.000019448712742184084	0.000019446188788867307	0.000019448311107189975	3.755729663498289e-13	3.755729663498289e-13	3.755729663498289e-13
0.15488166189124797	0.000012007261030548929	1.3888025708211457e-6	0.000011860603580857312	1.2384681885032637e-6	0.000012047242664571854	1.429836417754133e-6	0.0020736723435689944	0.0021466536800215947	0.0015744776398921032	0	0.0012707773669819531	0.0012860070922728077	0.0011927173682405702	0.001247389470781654	0.002157389643720259	0.00003198276793408472	0	0.000016008886091388255	0.000016006779690194324	0.000016008584161519917	3.505050861090618e-13	3.505050861090618e-13	3.505050861090618e-13
0.1659586907437563	9.802745900524643e-6	1.1422060114262616e-6	9.666421899480348e-6	1.002463816282957e-6	9.827221650314833e-6	1.1673684163023326e-6	0.0018019378269072323	0.0018709487821733923	0.0012897313625370899	0	0.0010790435911003683	0.001093902997180057	0.001004535134229661	0.0010529085860162392	0.0018838179973217713	0.00002767899841966486	0.0008225521253034266	0.000013024352074727563	0.000013022554868289829	0.00001302402568027642	3.2711037906250085e-13	3.2711037906250085e-13	3.2711037906250085e-13
0.1778279410038923	8.002976444483992e-6	9.393952747127493e-7	7.878158282733893e-6	8.114327943869936e-7	8.016297841199812e-6	9.530803681170203e-7	0.0015658114658802906	0.0016306539699877968	0.0010564818104535209	0	0.0009162384393578242	0.0009304954649392218	0.0008460435496050227	0.0008887492771700505	0.0016449370920840448	0.000023954366773219107	0.0006555666314407599	0.000010596224246839639	0.000010594694159594708	0.000010595893003969243	3.0527716809541334e-13	3.0527716809541334e-13	3.0527716809541334e-13
0.1905460717963252	6.437529696849416e-6	7.578026040090046e-7	6.330798211705558e-6	6.483701592039014e-7	6.44751564707831e-6	7.680590023976137e-7	0.0013521386379783669	0.0014146276783770105	0.0008418425018647329	0	0.0007718017621235568	0.0007848122468575637	0.0007060363167867034	0.0007429588280569735	0.001426700155911466	0.000020539676506031808	0.0005112863451133091	8.502689791077714e-6	8.501454745759407e-6	8.502512450017351e-6	2.849012300601698e-13	2.849012300601698e-13	2.849012300601698e-13
0.20417379446695316	5.1782969605492365e-6	6.113132587540794e-7	5.087357293286888e-6	5.180760085789747e-7	5.185742701034449e-6	6.189558099171697e-7	0.0011676239037412847	0.0012272201860492346	0.0006708102221292912	0	0.0006501342166287343	0.0006619379524411274	0.0005891981338956594	0.0006210838471176404	0.0012374171296113123	0.000017611749664119594	0.0003987599645284145	6.822782530754806e-6	6.821785669833892e-6	6.822711208542783e-6	2.6588529825600676e-13	2.6588529825600676e-13	2.6588529825600676e-13
0.21877616239495518	4.098627124720003e-6	4.877334974205071e-7	4.0199790862791425e-6	4.0710615858698445e-7	4.0964068140470194e-6	4.85461235311564e-7	0.0010020901114650602	0.001057535234616985	0.0005217588860537034	0.0002928562458652254	0.0005414682384462776	0.0005517935864713992	0.0004859553539409849	0.000512960064267404	0.001067120250501554	0.000014891989358257205	0.0003040788151690854	5.383727491857798e-6	5.38291547168276e-6	5.3836940873484855e-6	2.481385981161094e-13	2.481385981161094e-13	2.481385981161094e-13
0.23442288153199276	3.244067390393261e-6	3.891359480585595e-7	3.1765474533204026e-6	3.199056154212632e-7	3.23590076746832e-6	3.8075837921573725e-7	0.0008600240096819293	0.0009113122365243777	0.0004058261579733756	0.00022578348720681636	0.0004509651172744523	0.0004599768920154884	0.000400803384190156	0.0004236594281985512	0.0009202601142172504	0.000012592238208919038	0.00023187865899221795	4.248196622995463e-6	4.247535817991587e-6	4.248188314032591e-6	2.3157641388559463e-13	2.3157641388559463e-13	2.3157641388559463e-13
0.25118864315095824	2.5164861453116014e-6	3.0211802132537847e-7	2.4623387486785683e-6	2.4659507927257593e-7	2.5064916138093294e-6	2.918474209647834e-7	0.0007322378650969174	0.0007795824729570298	0.0003073434677873213	0.00017072214621169105	0.0003712194038619959	0.0003787403405365695	0.00032650209920434206	0.0003454091347541599	0.0007878026100537124	0.00001057152857908368	0.00017207953184241706	3.2884403017705744e-6	3.287905865389167e-6	3.288427440212062e-6	2.1611968422187555e-13	2.1611968422187555e-13	2.1611968422187555e-13
0.2691534803926914	1.9520872279960776e-6	2.34558897128225e-7	1.9087113296249553e-6	1.9008460680308006e-7	1.9414996508102956e-6	2.2369807671530088e-7	0.0006234387471112457	0.0006668941859704099	0.00023275977986055165	0.000129088497868883	0.000305575399349103	0.0003118509821683103	0.00026597485198444684	0.0002816117438455852	0.0006744103572665829	8.87508754553467e-6	0.00012770198606375103	2.5455129736165506e-6	2.54508153500918e-6	2.5454980406164516e-6	2.016946247869533e-13	2.016946247869533e-13	2.016946247869533e-13
0.28840315031266117	1.4789683421727095e-6	1.7878127993179701e-7	1.4440381433405376e-6	1.4296749091088503e-7	1.4691811557706174e-6	1.6874513341483928e-7	0.0005256787810850567	0.0005655592734674819	0.00017057077868249112	0.00009522177826613813	0.0002473446408793412	0.00025237466726420584	0.00021296431754826283	0.00022558628215083273	0.0005721025349088624	7.405184742401866e-6	0.00009189555827085713	1.923022048600011e-6	1.9226746262547827e-6	1.9229922040984914e-6	1.8823237603005906e-13	1.8823237603005906e-13	1.8823237603005906e-13
0.30902954325135923	1.1205172216584584e-6	1.3626746393072933e-7	1.0924890144766694e-6	1.0752950384103996e-7	1.1117659833575881e-6	1.2729175176339273e-7	0.00044324832577941157	0.0004796222527261035	0.00012499749981625944	0.00007024008494835388	0.00020021039488796338	0.00020424169336860838	0.00017051913070131172	0.0001807068483711375	0.00048531477448791996	6.178729030869349e-6	0.00006612891381107317	1.4527577889920832e-6	1.4524790925531945e-6	1.4527212191953208e-6	1.756686744792893e-13	1.756686744792893e-13	1.756686744792893e-13
0.3311311214825908	8.253516623595749e-7	1.0268603158602541e-7	8.017067473336941e-7	7.84707517085902e-8	8.202190176279553e-7	9.738107172037897e-8	0.0003687362166732679	0.0004011178041599758	0.00008799685169085744	0.00005017701845605084	0.0001587484550570113	0.00016173340562676162	0.00013386869669207863	0.000141762221935906	0.0004060607807164149	5.13371372241887e-6	0.00004573699691344567	1.0646404830423213e-6	1.064416244535535e-6	1.0645928482506369e-6	1.639435459731036e-13	1.639435459731036e-13	1.639435459731036e-13
0.354813389233576	6.07938328294017e-7	7.738032820693122e-8	5.883205233219162e-7	5.72648310812809e-8	6.051266606006314e-7	7.449872437168102e-8	0.000306749940335204	0.0003354629438054889	0.00006194880632720733	0.00003584467733759222	0.00012587294479434973	0.00012807225627737868	0.00010509570322303797	0.0001112106583084794	0.00033974930561304526	4.265443014587639e-6	0.00003163325640939544	7.802122051735502e-7	7.800332186809873e-7	7.801620280415258e-7	1.5300101936730778e-13	1.5300101936730778e-13	1.5300101936730778e-13
0.38018939632056126	4.280820097471454e-7	5.326695581589283e-8	4.1535894455112396e-7	4.023730900803946e-8	4.2750131824203543e-7	5.2688563106831355e-8	0.0002494304870720579	0.0002747597173162789	0.00004139916832772949	0.00002481644136292423	0.00009669500964732834	0.00009823943373122985	0.00008031491409680695	0.00008490251043012031	0.00027834064161397145	3.5001351272217124e-6	0.000020982535286122265	5.502037235071178e-7	5.50067611209088e-7	5.501719518295381e-7	1.427888593508639e-13	1.427888593508639e-13	1.427888593508639e-13
0.40738027780411384	3.014355215658056e-7	3.6667828214743465e-8	2.932467013805312e-7	2.8272868454119303e-8	3.020150804746798e-7	3.7263519686758e-8	0.00020282177663349027	0.00022504095803646635	0.000027666249599306846	0.0000171812332447351	0.00007428065583094607	0.00007535579227190665	0.00006137725167210604	0.00006481785457416855	0.00022803140873027745	2.872139158092952e-6	0.00001391784586877341	3.880023093124415e-7	3.878993479443219e-7	3.8798245197830294e-7	1.3325831709509005e-13	1.3325831709509005e-13	1.3325831709509005e-13
0.43651583224016655	2.0419374398040522e-7	2.5825716800056564e-8	1.9747240486214578e-7	1.8956893948532523e-8	2.0384374354170476e-7	2.5487526362145476e-8	0.00015976218480055692	0.00017872168620903278	0.00001737198392561948	0.000011379368225824084	0.00005513461479454008	0.00005579418240743576	0.000045277912548411246	0.00004770158581758867	0.00018139562253486152	2.35493721062343e-6	8.716783596305816e-6	2.6101386831892054e-7	2.609372370305064e-7	2.609948814874487e-7	1.2436389754596216e-13	1.2436389754596216e-13	1.2436389754596216e-13
0.4677351412871981	1.3832173747855052e-7	1.81894505540568e-8	1.3297796871527991e-7	1.271055424599307e-8	1.375834336344672e-7	1.743297481080157e-8	0.00012584425654830185	0.00014193612309553044	0.000010908085840429308	7.536712840946674e-6	0.00004092351790028081	0.00004131057078242369	0.000033401452637431755	0.000035105162064706704	0.00014429754242201902	1.930870671900565e-6	5.459344569643712e-6	1.7558720095128646e-7	1.7553069379969147e-7	1.7557064195897417e-7	1.1606314224864572e-13	1.1606314224864572e-13	1.1606314224864572e-13
0.5011872336272735	8.809546097806562e-8	1.1751323932291164e-8	8.44792218252074e-8	8.044913708982401e-9	8.79521241434033e-8	1.1595784372099442e-8	0.00009449637899815409	0.00010818889324403234	6.394810887234603e-6	4.743765253499135e-6	0.000028868640319038242	0.000029035835705955595	0.000023415213449090212	0.00002452788667919992	0.00011012272957842262	1.5361115927816519e-6	3.222658439979304e-6	1.1144979170256528e-7	1.1141233471616315e-7	1.1143878416990236e-7	1.083164266675613e-13	1.083164266675613e-13	1.083164266675613e-13
0.5370317963702532	5.6106945924833545e-8	7.591961821564918e-9	5.36685812630608e-8	5.091881544455653e-9	5.6224619032904295e-8	7.713096397117208e-9	0.00007095727599086367	0.00008246552298382014	3.7489259693876674e-6	2.9858254195445277e-6	0.00002036477890050348	0.000020408329857837837	0.000016414622047067416	0.000017137571501272886	0.00008404173325651904	1.2220594884045801e-6	1.9023396102378489e-6	7.074009952463151e-8	7.071531512928184e-8	7.073279723023526e-8	1.0108677103446361e-13	1.0108677103446361e-13	1.0108677103446361e-13
0.5754399373371566	3.456925654466647e-8	5.245737115206679e-9	3.2446151213147374e-8	3.0684064003373324e-9	3.4380990930027656e-8	5.052768430825951e-9	0.000050987876677869715	0.00006045068563181982	2.1140509554304904e-6	1.805845344822798e-6	0.000013759468572852843	0.000013740396489016986	0.000010995402036908668	0.000011445364645705693	0.00006150776383330949	9.53433280569806e-7	1.0884453532241869e-6	4.273161955293514e-8	4.271864220558106e-8	4.272861572186979e-8	9.433966382159402e-14	9.433966382159402e-14	9.433966382159402e-14
0.6165950018614835	2.1441906602090548e-8	4.424958051962025e-9	1.886448580904366e-8	1.7812167346734252e-9	1.985791519964298e-8	2.8000570751283973e-9	0.00003532774184120676	0.0000428160997789928	1.1622206109770716e-6	1.066853325187933e-6	9.000743696296901e-6	8.955051816579234e-6	7.080321899612461e-6	7.350633346132577e-6	0.00004338700583302936	7.388510884682502e-7	6.085040007711287e-7	2.483479575418447e-8	2.482768965990683e-8	2.4833090562430513e-8	8.804289699724467e-14	8.804289699724467e-14	8.804289699724467e-14
0.6606934480075964	1.2434356722827505e-8	2.916136403692397e-9	1.0561401014681748e-8	9.949150298397827e-10	1.1072453293263941e-8	1.5190418165827887e-9	0.000023529059388801522	0.000029041658989353146	6.2391988967315e-7	6.038216425775558e-7	5.612308114008534e-6	5.565170213440019e-6	4.424599886664996e-6	4.576863885495108e-6	0.00002931625107768509	5.576029681570605e-7	3.3029874174586283e-7	1.389610118905669e-8	1.3892203505884473e-8	1.3894941590162835e-8	8.216641227730521e-14	8.216641227730521e-14	8.216641227730521e-14
0.7079457843841374	6.649885944550797e-9	1.5245151858371773e-9	5.682847292811096e-9	5.32548297703094e-10	5.946716804314231e-9	8.031692814744355e-10	0.000014936893512994004	0.00001881595797902151	3.3667329173000485e-7	3.276962405765584e-7	3.3629865947944094e-6	3.3214631817661735e-6	2.6400587061125654e-6	2.7204125781425577e-6	0.000019004975792485354	4.0469530602143923e-7	1.7540406748832538e-7	7.467600586287555e-9	7.465726376425787e-9	7.46712665509685e-9	7.668215763885387e-14	7.668215763885387e-14	7.668215763885387e-14
0.7585775750291851	3.423583001672857e-9	7.880370109898633e-10	2.920882593857174e-9	2.723719007610998e-10	3.058054049446938e-9	4.1305388917538695e-10	9.019874868422268e-6	0.00001158190744521113	1.7714671635834197e-7	1.776264990966731e-7	1.9278768014232444e-6	1.8952486113712212e-6	1.5100342621017368e-6	1.5486818831571669e-6	0.000011727253814153752	2.8816984922176027e-7	9.173406749669686e-8	3.833602695177366e-9	3.832736348579119e-9	3.833450058273288e-9	7.156395341085304e-14	7.156395341085304e-14	7.156395341085304e-14
0.8128305161640995	1.6660323737351739e-9	4.0158269563693655e-10	1.4013476303060067e-9	1.3006676963910886e-10	1.4735629714460073e-9	2.0413430323401922e-10	5.196116591472852e-6	6.763936112892832e-6	9.428584861384355e-8	9.51213223838041e-8	1.0634420070930591e-6	1.0387191280059255e-6	8.402104763739174e-7	8.554954543181136e-7	6.86283359160532e-6	1.804338165664002e-7	4.7383139822240574e-8	1.8371579535011491e-9	1.8367885547499783e-9	1.8370933026307254e-9	6.678736730271419e-14	6.678736730271419e-14	6.678736730271419e-14
0.8709635899560796	7.102166193293549e-10	1.988560876072524e-10	5.6736666485555e-10	5.231201048808841e-11	6.063252847713078e-10	9.227661786607991e-11	2.926499155710211e-6	3.824006684875533e-6	5.1070767428046634e-8	5.095241912556962e-8	5.792635888835137e-7	5.580507481839409e-7	4.626620619822502e-7	4.6417292978042894e-7	3.894026495088392e-6	1.0094085611212744e-7	2.447382336169565e-8	7.425683639964413e-10	7.424981782287159e-10	7.425435055681644e-10	6.232959777416643e-14	6.232959777416643e-14	6.232959777416643e-14
0.9332543007969925	1.7012933611924242e-10	9.131513134247948e-11	8.900246148348368e-11	8.088036746443919e-12	1.1112489613163275e-10	3.078317900836728e-11	1.6812157317914897e-6	2.2066519686927194e-6	2.8656149325224014e-8	2.8433756059473714e-8	3.2920894121902604e-7	3.0755172533859653e-7	2.64937070499444e-7	2.5759789037820683e-7	2.2405273458648405e-6	5.707502056193657e-8	1.3353271048346497e-8	1.1607980189548651e-10	1.1607980189548651e-10	1.1607980189548651e-10	5.816936518968725e-14	5.816936518968725e-14	5.816936518968725e-14