1.e-9	0	0	0	0	0	0	9.748438551950673e-26	0	0	0	0	0	0	0	6.090184782091587e-24	9.915819075039436e-50	0	1.4476482730108392e-93	1.4476482730108392e-93	1.4476482730108392e-93	0	0	0
1.0715193052376092e-9	0	0	0	0	0	0	1.5334151481106095e-25	0	0	0	0	0	0	0	9.579771724347846e-24	1.5597438599586859e-49	0	1.351023976828699e-93	1.351023976828699e-93	1.351023976828699e-93	0	0	0
1.148153621496884e-9	0	0	0	0	0	0	2.41203963478277e-25	0	0	0	0	0	0	0	1.50688410244083e-23	2.4534543140290153e-49	0	1.2608489368552393e-93	1.2608489368552393e-93	1.2608489368552393e-93	0	0	0
1.2302687708123811e-9	0	0	0	0	0	0	3.7941031213445174e-25	0	0	0	0	0	0	0	2.3703066873898996e-23	3.859247807000454e-49	0	1.1766926929754679e-93	1.1766926929754679e-93	1.1766926929754679e-93	0	0	0
1.31825673855641e-9	0	0	0	0	0	0	6.316031401260667e-25	0	0	0	0	0	0	0	3.945842005176576e-23	6.42447755231893e-49	0	1.0981535164357458e-93	1.0981535164357458e-93	1.0981535164357458e-93	0	0	0
1.4125375446227555e-9	0	0	0	0	0	0	1.051427738937462e-24	0	0	0	0	0	0	0	6.568630638662095e-23	1.0694807352194068e-48	0	1.0248564921490003e-93	1.0248564921490003e-93	1.0248564921490003e-93	0	0	0
1.5135612484362133e-9	0	0	0	0	0	0	1.7768385948059787e-24	0	0	0	0	0	0	0	1.1100521701657474e-22	1.8073468830675002e-48	0	9.564517289977699e-94	9.564517289977699e-94	9.564517289977699e-94	0	0	0
1.6218100973589331e-9	0	0	0	0	0	0	3.002731690513118e-24	0	0	0	0	0	0	0	1.8759097417306744e-22	3.0542885422462844e-48	0	8.926126895918882e-94	8.926126895918882e-94	8.926126895918882e-94	0	0	0
1.7378008287493762e-9	0	0	0	0	0	0	5.096641836317398e-24	0	0	0	0	0	0	0	3.18404741291622e-22	5.184151089415921e-48	0	8.330346315076005e-94	8.330346315076005e-94	8.330346315076005e-94	0	0	0
1.8620871366628732e-9	0	0	0	0	0	0	8.650708982680242e-24	0	0	0	0	0	0	0	5.404395372639358e-22	8.799241507852618e-48	0	7.774331525673028e-94	7.774331525673028e-94	7.774331525673028e-94	0	0	0
1.9952623149688828e-9	0	0	0	0	0	0	1.4702300132285833e-23	0	0	0	0	0	0	0	9.185032459323712e-22	1.4954738373921486e-47	0	7.255428332155995e-94	7.255428332155995e-94	7.255428332155995e-94	0	0	0
2.1379620895022324e-9	0	0	0	0	0	0	2.4987273252700388e-23	0	0	0	0	0	0	0	1.5610408836101039e-21	2.5416304306781746e-47	0	6.771159695108932e-94	6.771159695108932e-94	6.771159695108932e-94	0	0	0
2.2908676527677795e-9	0	0	0	0	0	0	4.248370515585581e-23	0	0	0	0	0	0	0	2.6541031494247244e-21	4.3213149646256395e-47	0	6.319213906843637e-94	6.319213906843637e-94	6.319213906843637e-94	0	0	0
2.4547089156850337e-9	0	0	0	0	0	0	7.223137897107384e-23	0	0	0	0	0	0	0	4.51254262572227e-21	7.347159051173848e-47	0	5.897433556217989e-94	5.897433556217989e-94	5.897433556217989e-94	0	0	0
2.6302679918953816e-9	0	0	0	0	0	0	1.2282324347667927e-22	0	0	0	0	0	0	0	7.673190371181207e-21	1.2493211646500636e-46	0	5.50380523000494e-94	5.50380523000494e-94	5.50380523000494e-94	0	0	0
2.818382931264461e-9	0	0	0	0	0	0	2.088503549706968e-22	0	0	0	0	0	0	0	1.3047599846874319e-20	2.1243631199098528e-46	0	5.13644990165107e-94	5.13644990165107e-94	5.13644990165107e-94	0	0	0
3.019951720402019e-9	0	0	0	0	0	0	3.5514464534035112e-22	0	0	0	0	0	0	0	2.2187107227139335e-20	3.612424728224035e-46	0	4.7936139615441497e-94	4.7936139615441497e-94	4.7936139615441497e-94	0	0	0
3.2359365692962944e-9	0	0	0	0	0	0	6.039143152599821e-22	0	0	0	0	0	0	0	3.7728603949066104e-20	6.142835137167529e-46	0	4.473660845971568e-94	4.473660845971568e-94	4.473660845971568e-94	0	0	0
3.4673685045253237e-9	0	0	0	0	0	0	1.0269516920338958e-21	0	0	0	0	0	0	0	6.415720357099128e-20	1.0445844350094239e-45	0	4.175063224810078e-94	4.175063224810078e-94	4.175063224810078e-94	0	0	0
3.715352290971728e-9	0	0	0	0	0	0	1.7463235282264074e-21	0	0	0	0	0	0	0	1.0909883587546138e-19	1.776307873317035e-45	0	3.8963957106533653e-94	3.8963957106533653e-94	3.8963957106533653e-94	0	0	0
3.9810717055349855e-9	0	0	0	0	0	0	2.969619405087293e-21	0	0	0	0	0	0	0	1.855223358395937e-19	3.0206077194464524e-45	0	3.636328054574192e-94	3.636328054574192e-94	3.636328054574192e-94	0	0	0
4.265795188015934e-9	0	0	0	0	0	0	5.0498314135567895e-21	0	0	0	0	0	0	0	3.1548033321518053e-19	5.1365369324976924e-45	0	3.393618796040125e-94	3.393618796040125e-94	3.393618796040125e-94	0	0	0
4.570881896148752e-9	0	0	0	0	0	0	8.587235779162972e-21	0	0	0	0	0	0	0	5.36474147975477e-19	8.734678470517326e-45	0	3.167109336669958e-94	3.167109336669958e-94	3.167109336669958e-94	0	0	0
4.8977881936844766e-9	0	0	0	0	0	0	1.4602590123893985e-20	0	0	0	0	0	0	0	9.122740188362147e-19	1.4853316346392122e-44	0	2.955718409541536e-94	2.955718409541536e-94	2.955718409541536e-94	0	0	0
5.248074602497734e-9	0	0	0	0	0	0	2.4831704406379555e-20	0	0	0	0	0	0	0	1.5513219628272356e-18	2.525806434603304e-44	0	2.758436917649485e-94	2.758436917649485e-94	2.758436917649485e-94	0	0	0
5.623413251903491e-9	0	0	0	0	0	0	4.2226313174186477e-20	0	0	0	0	0	0	0	2.6380229872383272e-18	4.2951338248668567e-44	0	2.5743231168735807e-94	2.5743231168735807e-94	2.5743231168735807e-94	0	0	0
6.025595860743593e-9	0	0	0	0	0	0	7.180585157518452e-20	0	0	0	0	0	0	0	4.4859584660438e-18	7.30387568177454e-44	0	2.4024981204633783e-94	2.4024981204633783e-94	2.4024981204633783e-94	0	0	0
6.456542290346562e-9	0	0	0	0	0	0	1.2210586084482054e-19	0	0	0	0	0	0	0	7.628373011311664e-18	1.2420241638563383e-43	0	2.242141703579138e-94	2.242141703579138e-94	2.242141703579138e-94	0	0	0
6.918309709189363e-9	0	0	0	0	0	0	2.0764103927727377e-19	0	0	0	0	0	0	0	1.2972049737042978e-17	2.112062323678041e-43	0	2.092488387861526e-94	2.092488387861526e-94	2.092488387861526e-94	0	0	0
7.413102413009192e-9	0	0	0	0	0	0	3.5309362625060136e-19	0	0	0	0	0	0	0	2.20589730117816e-17	3.591562377699926e-43	0	1.9528237873395263e-94	1.9528237873395263e-94	1.9528237873395263e-94	0	0	0
7.943282347242822e-9	0	0	0	0	0	0	6.004357824762415e-19	0	0	0	0	0	0	0	3.7511288044466134e-17	6.1074525458467196e-43	0	1.8224811982332844e-94	1.8224811982332844e-94	1.8224811982332844e-94	0	0	0
8.511380382023759e-9	0	0	0	0	0	0	1.021041168899466e-18	0	0	0	0	0	0	0	6.37879528663202e-17	1.038572428293971e-42	0	1.7008384163728688e-94	1.7008384163728688e-94	1.7008384163728688e-94	0	0	0
9.120108393559115e-9	0	0	0	0	0	0	1.736280717300397e-18	0	0	0	0	0	0	0	1.0847142694278903e-16	1.7660926274993403e-42	0	1.5873147670407193e-94	1.5873147670407193e-94	1.5873147670407193e-94	0	0	0
9.772372209558111e-9	0	0	0	0	0	0	2.952545716171826e-18	0	0	0	0	0	0	0	1.8445568378190253e-16	3.0032408755845294e-42	0	1.4813683330593273e-94	1.4813683330593273e-94	1.4813683330593273e-94	0	0	0
1.0471285480509006e-8	0	0	0	0	0	0	5.020804600043333e-18	0	0	0	0	0	0	0	3.1366692836074994e-16	5.107011729093099e-42	0	1.3824933678920855e-94	1.3824933678920855e-94	1.3824933678920855e-94	0	0	0
1.1220184543019653e-8	0	0	0	0	0	0	8.537879259157148e-18	0	0	0	0	0	0	0	5.333906764488831e-16	8.684474499907756e-42	0	1.290217881408605e-94	1.290217881408605e-94	1.290217881408605e-94	0	0	0
1.202264434617413e-8	0	0	0	0	0	0	1.4518665446409465e-17	0	0	0	0	0	0	0	9.070309556427087e-16	1.4767950683631717e-41	0	1.2041013867897646e-94	1.2041013867897646e-94	1.2041013867897646e-94	0	0	0
1.288249551693135e-8	0	0	0	0	0	0	2.4688993595064566e-17	0	0	0	0	0	0	0	1.5424063277059803e-15	2.511290319252991e-41	0	1.1237327978171683e-94	1.1237327978171683e-94	1.1237327978171683e-94	0	0	0
1.3803842646028866e-8	0	0	0	0	0	0	4.198363871851999e-17	0	0	0	0	0	0	0	2.622862279510332e-15	4.2704497076750355e-41	0	1.0487284665095073e-94	1.0487284665095073e-94	1.0487284665095073e-94	0	0	0
1.4791083881682102e-8	0	0	0	0	0	0	7.139318633059212e-17	0	0	0	0	0	0	0	4.460177849185813e-15	7.261900611796569e-41	0	9.787303517382303e-95	9.787303517382303e-95	9.787303517382303e-95	0	0	0
1.5848931924611173e-8	0	0	0	0	0	0	1.2140412813449407e-16	0	0	0	0	0	0	0	7.584533355855552e-15	1.2348863493668253e-40	0	9.134043100802548e-95	9.134043100802548e-95	9.134043100802548e-95	0	0	0
1.698243652461746e-8	0	0	0	0	0	0	2.0644774502493613e-16	0	0	0	0	0	0	0	1.2897500541729238e-14	2.0999244927357754e-40	0	8.524385007489075e-95	8.524385007489075e-95	8.524385007489075e-95	0	0	0
1.8197008586099862e-8	0	0	0	0	0	0	3.5106443315437173e-16	0	0	0	0	0	0	0	2.193220234129191e-14	3.5709220346302237e-40	0	7.955418969888565e-95	7.955418969888565e-95	7.955418969888565e-95	0	0	0
1.9498445997580494e-8	0	0	0	0	0	0	5.969851412574733e-16	0	0	0	0	0	0	0	3.729571462184017e-14	6.072353659152217e-40	0	7.424428968290468e-95	7.424428968290468e-95	7.424428968290468e-95	0	0	0
2.0892961308540408e-8	0	0	0	0	0	0	1.0151733562998888e-15	0	0	0	0	0	0	0	6.342137043562919e-14	1.0326038654524718e-39	0	6.928880265618855e-95	6.928880265618855e-95	6.928880265618855e-95	0	0	0
2.2387211385683424e-8	0	0	0	0	0	0	1.7263025025553952e-15	0	0	0	0	0	0	0	1.0784805355567064e-13	1.7559430869779337e-39	0	6.466407307596191e-95	6.466407307596191e-95	6.466407307596191e-95	0	0	0
2.3988329190194947e-8	0	0	0	0	0	0	2.9355777629868485e-15	0	0	0	0	0	0	0	1.8339563739888756e-13	2.985981582933779e-39	0	6.034802430519233e-95	6.034802430519233e-95	6.034802430519233e-95	0	0	0
2.5703957827688646e-8	0	0	0	0	0	0	4.9919505937032106e-15	0	0	0	0	0	0	0	3.1186431936466796e-13	5.077662299957922e-39	0	5.6320053227422165e-95	5.6320053227422165e-95	5.6320053227422165e-95	0	0	0
2.754228703338169e-8	0	0	0	0	0	0	8.488813018062887e-15	0	0	0	0	0	0	0	5.303253396440743e-13	8.634565792293696e-39	0	5.2560931895607176e-95	5.2560931895607176e-95	5.2560931895607176e-95	0	0	0
2.95120922666639e-8	0	0	0	0	0	0	1.443522829463275e-14	0	0	0	0	0	0	0	9.018183498566195e-13	1.4683080917387173e-38	0	4.90527157454731e-95	4.90527157454731e-95	4.90527157454731e-95	0	0	0
3.162277660168386e-8	0	0	0	0	0	0	2.454710870351124e-14	0	0	0	0	0	0	0	1.5335422906323315e-12	2.4968582139817437e-38	0	4.5778657935235026e-95	4.5778657935235026e-95	4.5778657935235026e-95	0	0	0
3.3884415613920346e-8	0	0	0	0	0	0	4.1742363432247123e-14	0	0	0	0	0	0	0	2.6077889827056886e-12	4.2459079097942393e-38	0	4.272312940277237e-95	4.272312940277237e-95	4.272312940277237e-95	0	0	0
3.6307805477010175e-8	0	0	0	0	0	0	7.09828976583513e-14	0	0	0	0	0	0	0	4.434545704974926e-12	7.220167279624532e-38	0	3.9871544258643755e-95	3.9871544258643755e-95	3.9871544258643755e-95	0	0	0
3.890451449942813e-8	0	0	0	0	0	0	1.207064321634423e-13	0	0	0	0	0	0	0	7.540945889383028e-12	1.2277895953775014e-37	0	3.7210290158796835e-95	3.7210290158796835e-95	3.7210290158796835e-95	0	0	0
4.1686938347033635e-8	0	0	0	0	0	0	2.052613128834814e-13	0	0	0	0	0	0	0	1.2823380046078822e-11	2.087856461125603e-37	0	3.472666332460108e-95	3.472666332460108e-95	3.472666332460108e-95	0	0	0
4.4668359215096346e-8	0	0	0	0	0	0	3.4904690505308343e-13	0	0	0	0	0	0	0	2.1806160423148524e-11	3.550400344387657e-37	0	3.240880790001314e-95	3.240880790001314e-95	3.240880790001314e-95	0	0	0
4.78630092322639e-8	0	0	0	0	0	0	5.935543343050869e-13	0	0	0	0	0	0	0	3.708138031403945e-11	6.037456520661874e-37	0	3.024565935639074e-95	3.024565935639074e-95	3.024565935639074e-95	0	0	0
5.128613839913659e-8	0	0	0	0	0	0	1.0093392683678714e-12	0	0	0	0	0	0	0	6.305689490088935e-11	1.0266696063305145e-36	0	2.82268916747924e-95	2.82268916747924e-95	2.82268916747924e-95	0	0	0
5.495408738576248e-8	0	0	0	0	0	0	1.7163816348205285e-12	0	0	0	0	0	0	0	1.072282628334727e-10	1.745851878113873e-36	0	2.6342868053630828e-95	2.6342868053630828e-95	2.6342868053630828e-95	0	0	0
5.888436553555896e-8	0	0	0	0	0	0	2.9187073253505108e-12	0	0	0	0	0	0	0	1.823416831475197e-10	2.9688214801720184e-36	0	2.4584594906378613e-95	2.4584594906378613e-95	2.4584594906378613e-95	0	0	0
6.309573444801943e-8	0	0	0	0	0	0	4.9632624110112306e-12	0	0	0	0	0	0	0	3.100720699421017e-10	5.048481541660254e-36	0	2.294367892972963e-95	2.294367892972963e-95	2.294367892972963e-95	0	0	0
6.760829753919818e-8	0	0	0	0	0	0	8.440028757456228e-12	0	0	0	0	0	0	0	5.272776191299826e-10	8.584943906767593e-36	0	2.1412287037275513e-95	2.1412287037275513e-95	2.1412287037275513e-95	0	0	0
7.244359600749906e-8	0	0	0	0	0	0	1.4352270649372501e-11	0	0	0	0	0	0	0	8.966357004915037e-10	1.459869889077766e-35	0	1.9983108967437022e-95	1.9983108967437022e-95	1.9983108967437022e-95	0	0	0
7.762471166286928e-8	0	0	0	0	0	0	2.440603921057238e-11	0	0	0	0	0	0	0	1.5247291943140202e-9	2.482509048609856e-35	0	1.8649322387155507e-95	1.8649322387155507e-95	1.8649322387155507e-95	0	0	0
8.317637711026726e-8	0	0	0	0	0	0	4.15024747303012e-11	0	0	0	0	0	0	0	2.5928023105919633e-9	4.22150715110895e-35	0	1.7404560324762478e-95	1.7404560324762478e-95	1.7404560324762478e-95	0	0	0
8.912509381337478e-8	0	0	0	0	0	0	7.057496687102942e-11	0	0	0	0	0	0	0	4.409060865942947e-9	7.178673784428791e-35	0	1.6242880776565247e-95	1.6242880776565247e-95	1.6242880776565247e-95	0	0	0
9.549925860214369e-8	0	0	0	0	0	0	1.2001274577514044e-10	0	0	0	0	0	0	0	7.49760891533264e-9	1.2207336256603585e-34	0	1.515873834206231e-95	1.515873834206231e-95	1.515873834206231e-95	0	0	0
1.0232929922807557e-7	0	0	0	0	0	0	2.040816990365686e-10	0	0	0	0	0	0	0	1.2749685512734658e-8	2.075857783160924e-34	0	1.414695775238589e-95	1.414695775238589e-95	1.414695775238589e-95	0	0	0
1.0964781961431874e-7	0	0	0	0	0	0	3.4704097146221224e-10	0	0	0	0	0	0	0	2.1680842853940835e-8	3.5299965900247744e-34	0	1.320270916560746e-95	1.320270916560746e-95	1.320270916560746e-95	0	0	0
1.1748975549395303e-7	0	0	0	0	0	0	5.901432438185088e-10	0	0	0	0	0	0	0	3.686827776165645e-8	6.00275993214337e-34	0	1.2321485110975034e-95	1.2321485110975034e-95	1.2321485110975034e-95	0	0	0
1.2589254117941688e-7	0	0	0	0	0	0	1.0035387082892516e-9	0	0	0	0	0	0	0	6.269451396644422e-8	1.0207694507346276e-33	0	1.1499078972023532e-95	1.1499078972023532e-95	1.1499078972023532e-95	0	0	0
1.3489628825916562e-7	0	0	0	0	0	0	1.7065177812059777e-9	0	0	0	0	0	0	0	1.0661203397942703e-7	1.7358186623015695e-33	0	1.0731564905845199e-95	1.0731564905845199e-95	1.0731564905845199e-95	0	0	0
1.445439770745928e-7	0	0	0	0	0	0	2.90193384023679e-9	0	0	0	0	0	0	0	1.8129378585363324e-7	2.9517599946059547e-33	0	1.0015279102662104e-95	1.0015279102662104e-95	1.0015279102662104e-95	0	0	0
1.5488166189124826e-7	0	0	0	0	0	0	4.9347390961028754e-9	0	0	0	0	0	0	0	3.0829012037690925e-7	5.019468481923048e-33	0	9.346802296241633e-96	9.346802296241633e-96	9.346802296241633e-96	0	0	0
1.659586907437563e-7	0	0	0	0	0	0	8.391524854549545e-9	0	0	0	0	0	0	0	5.24247413525459e-7	8.535607192678095e-33	0	8.72294344166669e-96	8.72294344166669e-96	8.72294344166669e-96	0	0	0
1.7782794100389227e-7	0	0	0	0	0	0	1.426978975243796e-8	0	0	0	0	0	0	0	8.914828352336776e-7	1.4514801798254447e-32	0	8.140724482544357e-96	8.140724482544357e-96	8.140724482544357e-96	0	0	0
1.9054607179632522e-7	0	0	0	0	0	0	2.4265780428259726e-8	0	0	0	0	0	0	0	1.515966745876336e-6	2.4682423462894994e-32	0	7.59736613493786e-96	7.59736613493786e-96	7.59736613493786e-96	0	0	0
2.0417379446695318e-7	0	0	0	0	0	0	4.126396464193983e-8	0	0	0	0	0	0	0	2.577901765209523e-6	4.197246620859316e-32	0	7.0902746201601815e-96	7.0902746201601815e-96	7.0902746201601815e-96	0	0	0
2.1877616239495564e-7	0	0	0	0	0	0	7.01693804163942e-8	0	0	0	0	0	0	0	4.383722485435357e-6	7.13741874771669e-32	0	6.617029283096237e-96	6.617029283096237e-96	6.617029283096237e-96	0	0	0
2.3442288153199275e-7	0	0	0	0	0	0	1.1932304592506942e-7	0	0	0	0	0	0	0	7.454520994033942e-6	1.213718205813411e-31	0	6.175371036949191e-96	6.175371036949191e-96	6.175371036949191e-96	0	0	0
2.5118864315095823e-7	0	0	0	0	0	0	2.0290886429873054e-7	0	0	0	0	0	0	0	0.000012676414493645395	2.0639280602587407e-31	0	5.763191579250014e-96	5.763191579250014e-96	5.763191579250014e-96	0	0	0
2.6915348039269196e-7	0	0	0	0	0	0	3.45046565747701e-7	0	0	0	0	0	0	0	0.00002155624547080998	3.5097100937598305e-31	0	5.378523327652076e-96	5.378523327652076e-96	5.378523327652076e-96	0	0	0
2.8840315031266115e-7	0	0	0	0	0	0	5.867517564881038e-7	0	0	0	0	0	0	0	0.00003665639988584878	5.968262741045253e-31	0	5.019530027468242e-96	5.019530027468242e-96	5.019530027468242e-96	0	0	0
3.090295432513592e-7	0	0	0	0	0	0	9.977714833817325e-7	0	0	0	0	0	0	0	0.0000623342155947666	1.0149032026741588e-30	0	4.684497986114383e-96	4.684497986114383e-96	4.684497986114383e-96	0	0	0
3.3113112148259143e-7	0	0	0	0	0	0	1.6967106140568083e-6	0	0	0	0	0	0	0	0.00010599934652379973	1.725843106260296e-30	0	4.371827892616088e-96	4.371827892616088e-96	4.371827892616088e-96	0	0	0
3.5481338923357606e-7	0	0	0	0	0	0	2.8852567504693267e-6	0	0	0	0	0	0	0	0.00018025191070849907	2.9347965594925477e-30	0	4.080027183128206e-96	4.080027183128206e-96	4.080027183128206e-96	0	0	0
3.8018939632056126e-7	0	0	0	0	0	0	4.9063797015006e-6	0	0	0	0	0	0	0	0.00030651841147690743	4.9906221570008116e-30	0	3.807702916023038e-96	3.807702916023038e-96	3.807702916023038e-96	0	0	0
4.0738027780411303e-7	0	0	0	0	0	0	8.3432996981573e-6	0	0	0	0	0	0	0	0.0005212346221742231	8.486554011175987e-30	0	3.5535551225357413e-96	3.5535551225357413e-96	3.5535551225357413e-96	0	0	0
4.365158322401665e-7	0	0	0	0	0	0	0.000014187782864008986	0	0	0	0	0	0	0	0.0008863595829171667	1.4431386852954964e-29	0	3.3163706012256575e-96	3.3163706012256575e-96	3.3163706012256575e-96	0	0	0
4.677351412871981e-7	0	0	0	0	0	0	0.000024126327697508088	0	0	0	0	0	0	0	0.0015072546542514275	2.4540576331143336e-29	0	3.0950171266305526e-96	3.0950171266305526e-96	3.0950171266305526e-96	0	0	0
5.011872336272736e-7	0	0	0	0	0	0	0.00004102682524442677	0	0	0	0	0	0	0	0.002563086851597766	4.1731255131683713e-29	0	2.8884380444683008e-96	2.8884380444683008e-96	2.8884380444683008e-96	0	0	0
5.370317963702533e-7	0	0	0	0	0	0	0.00006976612482182789	0	0	0	0	0	0	0	0.004358529721771416	7.096400799094407e-29	0	2.6956472275856964e-96	2.6956472275856964e-96	2.6956472275856964e-96	0	0	0
5.754399373371578e-7	0	0	0	0	0	0	0.00011863730970302243	0	0	0	0	0	0	0	0.007411680694207661	1.2067431028009871e-28	0	2.5157243685758345e-96	2.5157243685758345e-96	2.5157243685758345e-96	0	0	0
6.165950018614835e-7	0	0	0	0	0	0	0.0002017427697111788	0	0	0	0	0	0	0	0.012603564554921868	2.052066896142139e-28	0	2.347810586593191e-96	2.347810586593191e-96	2.347810586593191e-96	0	0	0
6.606934480075964e-7	0	0	0	0	0	0	0.0003430636216601578	0	0	0	0	0	0	0	0.01186296908594243	3.4895401817239704e-28	0	2.1911043273948053e-96	2.1911043273948053e-96	2.1911043273948053e-96	0	0	0
7.079457843841387e-7	0	0	0	0	0	0	0.0005833797596567065	0	0	0	0	0	0	0	0.0111658915952524	5.933963801452448e-28	0	2.0448575370360992e-96	2.0448575370360992e-96	2.0448575370360992e-96	0	0	0
7.585775750291852e-7	0	0	0	0	0	0	0.000992037402071882	0	0	0	0	0	0	0	0.006374333045450001	1.009070667286359e-27	0	1.908372090956081e-96	1.908372090956081e-96	1.908372090956081e-96	0	0	0
8.128305161640995e-7	0	0	0	0	0	0	0.0016869598076021985	0	0	0	0	0	0	0	0.003638950049595091	1.7159248786257663e-27	0	1.7809964614057117e-96	1.7809964614057117e-96	1.7809964614057117e-96	0	0	0
8.709635899560814e-7	0	0	0	0	0	0	0.0028686755020746716	0	0	0	0	0	0	0	0.0033080079549960583	2.917930611346828e-27	0	1.6621226073111014e-96	1.6621226073111014e-96	1.6621226073111014e-96	0	0	0
9.332543007969924e-7	0	0	0	0	0	0	0.004878183285172623	0	0	0	0	0	0	0	0.0030071631875064724	4.961941608687087e-27	0	1.551183071724993e-96	1.551183071724993e-96	1.551183071724993e-96	0	0	0
1.e-6	0	0	0	0	0	0	0.008295351686354181	0	0	0	0	0	0	0	0.0044967698904588285	8.437782732830787e-27	0	1.4476482730108396e-96	1.4476482730108396e-96	1.4476482730108396e-96	0	0	0
1.0715193052376091e-6	0	0	0	0	0	0	0.014106247260010817	0	0	0	0	0	0	0	0.006724257443608913	1.4348451284031804e-26	0	1.351023976828699e-96	1.351023976828699e-96	1.351023976828699e-96	0	0	0
1.148153621496884e-6	0	0	0	0	0	0	0.009427218440005054	0	0	0	0	0	0	0	0.01128150409517343	2.439954437902016e-26	0	1.2608489368552395e-96	1.2608489368552395e-96	1.2608489368552395e-96	0	0	0
1.2302687708123837e-6	0	0	0	0	0	0	0.006300219036108385	0	0	0	0	0	0	0	0.018927344129332686	4.1491430267899484e-26	0	1.1766926929754652e-96	1.1766926929754652e-96	1.1766926929754652e-96	0	0	0
1.3182567385564101e-6	0	0	0	0	0	0	0.007601020694338271	0	0	0	0	0	0	0	0.023531900046636474	7.055618576043139e-26	0	1.0981535164357457e-96	1.0981535164357457e-96	1.0981535164357457e-96	0	0	0
1.4125375446227554e-6	0	0	0	0	0	0	0.009170397928171974	0	0	0	0	0	0	0	0.029256630831089665	1.1998080849268277e-25	0	1.0248564921490006e-96	1.0248564921490006e-96	1.0248564921490006e-96	0	0	0
1.5135612484362104e-6	0	0	0	0	0	0	0.010964327697177027	0	0	0	0	0	0	0	0.029470012615170134	2.0402738968113077e-25	0	9.564517289977718e-97	9.564517289977718e-97	9.564517289977718e-97	0	0	0
1.6218100973589331e-6	0	0	0	0	0	0	0.013109189240498831	0	0	0	0	0	0	0	0.029684950688696123	3.469486183920522e-25	0	8.92612689591888e-97	8.92612689591888e-97	8.92612689591888e-97	0	0	0
1.7378008287493763e-6	0	0	0	0	0	0	0.014100884565008817	0	0	0	0	0	0	0	0.021961785666518782	5.899861974035725e-25	0	8.330346315076004e-97	8.330346315076004e-97	8.330346315076004e-97	0	0	0
1.8620871366628694e-6	0	0	0	0	0	0	0.015167600518072786	0	0	0	0	0	0	0	0.0162479646579223	1.00327165082816e-24	0	7.774331525673042e-97	7.774331525673042e-97	7.774331525673042e-97	0	0	0
1.995262314968883e-6	0	0	0	0	0	0	0.012114641602149536	0	0	0	0	0	0	0	0.0139554178222743	1.7060636499380826e-24	0	7.255428332155996e-97	7.255428332155996e-97	7.255428332155996e-97	0	0	0
2.1379620895022326e-6	0	0	0	0	0	0	0.009676187144674428	0	0	0	0	0	0	0	0.011986343563302405	2.9011615899218102e-24	0	6.771159695108931e-97	6.771159695108931e-97	6.771159695108931e-97	0	0	0
2.2908676527677747e-6	0	0	0	0	0	0	0.010650183942360792	0	0	0	0	0	0	0	0.01142941937224455	4.9334258842823164e-24	0	6.319213906843651e-97	6.319213906843651e-97	6.319213906843651e-97	0	0	0
2.4547089156850335e-6	0	0	0	0	0	0	0.011722222432267409	0	0	0	0	0	0	0	0.010898371675794738	8.389291737576916e-24	0	5.89743355621799e-97	5.89743355621799e-97	5.89743355621799e-97	0	0	0
2.6302679918953817e-6	0	0	0	0	0	0	0.014088225125785397	0	0	0	0	0	0	0	0.011709594048396695	1.4265992336563455e-23	0	5.50380523000494e-97	5.50380523000494e-97	5.50380523000494e-97	0	0	0
2.8183829312644606e-6	0	0	0	0	0	0	0.016931779646875457	0	0	0	0	0	0	0	0.012581199912899037	2.4259322921779063e-23	0	5.136449901651071e-97	5.136449901651071e-97	5.136449901651071e-97	0	0	0
3.0199517204020193e-6	0	0	0	0	0	0	0.01855624308332695	0	0	0	0	0	0	0	0.018045683332348898	4.1252983650832064e-23	0	4.793613961544149e-97	4.793613961544149e-97	4.793613961544149e-97	0	0	0
3.2359365692962877e-6	0	0	0	0	0	0	0.02033656027593425	0	0	0	0	0	0	0	0.02588359529980449	7.015070723874151e-23	0	4.473660845971576e-97	4.473660845971576e-97	4.473660845971576e-97	0	0	0
3.4673685045253236e-6	0	0	0	0	0	0	0.019564560043269456	0	0	0	0	0	0	0	0.02785868476673593	1.192912921826066e-22	0	4.1750632248100773e-97	4.1750632248100773e-97	4.1750632248100773e-97	0	0	0
3.7153522909717276e-6	0	0	0	0	0	0	0.01882186586586411	0	0	0	0	0	0	0	0.029984486619531448	2.0285486705309124e-22	0	3.896395710653365e-97	3.896395710653365e-97	3.896395710653365e-97	0	0	0
3.981071705534978e-6	0	0	0	0	0	0	0.020071483396333824	0	0	0	0	0	0	0	0.029927552641762736	3.449547434203265e-22	0	3.636328054574199e-97	3.636328054574199e-97	3.636328054574199e-97	0	0	0
4.265795188015934e-6	0	0	0	0	0	0	0.0214040652823878	0	0	0	0	0	0	0	0.029870726769157276	5.865956126013793e-22	0	3.393618796040125e-97	3.393618796040125e-97	3.393618796040125e-97	0	0	0
4.570881896148752e-6	0	0	0	0	0	0	0.023105120451618937	0	0	0	0	0	0	0	0.028507675879408317	9.975059606700555e-22	0	3.167109336669958e-97	3.167109336669958e-97	3.167109336669958e-97	0	0	0
4.897788193684467e-6	0	0	0	0	0	0	0.024941364364231087	0	0	0	0	0	0	0	0.02720682326633349	1.6962590926306384e-21	0	2.955718409541542e-97	2.955718409541542e-97	2.955718409541542e-97	0	0	0
5.248074602497734e-6	0	0	0	0	0	0	0.027464990929209107	0	0	0	0	0	0	0	0.02807233823537423	2.8844889381906362e-21	0	2.758436917649484e-97	2.758436917649484e-97	2.758436917649484e-97	0	0	0
5.623413251903491e-6	0	0	0	0	0	0	0.030243964032029395	0	0	0	0	0	0	0	0.028965387332685007	4.905074036561687e-21	0	2.5743231168735807e-97	2.5743231168735807e-97	2.5743231168735807e-97	0	0	0
6.0255958607435935e-6	0	0	0	0	0	0	0.03558371818153334	0	0	0	0	0	0	0	0.02837682379335087	8.341079414658425e-21	0	2.402498120463378e-97	2.402498120463378e-97	2.402498120463378e-97	0	0	0
6.4565422903465625e-6	0	0	0	0	0	0	0.0418662381122341	0	0	0	0	0	0	0	0.027800219598314867	1.4184007271459515e-20	0	2.2421417035791383e-97	2.2421417035791383e-97	2.2421417035791383e-97	0	0	0
6.9183097091893625e-6	0	0	0	0	0	0	0.04081653326126133	0	0	0	0	0	0	0	0.03007434772410436	2.4119907301595764e-20	0	2.092488387861526e-97	2.092488387861526e-97	2.092488387861526e-97	0	0	0
7.413102413009192e-6	0	0	0	0	0	0	0.039793147476052365	0	0	0	0	0	0	0	0.03253450527006533	4.1015907359849004e-20	0	1.9528237873395263e-97	1.9528237873395263e-97	1.9528237873395263e-97	0	0	0
7.943282347242822e-6	0	0	0	0	0	0	0.038796367912216856	0	0	0	0	0	0	0	0.03261217339334917	6.974755895684367e-20	0	1.8224811982332844e-97	1.8224811982332844e-97	1.8224811982332844e-97	0	0	0
8.511380382023777e-6	0	0	0	0	0	0	0.0378245567050432	0	0	0	0	0	0	0	0.03269002693016009	1.1860573844577556e-19	0	1.7008384163728655e-97	1.7008384163728655e-97	1.7008384163728655e-97	0	0	0
9.120108393559115e-6	0	0	0	0	0	0	0.03909329016600443	0	0	0	0	0	0	0	0.03457568529108371	2.0168908278168944e-19	0	1.587314767040719e-97	1.587314767040719e-97	1.587314767040719e-97	0	0	0
9.772372209558111e-6	0	0	0	0	0	0	0.04040458022868631	0	0	0	0	0	0	0	0.036570114056562596	3.429723270254366e-19	0	1.4813683330593271e-97	1.4813683330593271e-97	1.4813683330593271e-97	0	0	0
0.000010471285480509006	0	0	0	0	0	0	0.03999929562274308	0	0	0	0	0	0	0	0.037548074538849924	5.832245131114735e-19	0	1.3824933678920858e-97	1.3824933678920858e-97	1.3824933678920858e-97	0	0	0
0.000011220184543019652	0	0	0	0	0	0	0.03959807628887737	0	0	0	0	0	0	0	0.038552187707000564	9.917734052895583e-19	0	1.290217881408605e-97	1.290217881408605e-97	1.290217881408605e-97	0	0	0
0.000012022644346174132	0	0	0	0	0	0	0.03836593350654379	0	0	0	0	0	0	0	0.035654399859647384	1.686510881019268e-18	0	1.2041013867897646e-97	1.2041013867897646e-97	1.2041013867897646e-97	0	0	0
0.000012882495516931348	0	0	0	0	0	0	0.03717213036033239	0	0	0	0	0	0	0	0.03297442518730997	2.8679121023273534e-18	0	1.1237327978171685e-97	1.1237327978171685e-97	1.1237327978171685e-97	0	0	0
0.000013803842646028866	0	0	0	0	0	0	0.03672673817560465	0	0	0	0	0	0	0	0.03527525825149726	4.876885123744463e-18	0	1.0487284665095074e-97	1.0487284665095074e-97	1.0487284665095074e-97	0	0	0
0.000014791083881682102	0	0	0	0	0	0	0.03628668262873695	0	0	0	0	0	0	0	0.037736634911491776	8.293144162576667e-18	0	9.787303517382303e-98	9.787303517382303e-98	9.787303517382303e-98	0	0	0
0.00001584893192461114	0	0	0	0	0	0	0.041477754694923215	0	0	0	0	0	0	0	0.04176771876164711	1.4102493365370224e-17	0	9.134043100802565e-98	9.134043100802565e-98	9.134043100802565e-98	0	0	0
0.00001698243652461746	0	0	0	0	0	0	0.04741144711778573	0	0	0	0	0	0	0	0.0462294090250425	2.3981292887416242e-17	0	8.524385007489075e-98	8.524385007489075e-98	8.524385007489075e-98	0	0	0
0.000018197008586099864	1.9008720605140325e-20	1.9008720605140325e-20	0	0	0	0	0.048919783216915	0	0	0	0	0	0	0	0.04576700835536639	4.0780193519837815e-17	0	7.955418969888565e-98	7.955418969888565e-98	7.955418969888565e-98	0	0	0
0.000019498445997580493	3.2324333324369604e-20	3.2324333324369604e-20	0	0	0	0	0.050476105149134226	0	0	0	0	0	0	0	0.045309232758427284	6.934672752310752e-17	0	7.424428968290468e-98	7.424428968290468e-98	7.424428968290468e-98	0	0	0
0.00002089296130854041	5.496753551011434e-20	5.496753551011434e-20	0	0	0	0	0.05164900675866478	0	0	0	0	0	0	0	0.04793767758030527	1.1792412450972142e-16	0	6.928880265618855e-98	6.928880265618855e-98	6.928880265618855e-98	0	0	0
0.000022387211385683423	9.347230551474256e-20	9.347230551474256e-20	0	0	0	0	0.05284916281228524	0	0	0	0	0	0	0	0.0507186017482475	2.0052999814232317e-16	0	6.466407307596191e-98	6.466407307596191e-98	6.466407307596191e-98	0	0	0
0.000023988329190194948	1.589496748791563e-19	1.589496748791563e-19	0	0	0	0	0.055308873219649224	0	0	0	0	0	0	0	0.05193241295116293	3.4100130335623957e-16	0	6.034802430519232e-98	6.034802430519232e-98	6.034802430519232e-98	0	0	0
0.000025703957827688645	2.7029395503895563e-19	2.7029395503895563e-19	0	0	0	0	0.0578830636862262	0	0	0	0	0	0	0	0.053175273409884795	5.798727869539203e-16	0	5.6320053227422174e-98	5.6320053227422174e-98	5.6320053227422174e-98	0	0	0
0.00002754228703338169	4.596349265020263e-19	4.596349265020263e-19	0	0	0	0	0.06326857902382439	0	0	0	0	0	0	0	0.0580752011760851	9.860737942647558e-16	0	5.2560931895607156e-98	5.2560931895607156e-98	5.2560931895607156e-98	0	0	0
0.0000295120922666639	7.816092876737601e-19	7.816092876737601e-19	0	0	0	0	0.0691551696951114	0	0	0	0	0	0	0	0.06342664128203238	1.676818691291626e-15	0	4.90527157454731e-98	4.90527157454731e-98	4.90527157454731e-98	0	0	0
0.000031622776601683856	1.32912675550388e-18	1.32912675550388e-18	0	0	0	0	0.07295916089538246	0	0	0	0	0	0	0	0.06781790639674287	2.8514305316890413e-15	0	4.5778657935235026e-98	4.5778657935235026e-98	4.5778657935235026e-98	0	0	0
0.000033884415613920276	2.2601803229000704e-18	2.2601803229000704e-18	0	0	0	0	0.07697239674237309	0	0	0	0	0	0	0	0.07251319532412669	4.848858209461567e-15	0	4.2723129402772454e-98	4.2723129402772454e-98	4.2723129402772454e-98	0	0	0
0.000036307805477010174	3.84343710701112e-18	3.84343710701112e-18	0	0	0	0	0.07810893442318548	0	0	0	0	0	0	0	0.07425472267513894	8.245484389036533e-15	0	3.9871544258643754e-98	3.9871544258643754e-98	3.9871544258643754e-98	0	0	0
0.00003890451449942813	6.535765596169486e-18	6.535765596169486e-18	0	0	0	0	0.07926225367706202	0	0	0	0	0	0	0	0.07603807575870544	1.4021447910598431e-14	0	3.7210290158796844e-98	3.7210290158796844e-98	3.7210290158796844e-98	0	0	0
0.00004168693834703355	1.1114070749369548e-17	1.1114070749369548e-17	0	0	0	0	0.07703828076153599	0	0	0	0	0	0	0	0.07646510910978226	2.3843475074798013e-14	0	3.4726663324601144e-98	3.4726663324601144e-98	3.4726663324601144e-98	0	0	0
0.00004466835921509635	1.8899479610220915e-17	1.8899479610220915e-17	0	0	0	0	0.07487670899282985	0	0	0	0	0	0	0	0.07689454069991344	4.0545834300948284e-14	0	3.240880790001314e-98	3.240880790001314e-98	3.240880790001314e-98	0	0	0
0.0000478630092322639	3.213856898989351e-17	3.213856898989351e-17	0	0	0	0	0.07979472700338881	0	0	0	0	0	0	0	0.08361687534560036	6.894819962286675e-14	0	3.024565935639075e-98	3.024565935639075e-98	3.024565935639075e-98	0	0	0
0.00005128613839913659	5.4651643220880673e-17	5.4651643220880673e-17	0	0	0	0	0.08503576804043317	0	0	0	0	0	0	0	0.09092689518554448	1.1724642773285703e-13	0	2.82268916747924e-98	2.82268916747924e-98	2.82268916747924e-98	0	0	0
0.00005495408738576248	9.293513061149867e-17	9.293513061149867e-17	0	0	0	0	0.08669918493069674	0	0	0	0	0	0	0	0.09449246740028157	1.9937757463295556e-13	0	2.6342868053630827e-98	2.6342868053630827e-98	2.6342868053630827e-98	0	0	0
0.00005888436553555896	1.5803620884498405e-16	1.5803620884498405e-16	0	0	0	0	0.08839514054924627	0	0	0	0	0	0	0	0.09819785858929025	3.3904160693998915e-13	0	2.4584594906378617e-98	2.4584594906378617e-98	2.4584594906378617e-98	0	0	0
0.00006309573444801943	2.687406058587325e-16	2.687406058587325e-16	0	0	0	0	0.09314403812369026	0	0	0	0	0	0	0	0.1012270480022197	5.765403227923767e-13	0	2.294367892972963e-98	2.294367892972963e-98	2.294367892972963e-98	0	0	0
0.00006760829753919819	4.569934558994681e-16	4.569934558994681e-16	0	0	0	0	0.09814806316365417	0	0	0	0	0	0	0	0.10434968129092481	9.804069382681375e-13	0	2.141228703727551e-98	2.141228703727551e-98	2.141228703727551e-98	0	0	0
0.00007244359600749906	7.771174663672465e-16	7.771174663672465e-16	0	0	0	0	0.10088576897860256	0	0	0	0	0	0	0	0.10785236583593573	1.66718220149614e-12	0	1.998310896743702e-98	1.998310896743702e-98	1.998310896743702e-98	0	0	0
0.00007762471166286927	1.3214884124422232e-15	1.3214884124422232e-15	0	0	0	0	0.1036998393481603	0	0	0	0	0	0	0	0.1114726242812225	2.835043678796811e-12	0	1.864932238715551e-98	1.864932238715551e-98	1.864932238715551e-98	0	0	0
0.00008317637711026725	2.247191318942427e-15	2.247191318942427e-15	0	0	0	0	0.10826535033083325	0	0	0	0	0	0	0	0.11553972824973899	4.820992362725928e-12	0	1.7404560324762476e-98	1.7404560324762476e-98	1.7404560324762476e-98	0	0	0
0.00008912509381337459	3.821349303091948e-15	3.821349303091948e-15	0	0	0	0	0.1130318634622459	0	0	0	0	0	0	0	0.11975522142858759	8.198098510893397e-12	0	1.624288077656528e-98	1.624288077656528e-98	1.624288077656528e-98	0	0	0
0.00009549925860214369	6.498205281032205e-15	6.498205281032205e-15	0	0	0	0	0.1168615703650778	0	0	0	0	0	0	0	0.12384250744404117	1.3940868215006022e-11	0	1.515873834206231e-98	1.515873834206231e-98	1.515873834206231e-98	0	0	0
0.00010232929922807557	1.1050199425702472e-14	1.1050199425702472e-14	0	0	0	0	0.12082103408614082	0	0	0	0	0	0	0	0.12806929390693095	2.370644928576077e-11	0	1.4146957752385893e-98	1.4146957752385893e-98	1.4146957752385893e-98	0	0	0
0.00010964781961431851	1.8790866411102116e-14	1.8790866411102116e-14	0	0	0	0	0.12667826997746592	0	0	0	0	0	0	0	0.13013522569303357	4.031282191832291e-11	0	1.3202709165607484e-98	1.3202709165607484e-98	1.3202709165607484e-98	0	0	0
0.00011748975549395303	3.195387222230503e-14	3.195387222230503e-14	0	0	0	0	0.13281945652809557	0	0	0	0	0	0	0	0.1322344837669184	6.855196201797038e-11	0	1.2321485110975034e-98	1.2321485110975034e-98	1.2321485110975034e-98	0	0	0
0.00012589254117941688	5.433756632936093e-14	5.433756632936093e-14	0	0	0	0	0.1366297347739106	0	0	0	0	0	0	0	0.13526809698241227	1.1657262560370198e-10	0	1.1499078972023532e-98	1.1499078972023532e-98	1.1499078972023532e-98	0	0	0
0.0001348962882591656	9.240104279244851e-14	9.240104279244851e-14	0	0	0	0	0.1405493209531412	0	0	0	0	0	0	0	0.13837130482163068	1.9823177397283386e-10	0	1.0731564905845197e-98	1.0731564905845197e-98	1.0731564905845197e-98	0	0	0
0.0001445439770745928	1.5712799239811613e-13	1.5712799239811613e-13	0	0	0	0	0.14469629485080793	0	0	0	0	0	0	0	0.14150046125958993	3.370931726802338e-10	0	1.0015279102662103e-98	1.0015279102662103e-98	1.0015279102662103e-98	0	0	0
0.00015488166189124827	2.6719618360280896e-13	2.6719618360280896e-13	0	0	0	0	0.14896562716608364	0	0	0	0	0	0	0	0.14470038106879732	5.732270099302903e-10	0	9.34680229624163e-99	9.34680229624163e-99	9.34680229624163e-99	0	0	0
0.00016595869074375631	4.543671655335388e-13	4.543671655335388e-13	0	0	0	0	0.15254781043035656	0	0	0	0	0	0	0	0.1507701022623286	9.747726490602227e-10	0	8.72294344166669e-99	8.72294344166669e-99	8.72294344166669e-99	0	0	0
0.00017782794100389227	7.726514590562646e-13	7.726514590562646e-13	0	0	0	0	0.15621613461977366	0	0	0	0	0	0	0	0.1570944289731017	1.6576010915316182e-9	0	8.140724482544358e-99	8.140724482544358e-99	8.140724482544358e-99	0	0	0
0.00019054607179632481	1.3138939660852688e-12	1.3138939660852688e-12	0	0	0	0	0.16334529263844882	0	0	0	0	0	0	0	0.1634425990339584	2.818750999318495e-9	0	7.597366134937876e-99	7.597366134937876e-99	7.597366134937876e-99	0	0	0
0.00020417379446695317	2.2342769613402127e-12	2.2342769613402127e-12	0	0	0	0	0.1707998004948922	0	0	0	0	0	0	0	0.1700472980079349	4.793286657900118e-9	0	7.0902746201601815e-99	7.0902746201601815e-99	7.0902746201601815e-99	0	0	0
0.00021877616239495564	3.799388435315778e-12	3.799388435315778e-12	0	0	0	0	0.1773130247381027	0	0	0	0	0	0	0	0.17596559909282233	8.150984954101281e-9	0	6.6170292830962366e-99	6.6170292830962366e-99	6.6170292830962366e-99	0	0	0
0.00023442288153199226	6.460860820832341e-12	6.460860820832341e-12	0	0	0	0	0.18407462216394865	0	0	0	0	0	0	0	0.18208987985596273	1.3860751601927201e-8	0	6.175371036949204e-99	6.175371036949204e-99	6.175371036949204e-99	0	0	0
0.0002511886431509582	1.0986695163401269e-11	1.0986695163401269e-11	0	0	0	0	0.19074302298758858	0	0	0	0	0	0	0	0.1890653558786662	2.3570210968634075e-8	0	5.763191579250014e-99	5.763191579250014e-99	5.763191579250014e-99	0	0	0
0.00026915348039269194	1.868287739991184e-11	1.868287739991184e-11	0	0	0	0	0.19765299741340112	0	0	0	0	0	0	0	0.1963080475521341	4.008114863184415e-8	0	5.378523327652076e-99	5.378523327652076e-99	5.378523327652076e-99	0	0	0
0.00028840315031266115	3.1770236886419654e-11	3.1770236886419654e-11	0	0	0	0	0.20318308435910495	0	0	0	0	0	0	0	0.20106910267169892	6.815800154635107e-8	0	5.019530027468242e-99	5.019530027468242e-99	5.019530027468242e-99	0	0	0
0.0003090295432513592	5.4025294402668405e-11	5.4025294402668405e-11	0	0	0	0	0.20886789631291475	0	0	0	0	0	0	0	0.2059456275650918	1.159026957401477e-7	0	4.6844979861143815e-99	4.6844979861143815e-99	4.6844979861143815e-99	0	0	0
0.0003311311214825914	9.187002431646014e-11	9.187002431646014e-11	0	0	0	0	0.2132197694093033	0	0	0	0	0	0	0	0.21211517918972544	1.970925581011692e-7	0	4.371827892616088e-99	4.371827892616088e-99	4.371827892616088e-99	0	0	0
0.000354813389233576	1.562249953697621e-10	1.562249953697621e-10	0	0	0	0	0.21766231608349565	0	0	0	0	0	0	0	0.21846955322452133	3.3515593585461814e-7	0	4.080027183128207e-99	4.080027183128207e-99	4.080027183128207e-99	0	0	0
0.00038018939632056124	2.6566063696914504e-10	2.6566063696914504e-10	0	0	0	0	0.22434723885595254	0	0	0	0	0	0	0	0.22569934148370877	5.699327383072604e-7	0	3.807702916023038e-99	3.807702916023038e-99	3.807702916023038e-99	0	0	0
0.00040738027780411304	4.5175596816508907e-10	4.5175596816508907e-10	0	0	0	0	0.23123747136358985	0	0	0	0	0	0	0	0.2331683843094996	9.691707394832471e-7	0	3.553555122535741e-99	3.553555122535741e-99	3.553555122535741e-99	0	0	0
0.00043651583224016654	7.68211117390647e-10	7.68211117390647e-10	0	0	0	0	0.24017137855113022	0	0	0	0	0	0	0	0.23953238795105466	1.6480750431362664e-6	0	3.3163706012256575e-99	3.3163706012256575e-99	3.3163706012256575e-99	0	0	0
0.00046773514128719906	1.3063431641636238e-9	1.3063431641636238e-9	0	0	0	0	0.24945044907731515	0	0	0	0	0	0	0	0.24607008813585968	2.8025519520500866e-6	0	3.0950171266305464e-99	3.0950171266305464e-99	3.0950171266305464e-99	0	0	0
0.0005011872336272725	2.2214368211091905e-9	2.2214368211091905e-9	0	0	0	0	0.25566632528992195	0	0	0	0	0	0	0	0.2523632389903621	4.765740174666471e-6	0	2.8884380444683064e-99	2.8884380444683064e-99	2.8884380444683064e-99	0	0	0
0.0005370317963702533	3.777553774194695e-9	3.777553774194695e-9	0	0	0	0	0.2620370904483426	0	0	0	0	0	0	0	0.25881733483406444	8.104142153659602e-6	0	2.695647227585696e-99	2.695647227585696e-99	2.695647227585696e-99	0	0	0
0.0005754399373371578	6.4237309750756e-9	6.4237309750756e-9	0	0	0	0	0.26923218916993863	0	0	0	0	0	0	0	0.2676322040568585	0.000013781095410078488	0	2.5157243685758344e-99	2.5157243685758344e-99	2.5157243685758344e-99	0	0	0
0.0006165950018614823	1.0923555853004876e-8	1.0923555853004876e-8	0	0	0	0	0.27662485322675057	0	0	0	0	0	0	0	0.276747292426352	0.000023434755597903937	0	2.3478105865931955e-99	2.3478105865931955e-99	2.3478105865931955e-99	0	0	0
0.0006606934480075965	1.8575508989511356e-8	1.8575508989511356e-8	0	0	0	0	0.28619474247722526	0	0	0	0	0	0	0	0.2841711831148853	0.000013577400895510055	0	2.1911043273948054e-99	2.1911043273948054e-99	2.1911043273948054e-99	0	0	0
0.0007079457843841388	3.158765688230503e-8	3.158765688230503e-8	0	0	0	0	0.29609570386094447	0	0	0	0	0	0	0	0.29179422354928225	7.86634254866683e-6	0	2.0448575370360993e-99	2.0448575370360993e-99	2.0448575370360993e-99	0	0	0
0.0007585775750291852	5.37148170678734e-8	5.37148170678734e-8	0	0	0	0	0.3047283523711063	0	0	0	0	0	0	0	0.2994853660972691	7.4383276669555436e-6	0	1.9083720909560806e-99	1.9083720909560806e-99	1.9083720909560806e-99	0	0	0
0.0008128305161640995	9.134205754436221e-8	9.134205754436221e-8	0	0	0	0	0.3136126851148734	0	0	0	0	0	0	0	0.3073792325819193	7.033601465826506e-6	0	1.780996461405712e-99	1.780996461405712e-99	1.780996461405712e-99	0	0	0
0.0008709635899560814	1.5532718776450593e-7	1.5532718776450593e-7	0	0	0	0	0.3215885839166311	0	0	0	0	0	0	0	0.31785855906464394	0.000010680057755419423	0	1.6621226073111019e-99	1.6621226073111019e-99	1.6621226073111019e-99	0	0	0
0.0009332543007969925	2.64133914950543e-7	2.64133914950543e-7	0	0	0	0	0.32976732834522504	0	0	0	0	0	0	0	0.32869515198534194	0.00001621696000452705	0	1.5511830717249929e-99	1.5511830717249929e-99	1.5511830717249929e-99	0	0	0
0.001	4.491597770563758e-7	4.491597770563758e-7	0	0	0	0	0.33838445257104727	0	0	0	0	0	0	0	0.3381573384312681	0.000010057689021617558	0	1.4476482730108395e-99	1.4476482730108395e-99	1.4476482730108395e-99	0	0	0
0.001071519305237607	7.637962938727935e-7	7.637962938727935e-7	0	0	0	0	0.3472267501950227	0	0	0	0	0	0	0	0.34789191396415464	6.237735582213149e-6	0	1.3510239768287017e-99	1.3510239768287017e-99	1.3510239768287017e-99	0	0	0
0.001148153621496884	1.2988357558575272e-6	1.2988357558575272e-6	0	0	0	0	0.3558859867847694	0	0	0	0	0	0	0	0.35755688913230693	6.781278174476992e-6	0	1.2608489368552396e-99	1.2608489368552396e-99	1.2608489368552396e-99	0	0	0
0.0012302687708123836	2.208670471730456e-6	2.208670471730456e-6	0	0	0	0	0.36476116980800666	0	0	0	0	0	0	0	0.3674903722514963	7.372183875630374e-6	0	1.1766926929754653e-99	1.1766926929754653e-99	1.1766926929754653e-99	0	0	0
0.0013182567385564075	3.7558445944330785e-6	3.7558445944330785e-6	0	0	0	0	0.37332200576375413	0	0	0	0	0	0	0	0.37588358727067467	6.571695265538589e-6	0	1.098153516435748e-99	1.098153516435748e-99	1.098153516435748e-99	0	0	0
0.0014125375446227555	6.386814510396576e-6	6.386814510396576e-6	0	0	0	0	0.38208376198823535	0	0	0	0	0	0	0	0.3844684972665862	5.858125542129024e-6	0	1.0248564921490004e-99	1.0248564921490004e-99	1.0248564921490004e-99	0	0	0
0.0015135612484362103	6.890041709867445e-6	6.890041709867445e-6	0	0	0	0	0.3906186585831173	0	0	0	0	0	0	0	0.3934117593297571	3.2974213520717428e-6	0	9.564517289977718e-100	9.564517289977718e-100	9.564517289977718e-100	0	0	0
0.0016218100973589332	7.432918974934394e-6	7.432918974934394e-6	0	0	0	0	0.3993442056770058	0	0	0	0	0	0	0	0.4025630538764717	1.8560523319114687e-6	0	8.926126895918883e-100	8.926126895918883e-100	8.926126895918883e-100	0	0	0
0.0017378008287493763	8.173078753972859e-6	8.173078753972859e-6	0	0	0	0	0.4090707327865583	0	0	0	0	0	0	0	0.41067351325615326	1.6178409505281395e-6	0	8.330346315076003e-100	8.330346315076003e-100	8.330346315076003e-100	0	0	0
0.0018620871366628695	8.98694261889643e-6	8.98694261889643e-6	0	0	0	0	0.4190341616171524	0	0	0	0	0	0	0	0.41894737449478864	1.4102023397746836e-6	0	7.774331525673042e-100	7.774331525673042e-100	7.774331525673042e-100	0	0	0
0.001995262314968883	5.068275239563931e-6	5.068275239563931e-6	0	0	0	0	0.42747496140952557	0	0	0	0	0	0	0	0.4270237887367082	2.07046350261383e-6	0	7.255428332155996e-100	7.255428332155996e-100	7.255428332155996e-100	0	0	0
0.0021379620895022326	2.8583039853804666e-6	2.8583039853804666e-6	0	0	0	0	0.43608578815354365	0	0	0	0	0	0	0	0.43525589906596024	3.0398610147965055e-6	0	6.771159695108933e-100	6.771159695108933e-100	6.771159695108933e-100	0	0	0
0.0022908676527677745	2.5064357201876447e-6	2.5064357201876447e-6	0	0	0	0	0.4435032976188993	0	0	0	0	0	0	0	0.44303864089010275	5.088588700251061e-6	0	6.31921390684365e-100	6.31921390684365e-100	6.31921390684365e-100	0	0	0
0.0024547089156850338	2.1978837980720842e-6	2.1978837980720842e-6	0	0	0	0	0.4510469736509336	0	0	0	0	0	0	0	0.4509605446886868	8.518065409663565e-6	0	5.89743355621799e-100	5.89743355621799e-100	5.89743355621799e-100	0	0	0
0.002630267991895387	3.2358307618801783e-6	3.2358307618801783e-6	0	0	0	0	0.4575296668806888	0	0	0	0	0	0	0	0.45718050218962697	0.00001005448074655275	0	5.503805230004929e-100	5.503805230004929e-100	5.503805230004929e-100	0	0	0
0.002818382931264455	4.763946450997309e-6	4.763946450997309e-6	0	0	0	0	0.4641055329149773	0	0	0	0	0	0	0	0.46348624961558255	0.00001186802146037906	0	5.136449901651081e-100	5.136449901651081e-100	5.136449901651081e-100	0	0	0
0.003019951720402019	6.106475849111248e-6	6.106475849111248e-6	0	0	0	0	0.4692110157805395	0	0	0	0	0	0	0	0.4683588532835314	0.000010255179990995437	0	4.79361396154415e-100	4.79361396154415e-100	4.79361396154415e-100	0	0	0
0.0032359365692962876	7.827343921544833e-6	7.827343921544833e-6	0	0	0	0	0.4743726624998847	0	0	0	0	0	0	0	0.47328268234710863	8.86152059960589e-6	0	4.473660845971577e-100	4.473660845971577e-100	4.473660845971577e-100	0	0	0
0.0034673685045253167	9.46248924159973e-6	9.46248924159973e-6	0	0	0	0	0.47887484682182463	0	0	0	0	0	0	0	0.477409744040098	9.087204985233734e-6	0	4.175063224810086e-100	4.175063224810086e-100	4.175063224810086e-100	0	0	0
0.003715352290971728	0.000011439219171261293	0.000011439219171261293	3.896395710653365e-100	3.896395710653365e-100	0	0	0.48341976055309	0	0	0	0	0	0	0	0.48157279403110254	9.31863707988554e-6	0	3.896395710653365e-100	3.896395710653365e-100	3.896395710653365e-100	0	0	0
0.003981071705534978	0.000012361966119007814	0.000012361966119007814	3.6363280545741987e-100	3.6363280545741987e-100	0	0	0.4861801098578159	0	0	0	0	0	0	0	0.4838991405745145	0.000010890794408991218	0	3.6363280545741987e-100	3.6363280545741987e-100	3.6363280545741987e-100	0	0	0
0.004265795188015935	0.000013359146637510059	0.000013359146637510059	3.3936187960401246e-100	3.3936187960401246e-100	0	0	0.48895622088538776	0	0	0	0	0	0	0	0.4862367250622355	0.00001272819209956525	0	3.3936187960401246e-100	3.3936187960401246e-100	3.3936187960401246e-100	0	0	0
0.004570881896148752	0.000011659590564319108	0.000011659590564319108	3.1671093366699576e-100	3.1671093366699576e-100	0	0	0.4899511107979914	0	0	0	0	0	0	0	0.48804092899611323	0.000016779669667162495	0	3.1671093366699576e-100	3.1671093366699576e-100	3.1671093366699576e-100	0	0	0
0.004897788193684466	0.000010176252706579836	0.000010176252706579836	2.9557184095415427e-100	2.9557184095415427e-100	0	0	0.490948025034852	0	0	0	0	0	0	0	0.4898518275124188	0.000022120762472520643	0	2.9557184095415427e-100	2.9557184095415427e-100	2.9557184095415427e-100	0	0	0
0.005248074602497733	6.125518786247288e-6	6.125518786247288e-6	2.7584369176494856e-100	2.7584369176494856e-100	0	0	0.4907347537458652	0	0	0	0	0	0	0	0.49068170216035883	0.000022442130804138554	0	2.7584369176494856e-100	2.7584369176494856e-100	2.7584369176494856e-100	0	0	0
0.005623413251903491	3.687209966435632e-6	3.687209966435632e-6	2.574323116873581e-100	2.574323116873581e-100	0	0	0.4905215751034328	0	0	0	0	0	0	0	0.49151298272717636	0.000022768167944288535	0	2.574323116873581e-100	2.574323116873581e-100	2.574323116873581e-100	0	0	0
0.0060255958607435805	3.7970170700015265e-6	3.7970170700015265e-6	2.4024981204633833e-100	2.4024981204633833e-100	0	0	0.4896719420944196	0	0	0	0	0	0	0	0.49020877085526465	0.000025727746263553553	0	2.4024981204633833e-100	2.4024981204633833e-100	2.4024981204633833e-100	0	0	0
0.006456542290346563	3.91009428839769e-6	3.91009428839769e-6	2.2421417035791383e-100	2.2421417035791383e-100	0	0	0.488823780735761	0	0	0	0	0	0	0	0.4889080196622494	0.000029072032911099348	0	2.2421417035791383e-100	2.2421417035791383e-100	2.2421417035791383e-100	0	0	0
0.006918309709189377	4.28997216749436e-6	4.28997216749436e-6	2.0924883878615214e-100	2.0924883878615214e-100	0	0	0.4858859783667916	0	0	0	0	0	0	0	0.486194551592661	0.000030186740399413134	0	2.0924883878615214e-100	2.0924883878615214e-100	2.0924883878615214e-100	0	0	0
0.007413102413009177	4.706756369657232e-6	4.706756369657232e-6	1.9528237873395306e-100	1.9528237873395306e-100	0	0	0.48296583201845616	0	0	0	0	0	0	0	0.48349614342937075	0.00003134418906060262	0	1.9528237873395306e-100	1.9528237873395306e-100	1.9528237873395306e-100	0	0	0
0.00794328234724282	4.040052580295933e-6	4.040052580295933e-6	1.8224811982332845e-100	1.8224811982332845e-100	0	0	0.47813232961169855	0	0	0	0	0	0	0	0.47846191781085434	0.00003253098445056898	0	1.8224811982332845e-100	1.8224811982332845e-100	1.8224811982332845e-100	0	0	0
0.008511380382023776	3.4677862140428656e-6	3.4677862140428656e-6	1.7008384163728655e-100	1.7008384163728655e-100	0	0	0.47334720070047065	0	0	0	0	0	0	0	0.47348010921349193	0.00003376271586663319	0	1.7008384163728655e-100	1.7008384163728655e-100	1.7008384163728655e-100	0	0	0
0.009120108393559097	3.5839815587177267e-6	3.5839815587177267e-6	1.5873147670407223e-100	1.5873147670407223e-100	0	0	0.46624321994401957	0	0	0	0	0	0	0	0.46697380346082396	0.000034234314256828965	0	1.5873147670407223e-100	1.5873147670407223e-100	1.5873147670407223e-100	0	0	0
0.009772372209558112	3.7040702685802874e-6	3.7040702685802874e-6	1.4813683330593272e-100	1.4813683330593272e-100	0	0	0.4592458555201743	0	0	0	0	0	0	0	0.4605569038177758	0.00003471249994416381	0	1.4813683330593272e-100	1.4813683330593272e-100	1.4813683330593272e-100	0	0	0
0.010471285480509006	3.689495224223816e-6	3.689495224223816e-6	1.3824933678920856e-100	1.3824933678920856e-100	0	0	0.45126772032924517	0	0	0	0	0	0	0	0.45252480822213337	0.000032122643943864894	0	1.3824933678920856e-100	1.3824933678920856e-100	1.3824933678920856e-100	0	0	0
0.011220184543019653	3.6749775308090583e-6	3.6749775308090583e-6	1.290217881408605e-100	1.290217881408605e-100	0	0	0.44342818332131434	0	0	0	0	0	0	0	0.4446327920805665	0.000029726013845275088	0	1.290217881408605e-100	1.290217881408605e-100	1.290217881408605e-100	0	0	0
0.012022644346174132	4.696708816705922e-6	4.696708816705922e-6	1.2041013867897646e-100	1.2041013867897646e-100	0	0	0.4342715614758648	0	0	0	0	0	0	0	0.4349082165943522	0.00003411065647103753	0	1.2041013867897646e-100	1.2041013867897646e-100	1.2041013867897646e-100	0	0	0
0.01288249551693135	6.002505736155366e-6	6.002505736155366e-6	1.1237327978171683e-100	1.1237327978171683e-100	0	0	0.4253040203581954	0	0	0	0	0	0	0	0.425396327554283	0.00003914204208278286	0	1.1237327978171683e-100	1.1237327978171683e-100	1.1237327978171683e-100	0	0	0
0.013803842646028866	6.923710716935963e-6	6.923710716935963e-6	1.0487284665095074e-100	1.0487284665095074e-100	0	0	0.41489791670864656	0	0	0	0	0	0	0	0.4147836408286608	0.000043368461147735594	0	1.0487284665095074e-100	1.0487284665095074e-100	1.0487284665095074e-100	0	0	0
0.014791083881682071	7.986293091411251e-6	7.986293091411251e-6	9.787303517382325e-101	9.787303517382325e-101	0	0	0.4047464238503952	0	0	0	0	0	0	0	0.40443571689538355	0.00004805123397355787	0	9.787303517382325e-101	9.787303517382325e-101	9.787303517382325e-101	0	0	0
0.01584893192461114	7.163215941000103e-6	7.163215941000103e-6	9.134043100802566e-101	9.134043100802566e-101	0	0	0.3931374996977348	0	0	0	0	0	0	0	0.39319400930354514	0.00005318107596267886	0	9.134043100802566e-101	9.134043100802566e-101	9.134043100802566e-101	0	0	0
0.01698243652461746	6.424966130103641e-6	6.424966130103641e-6	8.524385007489074e-101	8.524385007489074e-101	0	0	0.3818615423411739	0	0	0	0	0	0	0	0.3822647765607396	0.00005885856837942111	0	8.524385007489074e-101	8.524385007489074e-101	8.524385007489074e-101	0	0	0
0.018197008586099864	6.000749446539254e-6	6.000749446539254e-6	7.955418969888563e-101	7.955418969888563e-101	0	0	0.36983235401070635	0	0	0	0	0	0	0	0.3699246171238686	0.00006399499596945154	0	7.955418969888563e-101	7.955418969888563e-101	7.955418969888563e-101	0	0	0
0.019498445997580455	5.60454221718369e-6	5.60454221718369e-6	7.424428968290482e-101	7.424428968290482e-101	0	0	0.358182102430462	0	0	0	0	0	0	0	0.3579828190958032	0.00006957966566108282	0	7.424428968290482e-101	7.424428968290482e-101	7.424428968290482e-101	0	0	0
0.02089296130854041	4.860479127354875e-6	4.860479127354875e-6	6.928880265618854e-101	6.928880265618854e-101	0	0	0.3455096687520294	0	0	0	0	0	0	0	0.34572170865547797	0.00007590371626130375	0	6.928880265618854e-101	6.928880265618854e-101	6.928880265618854e-101	0	0	0
0.022387211385683423	4.215198393014126e-6	4.215198393014126e-6	6.466407307596192e-101	6.466407307596192e-101	0	0	0.33328558403979175	0	0	0	0	0	0	0	0.33388054805969986	0.00008280255571131516	0	6.466407307596192e-101	6.466407307596192e-101	6.466407307596192e-101	0	0	0
0.02398832919019495	5.0289673071303445e-6	5.0289673071303445e-6	6.034802430519233e-101	6.034802430519233e-101	0	0	0.3203085549452446	0	0	0	0	0	0	0	0.3212652321421862	0.00009067812605636793	0	6.034802430519233e-101	6.034802430519233e-101	6.034802430519233e-101	0	0	0
0.025703957827688646	5.99983911032509e-6	5.99983911032509e-6	5.6320053227422164e-101	5.6320053227422164e-101	0	0	0.3078368080836687	0	0	0	0	0	0	0	0.30912657231207763	0.00009930276275241698	0	5.6320053227422164e-101	5.6320053227422164e-101	5.6320053227422164e-101	0	0	0
0.02754228703338169	5.942580895641543e-6	5.942580895641543e-6	5.2560931895607165e-101	5.2560931895607165e-101	0	0	0.29488315707985563	0	0	0	0	0	0	0	0.2962647537913979	0.0001069994614461141	0	5.2560931895607165e-101	5.2560931895607165e-101	5.2560931895607165e-101	0	0	0
0.0295120922666639	5.885869112802007e-6	5.885869112802007e-6	4.905271574547311e-101	4.905271574547311e-101	0	0	0.28247459058160634	0	0	0	0	0	0	0	0.2839380765056551	0.00011529271122398678	0	4.905271574547311e-101	4.905271574547311e-101	4.905271574547311e-101	0	0	0
0.03162277660168379	6.2130207805933255e-6	6.2130207805933255e-6	4.577865793523512e-101	4.577865793523512e-101	0	0	0.2697262679692625	0	0	0	0	0	0	0	0.27109783555442224	0.00012450353084994602	0	4.577865793523512e-101	4.577865793523512e-101	4.577865793523512e-101	0	0	0
0.03388441561392028	6.558356375292883e-6	6.558356375292883e-6	4.2723129402772457e-101	4.2723129402772457e-101	0	0	0.25755328818366174	0	0	0	0	0	0	0	0.2588382556744858	0.000134450209640646	0	4.2723129402772457e-101	4.2723129402772457e-101	4.2723129402772457e-101	4.2723129402772457e-11	4.2723129402772457e-11	4.2723129402772457e-11
0.03630780547701017	6.506732203799105e-6	6.506732203799105e-6	3.9871544258643756e-101	3.9871544258643756e-101	0	0	0.2447266609286942	0	0	0	0	0	0	0	0.24628349517869724	0.00014815667893835634	0	3.9871544258643756e-101	3.9871544258643756e-101	3.9871544258643756e-101	3.987154425864376e-11	3.987154425864376e-11	3.987154425864376e-11
0.038904514499428125	6.45551439251661e-6	6.45551439251661e-6	3.721029015879684e-101	3.721029015879684e-101	0	0	0.23253882329236492	0	0	0	0	0	0	0	0.23433769416880798	0.0001632604484047403	0	3.721029015879684e-101	3.721029015879684e-101	3.721029015879684e-101	3.721029015879684e-11	3.721029015879684e-11	3.721029015879684e-11
0.04168693834703355	5.8942133614197615e-6	5.8942133614197615e-6	3.4726663324601146e-101	3.4726663324601146e-101	0	0	0.22031095057809746	0	0	0	0	0	0	0	0.2217231887443039	0.00016904268901509305	0	3.4726663324601146e-101	3.4726663324601146e-101	3.4726663324601146e-101	3.472666332460115e-11	3.472666332460115e-11	3.472666332460115e-11
0.04466835921509635	5.381716938035591e-6	5.381716938035591e-6	3.2408807900013144e-101	3.2408807900013144e-101	0	0	0.20872607101654014	0.21010808284272287	0	0	0	0	0	0	0.20978772792536007	0.00017502972084587116	0	3.2408807900013144e-101	3.2408807900013144e-101	3.2408807900013144e-101	3.2408807900013146e-11	3.2408807900013146e-11	3.2408807900013146e-11
0.0478630092322639	4.547319974936882e-6	4.547319974936882e-6	3.024565935639075e-101	3.024565935639075e-101	0	0	0.19697171091161952	0.19821493484649194	0	0	0	0	0	0	0.19802632504755718	0.00018194833816332582	0	3.024565935639075e-101	3.024565935639075e-101	3.024565935639075e-101	3.024565935639075e-11	3.024565935639075e-11	3.024565935639075e-11
0.05128613839913648	3.842290330863801e-6	3.842290330863801e-6	2.822689167479246e-101	2.822689167479246e-101	0	0	0.18587929485999	0.1869949973586173	0	0	0	0	0	0	0.18692430581922714	0.00018914043626652334	0	2.822689167479246e-101	2.822689167479246e-101	2.822689167479246e-101	2.822689167479246e-11	2.822689167479246e-11	2.822689167479246e-11
0.05495408738576248	3.945062476282824e-6	3.945062476282824e-6	2.6342868053630827e-101	2.6342868053630827e-101	0	0	0.1744624992481064	0.17556469427354177	0	0	0	0	0	0	0.17566957154482335	0.00020016027485891905	0	2.6342868053630827e-101	2.6342868053630827e-101	2.6342868053630827e-101	2.6342868053630825e-11	2.6342868053630825e-11	2.6342868053630825e-11
0.05888436553555896	4.050583532628539e-6	4.050583532628539e-6	2.4584594906378616e-101	2.4584594906378616e-101	0	0	0.1637469287088792	0.16483308276023123	0	0	0	0	0	0	0.16509248613492808	0.00021182215935646064	0	2.4584594906378616e-101	2.4584594906378616e-101	2.4584594906378616e-101	2.4584594906378616e-11	2.4584594906378616e-11	2.4584594906378616e-11
0.06309573444801943	3.6834084147015135e-6	3.6834084147015135e-6	2.2943678929729628e-101	2.2943678929729628e-101	2.983472841575441e-6	2.983472841575441e-6	0.1529878901692778	0.15420313938627223	0	0	0	0	0	0	0.1544464783247599	0.00022193641737013726	0	2.2943678929729628e-101	2.2943678929729628e-101	2.2943678929729628e-101	2.294367892972963e-11	2.294367892972963e-11	2.294367892972963e-11
0.06760829753919818	3.3495167894216014e-6	3.3495167894216014e-6	2.1412287037275514e-101	2.1412287037275514e-101	2.6499077170368597e-6	2.6499077170368597e-6	0.14293577731805054	0.14425871189444953	0	0	0	0	0	0	0.1444869795432436	0.00023253361926219688	0	2.1412287037275514e-101	2.1412287037275514e-101	2.1412287037275514e-101	2.1412287037275514e-11	2.1412287037275514e-11	2.1412287037275514e-11
0.07244359600749906	2.815846794470067e-6	2.815846794470067e-6	1.9983108967437025e-101	1.9983108967437025e-101	2.482148653150985e-6	2.482148653150985e-6	0.13289038059971234	0.1343208616747143	0	0	0	0	0	0	0.13439328580848856	0.00024096976370829195	0	1.9983108967437025e-101	1.9983108967437025e-101	1.9983108967437025e-101	1.9983108967437024e-11	1.9983108967437024e-11	1.9983108967437024e-11
0.07762471166286927	2.367205083123803e-6	2.367205083123803e-6	1.864932238715551e-101	1.864932238715551e-101	2.325009998170263e-6	2.325009998170263e-6	0.12355096524672714	0.12506762083276246	0	0	0	0	0	0	0.12500472587563802	0.00024971196511656355	0	1.864932238715551e-101	1.864932238715551e-101	1.864932238715551e-101	1.864932238715551e-11	1.864932238715551e-11	1.864932238715551e-11
0.08317637711026708	2.184967517004378e-6	2.184967517004378e-6	1.7404560324762515e-101	1.7404560324762515e-101	2.0523727088848108e-6	2.0523727088848108e-6	0.11426105326766671	0.11576820495009875	0	0	0	0	0	0	0.1156716871321606	0.00025303631057532104	0	1.7404560324762515e-101	1.7404560324762515e-101	1.7404560324762515e-101	1.7404560324762513e-11	1.7404560324762513e-11	1.7404560324762513e-11
0.08912509381337459	2.0167593777148817e-6	2.0167593777148817e-6	1.6242880776565282e-101	1.6242880776565282e-101	1.8117056440574889e-6	1.8117056440574889e-6	0.10566965840991177	0.10716024809722136	0	0	0	0	0	0	0.10703546694155833	0.00025640491211417467	0	1.6242880776565282e-101	1.6242880776565282e-101	1.6242880776565282e-101	1.624288077656528e-11	1.624288077656528e-11	1.624288077656528e-11
0.09549925860214369	1.935239318730672e-6	1.935239318730672e-6	1.515873834206231e-101	1.515873834206231e-101	1.8536755969230085e-6	1.8536755969230085e-6	0.09714801866384706	0.0986959434565381	0	0	0	0	0	0	0.09853011204877507	0.0002578576148553401	0	1.515873834206231e-101	1.515873834206231e-101	1.515873834206231e-101	1.5158738342062313e-11	1.5158738342062313e-11	1.5158738342062313e-11
0.10232929922807536	1.8570144074424242e-6	1.8570144074424242e-6	1.414695775238592e-101	1.414695775238592e-101	1.896617825251332e-6	1.896617825251332e-6	0.08931359930871074	0.09090021185784063	0	0	0	0	0	0	0.09070061782086572	0.00025931854811454347	0	1.414695775238592e-101	1.414695775238592e-101	1.414695775238592e-101	1.414695775238592e-11	1.414695775238592e-11	1.414695775238592e-11
0.10964781961431873	1.5553021799129433e-6	1.5553021799129433e-6	1.320270916560746e-101	1.320270916560746e-101	1.9202040448261414e-6	1.9202040448261414e-6	0.08146268738260246	0.08316541303486405	0	0	0	0	0	0	0.08296820599410132	0.0002593987278028302	0	1.320270916560746e-101	1.320270916560746e-101	1.320270916560746e-101	1.320270916560746e-11	1.320270916560746e-11	1.320270916560746e-11
0.11748975549395303	1.3026096411247023e-6	1.3026096411247023e-6	1.2321485110975033e-101	1.2321485110975033e-101	1.944083581138997e-6	1.944083581138997e-6	0.07430189228695017	0.07608877673548554	0	0	0	0	0	0	0.0758949979753728	0.0002594789322821795	0	1.2321485110975033e-101	1.2321485110975033e-101	1.2321485110975033e-101	1.2321485110975034e-11	1.2321485110975034e-11	1.2321485110975034e-11
0.12589254117941662	1.193023009621972e-6	1.193023009621972e-6	1.149907897202356e-101	1.149907897202356e-101	1.587674734312357e-6	1.587674734312357e-6	0.06732088974177172	0.06917069275960068	0	0	0	0	0	0	0.0690088526038919	0.00025054808106426876	0	1.149907897202356e-101	1.149907897202356e-101	1.149907897202356e-101	1.149907897202356e-11	1.149907897202356e-11	1.149907897202356e-11
0.1348962882591656	1.0926557401022704e-6	1.0926557401022704e-6	1.0731564905845199e-101	1.0731564905845199e-101	1.2966063220887634e-6	1.2966063220887634e-6	0.06099578430817087	0.06288160937947707	0	0	0	0	0	0	0.06274750464122743	0.00024192461550874968	0	1.0731564905845199e-101	1.0731564905845199e-101	1.0731564905845199e-101	1.0731564905845199e-11	1.0731564905845199e-11	1.0731564905845199e-11
0.1445439770745928	1.0753871390106704e-6	1.0753871390106704e-6	1.0015279102662103e-101	1.0015279102662103e-101	1.0610341633158044e-6	1.0610341633158044e-6	0.05490537956042598	0.0567199966639838	0	0	0	0	0	0	0.05662635932830428	0.00022948236752425908	0	1.0015279102662103e-101	1.0015279102662103e-101	1.0015279102662103e-101	1.0015279102662103e-11	1.0015279102662103e-11	1.0015279102662103e-11
0.15488166189124797	1.0583914551543132e-6	1.0583914551543132e-6	9.34680229624165e-102	9.34680229624165e-102	8.682616122908289e-7	8.682616122908289e-7	0.04942309929885782	0.05116214507404658	0	0	0	0	0	0	0.05110234405515172	0.00021768002769703476	0	9.34680229624165e-102	9.34680229624165e-102	9.34680229624165e-102	9.34680229624165e-12	9.34680229624165e-12	9.34680229624165e-12
0.1659586907437563	8.045882178636879e-7	8.045882178636879e-7	8.72294344166669e-102	8.72294344166669e-102	7.648361502599967e-7	7.648361502599967e-7	0.0441346768303027	0.04581434583367229	0	0	0	0	0	0	0.045824018176822426	0.000203070154916323	0	8.72294344166669e-102	8.72294344166669e-102	8.72294344166669e-102	8.72294344166669e-12	8.72294344166669e-12	8.72294344166669e-12
0.1778279410038923	6.11647228605683e-7	6.11647228605683e-7	8.140724482544357e-102	8.140724482544357e-102	6.737305075611232e-7	6.737305075611232e-7	0.039412131706606394	0.04102553325568226	0.02578008379634117	0	0	0	0	0	0.04109088693864087	0.00018944084238694427	0	8.140724482544357e-102	8.140724482544357e-102	8.140724482544357e-102	8.140724482544357e-12	8.140724482544357e-12	8.140724482544357e-12
0.1905460717963252	6.486905820202073e-7	6.486905820202073e-7	7.59736613493786e-102	7.59736613493786e-102	5.945201213730438e-7	5.945201213730438e-7	0.034924660175073854	0.03648659435599392	0.02101816655034912	0	0	0	0	0	0.03656810646757327	0.00017506482855870895	0	7.59736613493786e-102	7.59736613493786e-102	7.59736613493786e-102	7.59736613493786e-12	7.59736613493786e-12	7.59736613493786e-12
0.20417379446695316	6.87977401877503e-7	6.87977401877503e-7	7.090274620160182e-102	7.090274620160182e-102	5.24622487405106e-7	5.24622487405106e-7	0.030948132859810365	0.032449829704881875	0.017135837440564006	0	0	0	0	0	0.032543138156657526	0.00016177976096458954	0	7.090274620160182e-102	7.090274620160182e-102	7.090274620160182e-102	7.0902746201601825e-12	7.0902746201601825e-12	7.0902746201601825e-12
0.21877616239495518	5.838154222875088e-7	5.838154222875088e-7	6.6170292830962515e-102	6.6170292830962515e-102	4.1190902468820463e-7	4.1190902468820463e-7	0.02724309200779402	0.028668659934637256	0.013673428547050864	0	0	0	0	0	0.028766618484347542	0.00014897408282934697	0	6.6170292830962515e-102	6.6170292830962515e-102	6.6170292830962515e-102	6.617029283096251e-12	6.617029283096251e-12	6.617029283096251e-12
0.23442288153199276	4.954238996376598e-7	4.954238996376598e-7	6.17537103694919e-102	6.17537103694919e-102	3.234116887722507e-7	3.234116887722507e-7	0.02398161031255416	0.025328085537663723	0.01091062219046992	0	0	0	0	0	0.02542835097956616	0.00013718203823840904	0	6.17537103694919e-102	6.17537103694919e-102	6.17537103694919e-102	6.17537103694919e-12	6.17537103694919e-12	6.17537103694919e-12
0.25118864315095824	4.021211928850964e-7	4.021211928850964e-7	5.763191579250015e-102	5.763191579250015e-102	1.8622845364225902e-7	1.8622845364225902e-7	0.020965262865186074	0.022226394374067936	0.00847746579986018	0	0	0	0	0	0.022287947380195346	0.00012484743417408875	0	5.763191579250015e-102	5.763191579250015e-102	5.763191579250015e-102	5.763191579250015e-12	5.763191579250015e-12	5.763191579250015e-12
0.2691534803926914	3.263900952004883e-7	3.263900952004883e-7	5.378523327652086e-102	5.378523327652086e-102	1.0723495207500013e-7	1.0723495207500013e-7	0.018328304116269196	0.01950453800138133	0.006586922829256518	0	0	0	0	0	0.019535383903641238	0.00011362188534307189	0	5.378523327652086e-102	5.378523327652086e-102	5.378523327652086e-102	5.378523327652086e-12	5.378523327652086e-12	5.378523327652086e-12
0.28840315031266117	3.048024533952858e-7	3.048024533952858e-7	5.019530027468241e-102	5.019530027468241e-102	6.123576214791295e-8	6.123576214791295e-8	0.01588383678770134	0.016937004514839885	0.0049405812028332895	0	0	0	0	0	0.016963685860807445	0.00010112027307478402	0	5.019530027468241e-102	5.019530027468241e-102	5.019530027468241e-102	5.019530027468241e-12	5.019530027468241e-12	5.019530027468241e-12
0.30902954325135923	2.846426315073024e-7	2.846426315073024e-7	4.6844979861143805e-102	4.6844979861143805e-102	3.4968249561143845e-8	3.4968249561143845e-8	0.013765390922032153	0.014707455358101439	0.0037057277357756993	0	0	0	0	0	0.014730534060839384	0.00008999419078326743	0	4.6844979861143805e-102	4.6844979861143805e-102	4.6844979861143805e-102	4.6844979861143805e-12	4.6844979861143805e-12	4.6844979861143805e-12
0.3311311214825908	2.718606040566404e-7	2.718606040566404e-7	4.371827892616096e-102	4.371827892616096e-102	3.181440953616173e-8	3.181440953616173e-8	0.01174860472217356	0.01259933112112362	0.002656085122596622	0	0	0	0	0	0.012615526625549786	0.00007824326003693837	0	4.371827892616096e-102	4.371827892616096e-102	4.371827892616096e-102	4.371827892616096e-12	4.371827892616096e-12	4.371827892616096e-12
0.354813389233576	2.596525602881951e-7	2.596525602881951e-7	4.080027183128207e-102	4.080027183128207e-102	2.894501917703373e-8	2.894501917703373e-8	0.010027300619334704	0.010793379332766128	0.001903752429076445	0	0	0	0	0	0.010804191578026527	0.00006802669914496489	0	4.080027183128207e-102	4.080027183128207e-102	4.080027183128207e-102	4.080027183128207e-12	4.080027183128207e-12	4.080027183128207e-12
0.38018939632056126	1.7263311670346788e-7	1.7263311670346788e-7	3.807702916023037e-102	3.807702916023037e-102	2.4554208830355156e-8	2.4554208830355156e-8	0.008356531154295207	0.009059278341522165	0.001292037260745605	0	0	0	0	0	0.009078106796196661	0.0000588259824022832	0	3.807702916023037e-102	3.807702916023037e-102	3.807702916023037e-102	3.807702916023037e-12	3.807702916023037e-12	3.807702916023037e-12
0.40738027780411384	1.1477719668804521e-7	1.1477719668804521e-7	3.5535551225357342e-102	3.5535551225357342e-102	2.0829461801257e-8	2.0829461801257e-8	0.00696414873590763	0.0076037839066792675	0.0008768788723042159	0	0	0	0	0	0.007627782459055979	0.00005086967689288273	0	3.5535551225357342e-102	3.5535551225357342e-102	3.5535551225357342e-102	3.5535551225357345e-12	3.5535551225357345e-12	3.5535551225357345e-12
0.43651583224016655	1.0079277451812731e-7	1.0079277451812731e-7	3.316370601225657e-102	3.316370601225657e-102	1.0670248372909653e-8	1.0670248372909653e-8	0.0056248935804915304	0.006202513433789613	0.0005554749094835636	0	0	0	0	0	0.0062110557473180885	0.000043280792836759446	0	3.316370601225657e-102	3.316370601225657e-102	3.316370601225657e-102	3.3163706012256574e-12	3.3163706012256574e-12	3.3163706012256574e-12
0.4677351412871981	8.851221051054125e-8	8.851221051054125e-8	3.0950171266305524e-102	3.0950171266305524e-102	5.466017385658547e-9	5.466017385658547e-9	0.0045431866824899615	0.005059477408681624	0.0003518757091900004	0	0	0	0	0	0.00505746115641943	0.00003682404023369321	0	3.0950171266305524e-102	3.0950171266305524e-102	3.0950171266305524e-102	3.0950171266305525e-12	3.0950171266305525e-12	3.0950171266305525e-12
0.5011872336272735	6.407319861939297e-8	6.407319861939297e-8	2.888438044468301e-102	2.888438044468301e-102	2.801156843883992e-9	2.801156843883992e-9	0.0034977347995913304	0.003958078703846209	0.00020759577628489095	0	0	0	0	0	0.0039531684892998	0.000030323900837213314	0	2.888438044468301e-102	2.888438044468301e-102	2.888438044468301e-102	2.888438044468301e-12	2.888438044468301e-12	2.888438044468301e-12
0.5370317963702532	4.638201619460533e-8	4.638201619460533e-8	2.6956472275856967e-102	2.6956472275856967e-102	1.4355021417651605e-9	1.4355021417651605e-9	0.0026928562665990354	0.0030964437155028978	0.00012247508198429658	0	0	0	0	0	0.003089997257805344	0.000024971158953487083	0	2.6956472275856967e-102	2.6956472275856967e-102	2.6956472275856967e-102	2.695647227585697e-12	2.695647227585697e-12	2.695647227585697e-12
0.5754399373371566	4.090705961709528e-8	4.090705961709528e-8	2.51572436857584e-102	2.51572436857584e-102	7.362068710243113e-10	7.362068710243113e-10	0.001982243391682463	0.0023244887460950377	0.00006889410688565749	0	0	0	0	0	0.002318781592906006	0.000019825258781702888	0	2.51572436857584e-102	2.51572436857584e-102	2.51572436857584e-102	2.51572436857584e-12	2.51572436857584e-12	2.51572436857584e-12
0.6165950018614835	2.1002310139023694e-8	2.1002310139023694e-8	2.347810586593191e-102	2.347810586593191e-102	3.779798689141414e-10	3.779798689141414e-10	0.001406189168291433	0.001682635543295022	0.000037596194613706644	0	0	0	0	0	0.001683666281639236	0.000015785157068629603	0	2.347810586593191e-102	2.347810586593191e-102	2.347810586593191e-102	2.347810586593191e-12	2.347810586593191e-12	2.347810586593191e-12
0.6606934480075964	1.0804430635646618e-8	1.0804430635646618e-8	2.191104327394805e-102	2.191104327394805e-102	1.9444800349679452e-10	1.9444800349679452e-10	0.0009591640386504353	0.0011716342091239566	0.000020268718198719873	0	0	0	0	0	0.0011740602861031076	0.000012229355567147023	0	2.191104327394805e-102	2.191104327394805e-102	2.191104327394805e-102	2.191104327394805e-12	2.191104327394805e-12	2.191104327394805e-12
0.7079457843841374	5.578660987432886e-9	5.578660987432886e-9	2.044857537036103e-102	2.044857537036103e-102	1.0039950533005212e-10	1.0039950533005212e-10	0.0006243352862670692	0.0007767415581555391	0.000010768882431476183	0	0	0	0	0	0.0007787991907262364	8.805989922682324e-6	0	2.044857537036103e-102	2.044857537036103e-102	2.044857537036103e-102	2.044857537036103e-12	2.044857537036103e-12	2.044857537036103e-12
0.7585775750291851	2.9001004276435812e-9	2.9001004276435812e-9	1.908372090956081e-102	1.908372090956081e-102	5.219328598722979e-11	5.219328598722979e-11	0.0003835098381845011	0.0004871563658665787	5.73206489027314e-6	0	0	0	0	0	0.00048803143572152927	6.125484890843833e-6	0	1.908372090956081e-102	1.908372090956081e-102	1.908372090956081e-102	1.9083720909560812e-12	1.9083720909560812e-12	1.9083720909560812e-12
0.8128305161640995	1.5270725497050098e-9	1.5270725497050098e-9	1.7809964614057115e-102	1.7809964614057115e-102	2.748281871561351e-11	2.748281871561351e-11	0.00022317857504545335	0.0002886364615206076	3.0182675274374294e-6	0	0	0	0	0	0.00028777473362424385	3.6872189775762553e-6	0	1.7809964614057115e-102	1.7809964614057115e-102	1.7809964614057115e-102	1.7809964614057115e-12	1.7809964614057115e-12	1.7809964614057115e-12
0.8709635899560796	8.242998950442699e-10	8.242998950442699e-10	1.6621226073111052e-102	1.6621226073111052e-102	1.4834975972279293e-11	1.4834975972279293e-11	0.00012556767114637872	0.0001644170290482662	1.629233402540571e-6	0	0	0	0	0	0.00016323796189523623	1.9903273206033803e-6	0	1.6621226073111052e-102	1.6621226073111052e-102	1.6621226073111052e-102	1.6621226073111052e-12	1.6621226073111052e-12	1.6621226073111052e-12
0.9332543007969925	4.681772314036345e-10	4.681772314036345e-10	1.5511830717249929e-102	1.5511830717249929e-102	8.425814464368104e-12	8.425814464368104e-12	0.00007188521967379377	0.00009455752120297728	9.253549445991408e-7	0	0	0	0	0	0.00009382714054395106	1.1304452907846858e-6	0	1.5511830717249929e-102	1.5511830717249929e-102	1.5511830717249929e-102	1.5511830717249929e-12	1.5511830717249929e-12	1.5511830717249929e-12