1.e-9	0	0	0	0	0	0	0.0001790472429008275	0	0	0	0	0	0	0	3.023540808336402e-6	1.6918448274862538e-12	0	1.0103809435390255e-10	1.0103809435390255e-10	1.0103809435390255e-10	0	0	0
1.0715193052376092e-9	0	0	0	0	0	0	0.00020975488235536841	0	0	0	0	0	0	0	4.755985537300142e-6	2.876982479398848e-12	0	1.7181530036648018e-10	1.7181530036648018e-10	1.7181530036648018e-10	0	0	0
1.148153621496884e-9	0	0	0	0	0	0	0.0002457290598788114	0	0	0	0	0	0	0	7.481095796240392e-6	4.8923093018320465e-12	0	2.921719538436794e-10	2.921719538436794e-10	2.921719538436794e-10	0	0	0
1.2302687708123811e-9	0	0	0	0	0	0	0.0002878730172612894	0	0	0	0	0	0	0	0.000011767654437464989	8.319372980608224e-12	0	4.968384679988218e-10	4.968384679988218e-10	4.968384679988218e-10	0	0	0
1.31825673855641e-9	0	0	0	0	0	0	0.0004161943716219571	0	0	0	0	0	0	0	0.000019589576922167095	1.4147095475863436e-11	0	8.448739176912321e-10	8.448739176912321e-10	8.448739176912321e-10	0	0	0
1.4125375446227555e-9	0	0	0	0	0	0	0.0006017158419976736	0	0	0	0	0	0	0	0.00003261070640957273	2.4057138785542183e-11	0	1.4367082719459917e-9	1.4367082719459917e-9	1.4367082719459917e-9	0	0	0
1.5135612484362133e-9	0	0	0	0	0	0	0.0006807825251996581	0	0	0	0	0	0	0	0.0000551097898662746	4.090916948530492e-11	0	2.4431227138823387e-9	2.4431227138823387e-9	2.4431227138823387e-9	0	0	0
1.6218100973589331e-9	0	0	0	0	0	0	0.00077023873109032	0	0	0	0	0	0	0	0.0000931316513344044	6.956605117908633e-11	0	4.154530680750604e-9	4.154530680750604e-9	4.154530680750604e-9	0	0	0
1.7378008287493762e-9	0	0	0	0	0	0	0.0011171078638106608	0	0	0	0	0	0	0	0.00015807561893588202	1.1829708443211945e-10	0	6.323686991425724e-9	6.323686991425724e-9	6.323686991425724e-9	0	0	0
1.8620871366628732e-9	0	0	0	0	0	0	0.0016201859618524984	0	0	0	0	0	0	0	0.00026830729342743954	2.011642165675645e-10	0	9.625399410530267e-9	9.625399410530267e-9	9.625399410530267e-9	0	0	0
1.9952623149688828e-9	0	0	0	0	0	0	0.002505743139139188	0	0	0	0	0	0	0	0.00045600127845582826	3.42079791919661e-10	0	1.4619065032573363e-8	1.4619065032573363e-8	1.4619065032573363e-8	0	0	0
2.1379620895022324e-9	0	0	0	0	0	0	0.0038753259361439412	0	0	0	0	0	0	0	0.0007749963234211936	5.817067569793167e-10	0	2.220344874133816e-8	2.220344874133816e-8	2.220344874133816e-8	0	0	0
2.2908676527677795e-9	0	0	0	0	0	0	0.006291844967169734	0	0	0	0	0	0	0	0.0013176593927686794	9.891924606726552e-10	0	3.376394511723262e-8	3.376394511723262e-8	3.376394511723262e-8	0	0	0
2.4547089156850337e-9	0	0	0	0	0	0	0.010215221569282295	0	0	0	0	0	0	0	0.0022403025961296166	1.6821219841638292e-9	0	5.134355492068146e-8	5.134355492068146e-8	5.134355492068146e-8	0	0	0
2.6302679918953816e-9	0	0	0	0	0	0	0.01066620708564943	0	0	0	0	0	0	0	0.0038094417571075128	2.8604487823161325e-9	0	7.852923840061202e-8	7.852923840061202e-8	7.852923840061202e-8	0	0	0
2.818382931264461e-9	0	0	0	0	0	0	0.011137102883413089	0	0	0	0	0	0	0	0.006477627855212617	4.86419374652016e-9	0	1.2010935536713534e-7	1.2010935536713534e-7	1.2010935536713534e-7	0	0	0
3.019951720402019e-9	0	0	0	0	0	0	0.011360952209105993	0	0	0	0	0	0	0	0.011015039201676393	8.271562472979092e-9	0	1.8964907637551453e-7	1.8964907637551453e-7	1.8964907637551453e-7	0	0	0
3.2359365692962944e-9	0	0	0	0	0	0	0.011589300776759643	0	0	0	0	0	0	0	0.01873079024088103	1.4065793697742294e-8	0	2.99450214016627e-7	2.99450214016627e-7	2.99450214016627e-7	0	0	0
3.4673685045253237e-9	0	0	0	0	0	0	0.01283208292957446	0	0	0	0	0	0	0	0.0217507378188637	2.391888509501715e-8	0	4.985665752831299e-7	4.985665752831299e-7	4.985665752831299e-7	0	0	0
3.715352290971728e-9	0	0	0	0	0	0	0.014208135200156196	0	0	0	0	0	0	0	0.025257588685840292	4.067406905594262e-8	0	8.300833272262742e-7	8.300833272262742e-7	8.300833272262742e-7	0	0	0
3.9810717055349855e-9	0	0	0	0	0	0	0.018235049966460058	0	0	0	0	0	0	0	0.01623354432798606	6.916626285028006e-8	0	1.4079413198555187e-6	1.4079413198555187e-6	1.4079413198555187e-6	0	0	0
4.265795188015934e-9	0	0	0	0	0	0	0.023403285694778644	0	0	0	0	0	0	0	0.010433615208740275	1.1761724429621818e-7	0	2.388072010529793e-6	2.388072010529793e-6	2.388072010529793e-6	0	0	0
4.570881896148752e-9	0	0	0	0	0	0	0.020443830620892098	0	0	0	0	0	0	0	0.011976760138334607	2.0000814827572702e-7	0	4.0599373635642205e-6	4.0599373635642205e-6	4.0599373635642205e-6	0	0	0
4.8977881936844766e-9	0	0	0	0	0	0	0.01785861250025122	0	0	0	0	0	0	0	0.0137481381612613	3.401138975500534e-7	0	6.902258945033828e-6	6.902258945033828e-6	6.902258945033828e-6	0	0	0
5.248074602497734e-9	0	0	0	0	0	0	0.013672019712904071	0	0	0	0	0	0	0	0.01326955140776407	5.783637531967882e-7	0	0.000011737035000916615	0.000011737035000916615	0.000011737035000916615	0	0	0
5.623413251903491e-9	0	0	0	0	0	0	0.01046688946453192	0	0	0	0	0	0	0	0.012807624748741895	9.835076820483636e-7	0	0.00001995839213071883	0.00001995839213071883	0.00001995839213071883	0	0	0
6.025595860743593e-9	0	0	0	0	0	0	0.010231966998207054	0	0	0	0	0	0	0	0.011456687073776927	1.6724550169364116e-6	0	0.000033939182312254616	0.000033939182312254616	0.000033939182312254616	0	0	0
6.456542290346562e-9	0	0	0	0	0	0	0.010002317212497643	0	0	0	0	0	0	0	0.010248245188425101	2.844010102544419e-6	0	0.00005771347153017833	0.00005771347153017833	0.00005771347153017833	0	0	0
6.918309709189363e-9	0	0	0	0	0	0	0.014777862961616563	0	0	0	0	0	0	0	0.012548125880065921	4.836239768165022e-6	0	0.00006531121929410398	0.00006531121929410398	0.00006531121929410398	0	0	0
7.413102413009192e-9	0	0	0	0	0	0	0.021833464093645893	0	0	0	0	0	0	0	0.015364138953254265	8.224026726999645e-6	0	0.0000739091801721229	0.0000739091801721229	0.0000739091801721229	0	0	0
7.943282347242822e-9	0	0	0	0	0	0	0.02002770459602525	0	0	0	0	0	0	0	0.015406683739245579	0.000013409111921826517	0	0.00008719804791776333	0.00008719804791776333	0.00008719804791776333	0	0	0
8.511380382023759e-9	0	0	0	0	0	0	0.01837129232746824	0	0	0	0	0	0	0	0.01544934633586208	0.000021863290149796676	0	0.00010287625357176605	0.00010287625357176605	0.00010287625357176605	0	0	0
9.120108393559115e-9	0	0	0	0	0	0	0.017943138207318774	0	0	0	0	0	0	0	0.012177634868380778	0.00003489392051025802	0	0.00011737347341572255	0.00011737347341572255	0.00011737347341572255	0	0	0
9.772372209558111e-9	0	0	0	0	0	0	0.017524962478854267	0	0	0	0	0	0	0	0.009598774457102565	0.000055690871787086955	0	0.00013391362713321338	0.00013391362713321338	0.00013391362713321338	0	0	0
1.0471285480509006e-8	0	0	0	0	0	0	0.013410001382542126	0	0	0	0	0	0	0	0.009286166108196424	0.00006473952317723498	0	0.00016409015199713085	0.00016409015199713085	0.00016409015199713085	0	0	0
1.1220184543019653e-8	0	0	0	0	0	0	0.010261256610207584	0	0	0	0	0	0	0	0.008983738640218685	0.00007525839920838833	0	0.00020106675144910345	0.00020106675144910345	0.00020106675144910345	0	0	0
1.202264434617413e-8	0	0	0	0	0	0	0.013228491207848572	0	0	0	0	0	0	0	0.010017841087712717	0.00008905179724510378	0	0.00023876042778128408	0.00023876042778128408	0.00023876042778128408	0	0	0
1.288249551693135e-8	0	0	0	0	0	0	0.01705375728173967	0	0	0	0	0	0	0	0.01117097725988858	0.00010537325635407857	0	0.0002835204799572846	0.0002835204799572846	0.0002835204799572846	0	0	0
1.3803842646028866e-8	0	0	0	0	0	0	0.016784164361264616	0	0	0	0	0	0	0	0.011840708084751017	0.00012164963066553528	0	0.0002987750776157233	0.0002987750776157233	0.0002987750776157233	0	0	0
1.4791083881682102e-8	0	0	0	0	0	0	0.01651883327831748	0	0	0	0	0	0	0	0.012550591115399554	0.00014044011880333423	0	0.0003148504369692449	0.0003148504369692449	0.0003148504369692449	0	0	0
1.5848931924611173e-8	0	0	0	0	0	0	0.018478404753228237	0	0	0	0	0	0	0	0.011731811488923044	0.00012022088125042762	0	0.00027350015288447394	0.00027350015288447394	0.00027350015288447394	0	0	0
1.698243652461746e-8	0	0	0	0	0	0	0.020670433345453883	0	0	0	0	0	0	0	0.010966447679324701	0.00010291261793126857	0	0.00023758052981561481	0.00023758052981561481	0.00023758052981561481	0	0	0
1.8197008586099862e-8	0	0	0	0	0	0	0.02015317042458222	0	0	0	0	0	0	0	0.014645965256917894	0.00007887367780304855	0	0.00023252732776844545	0.00023252732776844545	0.00023252732776844545	0	0	0
1.9498445997580494e-8	0	0	0	0	0	0	0.01964885164110903	0	0	0	0	0	0	0	0.01956005304354412	0.000060449895991704445	0	0.0002275816044399634	0.0002275816044399634	0.0002275816044399634	0	0	0
2.0892961308540408e-8	0	0	0	0	0	0	0.020446421790060638	0	0	0	0	0	0	0	0.02181086992314659	0.00006224164813304944	0	0.0002530213332511784	0.0002530213332511784	0.0002530213332511784	0	0	0
2.2387211385683424e-8	0	0	0	0	0	0	0.02127636625554319	0	0	0	0	0	0	0	0.024320693085309816	0.00006408650831839253	0	0.0002813047883977451	0.0002813047883977451	0.0002813047883977451	0	0	0
2.3988329190194947e-8	0	0	0	0	0	0	0.02435175134038394	0	0	0	0	0	0	0	0.025830863168020177	0.00007384138304203087	0	0.0002669340661808694	0.0002669340661808688	0.0002669340661808688	0	0	0
2.5703957827688646e-8	0	0	0	0	0	0	0.027871666910668454	0	0	0	0	0	0	0	0.02743480581184603	0.00008508108793305948	0	0.0002532974859535809	0.0002532974859535799	0.0002532974859535804	0	0	0
2.754228703338169e-8	0	0	0	0	0	0	0.02685013578625247	0	0	0	0	0	0	0	0.02907391410790385	0.00009968578566380558	0	0.00025364839703260767	0.00025364839703260507	0.00025364839703260664	0	0	0
2.95120922666639e-8	0	0	0	0	0	0	0.025866045043192096	0	0	0	0	0	0	0	0.030810951874453697	0.00011679747056394775	0	0.0002539997942537877	0.00025399979425378354	0.00025399979425378615	0	0	0
3.162277660168386e-8	0	0	0	0	0	0	0.02611385941677595	0	0	0	0	0	0	0	0.031309617219635294	0.0001292472906136784	0	0.0002606726724559089	0.000260672672455901	0.00026067267245590686	0	0	0
3.3884415613920346e-8	0	0	0	0	0	0	0.026364048021273467	0	0	0	0	0	0	0	0.031816353303023945	0.000143024177238759	0	0.00026752085514452224	0.00026752085514451015	0.00026752085514451893	0	0	0
3.6307805477010175e-8	0	0	0	0	0	0	0.0263749288962104	0	0	0	0	0	0	0	0.03146534459073383	0.00015387104360345066	0	0.0002895723810706631	0.00028957238107064	0.00028957238107065657	0	0	0
3.890451449942813e-8	0	0	0	0	0	0	0.026385814261863257	0	0	0	0	0	0	0	0.03111820832463312	0.00016554052969723466	0	0.0003134415962958678	0.00031344159629583185	0.0003134415962958575	0	0	0
4.1686938347033635e-8	0	0	0	0	0	0	0.030051260874523266	0	0	0	0	0	0	0	0.03234741692070118	0.0001716203462403446	0	0.00033025685270522177	0.0003302568527051535	0.00033025685270520285	0	0	0
4.4668359215096346e-8	0	0	0	0	0	0	0.03422590150852065	0	0	0	0	0	0	0	0.03362518081136984	0.00017792345655486802	0	0.00034797420013074463	0.00034797420013064147	0.00034797420013071617	0	0	0
4.78630092322639e-8	0	0	0	0	0	0	0.03583342002628132	0	0	0	0	0	0	0	0.0353072168426068	0.00016172395924678553	0	0.00033961720627123876	0.00033961720627103526	0.0003396172062711825	0	0	0
5.128613839913659e-8	0.00020953839974661298	0.00003641841366747263	0	0	0	0	0.03751644030355862	0	0	0	0	0	0	0	0.0370733935428932	0.00014699938670756677	0	0.00033146091506825625	0.000331460915067958	0.0003314609150681735	0	0	0
5.495408738576248e-8	0.00021769782240757838	0.00003927655004136277	0	0	0	0	0.03825871219152233	0	0	0	0	0	0	0	0.03946179209387827	0.00015084105239292618	0	0.00034924606949108964	0.00034924606949052325	0.00034924606949093324	0	0	0
5.888436553555896e-8	0.0002261749728847386	0.00004235899447013817	0	0	0	0	0.03901567010916279	0	0	0	0	0	0	0	0.042004059689296804	0.00015478311574366847	0	0.00036798551958941515	0.0003679855195885526	0.0003679855195891773	0	0	0
6.309573444801943e-8	0.0002513437714239995	0.0000449661720889012	0	0	0	0	0.0404338088731745	0	0	0	0	0	0	0	0.04199509575827136	0.00017460577127298335	0	0.0004019813729967742	0.00040198137299516284	0.00040198137299632945	0	0	0
6.760829753919818e-8	0.0002793133591568219	0.000047733820351993765	0	0	0	0	0.041903494042729666	0	0	0	0	0	0	0	0.041986133740205364	0.00019696706075048948	0	0.00043911788816219244	0.00043911788815970034	0.00043911788816150364	0	0	0
7.244359600749906e-8	0.0002845335169233894	0.00004613919042047676	0	0	0	0	0.04442428998685467	0	0	0	0	0	0	0	0.04519429472727796	0.00020371274512045694	0	0.0004391374538244513	0.0004391374538196026	0.00043913745382311226	0	0	0
7.762471166286928e-8	0.00028985123553412767	0.00004459783182990279	0	0	0	0	0.04709672990094157	0	0	0	0	0	0	0	0.04864759133418761	0.00021068945419803673	0	0.0004391570203584924	0.00043915702035128584	0.0004391570203565013	0	0	0
8.317637711026726e-8	0.0003001535989858833	0.000044095110537636	0	0	0	0	0.04998699194513048	0	0	0	0	0	0	0	0.04881676927267113	0.00022077976104066706	0	0.00044788226060119045	0.0004478822605872989	0.00044788226059735254	0	0	0
8.912509381337478e-8	0.00031082214577474193	0.000043598056083583556	0	0	0	0	0.05305462542681863	0	0	0	0	0	0	0	0.048986535548091084	0.00023135331130222164	0	0.0004567808552792325	0.0004567808552583922	0.0004567808552734743	0	0	0
9.549925860214369e-8	0.0003363190893939138	0.00004467314479329431	0	0	0	0	0.05215580324974381	0	0	0	0	0	0	0	0.0487919275600424	0.00025345934370043935	0	0.0004860306510271636	0.00048603065098775706	0.00048603065101627445	0	0	0
1.0232929922807557e-7	0.0003639075639504962	0.0000457747442201697	0	0	0	0	0.051272208421830605	0	0	0	0	0	0	0	0.048598092687883586	0.0002776776288502644	0	0.000517153446795584	0.000517153446735319	0.0005171534467789316	0	0	0
1.0964781961431874e-7	0.00035214871767063016	0.000046157475026871454	0	0	0	0	0.05350633297320919	0	0	0	0	0	0	0	0.048997455465485375	0.0002662454370048891	0	0.0005067669525556885	0.0005067669524372412	0.0005067669525229603	0	0	0
1.1748975549395303e-7	0.0003407698317970079	0.000046543405914161385	0	0	0	0	0.05583780680336292	0	0	0	0	0	0	0	0.0494001000720503	0.00025528391689108484	0	0.0004965890603530896	0.0004965890601788215	0.000496589060304937	0	0	0
1.2589254117941688e-7	0.00034630022256829866	0.00005301793493475493	0	0	0	0	0.059641593508652016	0	0	0	0	0	0	0	0.05357009127657354	0.00025160909686109745	0	0.0005245598057970679	0.000524559805466496	0.0005245598057057271	0	0	0
1.3489628825916562e-7	0.00035192036665467	0.000060393118413593495	0	0	0	0	0.06370450201917754	0	0	0	0	0	0	0	0.05809208230742171	0.0002479871759812696	0	0.0005541060241282975	0.0005541060236243665	0.0005541060239890559	0	0	0
1.445439770745928e-7	0.00035900783128496307	0.00006013760153957664	0	0	0	0	0.06518565072604504	0	0	0	0	0	0	0	0.059202767123802694	0.0002549204741165899	0	0.0005603757698253389	0.0005603757688500667	0.0005603757695558608	0	0	0
1.5488166189124826e-7	0.0003662380331923395	0.00005988316573033413	0	0	0	0	0.06670123658291517	0	0	0	0	0	0	0	0.060334687549450296	0.00026204761543288744	0	0.0005667164581026734	0.000566716456645458	0.0005667164577000303	0	0	0
1.659586907437563e-7	0.00039021146909833945	0.0000632385409170696	0	0	0	0	0.06711981167441432	0	0	0	0	0	0	0	0.06446347415208224	0.00028005549914552274	0	0.0006019285266477133	0.0006019285238901708	0.0006019285258857762	0	0	0
1.7782794100389227e-7	0.00041575417301326355	0.00006678192457841536	0	0	0	0	0.06754101348044259	0	0	0	0	0	0	0	0.06887479936562722	0.0002993008826738789	0	0.0006393284437252874	0.0006393284395114555	0.0006393284425609635	0	0	0
1.9054607179632522e-7	0.0004427269683628463	0.00006947702204081247	0	0	0	0	0.07086884275920899	0	0	0	0	0	0	0	0.07068160948879121	0.00032083443227618315	0	0.0006753653338776927	0.000675365325884541	0.0006753653316691041	0	0	0
2.0417379446695318e-7	0.0004714496720385389	0.00007228088471741508	0	0	0	0	0.07436063830288547	0	0	0	0	0	0	0	0.07253581812129757	0.0003439172381129914	0	0.0007134335077381887	0.0007134334955530476	0.0007134335043713099	0	0	0
2.1877616239495564e-7	0.000483981077992481	0.00007429998394307284	0	0	0	0	0.07758805041686614	0	0	0	0	0	0	0	0.07556878592233517	0.00035284176579026026	0	0.0007327246532848611	0.0007327246298734998	0.0007327246468160635	0	0	0
2.3442288153199275e-7	0.000496845575991017	0.0000763754848259459	0	0	0	0	0.08095553917880442	0	0	0	0	0	0	0	0.07872857236167281	0.0003619978817260861	0	0.0007525374287976991	0.0007525373935619146	0.000752537419061692	0	0	0
2.5118864315095823e-7	0.0005005172022348144	0.00007959317688858908	0	0	0	0	0.08233324733827561	0	0	0	0	0	0	0	0.08274642237351346	0.00036119293251859157	0	0.0007670812836430466	0.0007670812157049138	0.0007670812648710457	0	0	0
2.6915348039269196e-7	0.0005042159613342205	0.0000829464300181583	0	0	0	0	0.08373440145082074	0	0	0	0	0	0	0	0.08696932016195386	0.00036038977321998703	0	0.000781906219143875	0.0007819061172525172	0.00078190619099025	0	0	0
2.8840315031266115e-7	0.000522445694214247	0.0000821216140395485	0	0	0	0	0.08625062191931337	0	0	0	0	0	0	0	0.09014166207781324	0.00037809628425931375	0	0.0007975612004550948	0.0007975610040614047	0.0007975611461895085	0	0	0
3.090295432513592e-7	0.0005413345160290943	0.00008130499999800088	0	0	0	0	0.0888424548641158	0	0	0	0	0	0	0	0.09342972012451413	0.00039667274377243615	0	0.0008135296188945152	0.0008135293242551799	0.0008135295374826516	0	0	0
3.3113112148259143e-7	0.0005517126697527346	0.00008236332861478086	0	0	0	0	0.09175413688126267	0	0	0	0	0	0	0	0.0958981880711369	0.00040487009217675065	0	0.0008274543411661846	0.0008274537724894326	0.0008274541840349893	0	0	0
3.5481338923357606e-7	0.0005622897874654064	0.0000834354332534672	0	0	0	0	0.09476124503427998	0	0	0	0	0	0	0	0.09843187438719637	0.0004132368409795448	0	0.0008416174049632708	0.0008416165529544278	0.0008416171695445126	0	0	0
3.8018939632056126e-7	0.0005716270790072122	0.00008685930862093354	0	0	0	0	0.0989373464780296	0	0	0	0	0	0	0	0.10015159334761901	0.0004173923913601923	0	0.0008624718571735777	0.0008624702185220824	0.0008624714043974751	0	0	0
4.0738027780411303e-7	0.0005811194240735168	0.00009042368691473234	0	0	0	0	0.10329748753905262	0	0	0	0	0	0	0	0.1019013577919993	0.0004215897303648281	0	0.0008838430622153106	0.000883840598460527	0.0008838423814546593	0	0	0
4.365158322401665e-7	0.0006025246034402716	0.00009406650121356824	0	0	0	0	0.10741659638411856	0	0	0	0	0	0	0	0.1038740324488292	0.00043661741358153136	0	0.0009174456769985349	0.0009174409665340159	0.000917444375449503	0	0	0
4.677351412871981e-7	0.0006247182295268279	0.00009785607015677424	0	0	0	0	0.11169995954051107	0	0	0	0	0	0	0	0.10588489546139859	0.0004521807627468966	0	0.0009523258214344121	0.0009523186969923516	0.0009523238528781838	0	0	0
5.011872336272736e-7	0.0006514609570751123	0.00010234004261505294	0	0	0	0	0.1156965054775467	0	0	0	0	0	0	0	0.11024707823962389	0.00047116418702951686	0	0.000994083300598736	0.0009940697139836903	0.000994079546481802	0	0	0
5.370317963702533e-7	0.0006793484782966369	0.00010702948019138073	0	0	0	0	0.11983604501540827	0	0	0	0	0	0	0	0.11478897162253641	0.0004909445722339241	0	0.0010376717571732165	0.001037651155417303	0.0010376660646972873	0	0	0
5.754399373371578e-7	0.0006949429322856974	0.00010935636399590896	0	0	0	0	0.12401406599609752	0	0	0	0	0	0	0	0.11962301144402045	0.0005024462805113812	0	0.001061060591159049	0.0010610279055566858	0.0010610566097044333	0	0	0
6.165950018614835e-7	0.0007108953571880474	0.0001117338356219434	0	0	0	0	0.12833775149127327	0	0	0	0	0	0	0	0.1246606243149488	0.0005142174475032901	0	0.00108497660298454	0.001084931299399235	0.0010849744125783916	0	0	0
6.606934480075964e-7	0.000731600636504073	0.00011453759704216406	0	0	0	0	0.13385793058961715	0	0	0	0	0	0	0	0.12949348842624644	0.0005297808569854982	0	0.001115077538680006	0.001115011432707568	0.0011150942398645972	0	0	0
7.079457843841387e-7	0.00075290897024607	0.00011741171385703993	0	0	0	0	0.13961554860927378	0	0	0	0	0	0	0	0.13451371382862248	0.0005458153117733207	0	0.0011460135765585513	0.00114592554916336	0.001146050219584663	0	0	0
7.585775750291852e-7	0.0007851155241732489	0.00012174425501634285	0	0	0	0	0.1438458475441383	0	0	0	0	0	0	0	0.1387200442021009	0.0005700988191256392	0	0.0011927395901403025	0.0011926207123849775	0.001192858779965477	0	0	0
8.128305161640995e-7	0.0008186997507764808	0.0001262366687495176	0	0	0	0	0.14820432295545197	0	0	0	0	0	0	0	0.14305790923258324	0.0005954627079121335	0	0.0012413707472473125	0.0012412186504159005	0.0012415791599921287	0	0	0
8.709635899560814e-7	0.0008566631576001027	0.00013377682380848622	0	0	0	0	0.1531252249786783	0	0	0	0	0	0	0	0.14764242420630871	0.0006208957917397577	0	0.0013046266799806327	0.0013043992839521707	0.0013046634599296117	0	0	0
9.332543007969924e-7	0.0008963869414804958	0.00014176735464872608	0	0	0	0	0.15820951816512566	0	0	0	0	0	0	0	0.152373857149526	0.0006474151598038012	0	0.001371105914886027	0.0013707959442962048	0.0013709530560147953	0	0	0
1.e-6	0.0009436075533720218	0.0001476025486117888	0	0	0	0	0.1631335674640982	0	0	0	0	0	0	0	0.15944670951123643	0.0006835986769964046	0	0.0014379509695868708	0.001437436927704149	0.0014375946628542862	0	0	0
1.0715193052376091e-6	0.0009933156916700834	0.00015367792120180615	0	0	0	0	0.16821087088949632	0	0	0	0	0	0	0	0.16684786780065813	0.0007218044621211062	0	0.0015080548982298648	0.001507317649811386	0.0015074756977271856	0	0	0
1.148153621496884e-6	0.001031839450119112	0.0001594769974858128	0	0	0	0	0.17484840626920783	0	0	0	0	0	0	0	0.173166610147001	0.0007500477122494648	0	0.001565947679299332	0.0015653237779624527	0.0015654693830745527	0	0	0
1.2302687708123837e-6	0.001071857275336116	0.00016549490342006838	0	0	0	0	0.1817478562070199	0	0	0	0	0	0	0	0.1797246513550291	0.0007793960832515091	0	0.0016260629087053128	0.0016255621568295445	0.001625694127632513	0	0	0
1.3182567385564101e-6	0.0011033995400477736	0.00016999989958691881	0	0	0	0	0.1875778224121787	0	0	0	0	0	0	0	0.18548244289010912	0.0008028226753749089	0	0.0016726403234660963	0.0016722279735207366	0.001672357125514672	0	0	0
1.4125375446227554e-6	0.0011358700201907475	0.0001746275278713979	0	0	0	0	0.193594797733497	0	0	0	0	0	0	0	0.1914246952830146	0.0008269534091155243	0	0.0017205519151238327	0.0017202334488883378	0.0017203595114983984	0	0	0
1.5135612484362104e-6	0.001161294745152351	0.000180395099155073	0	0	0	0	0.19951438301969007	0	0	0	0	0	0	0	0.19673922276867822	0.0008431464627242511	0	0.0017652584397396564	0.001764940094933238	0.0017650831422600043	0	0	0
1.6218100973589331e-6	0.0011872885639608595	0.00018635316090103566	0	0	0	0	0.20561497260130235	0	0	0	0	0	0	0	0.20220129758283117	0.0008596566018934037	0	0.001811126610990872	0.0018108086089803428	0.0018109694388104335	0	0	0
1.7378008287493763e-6	0.00121977790327815	0.00019310489734986554	0	0	0	0	0.21078782317086872	0	0	0	0	0	0	0	0.209893781704661	0.0008810718602963454	0	0.0018661318843622185	0.001865711869394869	0.001865943713159579	0	0	0
1.8620871366628694e-6	0.0012531562911395967	0.00020010125505896465	0	0	0	0	0.21609081204056377	0	0	0	0	0	0	0	0.21787891633206266	0.0009030206029899457	0	0.0019228077091352816	0.0019222797828208865	0.0019225868013359863	0	0	0
1.995262314968883e-6	0.0013020680553328461	0.00020786757854149637	0	0	0	0	0.22417146169150476	0	0	0	0	0	0	0	0.2262053365004699	0.0009384265752055931	0	0.001997312289606219	0.0019968085432888164	0.0019971063379271817	0	0	0
2.1379620895022326e-6	0.0013528888876075669	0.00021593532832151838	0	0	0	0	0.2325542847581726	0	0	0	0	0	0	0	0.23484995759436458	0.000975220758126945	0	0.0020747037591221807	0.0020742268603065003	0.0020745142545540393	0	0	0
2.2908676527677747e-6	0.0014022181828491024	0.00022198217932451394	0	0	0	0	0.23931440899494466	0	0	0	0	0	0	0	0.24085511841981355	0.0010132610486794983	0	0.002341349388757389	0.002340906492315223	0.0023411670369679737	0	0	0
2.4547089156850335e-6	0.0014533461323565687	0.00022819836068830156	0	0	0	0	0.246271043391674	0	0	0	0	0	0	0	0.24701383241984654	0.0010527851711678114	0	0.002642264919090913	0.0026418726469262933	0.002642094689372795	0	0	0
2.6302679918953817e-6	0.0015111976496373434	0.00023793809613743318	0	0	0	0	0.2535402282400149	0	0	0	0	0	0	0	0.25388937344048856	0.0010941306879574263	0	0.0027042705611079816	0.002703912931451736	0.0027041481819610126	0	0	0
2.8183829312644606e-6	0.0015713519893340577	0.00024809353328719523	0	0	0	0	0.2610239776901529	0	0	0	0	0	0	0	0.2609562926680254	0.0011370999469932485	0	0.002767731280401438	0.002767410135904222	0.00276765909239194	0	0	0
3.0199517204020193e-6	0.0017611383448015946	0.0002599076445497824	0	0	0	0	0.26940276556057374	0	0	0	0	0	0	0	0.2693081250300708	0.0011789207537546732	0	0.002862022650045399	0.002861725562898885	0.002861946874032841	0	0	0
3.2359365692962877e-6	0.0019738469105480077	0.0002722843388957548	0	0	0	0	0.2780505098954492	0	0	0	0	0	0	0	0.2779272554254014	0.0012222796661881619	0	0.002959526348303877	0.0029592553308594107	0.0029594468235997658	0	0	0
3.4673685045253236e-6	0.002022143179066168	0.00028054897447773037	0	0	0	0	0.28657469033154426	0	0	0	0	0	0	0	0.2863779761166971	0.0012671467302807849	0	0.003053317331899244	0.0030530858182314397	0.003053352188888277	0	0	0
3.7153522909717276e-6	0.002071621165143214	0.00028906446621096074	0	0	0	0	0.2953601961366661	0	0	0	0	0	0	0	0.29508565138444237	0.0013136607606904992	0	0.003150080665650834	0.003149891432578354	0.0031502372386095646	0	0	0
3.981071705534978e-6	0.0021354192678337673	0.0002976027292571983	0	0	0	0	0.3043519468084307	0	0	0	0	0	0	0	0.3034186516215196	0.0014476060621289475	0	0.003167464266099876	0.0031672696169864943	0.0031676121511399866	0	0	0
4.265795188015934e-6	0.0022011821109775326	0.00030639319187954434	0	0	0	0	0.31361743639694906	0	0	0	0	0	0	0	0.3119869696133736	0.0015952088802675126	0	0.0031849437972874006	0.0031847436781255434	0.003185082893781773	0	0	0
4.570881896148752e-6	0.002274738505723822	0.0003187779528054836	0	0	0	0	0.3225907597512187	0	0	0	0	0	0	0	0.32004206632009513	0.0016484474956980743	0	0.003288377446669129	0.0032881374365121	0.0032884913794634625	0	0	0
4.897788193684467e-6	0.0023507529175424407	0.00033166331983906	0	0	0	0	0.3318208307307026	0	0	0	0	0	0	0	0.3283051351194827	0.0017034629004933617	0	0.0033951701882375335	0.003394887907511596	0.0033952571764829203	0	0	0
5.248074602497734e-6	0.002431513157783026	0.0003476567077519165	0	0	0	0	0.34146033951782523	0	0	0	0	0	0	0	0.33782890501489626	0.0017605898204615478	0	0.003505179955899498	0.003504876863147444	0.0035052994378256606	0	0	0
5.623413251903491e-6	0.0025150479203288143	0.00036442132492538496	0	0	0	0	0.3513798793369146	0	0	0	0	0	0	0	0.3476289489715986	0.0018196325350056683	0	0.0036187542426606902	0.003618429285587353	0.003618908232910045	0	0	0
6.0255958607435935e-6	0.002530955792127503	0.0003709489918256936	0	0	0	0	0.3608907029612887	0	0	0	0	0	0	0	0.35764085577107285	0.001871622299776306	0	0.003733411328014386	0.0037330616998284137	0.0037336507141195975	0	0	0
6.4565422903465625e-6	0.002546964282440513	0.0003775935850205067	0	0	0	0	0.37065895670996357	0	0	0	0	0	0	0	0.36794111104687055	0.0019250974939338792	0	0.0038517012235398523	0.0038513256871520666	0.003852031264091011	0	0	0
6.9183097091893625e-6	0.0026259272692792275	0.00039013882160781693	0	0	0	0	0.37983155591951306	0	0	0	0	0	0	0	0.3768855656951865	0.0019856067418937934	0	0.003969260018190514	0.003968796986307349	0.003969571674261527	0	0	0
7.413102413009192e-6	0.002707338328646298	0.00040310086337211196	0	0	0	0	0.38923114701671796	0	0	0	0	0	0	0	0.3860474553257722	0.002048017903445221	0	0.0040904068559934805	0.004089851338999597	0.004090698698110901	0	0	0
7.943282347242822e-6	0.002789191203923736	0.00041784159937225833	0	0	0	0	0.39957563919655736	0	0	0	0	0	0	0	0.39570710503526163	0.0020699185227786117	0	0.0042091656324424595	0.004208514704170585	0.004209281519995874	0	0	0
8.511380382023777e-6	0.0028735187950947494	0.0004331213798587108	0	0	0	0	0.4101950541806967	0	0	0	0	0	0	0	0.4056084577561891	0.002092053337880693	0	0.004331372390346634	0.0043306209803587676	0.0043313018684952385	0	0	0
9.120108393559115e-6	0.0029586760719402727	0.00044730215850889287	0	0	0	0	0.4200945711513999	0	0	0	0	0	0	0	0.4160907273471004	0.0021547628215625157	0	0.0044569056566237	0.004456122987443255	0.004456802478776233	0	0	0
9.772372209558111e-6	0.003046357000906007	0.00046194722844663546	0	0	0	0	0.43023299991602565	0	0	0	0	0	0	0	0.4268438935962911	0.002219352027559454	0	0.004586077169516836	0.004585262060402032	0.004585939502232537	0	0	0
0.000010471285480509006	0.0031383344343465227	0.0005016249591132458	0	0	0	0	0.44001023315961246	0	0	0	0	0	0	0	0.4359155473913203	0.0022886191540039775	0	0.004721098019531707	0.0047202724571165635	0.004720990510572674	0	0	0
0.000011220184543019652	0.0032330889054946114	0.0005447107031067112	0.003226285317074206	0.0005369837590707943	0	0	0.450009658308323	0	0	0	0	0	0	0	0.44517999978042694	0.0023600481433464445	0	0.004860094081751856	0.004859258157092015	0.004860018626514139	0	0	0
0.000012022644346174132	0.0033270485438457774	0.0005407852221811564	0.0033213075109537623	0.0005343208573581265	0	0	0.45955266558128605	0	0	0	0	0	0	0	0.4547537934565703	0.002431571336366123	0	0.004998065325909437	0.004997237582275371	0.004998026680663112	0	0	0
0.000012882495516931348	0.003423738825831282	0.0005368880304013965	0.003419128346751889	0.0005316711609713381	0	0	0.46929804403924386	0	0	0	0	0	0	0	0.46453347581908233	0.002505262098362783	0	0.005139953379884706	0.005139134955663646	0.005139953695720176	0	0	0
0.000013803842646028866	0.003516042217385435	0.0005487786717165432	0.0035122564928846403	0.0005445071906819093	0	0	0.47875004545030736	0	0	0	0	0	0	0	0.47381457504419333	0.0025742504367164344	0	0.005278118136499982	0.00527734944215382	0.00527819865133199	0	0	0
0.000014791083881682102	0.0036108340920061243	0.0005609326590980544	0.003607921207031953	0.0005576531180713915	0	0	0.48839241699354674	0	0	0	0	0	0	0	0.48328110504514515	0.002645138532716951	0	0.0054199968373010434	0.0054192811387270955	0.005420161863738193	0	0	0
0.00001584893192461114	0.0037084630285791373	0.0005734576316770189	0.0037056073649092904	0.0005702425520001237	0	0	0.49686554007268563	0	0	0	0	0	0	0	0.49238994523852053	0.0027189504628007967	0	0.005546371389360523	0.005545674162988341	0.005546602814266941	0	0	0
0.00001698243652461746	0.003808731634827788	0.0005862622722973432	0.0038059384213011255	0.0005831162017639523	0	0	0.50548566341681	0	0	0	0	0	0	0	0.5016704680588454	0.0027948220963577674	0	0.005675692534912164	0.005675015031469703	0.005675993365632832	0	0	0
0.000018197008586099864	0.0039004635303551563	0.0006004066003111718	0.0038958843801354705	0.0005952162535976025	0	0	0.5137053585757221	0	0	0	0	0	0	0	0.5101688851577253	0.002870493456184094	0	0.005819380729079907	0.005818647325264198	0.005819658841178067	0	0	0
0.000019498445997580493	0.0039944047547258	0.000614892178349808	0.003987956036922641	0.0006075673896129921	0	0	0.5220587140803106	0	0	0	0	0	0	0	0.5188112674644185	0.002948213660087287	0	0.005966706593367446	0.005965914893274975	0.0059669606438883015	0	0	0
0.00002089296130854041	0.004097546502245647	0.0006275334667965579	0.00409084112494733	0.0006199219358924083	0	0	0.5294775189272116	0	0	0	0	0	0	0	0.5263547590491953	0.0030195254274908044	0	0.006113417454847844	0.006112528295797942	0.0061135442370247	0	0	0
0.000022387211385683423	0.004203351530212713	0.0006404346417392224	0.004196380540462082	0.0006325277050260825	0	0	0.5370017499721123	0	0	0	0	0	0	0	0.5340079326491086	0.0030925620930043586	0	0.006263735679375137	0.006262744748344948	0.006263728783989919	0	0	0
0.000023988329190194948	0.0043061773830934975	0.0006543192759834585	0.0042978908527335855	0.0006449074417969947	0	0	0.543796227841967	0	0	0	0	0	0	0	0.540173364353021	0.0031704228219673895	0	0.006407617386521047	0.006406541871711051	0.006407566669880275	0	0	0
0.000025703957827688645	0.004411518646818397	0.0006685049293411731	0.004401856696241631	0.000657529472907428	0	0	0.5506766736430754	0	0	0	0	0	0	0	0.5464099795464891	0.0032502438327072667	0	0.006554804141438932	0.006553640680443453	0.00655470759428507	0	0	0
0.00002754228703338169	0.00451265098807314	0.0006803354087759881	0.004502517630866617	0.0006688184871718302	0	0	0.5561268013985883	0	0	0	0	0	0	0	0.5519610262716943	0.0033274534271488998	0	0.006697553449088237	0.006696378025096612	0.006697487345624349	0	0	0
0.0000295120922666639	0.004616101748735474	0.0006923752512798181	0.004605480463181346	0.000680301320646343	0	0	0.5616308698673614	0	0	0	0	0	0	0	0.5575684667687917	0.003406497136746413	0	0.006843411524657204	0.006842224168439273	0.006843377236828673	0	0	0
0.000031622776601683856	0.004717074859575517	0.0007020587675331199	0.004707318326333695	0.0006909803280803822	0	0	0.5660597563328505	0	0	0	0	0	0	0	0.5622617661892481	0.0034852045234593657	0	0.006986345411869625	0.006985204072329526	0.00698637525968809	0	0	0
0.000033884415613920276	0.004820256667205098	0.0007118777168292014	0.004811408061023501	0.0007018269688796873	0	0	0.5705235679357841	0	0	0	0	0	0	0	0.5669945711785482	0.003565730450589192	0	0.007132264666254518	0.007131171784337876	0.00713236134441138	0	0	0
0.000036307805477010174	0.004918264903917754	0.0007213123991385186	0.004910032693038365	0.0007119727000039444	0	0	0.5739555388973248	0	0	0	0	0	0	0	0.5701906278405412	0.0036420792613203515	0	0.007270739161958645	0.007269657644558183	0.00727088229256127	0	0	0
0.00003890451449942813	0.005018265900586277	0.0007308721215048157	0.0050106789407458815	0.0007222650995587519	0	0	0.5774081547986039	0	0	0	0	0	0	0	0.5734047001568356	0.003720062839732567	0	0.007411902170618681	0.007410832871135188	0.0074120935212717495	0	0	0
0.00004168693834703355	0.00511357808373037	0.0007414577248343902	0.0051054961502516065	0.0007322876231093085	0	0	0.5794951212964023	0	0	0	0	0	0	0	0.5755825219523901	0.003794400872997766	0	0.00754289672676074	0.0075417517814618485	0.0075430004327500765	0	0	0
0.00004466835921509635	0.005210700536086092	0.0007521966449953929	0.005202107588308923	0.0007424492243729929	0	0	0.5815896308625232	0	0	0	0	0	0	0	0.5777686152318905	0.003870224403532162	0	0.00767620642054811	0.0076749834900095544	0.0076762193252393465	0	0	0
0.0000478630092322639	0.005299259516786071	0.0007620877273112435	0.005290072662259065	0.000751661890495929	0	0	0.5825038124528902	0	0	0	0	0	0	0	0.5780245393552512	0.003939765489318619	0	0.007823340412658081	0.007822064720431968	0.007823303356807337	0	0	0
0.00005128613839913659	0.005389323610475787	0.0007721088733677758	0.005379525182230569	0.0007609888717993559	0	0	0.5834194310151943	0	0	0	0	0	0	0	0.578280576840871	0.004010556105392742	0	0.007973294601418305	0.007971964574291213	0.007973205665371505	0	0	0
0.00005495408738576248	0.005491000249931398	0.0007813106911935645	0.005480550815860576	0.0007694425888892836	0	0	0.5823417007504381	0	0	0	0	0	0	0	0.5776481878853232	0.004091660058190903	0	0.008057494033424357	0.008056145351603707	0.008057416970778726	0	0	0
0.00005888436553555896	0.005594595152189218	0.0007906221741899278	0.005583473676161092	0.0007779902171194211	0	0	0.581265961339024	0	0	0	0	0	0	0	0.5770164904899068	0.004174404145420968	0	0.008142582626649792	0.008141215044465572	0.008142517698114363	0	0	0
0.00006309573444801943	0.005650175332651321	0.0007973506940836168	0.005638652715204289	0.0007842558472874096	0	0	0.5786482527143145	0	0	0	0	0	0	0	0.574579863631321	0.004218666843904088	0	0.008240358083116808	0.008239025897376845	0.008240320490066223	0	0	0
0.00006760829753919819	0.005706307681121342	0.0008041364764491154	0.005694377064662913	0.0007905719384002026	0	0	0.5760423328384755	0	0	0	0	0	0	0	0.5721535261674876	0.004263398875592338	0	0.008339307619151201	0.008338011877452225	0.008339298027529057	0	0	0
0.00007244359600749906	0.0057701598744073984	0.0008104482908563832	0.00575814234655257	0.0007967861230448489	0	0	0.5722124171892494	0	0	0	0	0	0	0	0.5680485649729423	0.0043151795963805376	0	0.008423798824698361	0.008422478619331639	0.008423746044243298	0	0	0
0.00007762471166286927	0.0058347265581863315	0.0008168096478503653	0.005822621668121793	0.0008030491534540936	0	0	0.5684079653871145	0	0	0	0	0	0	0	0.5639730551505189	0.0043675892151732836	0	0.008509146068197493	0.008507801036471403	0.008509049224965804	0	0	0
0.00008317637711026725	0.005888006184160924	0.0008206364073678637	0.0058764495552870956	0.0008075059550991978	0	0	0.562951647543077	0	0	0	0	0	0	0	0.5583860079259051	0.004412514099688744	0	0.008576525957520446	0.00857519314719048	0.00857639818169397	0	0	0
0.00008912509381337459	0.00594177233140018	0.0008244810952832989	0.005930775060467424	0.0008119874913210324	0	0	0.5575477065238356	0	0	0	0	0	0	0	0.5528543092616623	0.004457901080145313	0	0.008644439396208865	0.008643119085224964	0.00864428020408583	0	0	0
0.00009549925860214369	0.005979613168232726	0.0008262079648561937	0.005969246404103986	0.0008144377580196076	0	0	0.5506590675816655	0	0	0	0	0	0	0	0.5463031423786885	0.004492579638852742	0	0.008693186045113266	0.008691889948465996	0.008693068835917375	0	0	0
0.00010232929922807557	0.006017694998636268	0.000827938451344672	0.006007967301005696	0.0008168954186829408	0	0	0.5438555394666416	0	0	0	0	0	0	0	0.5398296049666433	0.004527527966317356	0	0.008742207580065277	0.008740936012948364	0.00874213283256124	4.2440873257157674e-11	4.2440873257157674e-11	4.2440873257157674e-11
0.00010964781961431851	0.006043335998261708	0.0008279307853884925	0.006034323658285141	0.0008177111644219732	0	0	0.5359187135429706	0	0	0	0	0	0	0	0.5318644991223916	0.0045506007528836045	0	0.008771477334374715	0.008770197813517663	0.008771380653389216	3.960812749682246e-11	3.960812749682246e-11	3.960812749682246e-11
0.00011748975549395303	0.006069086252487435	0.0008279231195032903	0.006060795638292569	0.0008185277247586814	0	0	0.5280977147115528	0	0	0	0	0	0	0	0.5240169172348218	0.00457379112093888	0	0.008800845086645116	0.008799557573043655	0.008800726326199016	3.696445533292511e-11	3.696445533292511e-11	3.696445533292511e-11
0.00012589254117941688	0.006080205092187748	0.000826644667046324	0.006071979014402389	0.0008173186468534757	0	0	0.5186501945473492	0	0	0	0	0	0	0	0.5146731114253245	0.004586988657473871	0	0.00880827914795747	0.00880705244865653	0.008808161675850648	3.44972369160706e-11	3.44972369160706e-11	3.44972369160706e-11
0.0001348962882591656	0.006091344302103785	0.0008253681887348376	0.006083183026070411	0.000816111354922447	0	0	0.5093716878720629	0.5089859822455517	0	0	0	0	0	0	0.5054959160899051	0.004600224275103064	0	0.008815719488810811	0.00881455370790401	0.008815603307304742	3.21946947175356e-11	3.21946947175356e-11	3.21946947175356e-11
0.0001445439770745928	0.006084735891312618	0.0008237183809882981	0.0060774052118964545	0.0008154087997978042	0	0	0.4987864628260238	0.4984204509413977	0	0	0	0	0	0	0.49506833210203227	0.0046007796930589125	0	0.00879874565220589	0.008797638295560819	0.008798677238882861	3.0045837307986306e-11	3.0045837307986306e-11	3.0045837307986306e-11
0.00015488166189124827	0.006078134649890139	0.0008220718710010322	0.006071632885496975	0.0008147068494726154	0	0	0.4884212087598064	0.48807423894196394	0	0	0	0	0	0	0.4848558527359033	0.004601335178074328	0	0.0087818044971228	0.008780755344438472	0.008781783668723663	2.8040406888724895e-11	2.8040406888724895e-11	2.8040406888724895e-11
0.00016595869074375631	0.0060564054508135835	0.000814370416681858	0.006049870365631858	0.0008069654895335881	0	0	0.47717486930248476	0.4766971802607093	0	0	0	0	0	0	0.4735387537889741	0.004589936779996651	0	0.008741369535677834	0.008740335851378567	0.008741377891962686	2.6168830325000066e-11	2.6168830325000066e-11	2.6168830325000066e-11
0.00017782794100389227	0.006034753933150759	0.0008067411122570194	0.006028185849045227	0.0007992976881435569	0.006035491318248161	0.0008075829488244013	0.4661874869684837	0.46558532194019736	0	0	0	0	0	0	0.46248580908057124	0.004578566617957794	0	0.008701120753065188	0.008700102416961118	0.008701158025815902	2.442217344763307e-11	2.442217344763307e-11	2.442217344763307e-11
0.00019054607179632481	0.005996822280631629	0.0008002697476509563	0.00598936600740318	0.0007918078529353255	0.0059970177990441844	0.0008004916654819153	0.4540182594001973	0.45348690065983827	0	0	0	0	0	0	0.45035274387359925	0.004554445272708575	0	0.008638288708215992	0.008637250827798305	0.008638299105542412	2.279209840481363e-11	2.279209840481363e-11	2.279209840481363e-11
0.00020417379446695317	0.005959129048813464	0.0007938502938242367	0.005950796154753326	0.0007843882013799177	0.005958789531071954	0.000793462649798149	0.4421666939394288	0.44170286170765743	0	0	0	0	0	0	0.4385379830738683	0.004530451006378417	0	0.008575910382602744	0.008574853293320257	0.008575894290785261	2.127082386048054e-11	2.127082386048054e-11	2.127082386048054e-11
0.00021877616239495564	0.005903877355466375	0.0007847561570957828	0.005895463598673738	0.0007752013864453564	0.005903005494969724	0.0007837607716315003	0.4291893875844122	0.4290090865580976	0	0	0	0	0	0	0.4259055443408729	0.0044938236703291395	0	0.008489267239508325	0.008488205626728562	0.008489205730709512	1.985108784928871e-11	1.985108784928871e-11	1.985108784928871e-11
0.00023442288153199226	0.00584913794329205	0.0007757662003663546	0.0058406455437941185	0.0007661221681937835	0.0058477436888720435	0.0007741775209011726	0.4165929567737111	0.41668010851880555	0	0	0	0	0	0	0.4136369931489856	0.004457492455293912	0	0.008403499459367867	0.008402433522419872	0.008403393453175659	1.8526113110847613e-11	1.8526113110847613e-11	1.8526113110847613e-11
0.0002511886431509582	0.005779251812846386	0.0007641257569701791	0.005771324538725735	0.0007551275073880887	0.005778188653884561	0.0007629169032712891	0.4033998741787686	0.40342277118293296	0	0	0	0	0	0	0.4005254347442592	0.004410418727037082	0	0.0082972326381883	0.008296204908861522	0.008297132876093946	1.7289574737750044e-11	1.7289574737750044e-11	1.7289574737750044e-11
0.00026915348039269194	0.005710200689418164	0.0007526599795009221	0.005702826285476077	0.0007442906315561883	0.005709460929933521	0.0007518200743151708	0.3906246033243436	0.3905872370232713	0	0	0	0	0	0	0.3878294894656506	0.004363842124891896	0	0.008192309618759209	0.008191319301267862	0.008192215959796967	1.6135569982956228e-11	1.6135569982956228e-11	1.6135569982956228e-11
0.00028840315031266115	0.0056256476892731	0.0007390940079573731	0.005619016579878584	0.000731574109906221	0.005625615751419888	0.00073906573892205	0.3770344505386274	0.3770357173102396	0	0	0	0	0	0	0.3743037547699061	0.004305816778980418	0	0.008066269510062838	0.008065330425011301	0.008066193816946267	1.5058590082404726e-11	1.5058590082404726e-11	1.5058590082404726e-11
0.0003090295432513592	0.005542346695882675	0.000725772549990914	0.005536438555977269	0.0007190748554312226	0.005543001864975018	0.000726527775872362	0.3639171104000596	0.3639543708878979	0	0	0	0	0	0	0.36124973639287633	0.004248562987280061	0	0.007942168550365879	0.007941279355884038	0.007942110292482409	1.4053493958343144e-11	1.4053493958343144e-11	1.4053493958343144e-11
0.0003311311214825914	0.00544557566308918	0.0007114019506863329	0.005439731227643329	0.0007047747857497017	0.005446215878719847	0.0007121401024307671	0.35029615156301636	0.3504501304403002	0	0	0	0	0	0	0.3477090693925526	0.0041809898817478965	0	0.0077981772925306845	0.007797318047140572	0.00779811846899459	1.3115483677848261e-11	1.3115483677848261e-11	1.3115483677848261e-11
0.000354813389233576	0.0053504942815033344	0.0006973158952438411	0.005344713127367986	0.0006907590981340419	0.0053511198661221875	0.0006980373529162904	0.3371850080502275	0.3374469542047398	0	0	0	0	0	0	0.3346759450817941	0.004114491521866182	0	0.007656796591522812	0.00765596650157081	0.007656737241994068	1.224008154938462e-11	1.224008154938462e-11	1.224008154938462e-11
0.00038018939632056124	0.005241555250179905	0.000685925209943433	0.005236154053085848	0.0006797968433397633	0.005242147963965424	0.0006866092411676804	0.323766087451765	0.32392636093803956	0	0	0	0	0	0	0.3212505983053598	0.004038316785791741	0	0.0074961397278884645	0.007495344813214606	0.007496090230295745	1.1423108748069112e-11	1.1423108748069112e-11	1.1423108748069112e-11
0.00040738027780411304	0.005134834277959302	0.0006747205919799357	0.005129799975092222	0.0006690085580675659	0.005135395200186563	0.0006753682279140061	0.3108811983960126	0.31094750153500483	0	0	0	0	0	0	0.3083638021439791	0.003963552331008487	0	0.007338853807640734	0.007338092957624147	0.007338813774690964	1.0660665367607224e-11	1.0660665367607224e-11	1.0660665367607224e-11
0.00043651583224016654	0.005017146719613021	0.0006534545074590727	0.00501211735675856	0.0006477465075776806	0.00501772276115911	0.0006541181158568737	0.29767222186511527	0.29770049137524324	0	0	0	0	0	0	0.29527866935000663	0.003907236844788158	0	0.007165751207429632	0.007165027826198932	0.007165719965566874	9.949111803676973e-12	9.949111803676973e-12	9.949111803676973e-12
0.00046773514128719906	0.004902156494937071	0.0006328586949830014	0.00489713449255276	0.0006271601955153291	0.00490274666824854	0.0006335366275871465	0.2850244792135713	0.2850178313945523	0	0	0	0	0	0	0.2827487920660695	0.0038517215079599387	0	0.00699673160314477	0.006996044346490069	0.006996708759936612	9.285051379891637e-12	9.285051379891637e-12	9.285051379891637e-12
0.0005011872336272725	0.004776001256061725	0.000615482814454653	0.004770977537118006	0.000609780083333511	0.00477626954042124	0.0006157908185943391	0.272129731956187	0.27216951438419923	0	0	0	0	0	0	0.2700765693770492	0.003736025809693016	0	0.0068123862797160655	0.006811723315831953	0.0068123689749694846	8.66531413340492e-12	8.66531413340492e-12	8.66531413340492e-12
0.0005370317963702533	0.0046530925770039	0.0005985840091826437	0.00464807055928316	0.0005928816157165308	0.0046530551681360525	0.0005985420822617314	0.25981835391428365	0.2599003865747136	0.25957469255746496	0	0	0	0	0	0.2579722897964913	0.003623805309352469	0	0.0066328979667027175	0.006632258492576215	0.006632885924431008	8.086941682757087e-12	8.086941682757087e-12	8.086941682757087e-12
0.0005754399373371578	0.004520965329259736	0.0005801867065231863	0.0045162857795703355	0.0005748752635257253	0.0045210949748907756	0.0005803358831005185	0.24740045384973405	0.2475528101678368	0.24722217179738537	0	0	0	0	0	0.24564520120852357	0.0035310301563715	0	0.006441046792719588	0.0064404310957728505	0.006441044172318795	7.547173105727504e-12	7.547173105727504e-12	7.547173105727504e-12
0.0006165950018614823	0.004392589910929572	0.000562354839525143	0.004388237438008019	0.0005574157805759702	0.004392877159926463	0.0005626834723824598	0.23557606167132902	0.23579185329290106	0.23545747709856357	0	0	0	0	0	0.23390715694456282	0.0034406301941847044	0	0.006254744757761888	0.006254151997517497	0.006254751024279198	7.043431759779587e-12	7.043431759779587e-12	7.043431759779587e-12
0.0006606934480075965	0.004256829656586699	0.0005438283062836752	0.004252682242049504	0.0005391220371451753	0.004256987134030881	0.0005440078689862317	0.22383289386046423	0.22394124900844556	0.2236628743248116	0	0	0	0	0	0.22214854777670648	0.003345370536150312	0	0.006058235770510812	0.006057671568319648	0.006058243072832943	6.573312982184415e-12	6.573312982184415e-12	6.573312982184415e-12
0.0007079457843841388	0.004125265297383813	0.0005259121215442963	0.004121314424602504	0.0005214286732880728	0.004125300753824816	0.0005259521134784375	0.21267510806700707	0.21268624130608352	0.21245909014091627	0	0	0	0	0	0.21098104873719534	0.0032527483026389492	0	0.00586790062145233	0.00586736376797269	0.005867908888309096	6.134572611108298e-12	6.134572611108298e-12	6.134572611108298e-12
0.0007585775750291852	0.003987407737282743	0.0005073869754611814	0.003983674152151719	0.0005031507019380864	0.00398759468291029	0.0005076012962896975	0.20154375459801654	0.20155776811940398	0.20131965311619895	0	0	0	0	0	0.199837779387537	0.0031564058215755833	0	0.005668818600364521	0.0056683058366571205	0.0056688205306620575	5.7251162728682425e-12	5.7251162728682425e-12	5.7251162728682425e-12
0.0008128305161640995	0.003854157082557937	0.0004895143738305375	0.0038506306764139538	0.0004855134399579253	0.0038544853585357973	0.0004898907512528611	0.1909950129409013	0.19101157479580455	0.1907642676241575	0	0	0	0	0	0.18928305793136174	0.0030629168885872174	0	0.0054764908946063826	0.005476001204026725	0.005476486908799961	5.342989384217135e-12	5.342989384217135e-12	5.342989384217135e-12
0.0008709635899560814	0.003716054181340538	0.0004712748384053484	0.0037124926057184125	0.00046723191535027206	0.003716153866070222	0.00047138939325988246	0.18049676362748318	0.18053344212351233	0.18033941538442938	0	0	0	0	0	0.17894557756738316	0.002966766041394481	0	0.005277315941655937	0.005276843649263496	0.005277305698442366	4.986367821933305e-12	4.986367821933305e-12	4.986367821933305e-12
0.0009332543007969925	0.0035828998099614734	0.0004537149166346545	0.0035793101197514636	0.0004496387633281632	0.0035827868760032297	0.0004535867629867248	0.17057556204400126	0.17063009799173404	0.1704842586415239	0	0	0	0	0	0.16917266701458325	0.002873633554069857	0	0.005085384799139262	0.005084929287140564	0.005085368758950415	4.653549215174979e-12	4.653549215174979e-12	4.653549215174979e-12
0.001	0.00344570025354618	0.00043544126819466315	0.0034423731306860834	0.0004316642821330011	0.0034455691345713266	0.0004352921451133255	0.16088031522454974	0.1609274935248807	0.16075374801928735	0	0	0	0	0	0.1595108526169835	0.0027797565836114356	0	0.004888049884423906	0.0048876185041805695	0.004888035012964216	4.342944819032518e-12	4.342944819032518e-12	4.342944819032518e-12
0.001071519305237607	0.0033137544634316376	0.0004179036022297138	0.0033106750670970977	0.0004144083376846345	0.003313606717895069	0.0004177354082153978	0.15173613099439096	0.15177661196358835	0.1515786132289539	0	0	0	0	0	0.1504008451932939	0.002688946422269981	0	0.004698372417493482	0.004697963982079642	0.004698358648212442	4.053071930486105e-12	4.053071930486105e-12	4.053071930486105e-12
0.001148153621496884	0.003178898983262787	0.0004002071957472484	0.00317598997874963	0.00039690548667874377	0.003178823548395534	0.0004001213163118785	0.14277083009333152	0.14284523267460777	0.14261271502818032	0	0	0	0	0	0.14149286838016456	0.0025973359226169252	0	0.004505051012001278	0.004504664361972079	0.004505045784537757	3.782546810565719e-12	3.782546810565719e-12	3.782546810565719e-12
0.0012302687708123836	0.0030495315381104874	0.0003832601553882663	0.0030467841575170314	0.00038014188188359763	0.003049522774462807	0.00038324993433307207	0.13433524231807667	0.13443942537574885	0.13417715107993883	0	0	0	0	0	0.13311249532352523	0.0025088465277866277	0	0.004319684098511949	0.004319318132583615	0.004319686733260158	3.5300780789263965e-12	3.5300780789263965e-12	3.5300780789263965e-12
0.0013182567385564075	0.002918608878846536	0.0003663025670358093	0.0029158950558462295	0.0003632213018167047	0.0029186307949542888	0.00036632725122961584	0.1261212636629399	0.1262526284912449	0.12598953948799585	0	0	0	0	0	0.12497883578543956	0.002420616333593969	0	0.004132044920399911	0.004131695088077906	0.0041320510311738026	3.294460549307244e-12	3.294460549307244e-12	3.294460549307244e-12
0.0014125375446227555	0.0027933069985430652	0.00035009527792184193	0.0027906289179465606	0.0003470538774620457	0.002793356976570233	0.00035015180166168066	0.11840953180605779	0.11856437318441268	0.11830154338975606	0	0	0	0	0	0.11734217254601596	0.0023354889864989907	0	0.0039525564450614125	0.003952222035248899	0.003952565724908131	3.0745694764470014e-12	3.0745694764470014e-12	3.0745694764470014e-12
0.0015135612484362103	0.002667199422910808	0.0003337396393951131	0.0026646492511179292	0.00033084357561203193	0.0026672106616317083	0.00033375185335154104	0.11095099256721568	0.111062178718771	0.11083969428290776	0	0	0	0	0	0.10989221958934378	0.00225168824783868	0	0.0037724352849103446	0.003772116105015249	0.0037724428002240138	2.8693551869933154e-12	2.8693551869933154e-12	2.8693551869933154e-12
0.0016218100973589332	0.002546785142229711	0.00031814809832552494	0.0025443567884719065	0.0003153904296479867	0.002546761038131494	0.0003181200241922923	0.10396226185416403	0.10403468774363532	0.10384850000014681	0	0	0	0	0	0.10291525769677398	0.002170894401456865	0	0.0036005223901655068	0.0036002177465769116	0.003600528282497509	2.677838068775664e-12	2.677838068775664e-12	2.677838068775664e-12
0.0017378008287493763	0.0024262133362440647	0.0003027060391570027	0.002423813970405957	0.0002999804256089033	0.0024260846003371635	0.00030255795369212084	0.09720429777553888	0.09725710792319449	0.09707589128267594	0	0	0	0	0	0.09622646462904282	0.0020919930119415895	0	0.00342838370128599	0.003428091723636653	0.0034283891916241866	2.4991038945228013e-12	2.4991038945228013e-12	2.4991038945228013e-12
0.0018620871366628695	0.002311349730827667	0.0002880134963068837	0.002308982053835077	0.0002853233557179785	0.002311126328645063	0.0002877571620170312	0.09088562847247404	0.09092106918120263	0.09074496664191177	0	0	0	0	0	0.08997239770109093	0.002015959301878275	0	0.003264474853801176	0.0032641950273257004	0.0032644799671153963	2.3322994577019128e-12	2.3322994577019128e-12	2.3322994577019128e-12
0.001995262314968883	0.0021965345468191347	0.0002732635162019968	0.002194325604059682	0.00027075423959576267	0.0021964282072660657	0.00027314126935816475	0.08479577273292191	0.08482094859547654	0.08466494847093665	0	0	0	0	0	0.08391792173652754	0.0019422976640710986	0	0.0031010047587835634	0.0031007383109762374	0.003101012553954369	2.176628499646799e-12	2.176628499646799e-12	2.176628499646799e-12
0.0021379620895022326	0.0020874227517452566	0.00025926892400734454	0.0020853626162379087	0.00025692904835852	0.002087422400878603	0.0002592677537672336	0.07911397207921651	0.07913010026639597	0.07899229857973923	0	0	0	0	0	0.07827086716054683	0.0018713275671493872	0	0.0029457205047240947	0.002945466797378478	0.0029457307003418	2.0313479085326796e-12	2.0313479085326796e-12	2.0313479085326796e-12
0.0022908676527677745	0.001979262789456052	0.0002454139465354868	0.0019773267015244234	0.00024321535596001306	0.0019792778772962935	0.0002454310308491834	0.0736725075831516	0.07366715914172221	0.07354656016252009	0	0	0	0	0	0.0728681264241613	0.001803380073631148	0	0.00279179178583411	0.0027915487804969353	0.002791795297505	1.895764172053095e-12	1.895764172053095e-12	1.895764172053095e-12
0.0024547089156850338	0.0018767071435098705	0.00023229936015168793	0.0018748877792846188	0.00023023363746793027	0.0018767360711974804	0.00023233275264062357	0.06860530739317268	0.06858136559592401	0.06847625159659006	0	0	0	0	0	0.0678383163645846	0.0017378997386993903	0	0.0026459066170572863	0.0026456738880335086	0.002645904115493876	1.7692300668653968e-12	1.7692300668653968e-12	1.7692300668653968e-12
0.002630267991895387	0.0017753615637635888	0.00021941552203838486	0.0017735998309028925	0.00021741464022433058	0.0017753257225623874	0.0002193745618432858	0.06372586156804849	0.06375182896394423	0.06363483134550235	0	0	0	0	0	0.06304043538250279	0.0016755291218763897	0	0.0025018075205059036	0.0025015887151146415	0.002501805520913206	1.6511415690014787e-12	1.6511415690014787e-12	1.6511415690014787e-12
0.002818382931264455	0.001679488828605571	0.00020724625018312686	0.0016777838092149862	0.0002053093818250576	0.001679395131559775	0.0002071391047407535	0.05919345874098106	0.05926239089776248	0.05913571005940089	0	0	0	0	0	0.05858188566852786	0.0016153968930088384	0	0.002365556225344439	0.0023653505172704305	0.002365554680466384	1.540934970495324e-12	1.540934970495324e-12	1.540934970495324e-12
0.003019951720402019	0.0015846054955792057	0.00019521258369956506	0.0015830046183042906	0.00019339404079638734	0.0015844659892468053	0.0001950527962185668	0.054903727848046716	0.054967242407430825	0.05484766380929935	0	0	0	0	0	0.054339164049858835	0.0015582884240971009	0	0.0022309045756816167	0.002230711263246546	0.002230903477661573	1.4380841884632448e-12	1.4380841884632448e-12	1.4380841884632448e-12
0.0032359365692962876	0.0014950826310077972	0.00018387764700681793	0.0014935795707464801	0.00018217021883307807	0.001494902792023784	0.0001836717087307005	0.050924872371504566	0.05098339253793654	0.05087055219792186	0	0	0	0	0	0.050403716369679524	0.0015031988876443513	0	0.0021039175363809005	0.0021037358749337893	0.002103916839352564	1.3420982537914733e-12	1.3420982537914733e-12	1.3420982537914733e-12
0.0034673685045253167	0.0014069082820605222	0.00017269945147396854	0.0014055513789770575	0.0001711586348022267	0.0014068436426321342	0.00017262547103217665	0.047140948943897615	0.047182048449755945	0.04708731264417302	0	0	0	0	0	0.04664674758107335	0.0014504538605556463	0	0.0019788639010168653	0.0019786939132660146	0.001978865629301273	1.2525189674430258e-12	1.2525189674430258e-12	1.2525189674430258e-12
0.003715352290971728	0.0013239341244946632	0.00016220079506620868	0.0013227113691418038	0.00016081266441363336	0.001323971729382494	0.00016224356736819443	0.04363818628978333	0.043664134242511345	0.043585432362196135	0	0	0	0	0	0.04316981398620236	0.0013995595785050415	0	0.0018612432621687744	0.0018610842021787501	0.0018612471299174328	1.1689187131960094e-12	1.1689187131960094e-12	1.1689187131960094e-12
0.003981071705534978	0.0012426616830948014	0.00015199610904195634	0.0012414970999691157	0.00015067397357043343	0.0012427094322584556	0.00015205049046976486	0.0403323768569222	0.040347530231320226	0.04027229351697099	0	0	0	0	0	0.03988587285346946	0.001351736318492097	0	0.0017462376023751054	0.0017460862066345415	0.0017462418411993688	1.0908984163722597e-12	1.0908984163722597e-12	1.0908984163722597e-12
0.004265795188015935	0.0011663783190280848	0.00014243343970332537	0.001165269374097657	0.00014117449265755086	0.0011664348254206405	0.00014249780146678576	0.037276998913899406	0.037282846070548104	0.037211002328470265	0	0	0	0	0	0.03685174214073749	0.0013055471898397548	0	0.0016383381076128492	0.001638194036266702	0.0016383426568886816	1.0180856388120376e-12	1.0180856388120376e-12	1.0180856388120376e-12
0.004570881896148752	0.0010916691361649296	0.00013306399439212685	0.001090572767788433	0.0001318188012282786	0.0010916636703708854	0.0001330575105850403	0.03437868351551889	0.034379970550486326	0.034308749079347216	0	0	0	0	0	0.033985907442664415	0.001261427191664858	0	0.00153228050877722	0.0015321429321117146	0.0015322815453431486	9.501328010009874e-13	9.501328010009874e-13	9.501328010009874e-13
0.004897788193684466	0.0010217452463006443	0.000124310882616244	0.0010206643959579827	0.00012308311530051045	0.001021685518329641	0.00012424262648862486	0.03170571437336168	0.03170311549755911	0.031632855600049505	0	0	0	0	0	0.031342938965822124	0.001218798196078073	0	0.0014330885344537158	0.0014329572153549861	0.0014330864940414684	8.867155228624628e-13	8.867155228624628e-13	8.867155228624628e-13
0.005248074602497733	0.0009532789137110809	0.00011578398063874115	0.000952229060871645	0.00011459090814215409	0.0009531649886961468	0.0001156534142805504	0.029194609783511096	0.029187707108499487	0.029123184094908407	0	0	0	0	0	0.028857238816151497	0.0011772582497685227	0	0.0013361892890138452	0.0013360672848549027	0.0013361887656943051	8.275310752948455e-13	8.275310752948455e-13	8.275310752948455e-13
0.005623413251903491	0.000889400455364377	0.00010784196757686471	0.0008883823007438624	0.00010668462686196866	0.0008892398682145141	0.00010765799639605397	0.02688238562849054	0.026871877822769324	0.026812623638840894	0	0	0	0	0	0.02656867095330349	0.0011371340974312275	0	0.0012458419512482622	0.0012457286027324546	0.001245842749192786	7.722969350620743e-13	7.722969350620743e-13	7.722969350620743e-13
0.0060255958607435805	0.0008268043235155974	0.00010001839553684059	0.0008258788498191797	0.00009896662887924209	0.0008266724688121614	0.00009986721617522381	0.024706891650763237	0.02469316139730021	0.024637648956575085	0	0	0	0	0	0.02441710255672172	0.0010968324982716818	0	0.0011573578925230326	0.0011572527625719577	0.0011573607892024255	7.20749436139015e-13	7.20749436139015e-13	7.20749436139015e-13
0.006456542290346563	0.0007686137164209337	0.00009276239733509806	0.0007677729216436812	0.00009180698212867976	0.0007685073455648728	0.00009264022367552101	0.02270745251104523	0.02269109080558769	0.022639102919719576	0	0	0	0	0	0.02243977119944483	0.0010579592433140074	0	0.0010751582815486953	0.0010750607745080847	0.0010751629748225826	6.726425110737414e-13	6.726425110737414e-13	6.726425110737414e-13
0.006918309709189377	0.0007118202966555375	0.00008567526429165836	0.0007110698062951815	0.00008482278956061191	0.0007117751621388232	0.00008562331003067953	0.02082367910747539	0.02081057280859007	0.020750520123299997	0	0	0	0	0	0.020585474920803003	0.0010178869923378221	0	0.0009950505276142222	0.000994960045869907	0.0009950556810438191	6.277465163584565e-13	6.277465163584565e-13	6.277465163584565e-13
0.007413102413009177	0.0006592233834834262	0.00007912959477458692	0.0006585544438611022	0.00007836991764699608	0.0006592310201867589	0.0000791378834132403	0.019096180487889892	0.019085902230622755	0.01901948530886457	0	0	0	0	0	0.018884407240546845	0.0009793325553118881	0	0.0009209114318304213	0.000920827469805527	0.0009209169507915462	5.858471362018591e-13	5.858471362018591e-13	5.858471362018591e-13
0.00794328234724282	0.00060814371827923	0.00007282193727984744	0.0006074959082476435	0.0000720859837103835	0.0006081502939476823	0.00007282905044144039	0.01748216729246393	0.017474879157555512	0.017399778880129734	0	0	0	0	0	0.017291687377715963	0.0009384573406236657	0	0.0008488165303887556	0.0008487374433331748	0.000848821516053471	5.467443594699854e-13	5.467443594699854e-13	5.467443594699854e-13
0.008511380382023776	0.0005610219408908237	0.00006701708209547336	0.0005603960036680993	0.00006630591435479005	0.0005610275741027406	0.00006702315451760563	0.01600457083213644	0.01599984102827525	0.015918007252083862	0	0.008111554507757466	0.008397378478751516	0	0	0.01583329826348328	0.0008992881686547891	0	0.0007823656839932434	0.0007822912232058719	0.0007823701860368953	5.102515249118596e-13	5.102515249118596e-13	5.102515249118596e-13
0.009120108393559097	0.0005152631441703512	0.00006136473784319719	0.0005146631199076375	0.00006068242881348185	0.0005152480973935988	0.00006134711142764696	0.014626266115096985	0.01462629321885477	0.014537131183274172	0	0.007664930472147099	0.007902797341779797	0.008351502913142494	0.00766610991819569	0.014471473059702908	0.0008569333341614748	0	0.0007179414791135621	0.0007178715831448705	0.0007179450657505198	4.761944301122167e-13	4.761944301122167e-13	4.761944301122167e-13
0.009772372209558112	0.00047323658557585997	0.00005618912272545291	0.00047266241239996346	0.000055535877945965794	0.0004732041955198185	0.00005615175990451979	0.013366660231843066	0.01337066118006158	0.013276045153959602	0	0.007242897657491235	0.00743734559342228	0.007868059695584498	0.007266145339806727	0.013226778718664388	0.0008165733352141885	0	0.0006588223103049846	0.0006587567322755224	0.0006588251017673742	4.444104999177981e-13	4.444104999177981e-13	4.444104999177981e-13
0.010471285480509006	0.00043262036504979724	0.00005123225360335327	0.0004320881996245641	0.0000506268567198782	0.0004325955838596816	0.000051203740710741675	0.01218898855512678	0.012191496554868862	0.012096821207203588	0	0.006822829165996881	0.006973350234169594	0.007379956559800624	0.006852629959660998	0.012068467801374591	0.0007785901612599637	0	0.0006017787324959987	0.0006017166809286076	0.0006017800215970086	4.147480103676257e-13	4.147480103676257e-13	4.147480103676257e-13
0.011220184543019653	0.0003954900909194771	0.00004671266754071123	0.0003949969520673729	0.0000461517619984121	0.0003954718511515421	0.000046691734457317146	0.011115075824481086	0.011116322988501216	0.011022339983184403	0	0.0064271235118489615	0.006538302258187415	0.006922133401594417	0.006462647685669955	0.0110115938408564	0.0007423737869811876	0	0.0005496742250833135	0.0005496155809399884	0.0005496742510596758	3.870653644225815e-13	3.870653644225815e-13	3.870653644225815e-13
0.012022644346174132	0.0003598674356439768	0.00004240677272080718	0.00035940451123458637	0.000041880230744197355	0.0003598236502753458	0.00004235656517957409	0.010122459244628818	0.010119312711496426	0.010020661378384947	0	0.0060259789648073585	0.006100755193734284	0.006456915849177672	0.00605745014150356	0.01002987961418612	0.0006920585002916477	0	0.0004997423975280564	0.0004996867913926924	0.0004997411597145602	3.612304160369294e-13	3.612304160369294e-13	3.612304160369294e-13
0.01288249551693135	0.0003274533906421917	0.000038497788014929765	0.0003270192390591897	0.000038004046893107884	0.0003273888114172272	0.00003842390167475029	0.009218486925072754	0.009211723144332572	0.009110012448667498	0	0.005649871582109102	0.005692489038307916	0.006022964289269349	0.005677657827172371	0.009135687942086523	0.0006451533933781805	0.00733434412633489	0.0004543463245875068	0.00045429368844546316	0.00045434405237537603	3.371198393451505e-13	3.371198393451505e-13	3.371198393451505e-13
0.013803842646028866	0.0002966368035246404	0.000034783394123186095	0.00029624523334512745	0.00003433861367660638	0.00029660829269250263	0.00003475090091878682	0.008376351922658794	0.008376441536470833	0.008261308559547001	0	0.005265024758025161	0.005281311044061028	0.005582877191425228	0.005285398982554105	0.008306520287768937	0.0006012745698664989	0.006765725068215971	0.0004111805090622348	0.00041113142303425115	0.0004111787315151425	3.1461853995285223e-13	3.1461853995285223e-13	3.1461853995285223e-13
0.014791083881682071	0.00026872036057634413	0.0000314273772368349	0.00026836720228507594	0.000031026705986015935	0.00026872170405922464	0.000031429008040089645	0.007611148348152166	0.007616899869280401	0.0074916713342172625	0	0.0049063921718854155	0.004899833123334739	0.005174946461174716	0.004920240573690335	0.007552609034865785	0.0005603800771706072	0.006241190065560878	0.0003721157229260611	0.00037206998755489023	0.00037211436656095856	2.936191055214697e-13	2.936191055214697e-13	2.936191055214697e-13
0.01584893192461114	0.00024228265660064565	0.000028281807815123512	0.00024195560046182875	0.000027910699095378682	0.00024228808359611856	0.00002828805684097729	0.006904533435135259	0.006910075184562101	0.006777417850916695	0	0.004544548208806944	0.004520534103977893	0.0047680729003435375	0.00455053945959438	0.006854252911659383	0.0005184638900044116	0.0057253006638845185	0.00033526727164265085	0.00033522514382949544	0.00033526668893452393	2.74021293024077e-13	2.74021293024077e-13	2.74021293024077e-13
0.01698243652461746	0.0002184459918242381	0.000025451078760530274	0.00021814332040715113	0.0000251076322553828	0.00021845468589221895	0.000025461005922224434	0.006263520270035818	0.006268841638430521	0.006131261060015982	0	0.004209390056611384	0.004170596849086028	0.00439318925394828	0.0042086172542157435	0.006220470669156784	0.0004796830154914112	0.005252054071026077	0.00030206770773037625	0.0003020289214779182	0.0003020677587590675	2.5573155022467223e-13	2.5573155022467223e-13	2.5573155022467223e-13
0.018197008586099864	0.00019606345777704775	0.000022808861938932405	0.0001957844178445667	0.000022491914025206503	0.0001960742969757631	0.000022821255449999113	0.005671353931221953	0.005674769913541876	0.005529953874078724	0.005539906319607268	0.0038740212958223697	0.0038261236329230975	0.004025187092232985	0.0038690667688208056	0.00563565392123267	0.00044097139572589695	0.0047929017203302594	0.00027103325217751916	0.0002709977087169198	0.0002710333975485424	2.3866256909665697e-13	2.3866256909665697e-13	2.3866256909665697e-13
0.019498445997580455	0.00017597429531424815	0.000020440948214583343	0.0001757172220501299	0.000020148701851757685	0.00017598674881942294	0.000020455189473072272	0.005135172239652204	0.005136995864470838	0.004987618297459784	0.004967524573548827	0.003565371894418106	0.0035101024107906304	0.0036880111898019803	0.0035569111557004806	0.005105818644461283	0.00040538390055198394	0.004373890022852884	0.0002431872785670027	0.00024315472097989158	0.00024318749835628177	2.2273286904871443e-13	2.2273286904871443e-13	2.2273286904871443e-13
0.02089296130854041	0.00015735884725142748	0.000018258242920039245	0.00015711443774228852	0.000017980333000752807	0.00015736609356047923	0.00001826653713369565	0.004639899945925555	0.004641616061652932	0.004484531063647567	0.004442448507204109	0.0032631201565112805	0.0032042806176889927	0.0033621388883148433	0.0032527221184539094	0.004618928636941898	0.000370558060341022	0.003972379740190519	0.00021732289752581576	0.00021729246568581826	0.00021732296449993445	2.0786640796856566e-13	2.0786640796856566e-13	2.0786640796856566e-13
0.022387211385683423	0.00014071263512707596	0.00001630860912261054	0.0001404810880747544	0.00001604532029887365	0.00014071563665225468	0.0000163120649308054	0.0041923952115884774	0.004194007593582868	0.0040321888447363	0.003972873902677242	0.0029864915838093875	0.0029251039073200933	0.003065060630937488	0.0029745474983042352	0.004178468378681115	0.000338724048726973	0.003607726924506363	0.0001942093437918204	0.00019418095381223212	0.0001942092879702498	1.9399221922788573e-13	1.9399221922788573e-13	1.9399221922788573e-13
0.02398832919019495	0.0001253207106981345	0.000014512476662533635	0.00012509964834246892	0.0000142610387585383	0.00012532215601033348	0.00001451415806178459	0.003780730500946625	0.0037834044970460265	0.003613827967132722	0.0035427244596144664	0.002719176434617923	0.0026582162919287777	0.0027818277734987127	0.0027075651638801455	0.0037731732038957994	0.0003080716089373198	0.0032615378293142762	0.0001728526873535348	0.00017282613003216546	0.0001728523882443261	1.8104407291557699e-13	1.8104407291557699e-13	1.8104407291557699e-13
0.025703957827688646	0.00011161243989000948	0.000012914159466155084	0.00011140234055620101	0.000012675173987446617	0.00011161263354044445	0.000012914415503866318	0.0034094884664683783	0.003413000398513779	0.0032388742390077126	0.003159147988133442	0.0024757881531178552	0.002415679606113343	0.0025247675962096353	0.0024645459925708474	0.0034071900841070933	0.0002801930261223627	0.0029485682355250985	0.00015384456248081598	0.00015381977807554445	0.0001538440742666451	1.6896015968226653e-13	1.6896015968226653e-13	1.6896015968226653e-13
0.02754228703338169	0.00009899562030852239	0.000011441472137909341	0.00009880227760589722	0.000011221544358607009	0.0000989914580579748	0.000011436734189500091	0.003069225394583283	0.0030721802591552713	0.002892580587491008	0.002812068107729663	0.0022451394353019947	0.002186885134573414	0.0022825676313097576	0.0022345613412357384	0.003070825883977427	0.0002537307163624236	0.002654003192798374	0.0001363768027065436	0.00013635387732253583	0.00013637620097153906	1.5768279568682153e-13	1.5768279568682153e-13	1.5768279568682153e-13
0.0295120922666639	0.00008780502289822583	0.000010136725121416705	0.0000876273336033549	9.934621640452254e-6	0.0000877974872342105	0.000010128130760708575	0.0027629201903452984	0.002765394211161926	0.002583311928064615	0.00250312016791037	0.0020359783520251017	0.0019797603041873707	0.0020636018140144236	0.0020260382248077375	0.0027676681890135917	0.00022976759028140006	0.0023888655051354356	0.00012089236055241614	0.00012087119155612096	0.00012089167736935027	1.4715814723641933e-13	1.4715814723641933e-13	1.4715814723641933e-13
0.03162277660168379	0.00007755631749768866	8.95023080329926e-6	0.00007738826357068645	8.75906087705778e-6	0.00007753826732060061	8.929589080713966e-6	0.0024816749864503477	0.00248459770542037	0.002298025874284058	0.002222312857985798	0.0018392697944148689	0.0017856294298614185	0.0018585250270277537	0.0018296808954709315	0.00248868568268398	0.000207185825839213	0.0021407336751245155	0.00010672155515091998	0.0001067016990788706	0.00010672048626956424	1.3733597380570538e-13	1.3733597380570538e-13	1.3733597380570538e-13
0.03388441561392028	0.00006850385302870647	7.902614549848906e-6	0.00006834560738313647	7.722603861993819e-6	0.00006847784701448995	7.872880300849048e-6	0.0022290585011808185	0.0022323131121281857	0.0020442451650952553	0.0019730073298445936	0.0016615664765207662	0.0016105345955484103	0.0016738283774664093	0.0016523539083617169	0.002237824769523264	0.00018682341741976948	0.001918375336728002	0.00009421182845455807	0.00009419326838547465	0.00009421047368559155	1.2816938820831737e-13	1.2816938820831737e-13	1.2816938820831737e-13
0.03630780547701017	0.000060252694647770795	6.944005898160617e-6	0.000060108975083016833	6.780521564463261e-6	0.00006023687581195898	6.925947878491902e-6	0.0019981414633696314	0.002002494448864382	0.0018113036690655194	0.0017478513727326626	0.0014955774341883072	0.0014474808190608531	0.0015026226992066703	0.001487293994505109	0.002008158444265692	0.00016780215586992912	0.0017117332295605472	0.00008282245882978051	0.00008280551121547329	0.00008282138422391218	1.1961463277593127e-13	1.1961463277593127e-13	1.1961463277593127e-13
0.038904514499428125	0.00005299537254928117	6.1016790847544695e-6	0.00005286497587586331	5.9533641123839015e-6	0.000052987664854848286	6.092910368574169e-6	0.0017911460401429178	0.001796335825806142	0.0016049058290996789	0.0015483897981281606	0.0013461705524637937	0.0013009349363498962	0.00134892860377285	0.0013387225429715409	0.0018020626065975262	0.00015071752729653453	0.0015273500409879466	0.00007280996239149848	0.00007279450862237238	0.00007280912000991195	1.1163087047639052e-13	1.1163087047639052e-13	1.1163087047639052e-13
0.04168693834703355	0.00004640786292096243	5.336576977148965e-6	0.000046291132837062335	5.203824386479383e-6	0.00004640813863160143	5.336934306053194e-6	0.0016021828936892894	0.0016070562233726558	0.0014164954088148763	0.0013684979750938412	0.0012065051972473915	0.0011644234335109105	0.0012058444984931738	0.0012000097951258952	0.0016154805703033277	0.0001347958463928626	0.0013568853040861247	0.00006372670192503136	0.00006371261951728741	0.00006372622607022499	1.0417998997380347e-13	1.0417998997380347e-13	1.0417998997380347e-13
0.04466835921509635	0.00004063920371326919	4.667412598639195e-6	0.000040534757537209375	4.548653120172398e-6	0.00004064559812457685	4.674755751214637e-6	0.0014331550679283264	0.0014377209806644964	0.0012502037233668723	0.0012095059720103668	0.0010813301392760283	0.0010422365443683178	0.0010779376688131244	0.0010756698734613753	0.0014482168729726189	0.00012055611932259942	0.0012054458238361474	0.00005577660535525789	0.0000557637926620614	0.00005577641768779177	9.722642370003942e-14	9.722642370003942e-14	9.722642370003942e-14
0.0478630092322639	0.00003541812154447651	4.067691920586377e-6	0.0000353208181047815	3.957031906227943e-6	0.000035429954573523974	4.0812587028969635e-6	0.0012790298297734389	0.0012840319163654882	0.001100003625148591	0.001066220273018207	0.0009655701257130799	0.0009293971304102339	0.0009597598113421079	0.0009605678469830548	0.0012949484651385414	0.00010736964057103202	0.0010666269060852528	0.00004857877023767784	0.0000485670316523214	0.000048578647592186915	9.073697806917225e-14	9.073697806917225e-14	9.073697806917225e-14
0.05128613839913648	0.000030867812828963596	3.5450299734863474e-6	0.000030777541729362825	3.4423599894802633e-6	0.000030883582454232756	3.5631107776367564e-6	0.0011414796221703009	0.0011467718593653742	0.0009678486415649317	0.0009399091008252421	0.0008622026093657081	0.000828774456894814	0.0008545381816758218	0.0008577823098164479	0.0011579008356135722	0.00009562550438027883	0.0009437943491848259	0.000042309798216908604	0.00004229906989669957	0.000042309726936845325	8.468067502437736e-14	8.468067502437736e-14	8.468067502437736e-14
0.05495408738576248	0.000026764453413725487	3.074021441848363e-6	0.00002668057010710382	2.9785838962571547e-6	0.000026774305522976183	3.0853069692748615e-6	0.001015950932638403	0.0010220416673668736	0.0008498622832645502	0.0008257945962722139	0.000766441938755967	0.0007358830431448217	0.0007577398419195983	0.0007629985286382907	0.0010325538379999109	0.00008477694288196844	0.0008314664308455756	0.000036661019953516026	0.00003665140495525169	0.00003666109010189007	7.902860416089248e-14	7.902860416089248e-14	7.902860416089248e-14
0.05888436553555896	0.000023206566999244506	2.6655932095407104e-6	0.00002312896941216559	2.577290595450468e-6	0.000023211796665753185	2.671575398216952e-6	0.0009042266523920924	0.0009108779233666638	0.0007462591457976225	0.0007255347507898873	0.0006813169423323361	0.0006534031649781079	0.0006719063938212131	0.0006786882266536499	0.0009207761110245542	0.00007515913344447436	0.0007325074855769183	0.000031766409689351245	0.00003175780196761877	0.00003176658477293204	7.375378471913585e-14	7.375378471913585e-14	7.375378471913585e-14
0.06309573444801943	0.000020012036106102186	2.3010274598768958e-6	0.00001993889825134522	2.2178499460247955e-6	0.00002001416992881879	2.30345211740032e-6	0.0008036351595443686	0.0008104177174109776	0.0006551073371582848	0.0006352924292315702	0.0006044038691743076	0.0005775746380306202	0.0005929717577288647	0.0006010558324140449	0.000819191032995321	0.00006632962884972011	0.000642386105002427	0.000027372288333298394	0.000027364103322198024	0.000027372582262340012	6.883103678918889e-14	6.883103678918889e-14	6.883103678918889e-14
0.06760829753919818	0.00001725725261840656	1.986322351121177e-6	0.000017188818766321146	1.908538521719347e-6	0.000017257044067193434	1.986053495138961e-6	0.0007142340561930925	0.0007210372101962162	0.0005750892643867253	0.0005562744860939566	0.000536173422933442	0.0005105461380912967	0.00052331025377565	0.0005323034929605538	0.0007288133787411526	0.00005853739208677772	0.0005633524790196276	0.00002358598834203126	0.00002357827381729461	0.000023586364888271197	6.423686111182655e-14	6.423686111182655e-14	6.423686111182655e-14
0.07244359600749906	0.000014797682470995838	1.7047836876312157e-6	0.000014733423435270934	1.6317241995905378e-6	0.00001479544247042153	1.7021966620762829e-6	0.0006327184169520784	0.0006392004287790117	0.0005058222396988937	0.0004833269281779831	0.00047074568435577995	0.0004515265520286167	0.00046051933298257516	0.00047132078486484614	0.000646778372576989	0.00005206114652709303	0.000492716945999706	0.000020203211624819115	0.00002019616533638604	0.000020203483107447658	5.994932690231106e-14	5.994932690231106e-14	5.994932690231106e-14
0.07762471166286927	0.000012688659739434014	1.4631499363499772e-6	0.000012628777408969695	1.3950590115051989e-6	0.000012684971831978079	1.4589100864984042e-6	0.0005605061697619678	0.0005666520151436931	0.00044489812976573277	0.00041994541425455315	0.00041330190916064887	0.0003993296824241057	0.0004052625656015457	0.00041732448722082017	0.0005739772010715392	0.00004630139610076107	0.00043093799693179113	0.00001730560339631179	0.00001729919236053058	0.000017305792206916086	5.594796716146653e-14	5.594796716146653e-14	5.594796716146653e-14
0.08317637711026708	0.000010802182868735563	1.2431597474032093e-6	0.00001074958048435873	1.1833422832593877e-6	0.000010799545961199604	1.2401244637311642e-6	0.0004944774667869359	0.0005007900957619319	0.00039152484216574055	0.00036125786107903455	0.00036175714758472465	0.0003475172733245225	0.0003526772361744686	0.00036424469990167004	0.000508001769512963	0.000039989315279653675	0.0003727074908757152	0.000014716864551395641	0.000014711222203124768	0.000014717059189106605	5.221368097428754e-14	5.221368097428754e-14	5.221368097428754e-14
0.08912509381337459	9.19617651712744e-6	1.0562459247470745e-6	9.150013247334035e-6	1.0037560761237485e-6	9.194359633818357e-6	1.0541490526230474e-6	0.0004362270717980866	0.0004425833021164634	0.000344554610992915	0.0003107719188291706	0.0003166407677487106	0.00030242744422551886	0.0003069151791284692	0.0003179161670814079	0.00044960984050677633	0.00003453773473818105	0.000322345383196408	0.000012515374197832593	0.00001251041402392223	0.000012515568694341962	4.872864232969585e-14	4.872864232969585e-14	4.872864232969585e-14
0.09549925860214369	7.780414315951146e-6	8.950872483005486e-7	7.736456388041725e-6	8.450791543469023e-7	7.778341223727758e-6	8.927117716384859e-7	0.0003835037090269214	0.00038996889277408364	0.0003031234488433017	0.0002634162823970564	0.0002751727434214366	0.00026292585640917573	0.00026601053748317663	0.0002770476020996669	0.00039637452712946867	0.00003013799794905846	0.00027689495518968806	0.000010570142391767807	0.0000105656532454387	0.000010570159163769718	4.5476215026186925e-14	4.5476215026186925e-14	4.5476215026186925e-14
0.10232929922807536	6.58261037237753e-6	7.585176551209896e-7	6.541275496132278e-6	7.114863801069872e-7	6.580403051693174e-6	7.559977455170213e-7	0.00033715260777185727	0.0003436092970616125	0.000266674199987843	0.00022327673006398074	0.00023913546970102178	0.0002285837720367361	0.00023055753140990541	0.00024143274792791866	0.00034944245343923364	0.00002629874041430231	0.00023785299931776424	8.927252866446162e-6	8.923208159968708e-6	8.92714246360499e-6	4.2440873257157763e-14	4.2440873257157763e-14	4.2440873257157763e-14
0.10964781961431873	5.523615851813781e-6	6.364738332100415e-7	5.485918349237112e-6	5.935612844025059e-7	5.5189503783732385e-6	6.311362921995275e-7	0.0002948892485042424	0.0003013075781103102	0.00023321899695088704	0.0001862899708855088	0.00020630664008270094	0.00019758022064784064	0.00019837744255296155	0.0002090845762677335	0.00030714849302936883	0.000022736108782286998	0.00020197255897120835	7.476631543110361e-6	7.473078543876346e-6	7.476447361275403e-6	3.960812749682238e-14	3.960812749682238e-14	3.960812749682238e-14
0.11748975549395303	4.634989822037565e-6	5.340665937386399e-7	4.6008305493770176e-6	4.951816481554826e-7	4.628715450964537e-6	5.268970994866583e-7	0.00025792376175906925	0.00026421362111870466	0.00020396086513527664	0.00015543022885806108	0.00017798459507252084	0.00017078178054116564	0.00017068889258658646	0.00018107054825101772	0.0002699734844513338	0.000019656098901180234	0.00017150473062936032	6.261726879221519e-6	6.258612588854068e-6	6.261495811656372e-6	3.6964455332925095e-14	3.6964455332925095e-14	3.6964455332925095e-14
0.12589254117941662	3.854400337561442e-6	4.4202993415565127e-7	3.825678569430492e-6	4.093363884334089e-7	3.850343703520727e-6	4.37401562014162e-7	0.00022435366616882035	0.0002305905591149488	0.00017535558025095685	0.00012749203885921613	0.000152218463762638	0.0001461542272915862	0.00014540473460860788	0.00015512899900814488	0.00023613435919650976	0.00001688405937955511	0.00014317928041137308	5.1987521076244235e-6	5.196083089148903e-6	5.198571040129181e-6	3.449723691607067e-14	3.449723691607067e-14	3.449723691607067e-14
0.1348962882591656	3.2052717551950587e-6	3.658541181575319e-7	3.181124877242294e-6	3.383733616135414e-7	3.2028641190618557e-6	3.6310719235088695e-7	0.00019515289006372504	0.00020124627083118994	0.00015076215481217364	0.00010457566775715832	0.0001301823941606653	0.00012507808553999415	0.00012386592077673927	0.0001329040341773722	0.0002065367112124568	0.000014502952115041669	0.00011953201677813588	4.316225219949097e-6	4.313940044383282e-6	4.3160838355843985e-6	3.219469471753559e-14	3.219469471753559e-14	3.219469471753559e-14
0.1445439770745928	2.640482040473359e-6	3.005374744120656e-7	2.6197128159670796e-6	2.7689756894485516e-7	2.6380182801081613e-6	2.97721885047983e-7	0.0001688840590990155	0.00017474312203775814	0.0001257897708595609	0.00008437422089916323	0.00011033527874985063	0.00010630934455523887	0.00010432087922979638	0.0001128414118561879	0.00017972915025486796	0.000012344401909567204	0.00009786504496668281	3.5487178202081383e-6	3.546731447621021e-6	3.5486057031092853e-6	3.004583730798631e-14	3.004583730798631e-14	3.004583730798631e-14
0.15488166189124797	2.175211944123609e-6	2.468819374805864e-7	2.1573800158677127e-6	2.2659072014994687e-7	2.1727866645254993e-6	2.441106172054806e-7	0.00014615118130429047	0.0001517303082108608	0.00010495383587886445	0.00006807519669749836	0.00009351397948468194	0.00009035696933617311	0.00008785988732843972	0.00009580735685347407	0.00015640109335385126	0.000010507120019163662	0.00008012553694386187	2.917687916111874e-6	2.915966339847968e-6	2.9175991282464727e-6	2.804040688872495e-14	2.804040688872495e-14	2.804040688872495e-14
0.1659586907437563	1.7718456546851458e-6	2.0016503757395693e-7	1.7570677985716125e-6	1.8335118040311863e-7	1.7717133933447124e-6	2.000159114513045e-7	0.00012578235560942714	0.00013104173328972024	0.00008492492890564727	0.00005399015556212387	0.00007869874580385723	0.00007617663808515796	0.00007344414515051888	0.0000806596259065781	0.0001353681084764558	8.894718745074923e-6	0.00006433595965210857	2.3723815055289196e-6	2.3709052553825092e-6	2.3723492249455344e-6	2.6168830325000068e-14	2.6168830325000068e-14	2.6168830325000068e-14
0.1778279410038923	1.443278680272025e-6	1.6228826894286133e-7	1.4310354346800598e-6	1.4836289558976986e-7	1.444673975317578e-6	1.6388621392907743e-7	0.00010825229629664357	0.00011317406565674633	0.00006871824635312567	0.00004281936797884406	0.00006623066011338677	0.00006422172227100248	0.00006139368739145333	0.00006790684416165765	0.00011716366170813873	7.529753292023917e-6	0.000051657884143201066	1.9289910948652384e-6	1.927728606871897e-6	1.9289973014498053e-6	2.442217344763307e-14	2.442217344763307e-14	2.442217344763307e-14
0.1905460717963252	1.1613614145870296e-6	1.3069863205405874e-7	1.1506897336747189e-6	1.1855638356986486e-7	1.1622446292980447e-6	1.317126985903809e-7	0.00009251192420707563	0.0000971553911051761	0.00005413627091391567	0.000033406538854121525	0.00005521935695599618	0.00005361883604513417	0.00005079498814684353	0.00005656706412874278	0.00010100455444972025	6.31614700891164e-6	0.000040750190852614604	1.5486785584191653e-6	1.5476016252870396e-6	1.548649719998225e-6	2.279209840481358e-14	2.279209840481358e-14	2.279209840481358e-14
0.20417379446695316	9.34511368959871e-7	1.0525796184822677e-7	9.252649033672891e-7	9.473808144072322e-8	9.350293570805305e-7	1.0585536485374103e-7	0.00007906027320698188	0.0000834040021980703	0.00004264858293101087	0.000026062898423987334	0.00004603875874728673	0.00004476646650339256	0.00004202599535008851	0.00004712091665646955	0.00008707409678779207	5.2981434438817955e-6	0.00003214568467266766	1.2433469929910963e-6	1.2424315238427534e-6	1.2432966875837918e-6	2.1270823860480546e-14	2.1270823860480546e-14	2.1270823860480546e-14
0.21877616239495518	7.408208437315295e-7	8.341810076151457e-8	7.330852700488101e-7	7.461815757890246e-8	7.411606978563741e-7	8.381471690675093e-8	0.00006718013065357856	0.0000712072903990086	0.00003282622343637378	0.000019950190896801015	0.00003800307302885168	0.00003696019297801265	0.00003441290441588934	0.000038806743862972474	0.00007448920525615682	4.402157483543154e-6	0.000024907013751581946	9.836932895175832e-7	9.828971429609482e-7	9.836009361001854e-7	1.985108784928875e-14	1.985108784928875e-14	1.985108784928875e-14
0.23442288153199276	5.872753834101889e-7	6.610976891887572e-8	5.808217854224612e-7	5.877118636768698e-8	5.874886984961583e-7	6.636325688230293e-8	0.00005708518035115121	0.000060794183400542075	0.000025266043348680597	0.000015271137935007346	0.00003136994999287061	0.000030515159485915578	0.0000281789397365131	0.00003195955164084383	0.00006372321855047648	3.657694570782775e-6	0.00001929837053833086	7.7826422816534e-7	7.77577496305587e-7	7.781495850176525e-7	1.8526113110847573e-14	1.8526113110847573e-14	1.8526113110847573e-14
0.25118864315095824	4.569021934664838e-7	5.1708575735739214e-8	4.514116254549575e-7	4.54644563296891e-8	4.566278363229295e-7	5.140394576096337e-8	0.00004812668176852152	0.00005146237069282753	0.000018921699093658896	0.000011438574152044143	0.000025586240988968607	0.00002484996597927592	0.000022803229327252028	0.000025964684814083462	0.000054133649321695	2.9917680090359927e-6	0.000014632786940126376	6.04192919019537e-7	6.036199524461093e-7	6.040772629632384e-7	1.728957473775004e-14	1.728957473775004e-14	1.728957473775004e-14
0.2691534803926914	3.554714198682394e-7	4.044450386598255e-8	3.5083473228827537e-7	3.517058131892128e-8	3.549157310407803e-7	3.981669622517737e-8	0.00004057405939336471	0.0000435629767386987	0.000014170429918528146	8.567860442925782e-6	0.000020868880189300925	0.00002023652569983097	0.000018453045877999097	0.00002109431524793749	0.000045987193609233374	2.447081254784946e-6	0.000011095157138259237	4.690554572370705e-7	4.685797219211856e-7	4.689449774889747e-7	1.6135569982956263e-14	1.6135569982956263e-14	1.6135569982956263e-14
0.28840315031266117	2.7061969381826837e-7	3.08099394477625e-8	2.669319891668905e-7	2.6614463531527552e-8	2.702400828620443e-7	3.0381221356015445e-8	0.000033806813222296043	0.00003648802234528116	0.000010276589322194146	6.2612190840406725e-6	0.000016761817460621676	0.000016202250145533063	0.000014711473788695527	0.000016852737066890046	0.00003863381196970583	1.977198413742625e-6	8.200867791716118e-6	3.564052324852567e-7	3.560335706794603e-7	3.5632690650680365e-7	1.5058590082404722e-14	1.5058590082404722e-14	1.5058590082404722e-14
0.30902954325135923	2.0602224142081565e-7	2.3470491118404193e-8	2.0309473459442696e-7	2.0139833989321913e-8	2.0576631577058645e-7	2.3181697593974914e-8	0.00002816825916201344	0.00003056209364790808	7.452722938134122e-6	4.575572242277178e-6	0.000013463037883903679	0.000012972232174252241	0.000011728549447412215	0.000013464042008829997	0.0000324562407524455	1.5975413810482409e-6	6.061584500258805e-6	2.708095338898723e-7	2.7051939621085254e-7	2.7075428972623054e-7	1.4053493958343142e-14	1.4053493958343142e-14	1.4053493958343142e-14
0.3311311214825908	1.5290236760733026e-7	1.7693192080338696e-8	1.5039742139839185e-7	1.4843333323433916e-8	1.5241362024144378e-7	1.7138357650117678e-8	0.00002314841490585605	0.000025250578800651068	5.18429559248921e-6	3.2532096687350988e-6	0.000010600563732502809	0.000010163912179243866	9.161088123864711e-6	0.000010523603944912992	0.000026881461135668085	1.2638317554648821e-6	4.3634778665923435e-6	2.0031170981065998e-7	2.0009074262692265e-7	2.0027771906934082e-7	1.3115483677848288e-14	1.3115483677848288e-14	1.3115483677848288e-14
0.354813389233576	1.1347868977006783e-7	1.3337984467921084e-8	1.113735637137771e-7	1.0939739834368802e-8	1.1289462781168807e-7	1.2670482899392269e-8	0.000019023153314929614	0.000020862174467275856	3.6063222815889966e-6	2.3130162935607323e-6	8.346700976100164e-6	7.963557034727152e-6	7.155662001470362e-6	8.225333812591864e-6	0.000022264222104464715	9.99830567815e-7	3.1410828458182794e-6	1.4816605793349397e-7	1.4799791011579432e-7	1.4814599907604392e-7	1.2240081549384622e-14	1.2240081549384622e-14	1.2240081549384622e-14
0.38018939632056126	8.122837817592453e-8	9.610240119619902e-9	7.962904635290741e-8	7.787753397576104e-9	8.091740071354581e-8	9.25264594150284e-9	0.000015228713430554068	0.000016858125381474023	2.387232035472518e-6	1.5908819798488342e-6	6.38680274399984e-6	6.045835251028586e-6	5.445199404724293e-6	6.239422662961394e-6	0.000018001532191040707	7.691562773404952e-7	2.180875420849125e-6	1.0582130016487097e-7	1.0570127518774669e-7	1.0581857734061854e-7	1.142310874806911e-14	1.142310874806911e-14	1.142310874806911e-14
0.40738027780411384	5.814351077246261e-8	6.924338184594169e-9	5.6932586258699186e-8	5.543925532023951e-9	5.799767327421508e-8	6.756763542367714e-9	0.000012191128826571866	0.000013622568051249008	1.5802461195107346e-6	1.0942013166329798e-6	4.88711041734505e-6	4.589924291768649e-6	4.143599369438728e-6	4.732986654897635e-6	0.000014554973432468887	5.917016322727033e-7	1.514196802416621e-6	7.557835934063861e-8	7.549268477895333e-8	7.558470279473739e-8	1.0660665367607202e-14	1.0660665367607202e-14	1.0660665367607202e-14
0.43651583224016655	3.9796987611131295e-8	4.705042941516009e-9	3.89865261742455e-8	3.781617473642327e-9	3.985622592627077e-8	4.770432217374273e-9	9.425278681520942e-6	0.00001066703759674418	9.814704530645523e-7	7.18114566610521e-7	3.6046250308943644e-6	3.3516853226476104e-6	3.035713904255158e-6	3.450149339842485e-6	0.000011403025624159889	4.4492846572033026e-7	1.0122789233457194e-6	5.1708733958121544e-8	5.164679645459065e-8	5.171714638889095e-8	9.949111803676972e-15	9.949111803676972e-15	9.949111803676972e-15
0.4677351412871981	2.7239501053153598e-8	3.1970462001354685e-9	2.6697350726849997e-8	2.579513493525625e-9	2.7389352975857633e-8	3.3680361015842166e-9	7.2869280185692056e-6	8.352734276113334e-6	6.095786209157003e-7	4.7129218630906763e-7	2.6586920498532386e-6	2.4474901518958807e-6	2.2240467976845954e-6	2.5150145849023125e-6	8.933646906917858e-6	3.345627742277567e-7	6.767341055103014e-7	3.537776145021579e-8	3.533311329213142e-8	3.538630346769329e-8	9.285051379891658e-15	9.285051379891658e-15	9.285051379891658e-15
0.5011872336272735	1.7731513282768605e-8	2.1450608307374102e-9	1.7309407316178295e-8	1.6649978828781034e-9	1.7871560377422474e-8	2.3031958823705908e-9	5.376469556500195e-6	6.262893962902125e-6	3.566919303557782e-7	2.960958688401375e-7	1.8652451825111003e-6	1.6994380401114775e-6	1.554793415008254e-6	1.7466797711813643e-6	6.697760764302765e-6	2.4488271028833583e-7	4.3117316311275565e-7	2.2913980469792907e-8	2.288357264991335e-8	2.292082340536434e-8	8.665314133404902e-15	8.665314133404902e-15	8.665314133404902e-15
0.5370317963702532	1.154230258048752e-8	1.4392303643810405e-9	1.1222670919779531e-8	1.0747057369332218e-9	1.1661198079611225e-8	1.5750161555791542e-9	3.966887667658027e-6	4.695928242650628e-6	2.087165278037697e-7	1.8602634648116912e-7	1.3085906624924803e-6	1.1800209491918991e-6	1.0869297201253864e-6	1.213070588683187e-6	5.0214654466695486e-6	1.7924152481273564e-7	2.747169014756182e-7	1.4841258447313694e-8	1.4820598821686424e-8	1.4846539313142822e-8	8.08694168275709e-15	8.08694168275709e-15	8.08694168275709e-15
0.5754399373371566	7.186230746660514e-9	9.41515109584557e-10	6.940151079784422e-9	6.606880362060093e-10	7.1897961424183294e-9	9.453949141700604e-10	2.791828819383257e-6	3.3623286909239284e-6	1.1670269498975937e-7	1.1142928845572143e-7	8.779902018167313e-7	7.808462871927544e-7	7.269300324257644e-7	8.033826313115344e-7	3.607370002457204e-6	1.297529913007857e-7	1.681104657431733e-7	9.16559895617544e-9	9.15201972273498e-9	9.168173074062818e-9	7.547173105727521e-15	7.547173105727521e-15	7.547173105727521e-15
0.6165950018614835	4.342668910685718e-9	6.101635268367864e-10	4.152033568308937e-9	3.924929353316914e-10	4.3216931119876995e-9	5.860974669969787e-10	1.9003007807803934e-6	2.3224327115455898e-6	6.383915261606984e-8	6.449029386242454e-8	5.694547044435158e-7	4.980299887201857e-7	4.7004612578063846e-7	5.129393672991735e-7	2.4926186888006576e-6	8.903008841825953e-8	1.0003371088725293e-7	5.475082496294995e-9	5.466031656158517e-9	5.475539733715658e-9	7.043431759779573e-15	7.043431759779573e-15	7.043431759779573e-15
0.6606934480075964	2.5291003171335e-9	3.810563770078433e-10	2.39207965268711e-9	2.2457290014744396e-10	2.4794919292189374e-9	3.2426705937924106e-10	1.2368446306774644e-6	1.5459013903657931e-6	3.4492282332697236e-8	3.576311875775717e-8	3.5451536769817114e-7	3.079214567977065e-7	2.9016157301313186e-7	3.163049955448771e-7	1.65840846475857e-6	6.211572207186418e-8	5.570523957482538e-8	3.150026011238237e-9	3.1439106662242063e-9	3.149502306801967e-9	6.5733129821844156e-15	6.5733129821844156e-15	6.5733129821844156e-15
0.7079457843841374	1.3928017188360285e-9	2.0445139445490903e-10	1.3218945796116722e-9	1.2353866470195997e-10	1.3671880055730468e-9	1.7512977314603585e-10	7.724721722907327e-7	9.798567860714905e-7	1.8367129868520214e-8	1.939469053021943e-8	2.1302652353225288e-7	1.8215280886915477e-7	1.7237874441952336e-7	1.8444266853240096e-7	1.0537503255425294e-6	4.298031067839086e-8	3.1497883503577175e-8	1.7394785440540095e-9	1.7354805440486674e-9	1.7392114582618881e-9	6.13457261110831e-15	6.13457261110831e-15	6.13457261110831e-15
0.7585775750291851	7.358533713578399e-10	1.0728192370825283e-10	6.989591316873463e-10	6.519519914125343e-11	7.226070532828497e-10	9.208906312556343e-11	4.6099575006723504e-7	5.937655679631572e-7	9.731959184680831e-9	1.0453014990259736e-8	1.222670064102951e-7	1.0256450976432492e-7	9.80851745204184e-8	1.0442073891774863e-7	6.364372934026156e-7	2.8404107337407136e-8	1.7434451798494916e-8	9.194725973016934e-10	9.172213201167606e-10	9.196988126739105e-10	5.725116272868242e-15	5.725116272868242e-15	5.725116272868242e-15
0.8128305161640995	3.7074744776897695e-10	5.492999487725889e-11	3.5131305688765874e-10	3.276349123723858e-11	3.6378247232692705e-10	4.693731127097991e-11	2.6298478164782395e-7	3.415849009872626e-7	5.110376283707625e-9	5.551589130504643e-9	6.804282369329729e-8	5.6347589560843246e-8	5.435528971687575e-8	5.731933781859474e-8	3.6672022636530383e-7	1.764792017392137e-8	9.426297949169884e-9	4.6222411761596304e-10	4.6099952755145847e-10	4.623959714810657e-10	5.342989384217136e-15	5.342989384217136e-15	5.342989384217136e-15
0.8709635899560796	1.7207094107139828e-10	2.7064871322096013e-11	1.6158166474485105e-10	1.5100487509190182e-11	1.6830487320119857e-10	2.2745822001168965e-11	1.4683474751473566e-7	1.91385798816463e-7	2.718417422386361e-9	2.9420885935355443e-9	3.729790263026241e-8	2.997175351692854e-8	2.975563250241204e-8	3.061396330191047e-8	2.0620026025256661e-7	9.80921964931542e-9	4.940633186325817e-9	2.12789990133888e-10	2.1213547075387914e-10	2.1284875817757023e-10	4.986367821933315e-15	4.986367821933315e-15	4.986367821933315e-15
0.9332543007969925	6.373933551072314e-11	1.2222942105069056e-11	5.780309484147563e-11	5.443028315506267e-12	6.158870348250076e-11	9.7614214396489e-12	8.406450523778151e-8	1.0951902296536238e-7	1.4836930478351705e-9	1.5897575198647647e-9	2.0873549527400463e-8	1.5190037635219965e-8	1.6708736534154937e-8	1.582482648415517e-8	1.1802618231325126e-7	5.2777275066721e-9	2.320286113515385e-9	7.628440681693371e-11	7.602540702816523e-11	7.625641661328599e-11	4.653549215174979e-15	4.653549215174979e-15	4.653549215174979e-15