1.e-9	0	0	0	0	0	0	2.8778755053744017e-10	0	0	0	0	0	0	0	1.3899224641785875e-13	2.7902125231465737e-17	0	2.0873259924321904e-17	2.0873259924321904e-17	2.0873259924321904e-17	0	0	0
1.0715193052376092e-9	0	0	0	0	0	0	4.893821043865359e-10	0	0	0	0	0	0	0	2.1863277384501654e-13	4.7447526551499995e-17	0	3.5494818855431217e-17	3.5494818855431217e-17	3.5494818855431217e-17	0	0	0
1.148153621496884e-9	0	0	0	0	0	0	8.321932051839058e-10	0	0	0	0	0	0	0	3.439061604591886e-13	8.068445529433591e-17	0	6.035866798706226e-17	6.035866798706226e-17	6.035866798706226e-17	0	0	0
1.2302687708123811e-9	0	0	0	0	0	0	1.4151427372328062e-9	0	0	0	0	0	0	0	5.409593681761027e-13	1.3720380806527756e-16	0	1.0263945326812581e-16	1.0263945326812581e-16	1.0263945326812581e-16	0	0	0
1.31825673855641e-9	0	0	0	0	0	0	2.406449650913411e-9	0	0	0	0	0	0	0	9.005333400099082e-13	2.3331504012983504e-16	0	1.7453817345934852e-16	1.7453817345934852e-16	1.7453817345934852e-16	0	0	0
1.4125375446227555e-9	0	0	0	0	0	0	4.092166655714668e-9	0	0	0	0	0	0	0	1.4991149875148221e-12	3.9675216539823197e-16	0	2.968017952603765e-16	2.968017952603765e-16	2.968017952603765e-16	0	0	0
1.5135612484362133e-9	0	0	0	0	0	0	6.9587295217466414e-9	0	0	0	0	0	0	0	2.533398415529984e-12	6.746770837686559e-16	0	5.047113081444068e-16	5.047113081444068e-16	5.047113081444068e-16	0	0	0
1.6218100973589331e-9	0	0	0	0	0	0	1.1833319762088614e-8	0	0	0	0	0	0	0	4.281264336133087e-12	1.1472884260270965e-15	0	8.58261333444322e-16	8.58261333444322e-16	8.58261333444322e-16	0	0	0
1.7378008287493762e-9	0	0	0	0	0	0	2.01225620828927e-8	0	0	0	0	0	0	0	7.266740147582299e-12	1.9509641575321004e-15	0	1.4594733959778316e-15	1.4594733959778316e-15	1.4594733959778316e-15	0	0	0
1.8620871366628732e-9	0	0	0	0	0	0	3.421841992955679e-8	0	0	0	0	0	0	0	1.233409297501566e-11	3.3176148714020305e-15	0	2.4818345072343163e-15	2.4818345072343163e-15	2.4818345072343163e-15	0	0	0
1.9952623149688828e-9	0	0	0	0	0	0	5.8188429634312454e-8	0	0	0	0	0	0	0	2.0962390151057227e-11	5.641604733462043e-15	0	4.220359937341151e-15	4.220359937341151e-15	4.220359937341151e-15	0	0	0
2.1379620895022324e-9	0	0	0	0	0	0	9.894943572139762e-8	0	0	0	0	0	0	0	3.562660032928748e-11	9.593549945467877e-15	0	7.1767226818695e-15	7.1767226818695e-15	7.1767226818695e-15	0	0	0
2.2908676527677795e-9	0	0	0	0	0	0	7.525031331565e-8	0	0	0	0	0	0	0	6.057283517045602e-11	1.631383363164738e-14	0	1.2204018270433053e-14	1.2204018270433053e-14	1.2204018270433053e-14	0	0	0
2.4547089156850337e-9	0	0	0	0	0	0	5.722730617734213e-8	0	0	0	0	0	0	0	1.0298676625540302e-10	2.7741677405534277e-14	0	2.0752935364399097e-14	2.0752935364399097e-14	2.0752935364399097e-14	0	0	0
2.6302679918953816e-9	0	0	0	0	0	0	4.0829724622934705e-8	0	0	0	0	0	0	0	1.7512013264662821e-10	4.717472813939476e-14	0	3.52903707652619e-14	3.52903707652619e-14	3.52903707652619e-14	0	0	0
2.818382931264461e-9	0	0	0	0	0	0	2.9130611313742472e-8	0	0	0	0	0	0	0	2.977767141665509e-10	8.02206349130796e-14	0	6.00112825911901e-14	6.00112825911901e-14	6.00112825911901e-14	0	0	0
3.019951720402019e-9	0	0	0	0	0	0	2.2111978587606594e-8	0	0	0	0	0	0	0	5.063616270038535e-10	1.364152062496837e-13	0	1.0204919836723975e-13	1.0204919836723975e-13	1.0204919836723975e-13	0	0	0
3.2359365692962944e-9	0	0	0	0	0	0	1.6784391916557536e-8	0	0	0	0	0	0	0	8.610548948384128e-10	2.319740864218828e-13	0	1.7353468277523337e-13	1.7353468277523337e-13	1.7353468277523337e-13	0	0	0
3.4673685045253237e-9	0	0	0	0	0	0	1.5955415573502225e-8	0	0	0	0	0	0	0	1.464217288519994e-9	3.9447198196115835e-13	0	2.9509576389598644e-13	2.9509576389598644e-13	2.9509576389598644e-13	0	0	0
3.715352290971728e-9	0	0	0	0	0	0	1.5167382136258807e-8	0	0	0	0	0	0	0	2.4898903436384356e-9	6.707996869502018e-13	0	5.018104074454236e-13	5.018104074454236e-13	5.018104074454236e-13	0	0	0
3.9810717055349855e-9	0	0	0	0	0	0	2.0368339624119812e-8	0	0	0	0	0	0	0	4.23405317599862e-9	1.140695006511636e-12	0	8.533287016712999e-13	8.533287016712999e-13	8.533287016712999e-13	0	0	0
4.265795188015934e-9	0	0	0	0	0	0	2.7352726747202606e-8	0	0	0	0	0	0	0	7.199998322411025e-9	1.9397520946922745e-12	0	1.4510856337215847e-12	1.4510856337215847e-12	1.4510856337215847e-12	0	0	0
4.570881896148752e-9	0	0	0	0	0	0	4.404694826775924e-8	0	0	0	0	0	0	0	1.2243593526337879e-8	3.2985488385879013e-12	0	2.467571420490168e-12	2.467571420490168e-12	2.467571420490168e-12	0	0	0
4.8977881936844766e-9	0	0	0	0	0	0	7.093017342049844e-8	0	0	0	0	0	0	0	2.0820224634160557e-8	5.609182982877655e-12	0	4.1961057112828525e-12	4.1961057112828525e-12	4.1961057112828525e-12	0	0	0
5.248074602497734e-9	0	0	0	0	0	0	1.1942313126259172e-7	0	0	0	0	0	0	0	3.540479184880629e-8	9.538416823622384e-12	0	7.13547863068631e-12	7.13547863068631e-12	7.13547863068631e-12	0	0	0
5.623413251903491e-9	0	0	0	0	0	0	2.0106935585809703e-7	0	0	0	0	0	0	0	6.020584829813418e-8	1.6220079783257435e-11	0	1.2133882888621759e-11	1.2133882888621759e-11	1.2133882888621759e-11	0	0	0
6.025595860743593e-9	0	0	0	0	0	0	3.413304188878742e-7	0	0	0	0	0	0	0	1.0238005361776688e-7	2.7582249029418503e-11	0	2.0633670364097582e-11	2.0633670364097582e-11	2.0633670364097582e-11	0	0	0
6.456542290346562e-9	0	0	0	0	0	0	5.794341676828516e-7	0	0	0	0	0	0	0	1.7409729577883754e-7	4.6903620184784094e-11	0	3.508756072579555e-11	3.508756072579555e-11	3.508756072579555e-11	0	0	0
6.918309709189363e-9	0	0	0	0	0	0	9.850372433290763e-7	0	0	0	0	0	0	0	2.9605248413769565e-7	7.975961583455178e-11	0	5.966640427825985e-11	5.966640427825985e-11	5.966640427825985e-11	0	0	0
7.413102413009192e-9	0	0	0	0	0	0	1.6745618827167583e-6	0	0	0	0	0	0	0	5.034373048243557e-7	1.3563124323907689e-10	0	1.0146273282769678e-10	1.0146273282769678e-10	1.0146273282769678e-10	0	0	0
7.943282347242822e-9	0	0	0	0	0	0	2.8473982356596156e-6	0	0	0	0	0	0	0	8.560952381377693e-7	2.306409572074227e-10	0	1.7253739817902545e-10	1.7253739817902545e-10	1.7253739817902545e-10	0	0	0
8.511380382023759e-9	0	0	0	0	0	0	4.841670407118176e-6	0	0	0	0	0	0	0	1.4557901246867183e-6	3.9220499548021554e-10	0	2.933998813233456e-10	2.933998813233456e-10	2.933998813233456e-10	0	0	0
9.120108393559115e-9	0	0	0	0	0	0	8.227959543188881e-6	0	0	0	0	0	0	0	2.4755714058565722e-6	6.669446760113365e-10	0	4.989265589321722e-10	4.989265589321722e-10	4.989265589321722e-10	0	0	0
9.772372209558111e-9	0	0	0	0	0	0	0.000013982636683575715	0	0	0	0	0	0	0	4.2097096838141666e-6	1.1341395596331891e-9	0	8.484247167556417e-10	8.484247167556417e-10	8.484247167556417e-10	0	0	0
1.0471285480509006e-8	0	0	0	0	0	0	0.000017384160964656438	0	0	0	0	0	0	0	7.158612186620279e-6	1.9286045559542544e-9	0	1.4427464064901535e-9	1.4427464064901535e-9	1.4427464064901535e-9	0	0	0
1.1220184543019653e-8	0	0	0	0	0	0	0.000021613166335078226	0	0	0	0	0	0	0	0.000012173221501583106	3.2795924466743396e-9	0	2.4533905629246203e-9	2.4533905629246203e-9	2.4533905629246203e-9	0	0	0
1.202264434617413e-8	0	0	0	0	0	0	0.000027935377401086798	0	0	0	0	0	0	0	0.00002070056568169016	5.576947634535468e-9	0	4.171991160172543e-9	4.171991160172543e-9	4.171991160172543e-9	0	0	0
1.288249551693135e-8	0	0	0	0	0	0	0.000036106940484448366	0	0	0	0	0	0	0	0.00003520131622399588	9.483600607109102e-9	0	7.0944718315902596e-9	7.0944718315902596e-9	7.0944718315902596e-9	0	0	0
1.3803842646028866e-8	0	0	0	0	0	0	0.00003889261329116555	0	0	0	0	0	0	0	0.000059859845524852245	1.6126866663426062e-8	0	1.2064151757636157e-8	1.2064151757636157e-8	1.2064151757636157e-8	0	0	0
1.4791083881682102e-8	0	0	0	0	0	0	0.000041893202479109224	0	0	0	0	0	0	0	0.0001017916797047673	2.7423743275836387e-8	0	2.0515094158694216e-8	2.0515094158694216e-8	2.0515094158694216e-8	0	0	0
1.5848931924611173e-8	0	0	0	0	0	0	0.00003406562690939637	0	0	0	0	0	0	0	0.00017309677241016347	4.314330234766914e-8	0	3.253800066136651e-8	3.253800066136651e-8	3.253800066136651e-8	0	0	0
1.698243652461746e-8	0	0	0	0	0	0	0.000027700602199339842	0	0	0	0	0	0	0	0.00029435109731675973	6.787346711717438e-8	0	5.1606952366355836e-8	5.1606952366355836e-8	5.1606952366355836e-8	0	0	0
1.8197008586099862e-8	0	0	0	0	0	0	0.00003848036023373053	0	0	0	0	0	0	0	0.0005005441019246468	1.0630763429931874e-7	0	8.16345530008202e-8	8.16345530008202e-8	8.16345530008202e-8	0	0	0
1.9498445997580494e-8	0	0	0	0	0	0	0.00005345508783751086	0	0	0	0	0	0	0	0.0008511753489470724	1.66505610959984e-7	0	1.291337685731702e-7	1.291337685731702e-7	1.291337685731702e-7	0	0	0
2.0892961308540408e-8	0	0	0	0	0	0	0.00008239633085073894	0	0	0	0	0	0	0	0.0014474238571000899	2.776035818772241e-7	0	2.158563514377202e-7	2.158563514377202e-7	2.158563514377202e-7	0	0	0
2.2387211385683424e-8	0	0	0	0	0	0	0.00012700671932859873	0	0	0	0	0	0	0	0.0024613445686533105	4.628297402517176e-7	0	3.6081936561467645e-7	3.6081936561467645e-7	3.6081936561467645e-7	0	0	0
2.3988329190194947e-8	0	0	0	0	0	0	0.00019897546122597421	0	0	0	0	0	0	0	0.004185516948559996	7.616616758781994e-7	0	5.964708429912974e-7	5.964708429912974e-7	5.964708429912974e-7	0	0	0
2.5703957827688646e-8	0	0	0	0	0	0	0.000311725508535152	0	0	0	0	0	0	0	0.00711747243754163	1.2534382690837065e-6	0	9.860265286278499e-7	9.860265286278499e-7	9.860265286278499e-7	0	0	0
2.754228703338169e-8	0	0	0	0	0	0	0.0004877122548612074	0	0	0	0	0	0	0	0.012103263353551266	1.5802298491876247e-6	0	1.3058761025830416e-6	1.3058761025830416e-6	1.3058761025830416e-6	0	0	0
2.95120922666639e-8	0	0	0	0	0	0	0.0007630535103128431	0	0	0	0	0	0	0	0.020581601838420584	1.992221266779259e-6	0	1.7294792237188318e-6	1.7294792237188318e-6	1.7294792237188318e-6	0	0	0
3.162277660168386e-8	0	0	0	0	0	0	0.0012713444253171734	0	0	0	0	0	0	0	0.02023740903245996	2.2946809067809193e-6	0	2.2221694722936594e-6	2.2221694722936594e-6	2.2221694722936594e-6	0	0	0
3.3884415613920346e-8	0	0	0	0	0	0	0.002118221888688299	0	0	0	0	0	0	0	0.019898972274478673	2.6430600615250164e-6	0	2.8552162384326966e-6	2.8552162384326966e-6	2.8552162384326966e-6	0	0	0
3.6307805477010175e-8	0	0	0	0	0	0	0.0035823487068370866	0	0	0	0	0	0	0	0.015862217949556234	3.981555411176344e-6	0	4.250308909551744e-6	4.250308909551744e-6	4.250308909551744e-6	0	0	0
3.890451449942813e-8	0	0	0	0	0	0	0.006058488171569758	0	0	0	0	0	0	0	0.012644369508566457	5.997889992375487e-6	0	6.327060480901486e-6	6.327060480901486e-6	6.327060480901486e-6	0	0	0
4.1686938347033635e-8	0	0	0	0	0	0	0.010276602905118348	0	0	0	0	0	0	0	0.017703133082542757	7.616075787950008e-6	0	7.536622998320045e-6	7.536622998320045e-6	7.536622998320045e-6	0	0	0
4.4668359215096346e-8	0	0	0	0	0	0	0.017431505068387695	0	0	0	0	0	0	0	0.024785808475929993	9.670835990912327e-6	0	8.97742109313826e-6	8.97742109313826e-6	8.97742109313826e-6	0	0	0
4.78630092322639e-8	0	0	0	0	0	0	0.020586815452692645	0	0	0	0	0	0	0	0.012717489583364203	0.000010361808319479692	0	9.625196675726754e-6	9.625196675726754e-6	9.625196675726754e-6	0	0	0
5.128613839913659e-8	0	0	0	0	0	0	0.024313274661051345	0	0	0	0	0	0	0	0.006525288108315857	0.000011102149984813279	0	0.000010319713209981042	0.000010319713209981042	0.000010319713209981042	0	0	0
5.495408738576248e-8	0	0	0	0	0	0	0.02101120001618112	0	0	0	0	0	0	0	0.0034071201078699352	0.00001474216568917965	0	0.000013099690312941008	0.000013099690312941008	0.000013099690312941008	0	0	0
5.888436553555896e-8	0	0	0	0	0	0	0.018157592190869435	0	0	0	0	0	0	0	0.0017789969173403416	0.00001957561819147807	0	0.000016628551860238904	0.000016628551860238904	0.000016628551860238904	0	0	0
6.309573444801943e-8	0	0	0	0	0	0	0.018594401457808322	0	0	0	0	0	0	0	0.0010844566638345172	0.00003058666865585048	0	0.00002564192012476771	0.00002564192012476771	0.00002564192012476771	0	0	0
6.760829753919818e-8	0	0	0	0	0	0	0.019041718854551557	0	0	0	0	0	0	0	0.0006610726776825197	0.00004779130295205897	0	0.000039540909708267826	0.000039540909708267826	0.000039540909708267826	0	0	0
7.244359600749906e-8	0	0	0	0	0	0	0.010174220893820632	0	0	0	0	0	0	0	0.0006973110814056814	0.000056813572969856395	0	0.00005184278066247565	0.00005184278066247565	0.00005184278066247565	0	0	0
7.762471166286928e-8	0	0	0	0	0	0	0.005436209387763058	0	0	0	0	0	0	0	0.0007355359866871977	0.00006753911013556334	0	0.00006797197956868344	0.00006797197956868344	0.00006797197956868344	0	0	0
8.317637711026726e-8	0	0	0	0	0	0	0.0037447042694998757	0	0	0	0	0	0	0	0.00115651159169102	0.00008622671906170789	0	0.0000847397827170519	0.0000847397827170519	0.0000847397827170519	0	0	0
8.912509381337478e-8	0	0	0	0	0	0	0.0025795198576376837	0	0	0	0	0	0	0	0.001818427766858462	0.00011008506131074168	0	0.00010564398477871225	0.00010564398477871225	0.00010564398477871225	0	0	0
9.549925860214369e-8	0	0	0	0	0	0	0.0031270614808339434	0	0	0	0	0	0	0	0.0030683472744917283	0.00009618582138564426	0	0.00009278912079927554	0.00009278912079927554	0.00009278912079927554	0	0	0
1.0232929922807557e-7	0	0	0	0	0	0	0.0037908269928461757	0	0	0	0	0	0	0	0.005177414890197341	0.00008404148687818606	0	0.00008149844931291738	0.00008149844931291738	0.00008149844931291738	0	0	0
1.0964781961431874e-7	0	0	0	0	0	0	0.0060929620780012655	0	0	0	0	0	0	0	0.008797950167481501	0.00007624183588635876	0	0.00007942807128953828	0.00007942807128953828	0.00007942807128953828	0	0	0
1.1748975549395303e-7	0	0	0	0	0	0	0.009793163062840745	0	0	0	0	0	0	0	0.014950304117222346	0.00006916604828455605	0	0.00007741028893142515	0.00007741028893142515	0.00007741028893142515	0	0	0
1.2589254117941688e-7	0	0	0	0	0	0	0.013251876762167525	0	0	0	0	0	0	0	0.017132136447921987	0.00007202413624121911	0	0.00009518745364437942	0.00009518745364437942	0.00009518745364437942	0	0	0
1.3489628825916562e-7	0	0	0	0	0	0	0.017932126381722258	0	0	0	0	0	0	0	0.01963238319226547	0.00007500032646005584	0	0.00011704711939942908	0.00011704711939942908	0.00011704711939942908	0	0	0
1.445439770745928e-7	0	0	0	0	0	0	0.01885500551468028	0	0	0	0	0	0	0	0.013643348465855692	0.00006808012332469826	0	0.00011133976779958953	0.00011133976779958953	0.00011133976779958953	0	0	0
1.5488166189124826e-7	0	0	0	0	0	0	0.019825380737946978	0	0	0	0	0	0	0	0.00948132254438148	0.00006179844022911821	0	0.00010591071320057559	0.00010591071320057559	0.00010591071320057559	0	0	0
1.659586907437563e-7	0	0	0	0	0	0	0.021552810693168067	0	0	0	0	0	0	0	0.008411760835746504	0.00005504472388684404	0	0.00008699293028144267	0.00008699293028144267	0.00008699293028144267	0	0	0
1.7782794100389227e-7	0	0	0	0	0	0	0.023430755500519165	0	0	0	0	0	0	0	0.007462853418031805	0.00004902909550055749	0	0.00007145424377059965	0.00007145424377059965	0.00007145424377059965	0	0	0
1.9054607179632522e-7	0	0	0	0	0	0	0.018514947193381332	0	0	0	0	0	0	0	0.008539286444765683	0.0000541748612664057	0	0.00007674125799793118	0.00007674125799793118	0.00007674125799793118	0	0	0
2.0417379446695318e-7	0	0	0	0	0	0	0.014630482980632348	0	0	0	0	0	0	0	0.009770982880297603	0.00005986069217207835	0	0.00008241946689705498	0.00008241946689705498	0.00008241946689705498	0	0	0
2.1877616239495564e-7	0	0	0	0	0	0	0.015666220845405414	0	0	0	0	0	0	0	0.010637092243956184	0.00005767797589314257	0	0.00008368607310237472	0.00008368607310237472	0.00008368607310237472	0	0	0
2.3442288153199275e-7	0	0	0	0	0	0	0.01677528184831033	0	0	0	0	0	0	0	0.011579974378482101	0.00005557484857620279	0	0.00008497214426348405	0.00008497214426348405	0.00008497214426348405	0	0	0
2.5118864315095823e-7	0	0	0	0	0	0	0.018295367349688077	0	0	0	0	0	0	0	0.014886275944843975	0.000059594289298345905	0	0.00008644747165610518	0.00008644747165610518	0.00008644747165610518	0	0	0
2.6915348039269196e-7	0	0	0	0	0	0	0.019953194794980176	0	0	0	0	0	0	0	0.019136589103152035	0.00006390443533292298	0	0.0000879484143951937	0.0000879484143951937	0.0000879484143951937	0	0	0
2.8840315031266115e-7	0	0	0	0	0	0	0.020420589027549084	0	0	0	0	0	0	0	0.023901772442537692	0.00007170935655843205	0	0.00009384778634474137	0.00009384778634474137	0.00009384778634474137	0	0	0
3.090295432513592e-7	0	0	0	0	0	0	0.0208989317508675	0	0	0	0	0	0	0	0.02985352942550983	0.00008046752609947617	0	0.00010014287423343776	0.00010014287423343776	0.00010014287423343776	0	0	0
3.3113112148259143e-7	0	0	0	0	0	0	0.020482202708143948	0	0	0	0	0	0	0	0.029942435191571845	0.00008776250401127411	0	0.00011084745907947308	0.00011084745907947308	0.00011084745907947308	0	0	0
3.5481338923357606e-7	0	0	0	0	0	0	0.02007378332914477	0	0	0	0	0	0	0	0.030031605724828405	0.00009571882576341519	0	0.00012269629045930322	0.00012269629045930322	0.00012269629045930322	0	0	0
3.8018939632056126e-7	0	0	0	0	0	0	0.02149747937909523	0	0	0	0	0	0	0	0.027040787792207765	0.00009784739572184846	0	0.00012586716708970171	0.00012586716708970171	0.00012586716708970171	0	0	0
4.0738027780411303e-7	0	0	0	0	0	0	0.0230221484449146	0	0	0	0	0	0	0	0.02434782246154412	0.00010002330025664962	0	0.0001291199896254538	0.0001291199896254538	0.0001291199896254538	0	0	0
4.365158322401665e-7	0	0	0	0	0	0	0.02328601513198943	0	0	0	0	0	0	0	0.023758497968787158	0.00010723161739063255	0	0.00013498183906834814	0.00013498183906834814	0.00013498183906834814	0	0	0
4.677351412871981e-7	0	0	0	0	0	0	0.02355290610798823	0	0	0	0	0	0	0	0.0231834377232052	0.00011495941184410707	0	0.00014110980748314512	0.00014110980748314512	0.00014110980748314512	0	0	0
5.011872336272736e-7	0	0	0	0	0	0	0.024172427723569256	0	0	0	0	0	0	0	0.0225192454156532	0.00011821770000857476	0	0.00014953555143320597	0.00014953555143320597	0.00014953555143320597	0	0	0
5.370317963702533e-7	0	0	0	0	0	0	0.024808244866776942	0	0	0	0	0	0	0	0.021874081840021008	0.00012156833765180525	0	0.0001584644011728511	0.0001584644011728511	0.0001584644011728511	0	0	0
5.754399373371578e-7	0	0	0	0	0	0	0.02535249864152754	0	0	0	0	0	0	0	0.0257003673371675	0.00013274401020582923	0	0.00016990224758325445	0.00016990224758325445	0.00016990224758325445	0	0	0
6.165950018614835e-7	0	0	0	0	0	0	0.02590869248591718	0	0	0	0	0	0	0	0.030195959130813837	0.00014494705271034673	0	0.0001821656695143418	0.0001821656695143418	0.0001821656695143418	0	0	0
6.606934480075964e-7	0	0	0	0	0	0	0.025242216618575147	0	0	0	0	0	0	0	0.029798713071563027	0.0001565019549846694	0	0.00019010361987724454	0.00019010361987724454	0.00019010361987724454	0	0	0
7.079457843841387e-7	0	0	0	0	0	0	0.024592885193469714	0	0	0	0	0	0	0	0.0294066930238757	0.0001689779920049048	0	0.0001983874699704965	0.0001983874699704965	0.0001983874699704965	0	0	0
7.585775750291852e-7	0	0	0	0	0	0	0.025817239429163343	0	0	0	0	0	0	0	0.027279767522134866	0.00017388972832409555	0	0.00020123534321590155	0.00020123534321590155	0.00020123534321590155	0	0	0
8.128305161640995e-7	0	0	0	0	0	0	0.027102548013347078	0	0	0	0	0	0	0	0.025306678158523832	0.0001789442356241868	0	0.0002041240979848374	0.0002041240979848374	0.0002041240979848374	0	0	0
8.709635899560814e-7	0	0	0	0	0	0	0.02956855992170307	0	0	0	0	0	0	0	0.027316238643393654	0.00017955835608446705	0	0.00020196116979959259	0.00020196116979959218	0.00020196116979959259	0	0	0
9.332543007969924e-7	0	0	0	0	0	0	0.03225894980105851	0	0	0	0	0	0	0	0.029485374925491744	0.0001801745841507194	0	0.0001998211603112613	0.00019982116031126086	0.0001998211603112613	0	0	0
1.e-6	0	0	0	0	0	0	0.03389053971421956	0	0	0	0	0	0	0	0.030353098155839357	0.00018856802022552515	0	0.00020384970830262782	0.0002038497083026274	0.00020384970830262782	0	0	0
1.0715193052376091e-6	0	0	0	0	0	0	0.03560465201763637	0	0	0	0	0	0	0	0.0312463575581497	0.0001973524646629908	0	0.000207959474914151	0.00020795947491415056	0.00020795947491415143	0	0	0
1.148153621496884e-6	0	0	0	0	0	0	0.03558568746705013	0	0	0	0	0	0	0	0.03365675702985021	0.00020138994316711175	0	0.00021673617390546775	0.00021673617390546686	0.0002167361739054682	0	0	0
1.2302687708123837e-6	0	0	0	0	0	0	0.03556673301778924	0	0	0	0	0	0	0	0.03625309899428293	0.00020551002126125507	0	0.00022588328374349289	0.00022588328374349153	0.00022588328374349335	0	0	0
1.3182567385564101e-6	0.00015736452225877974	0.000023076449746703913	0	0	0	0	0.03869758121627965	0	0	0	0	0	0	0	0.03783748914372522	0.00020488272180342883	0	0.0002347451177135489	0.0002347451177135465	0.00023474511771354937	0	0	0
1.4125375446227554e-6	0.00015984490275004282	0.00002512368130037277	0	0	0	0	0.0421040299439802	0	0	0	0	0	0	0	0.03949112281207448	0.00020425733711650952	0	0.00024395461840781416	0.00024395461840781018	0.00024395461840781465	0	0	0
1.5135612484362104e-6	0.00016436903036201099	0.00002648464989652386	0	0	0	0	0.04211848384328751	0	0	0	0	0	0	0	0.04256789922003291	0.00020809875962257468	0	0.0002530528079601729	0.0002530528079601646	0.0002530528079601734	0	0	0
1.6218100973589331e-6	0.00016902120541432443	0.00002791934317886105	0	0	0	0	0.042132942704476276	0	0	0	0	0	0	0	0.04588438907219038	0.00021201242691102335	0	0.0002624903108392112	0.00026249031083919834	0.0002624903108392117	0	0	0
1.7378008287493763e-6	0.00017802478654901913	0.000028547638951043153	0	0	0	0	0.04293009774011403	0	0	0	0	0	0	0	0.04816949896488274	0.00022481830543204714	0	0.0002736246418869517	0.0002736246418869271	0.0002736246418869534	0	0	0
1.8620871366628694e-6	0.00018750797894344045	0.000029190073865927064	0	0	0	0	0.04374233494447924	0	0	0	0	0	0	0	0.05056841068271181	0.00023839767882355948	0	0.0002852312697119907	0.0002852312697119527	0.00028523126971199297	0	0	0
1.995262314968883e-6	0.00019366729337822415	0.000030499902250037256	0	0	0	0	0.04772713169368266	0	0	0	0	0	0	0	0.053953410325192526	0.0002442092214599309	0	0.00029578014023409315	0.00029578014023402057	0.00029578014023409744	0	0	0
2.1379620895022326e-6	0.00020002893069292178	0.000031868505764477927	0	0	0	0	0.052074931587382904	0	0	0	0	0	0	0	0.057564998512278726	0.0002501624350554377	0	0.0003067191456435975	0.00030671914564348843	0.00030671914564360444	0	0	0
2.2908676527677747e-6	0.00020840400661569763	0.00003350274308942106	0	0	0	0	0.05711443891671566	0	0	0	0	0	0	0	0.05851413808756176	0.0002600664087976812	0	0.00032056831220022013	0.00032056831220001294	0.00032056831220023325	0	0	0
2.4547089156850335e-6	0.00021712974129803068	0.00003522078514791454	0	0	0	0	0.06264164029284278	0	0	0	0	0	0	0	0.05947892720608546	0.0002703624825603191	0	0.000335042804619402	0.0003350428046190882	0.00033504280461942184	0	0	0
2.6302679918953817e-6	0.00022655092981369886	0.0000365316971588577	0	0	0	0	0.06411127268936762	0	0	0	0	0	0	0	0.05995024410355271	0.0002828843482892747	0	0.0003488540954300331	0.0003488540954294331	0.0003488540954300709	0	0	0
2.8183829312644606e-6	0.0002363809006201636	0.00003789140110596083	0	0	0	0	0.06561538405819962	0	0	0	0	0	0	0	0.06042529576269573	0.00029598616549614796	0	0.00036323472171429953	0.000363234721713391	0.0003632347217143574	0	0	0
3.0199517204020193e-6	0.0002470598976079572	0.000039731931611076195	0	0	0	0	0.06934252858072486	0	0	0	0	0	0	0	0.06214566552622662	0.00030937854570775906	0	0.00038007594988140347	0.000380075949879674	0.0003800759498815146	0	0	0
3.2359365692962877e-6	0.0002582213404125067	0.00004166186373348157	0	0	0	0	0.07328138574489912	0	0	0	0	0	0	0	0.06391501597054543	0.0003233768861588683	0	0.0003976980146514555	0.00039769801464883004	0.00039769801465162387	0	0	0
3.4673685045253236e-6	0.0002686936475259109	0.00004304347505892105	0	0	0	0	0.07462090985168557	0	0	0	0	0	0	0	0.06611278684439145	0.0003359550466588175	0	0.0004127981005781104	0.0004127981005730907	0.00041279810057843206	0	0	0
3.7153522909717276e-6	0.00027959066475855546	0.00004447090406229205	0	0	0	0	0.07598491936925388	0	0	0	0	0	0	0	0.06838612989389216	0.00034902245091221126	0	0.0004284715174910693	0.00042847151748347646	0.0004284715174915556	0	0	0
3.981071705534978e-6	0.0002866638941548703	0.00004542952310896416	0	0	0	0	0.07446580531178416	0	0	0	0	0	0	0	0.07031548030289411	0.00035876353374028163	0	0.00043875470112002046	0.0004387547011054115	0.00043875470112095455	0	0	0
4.265795188015934e-6	0.00029391606577064584	0.00004640880623917609	0	0	0	0	0.07297706185335893	0	0	0	0	0	0	0	0.07229926269988056	0.0003687764864564195	0	0.0004492846779691256	0.00044928467794716823	0.0004492846779705278	0	0	0
4.570881896148752e-6	0.00030321110827136833	0.00004782723562003409	0	0	0	0	0.073401971762461	0	0	0	0	0	0	0	0.07288489817736299	0.000380759802615078	0	0.0004633284308368953	0.0004633284307947897	0.0004633284308395854	0	0	0
4.897788193684467e-6	0.0003128001048125543	0.000049289017590013364	0	0	0	0	0.07382935571513624	0	0	0	0	0	0	0	0.07347527739495692	0.0003931325141702232	0	0.00047781116371952727	0.0004778111636560344	0.00047781116372358457	0	0	0
5.248074602497734e-6	0.0003231134368549277	0.00005149166085621801	0	0	0	0	0.07768045222096066	0	0	0	0	0	0	0	0.07467772303167773	0.00040492557930453136	0	0.0004955057132683168	0.0004955057131468715	0.000495505713276077	0	0	0
5.623413251903491e-6	0.00033376680976103615	0.00005379273654399238	0	0	0	0	0.08173243012624386	0	0	0	0	0	0	0	0.0758998470630989	0.00041707240908625407	0	0.0005138555365057717	0.0005138555363221688	0.0005138555365175038	0	0	0
6.0255958607435935e-6	0.00034916626725745476	0.000056052717528708336	0	0	0	0	0.08575506568588694	0	0	0	0	0	0	0	0.08092576797033185	0.0004374102889977319	0	0.0005368219702493938	0.0005368219698993835	0.0005368219702717594	0	0	0
6.4565422903465625e-6	0.0003652762306647337	0.00005840764653762665	0	0	0	0	0.08997568381891904	0	0	0	0	0	0	0	0.08628449430396831	0.00045873991362855145	0	0.0005608148735772253	0.0005608148730462994	0.0005608148736111514	0	0	0
6.9183097091893625e-6	0.0003771120537373452	0.00005988947296780834	0	0	0	0	0.09365598980594639	0	0	0	0	0	0	0	0.09157841239515106	0.0004750559502123225	0	0.0005776146512949844	0.0005776146502762562	0.0005776146513600813	0	0	0
7.413102413009192e-6	0.00038933138577125004	0.0000614088939545144	0	0	0	0	0.09748683260006787	0	0	0	0	0	0	0	0.0971971347165992	0.0004919523004812471	0	0.0005949176833746839	0.0005949176818394034	0.0005949176834727877	0	0	0
7.943282347242822e-6	0.00040178798117206067	0.00006299046940486142	0	0	0	0	0.0993702967449926	0	0	0	0	0	0	0	0.10267041256812168	0.0005086988513855596	0	0.0006126716622175007	0.0006126716592714909	0.0006126716624057508	0	0	0
8.511380382023777e-6	0.00041464312334985954	0.00006461277805758464	0	0	0	0	0.10129014977537616	0	0	0	0	0	0	0	0.10845189673176771	0.0005260154717191989	0	0.0006309554685869819	0.0006309554641474111	0.0006309554688706712	0	0	0
9.120108393559115e-6	0.00042822662087043967	0.00006643357119201536	0	0	0	0	0.1044324039436307	0	0	0	0	0	0	0	0.11162017766004538	0.0005427750223455045	0	0.0006506361115248166	0.000650636103011298	0.0006506361120691494	0	0	0
9.772372209558111e-6	0.0004422551068509751	0.00006830567441924859	0	0	0	0	0.10767213808678681	0	0	0	0	0	0	0	0.11488101578965319	0.0005600685544843232	0	0.0006709306293329517	0.0006709306164956566	0.0006709306301539116	0	0	0
0.000010471285480509006	0.00045739549996757063	0.000070760004244583	0	0	0	0	0.11277484061834435	0	0	0	0	0	0	0	0.11717163949011132	0.000578905967109346	0	0.0006942879050587506	0.0006942878805109231	0.0006942879066612344	0	0	0
0.000011220184543019652	0.0004730542172372921	0.00007330252198318669	0	0	0	0	0.11811936590542738	0	0	0	0	0	0	0	0.11950793615838715	0.0005983769595194897	0	0.000718458323463505	0.0007184582864053385	0.0007184583259009322	0	0	0
0.000012022644346174132	0.0004930875026854998	0.00007621699319253615	0	0	0	0	0.12224110365396523	0	0	0	0	0	0	0	0.12334275925854599	0.0006249460572745306	0	0.0007482492816446934	0.0007482492109377994	0.0007482492863355859	0	0	0
0.000012882495516931348	0.0005139691740294973	0.00007924734230349509	0	0	0	0	0.12650666813182426	0	0	0	0	0	0	0	0.12730063584521112	0.0006526948745095489	0	0.0007792755253815867	0.0007792754182991856	0.0007792755325086336	0	0	0
0.000013803842646028866	0.0005301080132078931	0.00008253348159281587	0	0	0	0	0.1302531522108336	0	0	0	0	0	0	0	0.13161393435569782	0.0006707414894058596	0	0.0008064243835314553	0.0008064241785593088	0.0008064243972228881	0	0	0
0.000014791083881682102	0.0005467536184399448	0.00008595588679484601	0	0	0	0	0.13411058809310714	0	0	0	0	0	0	0	0.13607337937925534	0.0006892870821889766	0	0.0008345190695365944	0.0008345187599840018	0.0008345190902411523	0	0	0
0.00001584893192461114	0.0005616968327150338	0.0000888296356966637	0	0	0	0	0.13937264957630283	0	0	0	0	0	0	0	0.13973726431054573	0.000706640606969596	0	0.0008590865886196962	0.0008590859945781719	0.0008590866284026816	0	0	0
0.00001698243652461746	0.0005770484570039586	0.00009179946216871738	0	0	0	0	0.14484117716666214	0	0	0	0	0	0	0	0.14349980228368037	0.0007244310249259242	0	0.0008843773542000094	0.0008843764591877098	0.0008843774141667834	0	0	0
0.000018197008586099864	0.0005968169429547492	0.00009490272602000363	0	0	0	0	0.15061593045925614	0	0	0	0	0	0	0	0.14846982324452201	0.000749195201736252	0	0.0009145352883924659	0.0009145335743174795	0.0009145354032942814	0	0	0
0.000019498445997580493	0.0006172626563238703	0.00009811089513220551	0	0	0	0	0.1566209205963911	0	0	0	0	0	0	0	0.15361197760177434	0.0007748059249146877	0	0.0009457216308661191	0.0009457190429086147	0.0009457218043798947	0	0	0
0.00002089296130854041	0.0006398172814940981	0.00010088739573166525	0	0	0	0	0.16135613639381907	0	0	0	0	0	0	0	0.1589856422962941	0.0008049506194910477	0	0.00097757879206135	0.0009775750962933176	0.0009775803860673261	0	0	0
0.000022387211385683423	0.0006631960471033437	0.00010374247023026691	0	0	0	0	0.16623451485791393	0	0	0	0	0	0	0	0.1645472888962625	0.0008362681272608632	0	0.0010105090795194283	0.0010105042042441355	0.0010105121895229777	0	0	0
0.000023988329190194948	0.0006854157848857275	0.0001066250409043056	0	0	0	0	0.1711591775168942	0	0	0	0	0	0	0	0.16964245141050838	0.0008655814271548497	0	0.0010423822670651156	0.0010423777283956666	0.001042393039375193	0	0	0
0.000025703957827688645	0.0007083799733464217	0.00010958770619795772	0	0	0	0	0.17622973227491026	0	0	0	0	0	0	0	0.17489538426069112	0.0008959222318916818	0	0.001075260789550303	0.001075256613571498	0.0010752797044940004	0	0	0
0.00002754228703338169	0.0007340505060217205	0.00011417932086779425	0	0	0	0	0.18244236736423639	0	0	0	0	0	0	0	0.17993871973854383	0.0009271531093369952	0	0.0011163057798168157	0.0011163018278321415	0.0011163459721912955	0	0	0
0.0000295120922666639	0.000760651296853137	0.00011896331957419623	0	0	0	0	0.18887401677228718	0	0	0	0	0	0	0	0.18512748634283677	0.000959472661302579	0	0.001158917544620588	0.0011589138398157134	0.0011589806116671549	0	0	0
0.000031622776601683856	0.0007868832689530081	0.00012377583660260359	0	0	0	0	0.1955914437457503	0	0	0	0	0	0	0	0.1921642243299342	0.0009906439554100773	0	0.0012012622738249725	0.0012012584442589148	0.0012013106528851803	0	0	0
0.000033884415613920276	0.000814019882066567	0.00012878303817942082	0	0	0	0	0.20254778036869686	0	0	0	0	0	0	0	0.1994684303331381	0.0010228279407755135	0	0.0012451542020511565	0.0012451502435528825	0.0012451867358328709	0	0	0
0.000036307805477010174	0.0008398095068932596	0.00013282810773946493	0	0	0	0	0.20828338352051487	0	0	0	0	0	0	0	0.20587846109612917	0.0010550309338675746	0	0.0012844771308855264	0.0012844716388643947	0.001284505102349861	0	0	0
0.00003890451449942813	0.0008664161937639532	0.00013700023275632075	0	0	0	0	0.21418140337941816	0	0	0	0	0	0	0	0.2124944818211087	0.0010882478147532114	0	0.001325041908102655	0.0013250347896485817	0.001325064996664302	0	0	0
0.00004168693834703355	0.000895263595624166	0.0001414265078272057	0	0	0	0	0.22090298179407888	0	0	0	0	0	0	0	0.22040882596199998	0.001124954976459698	0	0.0013686809446514724	0.0013686728633078744	0.001368704288326586	0	0	0
0.00004466835921509635	0.0009250714742160822	0.00014599578930478681	0	0	0	0	0.22783550110123252	0	0	0	0	0	0	0	0.22861793937239613	0.0011629002897179494	0	0.0014137571927324358	0.0014137480927970088	0.0014137807832819709	0	0	0
0.0000478630092322639	0.0009580604592464437	0.00015091370901471027	0	0	0	0	0.2352802408044878	0	0	0	0	0	0	0	0.2351994001096981	0.0012054254346944308	0	0.0014631334694078305	0.0014631215710373027	0.0014631575844447752	0	0	0
0.00005128613839913659	0.0009922258648709542	0.00015599729058644713	0	0	0	0	0.24296824439322626	0	0	0	0	0	0	0	0.24197032815457528	0.0012495056467486752	0	0.001514234240721232	0.0015142193595461342	0.0015142588881060484	0	0	0
0.00005495408738576248	0.0010287030857286863	0.00016135387864977047	0	0	0	0	0.25061027671460373	0	0	0	0	0	0	0	0.24892837223491504	0.001296578513385542	0	0.0015684211059753925	0.001568397843494586	0.0015684283080647174	0	0	0
0.00005888436553555896	0.001066521319443084	0.00016689439962354574	0	0	0	0	0.2584926723729556	0	0	0	0	0	0	0	0.2560865002585771	0.001345424765184118	0	0.0016245470479503896	0.0016245148234109157	0.0016245355248438085	0	0	0
0.00006309573444801943	0.0010995912120798782	0.0001720773627107282	0	0	0	0	0.26553216598957463	0	0	0	0	0	0	0	0.26396168684707727	0.0013870053843887111	0	0.001674315415149977	0.001674263594276605	0.0016742861811204514	0	0	0
0.00006760829753919819	0.0011336865111282244	0.00017742128450247958	0	0	0	0	0.27276336511925103	0	0	0	0	0	0	0	0.27207905162045426	0.0014298710608764654	0	0.0017256084475643077	0.0017255358601372236	0.001725560428455656	0	0	0
0.00007244359600749906	0.001169501145577214	0.00018352780584273144	0	0	0	0	0.28035197840086523	0	0	0	0	0	0	0	0.28028465202583214	0.0014740230761723504	0	0.0017799601304577472	0.0017798918098234035	0.0017799195028254094	0	0	0
0.00007762471166286927	0.0012064472110065762	0.00018984450265873676	0	0	0	0	0.2881517162648191	0	0	0	0	0	0	0	0.28873772417742577	0.0015195384314979998	0	0.0018360237344057777	0.001835960021384032	0.0018359910115542425	0	0	0
0.00008317637711026725	0.001247816998410434	0.00019719752361960943	0	0	0	0	0.2973936655885751	0	0	0	0	0	0	0	0.29764934593035697	0.001570331481340117	0	0.0018965081863871708	0.0018964584597654282	0.00189648666373053	0	0	0
0.00008912509381337459	0.0012906053802577357	0.00020483534038175048	0	0	0	0	0.3069320338558314	0	0	0	0	0	0	0	0.30683601661391785	0.0016228223716966863	0	0.0019589851882811492	0.0019589504388579284	0.001958975639354052	0	0	0
0.00009549925860214369	0.001335722359899875	0.0002144000688505617	0	0	0	0	0.3161169812906381	0	0	0	0	0	0	0	0.3160421605492877	0.0016768082934132888	0	0.0020202586632313145	0.002020219582614456	0.0020202556046600008	0	0	0
0.00010232929922807557	0.0013824165388030471	0.000224411419618589	0	0	0	0	0.32557678846660737	0	0	0	0	0	0	0	0.3255245207095129	0.0017325901478175486	0	0.0020834486604476635	0.002083405011695102	0.002083452507610532	0	0	0
0.00010964781961431851	0.0014254283959086798	0.00022839311983784358	0	0	0	0	0.3344318620923128	0	0	0	0	0	0	0	0.33471524353807985	0.0017917965999852546	0	0.002150614476154365	0.0021505680782109276	0.002150615319630009	0	0	0
0.00011748975549395303	0.0014697785036788123	0.0002324454668034311	0	0	0	0	0.3435277769932386	0	0	0	0	0	0	0	0.3441654533814107	0.0018530262680777972	0	0.0022199455704614815	0.002219896291435373	0.002219943212591756	0	0	0
0.00012589254117941688	0.0015191182443317038	0.00024199755599645353	0	0	0	0	0.3521041724521067	0	0	0	0	0	0	0	0.35269478535254173	0.0019131206632523	0	0.0022904990876733995	0.0022904518144622067	0.0022904958097315353	0	0	0
0.0001348962882591656	0.00157011429578353	0.0002519421777228309	0	0	0	0	0.3608946832285494	0	0	0	0	0	0	0	0.3614354967725938	0.0019751639440921554	0	0.0023632949115694026	0.002363249821450465	0.002363290657454537	0	0	0
0.0001445439770745928	0.0016192781603049185	0.0002586985397706634	0	0	0	0	0.369363784052412	0	0	0	0	0	0	0	0.3701755453449329	0.00203910405431998	0	0.002436007073716219	0.002435955440562904	0.002436005103774093	0	0	0
0.00015488166189124827	0.0016699814577078207	0.00026563608794832086	0	0	0	0	0.3780316289201678	0	0	0	0	0	0	0	0.3791269413076873	0.0021051140371313704	0	0.002510956391496113	0.002510897855380356	0.0025109568503118218	0	0	0
0.00016595869074375631	0.0017195148816291164	0.00027169152546107364	0	0	0	0	0.3872721514140326	0	0	0	0	0	0	0	0.3869864080307476	0.0021707060130981403	0	0.002586360905923195	0.002586304350837429	0.0025863607847226733	0	0	0
0.00017782794100389227	0.0017705175195192441	0.0002778850026647201	0	0	0	0	0.39673854721961754	0	0	0	0	0	0	0	0.3950088049242607	0.0022383417298007155	0	0.0026640298327531434	0.002663975430472989	0.0026640290962867616	0	0	0
0.00019054607179632481	0.001819568117640392	0.00028268081642556604	0	0	0	0	0.40561459102871306	0	0	0	0	0	0	0	0.4037428953207737	0.002305045655002763	0	0.002741280886914047	0.0027412240245692767	0.002741275132472275	0	0	0
0.00020417379446695317	0.0018699776185396996	0.00028755939762405163	0	0	0	0	0.41468921436645156	0	0	0	0	0	0	0	0.41267010631131884	0.002373737397157931	0	0.0028207720531396216	0.0028207126338029467	0.002820760990330427	0	0	0
0.00021877616239495564	0.001924762974311406	0.0002949510851430409	0	0	0	0	0.42348340536170775	0	0	0	0	0	0	0	0.4207463490371808	0.002445889216712506	0	0.002901390994754677	0.0029013364703722737	0.0029013848997945743	0	0	0
0.00023442288153199226	0.0019811533948589067	0.0003025327753008931	0	0	0	0	0.43246409215329085	0	0	0	0	0	0	0	0.42898064948413744	0.002520234153783485	0	0.0029843140621993672	0.002984264761122891	0.002984313228101577	0	0	0
0.0002511886431509582	0.002038573158790412	0.0003116844708529646	0	0	0	0	0.4401647096417675	0	0	0	0	0	0	0	0.43691535982400964	0.002593594676895128	0	0.0030666264265857717	0.0030665760494332384	0.0030666323768669033	0	0	0
0.00026915348039269194	0.002097657119597591	0.00032111300758825835	0.002092742660364483	0.00031614992549506725	0	0	0.4480024472074477	0	0	0	0	0	0	0	0.4449968358239491	0.002669090623155106	0	0.0031512091034090273	0.0031511576283262343	0.0031512222129681457	0	0	0
0.00028840315031266115	0.0021557745231184197	0.00032835949618292495	0.0021514856869948207	0.00032403162528047867	0	0	0.4552939873825292	0	0	0	0	0	0	0	0.4518769630303726	0.002746851256557482	0	0.0032363414600077747	0.0032362905883504445	0.0032363620067003044	0	0	0
0.0003090295432513592	0.0022155021195351394	0.0003357695147365514	0.0022118776230888185	0.0003321098178893807	0	0	0.46270420226230435	0	0	0	0	0	0	0	0.45886346436480174	0.002826877349234513	0	0.0033237737332106596	0.003323723535153266	0.00332380210932433	0	0	0
0.0003311311214825914	0.002275293106755949	0.00034381412372719435	0.0022715086261375843	0.0003399924040233498	0	0	0.4689983587868402	0	0	0	0	0	0	0	0.46649280643652113	0.00290625312022284	0	0.003409795128950964	0.0034097478154033185	0.0034098214052730204	0	0	0
0.000354813389233576	0.0023366977065846233	0.000352051471280964	0.00233274724820084	0.00034806208238046985	0	0	0.4753781346037043	0	0	0	0	0	0	0	0.47424899857360275	0.0029878576801685994	0	0.0034980428135782554	0.0034979985674745886	0.0034980668624166713	0	0	0
0.00038018939632056124	0.0023974936817712763	0.00036091068998527805	0.0023923261469382833	0.00035568927492566336	0	0	0.4816314684672209	0	0	0	0	0	0	0	0.48007193419994293	0.0030680447272074863	0	0.003583165856970886	0.0035831169700587403	0.003583187880740889	0	0	0
0.00040738027780411304	0.002459871440766976	0.0003699928469882609	0.002453426704388437	0.0003634836045106745	0	0	0.4879670614452454	0	0	0	0	0	0	0	0.48596636513657515	0.0031503838053004336	0	0.003670360325129483	0.0036703065977502624	0.003670380211034136	0	0	0
0.00043651583224016654	0.0025200834376240835	0.00037814056124987736	0.0025129960376998064	0.0003709810351750153	0	0	0.49258560491196235	0	0	0	0	0	0	0	0.4906818298807069	0.0032311338427021513	0	0.003755046114745128	0.0037549813313129793	0.0037550631480819923	0	0	0
0.00046773514128719906	0.0025817692857180597	0.00038646769856853216	0.002574011717651491	0.0003786331123374893	0	0	0.4972478622795536	0	0	0	0	0	0	0	0.49544305007078787	0.003313953649675883	0	0.0038416858495671086	0.0038416095285204763	0.0038416998881188394	0	0	0
0.0005011872336272725	0.002642269059020454	0.00039429503007268405	0.0026340202075592588	0.0003859630838447646	0	0	0.5003624036267816	0	0	0	0	0	0	0	0.4988613404573451	0.0033967453203270245	0	0.00392624410740587	0.0039261639851693115	0.003926254386540443	0	0	0
0.0005370317963702533	0.0027041865510128494	0.00040228089259689937	0.002695427688324879	0.0003934349565237722	0	0	0.5034964530876472	0	0	0	0	0	0	0	0.5023032152077661	0.003481605354465947	0	0.004012663553079527	0.004012579499295771	0.004012669900505041	0	0	0
0.0005754399373371578	0.0027627827418735375	0.0004095686127409094	0.002753725120007795	0.00040042059944368666	0	0	0.5056302638429963	0	0	0	0	0	0	0	0.5045244596908466	0.0035626393860572797	0	0.004094359177958163	0.004094270151305316	0.004094357657776889	0	0	0
0.0006165950018614823	0.0028226486356628523	0.0004169883572138766	0.002813283424150969	0.00040753027609826347	0	0	0.5077731176577586	0	0	0	0	0	0	0	0.5067555267808787	0.003645559476982561	0	0.004177718080865469	0.0041776239136973245	0.004177708370101992	0	0	0
0.0006606934480075965	0.0028796997531660563	0.0004238461590226826	0.00286990749194067	0.0004139554390155429	0	0	0.50908832468725	0	0	0	0	0	0	0	0.5077692379893314	0.0037254818424949693	0	0.004255859503961811	0.004255766886999124	0.004255860800351175	0	0	0
0.0007079457843841388	0.002937903982667414	0.00043081674442564666	0.0029276712547307107	0.0004204819016912318	0	0	0.5104069382963139	0	0	0	0	0	0	0	0.5087849770205892	0.003807156362799917	0	0.004335462510124626	0.004335371534305705	0.0043354752288569925	0	0	0
0.0007585775750291852	0.002993508003366798	0.00043886963747671507	0.002981058024405996	0.00042628939538790443	0	0	0.5097720181434524	0	0	0	0	0	0	0	0.5079968504132027	0.0038842069877487264	0	0.004408295965875318	0.004408209930642682	0.004408316043353659	0	0	0
0.0008128305161640995	0.0030501644094185244	0.00044707305644705486	0.0030354183143055068	0.00043217709939303813	0	0	0.5091378877988216	0	0	0	0	0	0	0	0.5072099446428648	0.003962816991467216	0	0.004482352984801616	0.00448227208183872	0.0044823806646942035	0	0	0
0.0008709635899560814	0.0031006999622772992	0.00045336252902854435	0.0030847224269451253	0.0004372189489396485	0	0	0.5074203082384987	0	0	0	0	0	0	0	0.5051598973598976	0.004035606354070479	0	0.004548551465792835	0.004548465542625736	0.0045485737929993235	0	0	0
0.0009332543007969925	0.0031520727952823	0.0004597404825971625	0.003134827383248272	0.00044231961753725933	0	0	0.5057085229425916	0	0	0	0	0	0	0	0.5031181359828101	0.0041097327179330945	0	0.004615727611617771	0.004615636537612141	0.004615744422003867	0	0	0
0.001	0.00319332060020166	0.00046108075265814273	0.003178911863592372	0.00044654888189642585	0	0	0.502566663371979	0	0	0	0	0	0	0	0.4999040304388384	0.004177480528411606	0	0.004673988406012723	0.004673889921207643	0.004674003438464722	0	0	0
0.001071519305237607	0.0032351081710214787	0.00046242492997529053	0.0032236162955859905	0.00045081858460901497	0	0	0.4994443235071129	0	0	0	0	0	0	0	0.49671045779501277	0.004246345142862455	0	0.004732984581792612	0.004732878513624866	0.0047329977887501295	0	0	0
0.001148153621496884	0.003273011335141855	0.00046534489026300467	0.0032616872015646943	0.00045390960436550996	0	0	0.49459570554368976	0	0	0	0	0	0	0	0.4920543025751748	0.004307688155036416	0	0.004781418814144565	0.004781310100441044	0.004781427663722622	0	0	0
0.0012302687708123836	0.0033113585801938066	0.0004682832885014627	0.003300207724913806	0.0004570218175764475	0	0	0.48979415808452237	0	0	0	0	0	0	0	0.487441794073643	0.004369917332845992	0	0.004830348690381037	0.004830237288104519	0.004830353092019781	0	0	0
0.0013182567385564075	0.0033417098589891216	0.00046999851771899735	0.0033308343904022816	0.0004590174106229673	0	0	0.48387063977824113	0	0	0	0	0	0	0	0.4813246977453391	0.0044227146168310735	0	0.004867673692182349	0.00486755737536527	0.004867669013513606	0	0	0
0.0014125375446227555	0.0033723393317952096	0.0004717200294824635	0.003361745278193456	0.0004610217174583143	0	0	0.47801875987055203	0	0	0	0	0	0	0	0.4752843672338872	0.0044761497969098155	0	0.004905287111207515	0.004905165810553899	0.004905273211655211	0	0	0
0.0015135612484362103	0.0033935154919126362	0.00047242302899498374	0.0033829076747027165	0.0004617111945421082	0	0	0.4701812940574723	0	0	0	0	0	0	0	0.467871387666362	0.0045171327635378485	0	0.004928774547637916	0.004928648581592881	0.00492875836736313	0	0	0
0.0016218100973589332	0.0034148246249349756	0.0004731270761804527	0.0034042032898198575	0.00046240170276745293	0	0	0.4624723292061283	0	0	0	0	0	0	0	0.46057402786219725	0.004558490964157103	0	0.004952374446327413	0.004952243772997853	0.004952355963808764	0	0	0
0.0017378008287493763	0.0034246626899729782	0.0004715300037210427	0.0034149095545786576	0.00046168667048090024	0	0	0.45415731085204614	0	0	0	0	0	0	0	0.4519518650651201	0.004593416261889747	0	0.004960697222236082	0.004960567924539858	0.0049606791048711005	0	0	0
0.0018620871366628695	0.0034345290983475523	0.0004699383222877834	0.003425649490682939	0.00046097274388052356	0	0	0.4459917923185199	0	0	0	0	0	0	0	0.4434911132178614	0.004628609143002786	0	0.004969033985091728	0.004968906068022085	0.004969016234159973	0	0	0
0.001995262314968883	0.0034338864763463293	0.0004678334211156419	0.0034247994273870685	0.0004586568191067452	0	0	0.4364852125799288	0	0	0	0	0	0	0	0.4334155975708676	0.004642431627152223	0	0.004960436169046758	0.004960314846030154	0.004960422205480438	0	0	0
0.0021379620895022326	0.0034332439745837257	0.0004657379480082795	0.0034239495750315197	0.0004563525295275184	0	0	0.42718127123039074	0	0	0	0	0	0	0	0.4235689839526346	0.004656295389591133	0	0.004951853229623882	0.004951738478232346	0.004951843040372577	0	0	0
0.0022908676527677745	0.003418676420681704	0.0004609591442847749	0.003410145656558458	0.0004523489398060622	0	0	0.41650925096151337	0	0	0	0	0	0	0	0.4132267156197685	0.0046531355462181255	0	0.00492465324902338	0.004924543177974431	0.004924646367874634	0	0	0
0.0024547089156850338	0.003404170678182617	0.00045622937449789846	0.00339639738965416	0.00044838047365601416	0	0	0.4061038435436427	0	0	0	0	0	0	0	0.40313697407314375	0.004649977847170021	0	0.0048976026748996804	0.004897497236241683	0.004897599065820979	0	0	0
0.002630267991895387	0.0033784953707645085	0.0004513587702470493	0.003369848889107453	0.00044262353442051864	0	0	0.39464784333880515	0	0	0	0	0	0	0	0.3920008425425412	0.004628904464387224	0	0.004851793123850146	0.004851688759576233	0.004851791063268017	4.127853922503697e-11	4.127853922503697e-11	4.127853922503697e-11
0.002818382931264455	0.003353013714450694	0.00044654016349371964	0.0033435079092953434	0.0004369405108689313	0	0	0.3835150115618954	0	0	0	0	0	0	0	0.3811723320773401	0.004607926584739395	0	0.004806412050794172	0.004806308750030462	0.004806411510057216	3.85233742623831e-11	3.85233742623831e-11	3.85233742623831e-11
0.003019951720402019	0.0033115405748290303	0.0004385181554171793	0.003302570777794059	0.0004294622290309334	0	0	0.3718127471325715	0	0	0	0	0	0	0	0.3693573476397632	0.0045664480911723265	0	0.004740450977252947	0.004740347873272813	0.004740448636657754	3.5952104711581116e-11	3.5952104711581116e-11	3.5952104711581116e-11
0.0032359365692962876	0.00327058041292132	0.00043064026117146817	0.0032621348709888213	0.00042211193875667816	0	0	0.3604675560606011	0	0	0	0	0	0	0	0.357908585631027	0.004525342968447209	0	0.0046753951243163495	0.004675292231174219	0.0046753910333663575	3.355245634478683e-11	3.355245634478683e-11	3.355245634478683e-11
0.0034673685045253167	0.003215443859238644	0.0004217223009882486	0.003206666482320816	0.0004128563799069608	0	0	0.3482249466749591	0.3477303179539125	0	0	0	0	0	0	0.34557994713148854	0.004461021868397121	0	0.004588951787846491	0.004588850015128302	0.004588944071678332	3.1312974186075646e-11	3.1312974186075646e-11	3.1312974186075646e-11
0.003715352290971728	0.003161236816275224	0.00041298901934301113	0.003152141261934658	0.0004038037657308121	0	0	0.33639813472253777	0.33580460149030955	0	0	0	0	0	0	0.3336759850251811	0.004397614998260761	0	0.004504106701411407	0.004504006042859551	0.004504095495479722	2.922296782990024e-11	2.922296782990024e-11	2.922296782990024e-11
0.003981071705534978	0.003091443835324522	0.0004019393834676051	0.003082409943111928	0.00039281540906546615	0	0	0.32379370593408496	0.3231537341808384	0	0	0	0	0	0	0.3211569520235001	0.004312254893075967	0	0.004397596964506839	0.004397500170841994	0.004397587738464038	2.7272460409306494e-11	2.7272460409306494e-11	2.7272460409306494e-11
0.004265795188015935	0.0030231917260240856	0.0003911853836678832	0.003014221212777688	0.0003821260688839966	0	0	0.311661549755628	0.3109794667838507	0	0	0	0	0	0	0.30910761475759496	0.004228551674080625	0	0.004293605889971421	0.004293512834693676	0.004293598556446575	2.5452140970300935e-11	2.5452140970300935e-11	2.5452140970300935e-11
0.004570881896148752	0.0029398388524753695	0.0003786270002352271	0.002931046994456263	0.00036974762637688533	0.002941986202050313	0.0003807948518824253	0.29881221449438117	0.2984412142261875	0	0	0	0	0	0	0.29667338706016566	0.004121650625018399	0	0.004168998747433654	0.004168908397730345	0.004168992306920936	2.3753320025024685e-11	2.3753320025024685e-11	2.3753320025024685e-11
0.004897788193684466	0.0028587841135335385	0.0003664717836923021	0.002850167879946084	0.00035777016629777057	0.002860438378925266	0.00036814365217108073	0.28649263793062313	0.28640848628989407	0	0	0	0	0	0	0.2847393412121958	0.004017452116961089	0	0.004048007898605493	0.0040479201758125295	0.004048002305448467	2.2167888071561565e-11	2.2167888071561565e-11	2.2167888071561565e-11
0.005248074602497733	0.0027639500322262215	0.0003528319578381111	0.0027553720533207418	0.00034416764290033094	0.0027642237637614587	0.00035310089305678625	0.27393537034788373	0.2738942679796048	0	0	0	0	0	0	0.27218517422595206	0.003891256869212364	0	0.003907680880004308	0.0039075953659948835	0.003907677727356566	2.0688276882371135e-11	2.0688276882371135e-11	2.0688276882371135e-11
0.005623413251903491	0.002672261869820175	0.0003396997968509348	0.0026637291107092934	0.0003310822913081674	0.0026712454539973185	0.0003386727978119796	0.2619285007449446	0.2619268409391775	0	0	0	0	0	0	0.26018452087799826	0.00376902563648877	0	0.0037722183954264675	0.0037721350424801143	0.003772217520806696	1.9307423376551858e-11	1.9307423376551858e-11	1.9307423376551858e-11
0.0060255958607435805	0.0025674851399014966	0.0003243633760370389	0.002559844602424894	0.00031665014698665464	0.0025665844112862267	0.00032345369215285556	0.2496562801312626	0.24955420759353497	0	0	0	0	0	0	0.24790528024899972	0.00362708243851308	0	0.0036200212932324624	0.00361994282104933	0.003620021026012021	1.8018735903475377e-11	1.8018735903475377e-11	1.8018735903475377e-11
0.006456542290346563	0.00246681660134551	0.0003097193483466045	0.0024600115538096112	0.00030284711148547165	0.002466024052712933	0.0003089184949108231	0.23795905383229818	0.23776602010062284	0	0	0	0	0	0	0.23620555046067693	0.0034904848851136697	0	0.003473964863578607	0.0034738910140001042	0.003473965156168058	1.6816062776843536e-11	1.6816062776843536e-11	1.6816062776843536e-11
0.006918309709189377	0.0023557318879975763	0.0002946114698890864	0.0023490205223576635	0.00028783279322593954	0.002355325852314764	0.0002942024595718107	0.2260962449845272	0.22587388564714297	0	0	0	0	0	0	0.22442581441428297	0.003336435728544373	0	0.0033127139084983544	0.003312642141674346	0.003312712679215738	1.5693662908961414e-11	1.5693662908961414e-11	1.5693662908961414e-11
0.007413102413009177	0.0022496494976974378	0.0002802405424574105	0.002243037194647468	0.0002735628431450995	0.0022495968214418945	0.000280187456057266	0.21482482457729857	0.21457654965056558	0	0	0	0	0	0	0.21323354204540265	0.003189185381716647	0	0.003158947735658389	0.003158878017350626	0.0031589451251553755	1.464617840504648e-11	1.464617840504648e-11	1.464617840504648e-11
0.00794328234724282	0.0021348778245213087	0.0002651129165360648	0.0021282395801149843	0.00025840746126864415	0.0021350608709188286	0.0002652987694593205	0.20328677868339723	0.20308923164774517	0	0	0	0	0	0	0.20184575196187446	0.00302563453231089	0	0.0029934167436707934	0.0029933489320964663	0.0029934121671355606	1.3668608986749634e-11	1.3668608986749634e-11	1.3668608986749634e-11
0.008511380382023776	0.0020259615243609	0.00025080189289506495	0.0020193172548259395	0.0002440916875684328	0.002026356402658352	0.0002512012424362224	0.19236843073786714	0.19221688520222122	0	0	0	0	0	0	0.19106612962598368	0.0028704710537035454	0	0.0028365596873102714	0.002836493774076778	0.002836553357955046	1.275628812279649e-11	1.275628812279649e-11	1.275628812279649e-11
0.009120108393559097	0.0019101803381139074	0.00023606437026856133	0.0019033964878548265	0.0002292114971517839	0.001909979611011596	0.00023586025856905528	0.1814360971566319	0.18132688982640455	0	0	0	0	0	0	0.18032996490017764	0.0027065252019797823	0	0.002670823513363983	0.002670760622903133	0.002670817379794157	1.1904860752805416e-11	1.1904860752805416e-11	1.1904860752805416e-11
0.009772372209558112	0.0018010159029392154	0.00022219284817602281	0.0017941302592842788	0.00021523842515871328	0.001800286519041864	0.00022145615615888297	0.1711250501195189	0.1710538641780938	0	0	0	0	0	0	0.17019707419915672	0.0025519430546078674	0	0.0025147710698455172	0.002514711073946057	0.002514765130789956	1.1110262497944953e-11	1.1110262497944953e-11	1.1110262497944953e-11
0.010471285480509006	0.0016870184401867228	0.00020711437842900357	0.0016808899241457737	0.0002009261249611827	0.0016861807766151724	0.00020626731131356994	0.16094070454199771	0.16084756858686278	0	0	0	0	0	0	0.16011936903170618	0.0023913666042915003	0	0.0023536149837273	0.0023535587808169436	0.0023536115425767975	1.0368700259190642e-11	1.0368700259190642e-11	1.0368700259190642e-11
0.011220184543019653	0.0015802365836333748	0.0001930591650638986	0.001574796992845937	0.00018756552256943732	0.0015793072832316357	0.0001921202122103329	0.15136247066331857	0.1512502535070988	0	0	0	0	0	0	0.15063838470637317	0.002240894139779067	0	0.002202786391989929	0.0022027337423175327	0.0022027851529858884	9.676634110564537e-12	9.676634110564537e-12	9.676634110564537e-12
0.012022644346174132	0.0014714439377285426	0.00017911371377791514	0.0014664683149225712	0.00017408905904039678	0.0014708527826386194	0.00017851722066963748	0.141873881874597	0.14180141385650166	0	0	0	0	0	0	0.14118600670921125	0.0020873832101430795	0	0.0020493409490973686	0.0020492904679757637	0.0020493404945682967	9.030760400923233e-12	9.030760400923233e-12	9.030760400923233e-12
0.01288249551693135	0.0013701412081600075	0.00016617559934385117	0.001365591456194906	0.00016158087084661832	0.0013698460908563176	0.00016587738327460588	0.13298011237500873	0.1329428579817824	0.13154990903591618	0	0	0	0	0	0.13232675409622913	0.0019443884423816639	0	0.0019065844699781929	0.0019065361107683668	0.001906584696643963	8.427995983628763e-12	8.427995983628763e-12	8.427995983628763e-12
0.013803842646028866	0.0012687709758928115	0.00015364571513678738	0.0012643568544856603	0.00014918748402205606	0.0012683791124137157	0.00015324957257291713	0.12420660124512686	0.12424316183977119	0.12267478260869709	0	0	0	0	0	0.12360485121109124	0.0018008603151365423	0	0.001763858411364815	0.0017638119867421542	0.0017638575810540798	7.865463498821306e-12	7.865463498821306e-12	7.865463498821306e-12
0.014791083881682071	0.0011749006450435927	0.00014206060259814186	0.0011706270189616027	0.00013774468024719823	0.0011744279766508115	0.00014158308402359058	0.11601193229075109	0.11611276828469344	0.11439842412952464	0	0	0	0	0	0.11545782519388052	0.0016679269450199223	0	0.001631816761508605	0.0016317722528326577	0.0016318150312012824	7.340477638036744e-12	7.340477638036744e-12	7.340477638036744e-12
0.01584893192461114	0.0010821933559648177	0.00013055283758566102	0.001078214456594087	0.00012653443522247352	0.001081833421797644	0.00013018936412310651	0.10805410874275147	0.10817179439171117	0.10626108567700744	0	0	0	0	0	0.10757872437103831	0.0015367883172878478	0	0.0015018721507298971	0.0015018308109989483	0.0015018708280947668	6.8505323256019246e-12	6.8505323256019246e-12	6.8505323256019246e-12
0.01698243652461746	0.000996801273907669	0.00011997727089671604	0.000993097199686807	0.00011623652738049055	0.0009965392308313335	0.00011971253944401117	0.10064215107570612	0.10077390518528478	0.09870256880874426	0	0	0	0	0	0.10023731105159629	0.0014159602968247544	0	0.0013822752715523892	0.0013822368783084492	0.001382274302634385	6.393288755616805e-12	6.393288755616805e-12	6.393288755616805e-12
0.018197008586099864	0.0009131956355858591	0.00010964958631534002	0.0009098097249667291	0.00010623020954898642	0.0009131351723293587	0.00010958886218508238	0.09344131527532135	0.09353216515402003	0.09126719194143972	0	0	0	0	0	0.09306762274967945	0.0012979702280009877	0	0.0012654866739960932	0.0012654507438764964	0.0012654854460552498	5.9665642274164236e-12	5.9665642274164236e-12	5.9665642274164236e-12
0.019498445997580455	0.00083660233055672	0.00010021091236085381	0.0008335072698876669	0.00009708529388426714	0.0008367115083360876	0.00010032130945345025	0.08675569139826994	0.08681082570248888	0.08439193047767643	0	0	0	0	0	0.0864107617553527	0.0011898121130619877	0	0.0011585655585541613	0.0011585319494132568	0.0011585641222769999	5.5683217262178615e-12	5.5683217262178615e-12	5.5683217262178615e-12
0.02089296130854041	0.0007626598725655588	0.00009132402441597549	0.0007596371492071708	0.00008827106801026568	0.0007626587002537795	0.00009132278416049547	0.08031181339942327	0.08032504330373696	0.07768562203976277	0	0	0	0	0	0.08001623478092187	0.0010849977592549322	0	0.0010551846544430577	0.0010551539339314674	0.0010551841440507449	5.19666019921414e-12	5.19666019921414e-12	5.19666019921414e-12
0.022387211385683423	0.0006952527622468536	0.00008322524203249979	0.0006923138157311663	0.00008025707227050603	0.0006951599055084943	0.0000831314000211907	0.07434656179378228	0.07432382458680192	0.0715122386411256	0	0	0	0	0	0.07409491246753191	0.0009894168370488696	0	0.0009610286157320334	0.0009610005359411217	0.0009610288774244453	4.849805480697142e-12	4.849805480697142e-12	4.849805480697142e-12
0.02398832919019495	0.0006307004855593719	0.00007544975952564882	0.0006278906738164516	0.00007261170733151946	0.000630490335832374	0.00007523713144361947	0.06863703990438079	0.06863196335818743	0.06555176869549752	0	0	0	0	0	0.06841985945713873	0.0008980948569932412	0	0.0008710080063329645	0.0008709825615594733	0.0008710099324596816	4.526101822889425e-12	4.526101822889425e-12	4.526101822889425e-12
0.025703957827688646	0.0005721417074263895	0.00006840071681924632	0.0005694624161866639	0.00006569464711879157	0.0005718368686514582	0.00006809251313488715	0.06336598671372	0.06337599579389828	0.06008809765657174	0	0	0	0	0	0.06317946822848251	0.0008152017854916228	0	0.0007894197266105819	0.0007893966695843572	0.0007894230030596202	4.2240039920566626e-12	4.2240039920566626e-12	4.2240039920566626e-12
0.02754228703338169	0.0005163248084952325	0.00006172545391393897	0.0005137562911042747	0.00005913108828558819	0.0005160532481386417	0.00006145095843868244	0.058298716525321634	0.05834256489996498	0.054797420541577956	0	0	0	0	0	0.058143649263793874	0.0007365013801631663	0	0.0007117394192392834	0.0007117172745452647	0.0007117411795033977	3.9420698921705375e-12	3.9420698921705375e-12	3.9420698921705375e-12
0.0295120922666639	0.0004659532846623273	0.00005570163352162051	0.00046349946747442855	0.00005322329527876975	0.0004657114109177211	0.00005545720254959903	0.05363666731577799	0.05370889776905627	0.04997258051290863	0	0	0	0	0	0.05350921817646765	0.0006653987916073114	0	0.0006417029924930708	0.0006416818038424833	0.0006417035032390978	3.678953680910483e-12	3.678953680910483e-12	3.678953680910483e-12
0.03162277660168379	0.0004183359821055927	0.00005008366958172755	0.000415929985017443	0.00004765351266431993	0.0004181541963178659	0.00004989994239309898	0.049201197049910404	0.04928041446587229	0.04532470174199888	0	0	0	0	0	0.04912444252746942	0.0005982187897454442	0	0.0005754859268348056	0.0005754659501229916	0.0005754854668674404	3.4333993451426342e-12	3.4333993451426342e-12	3.4333993451426342e-12
0.03388441561392028	0.00037558484870661425	0.00004503232311486941	0.0003732426131560854	0.000042666604112998485	0.0003754533983903856	0.000044899564643701856	0.04513251684509499	0.045217074838711985	0.041109115577301195	0	0	0	0	0	0.045098974267875305	0.0005378214161466333	0	0.0005161017727192381	0.0005160829834474283	0.0005161005369363488	3.2042347052079342e-12	3.2042347052079342e-12	3.2042347052079342e-12
0.03630780547701017	0.00033535757403298813	0.000040172934023937845	0.0003332065868821663	0.00003800027481511187	0.000335236299531689	0.00004005043769423058	0.04128175856082073	0.04136836115597964	0.03708425331946256	0	0	0	0	0	0.04125747890306386	0.0004819835930865426	0	0.0004604423067460238	0.00046042515398942753	0.00046044137351596476	2.9903658193982815e-12	2.9903658193982815e-12	2.9903658193982815e-12
0.038904514499428125	0.0002994388694021631	0.00003583791633345192	0.00029746504184727886	0.00003384428913535445	0.0002993270989302572	0.00003572501364385602	0.0377595514055429	0.037847236046026196	0.03345345247518345	0	0	0	0	0	0.03774319910972449	0.0004319429777807077	0	0.0004107854866000088	0.0004107698359091178	0.0004107848050377345	2.790771761909763e-12	2.790771761909763e-12	2.790771761909763e-12
0.04168693834703355	0.00026585208388367877	0.00003180596568997196	0.00026403543899796344	0.000029970990130610838	0.00026578340749094107	0.00003173659914517182	0.03442537820588261	0.03452364538975605	0.03001188329834789	0	0	0	0	0	0.034440084640765034	0.0003850319275031014	0	0.00036438735124807325	0.0003643732984585855	0.0003643868037093692	2.6044997493450865e-12	2.6044997493450865e-12	2.6044997493450865e-12
0.04466835921509635	0.0002360325853701069	0.00002822763031363524	0.00023436270902259243	0.000026540969609872173	0.00023599874501825392	0.00002819345949989686	0.03138561292452449	0.031491918975223666	0.026924370206089208	0	0	0	0	0	0.03142604384474273	0.0003432156391532256	0	0.00032322987564279614	0.0003232172594556425	0.00032322944054693825	2.4306605925009858e-12	2.4306605925009858e-12	2.4306605925009858e-12
0.0478630092322639	0.0002081812468741344	0.000024778808123038606	0.00020676559695489288	0.000023349175602526047	0.00020818326457777448	0.000024780986141944762	0.02854128620811153	0.02864710594430081	0.024064078348611788	0	0	0	0	0	0.02859540982585925	0.0003050811780804745	0	0.00028494616237253735	0.0002849348054995015	0.00028494607528068794	2.2684244517293058e-12	2.2684244517293058e-12	2.2684244517293058e-12
0.05128613839913648	0.00018361630654560604	0.000021751359401280728	0.00018241815117434962	0.000020541223976791485	0.0001836461954359444	0.00002178155093629102	0.025954727102901767	0.02605927824308359	0.02150764761944791	0	0	0	0	0	0.026019739142114234	0.0002711838115786391	0	0.00025119681554611385	0.0002511865966618688	0.0002511970001262219	2.1170168756094342e-12	2.1170168756094342e-12	2.1170168756094342e-12
0.05495408738576248	0.00016105911349463195	0.000019084403563495456	0.00015993698044292686	0.000017950943191926504	0.00016105049082506875	0.000019075685104269712	0.023525022792615105	0.023634236426989048	0.019150614726294767	0	0	0	0	0	0.023595830977483905	0.0002403730817419312	0	0.00022004341615688847	0.00022003384981027956	0.00022004316621923383	1.9757151040223123e-12	1.9757151040223123e-12	1.9757151040223123e-12
0.05888436553555896	0.00014127306298492508	0.00001674444583693066	0.00014022638398934753	0.000015687300904943714	0.0001412349465417729	0.00001670596199791177	0.02132277080775727	0.021434865780868985	0.017051890140851785	0	0	0	0	0	0.02139772564502156	0.0002130629335496234	0	0.00019275365767964915	0.00019274473919285461	0.00019275307816357564	1.8438446179783964e-12	1.8438446179783964e-12	1.8438446179783964e-12
0.06309573444801943	0.00012305387979340808	0.000014586403175298384	0.00012208695770655144	0.000013609706637036303	0.00012305800312513524	0.000014590559100116604	0.019255198092838818	0.019375604260494797	0.01519169776387982	0	0	0	0	0	0.01934743568923629	0.00018828840610503602	0	0.00016765814999375206	0.00016765009695400118	0.0001676574797777233	1.720775919729722e-12	1.720775919729722e-12	1.720775919729722e-12
0.06760829753919818	0.0001071843210041139	0.000012706491433899615	0.00010629401413626746	0.000011807264733974679	0.00010722043307225633	0.00001274302041873476	0.017388108559492684	0.017514177335991036	0.013534433956747487	0	0	0	0	0	0.017493600673220436	0.00016639461065769134	0	0.0001458299447995138	0.00014582268302826956	0.0001458292173241652	1.6059215277956636e-12	1.6059215277956636e-12	1.6059215277956636e-12
0.07244359600749906	0.00009271234007044941	0.000011023561526372883	0.00009185877205425351	0.000010161363287908462	0.00009273047662253163	0.00001104195312437378	0.015647072221968438	0.01577635034091554	0.01209355969684556	0	0	0	0	0	0.01576632714509038	0.00014699108487478072	0	0.0001258837854974107	0.00012587746454516697	0.00012588317309937305	1.4987331725577767e-12	1.4987331725577767e-12	1.4987331725577767e-12
0.07762471166286927	0.00008019435977962433	9.563529740517402e-6	0.00007938390578135344	8.744896146162358e-6	0.00008019871817573255	9.56796150319389e-6	0.014080362351190633	0.014210957517704176	0.010806080742538436	0	0	0	0	0	0.014209600201206188	0.00012985023341359218	0	0.00010866579887240641	0.00010866029722720142	0.0001086652836813985	1.3986991790366634e-12	1.3986991790366634e-12	1.3986991790366634e-12
0.08317637711026708	0.00006879877272916192	8.188639278771978e-6	0.00006807825631635197	7.46074545349987e-6	0.00006879694715586697	8.18680188149031e-6	0.012614942825568111	0.012750318349476422	0.009709078711695674	0	0	0	0	0	0.012751596302814383	0.0001149295583648547	0	0.00009306046886713593	0.00009305577945633498	0.00009306009985598758	1.3053420243571885e-12	1.3053420243571885e-12	1.3053420243571885e-12
0.08912509381337459	0.00005902249412609541	7.011408450351019e-6	0.000058382728053720174	6.365166811768946e-6	0.000059016154442719165	7.005016170309613e-6	0.011302037442161092	0.011439807473244665	0.00872344115094572	0	0	0	0	0	0.011443193754047096	0.00010172337036829586	0	0.00007969619655527377	0.00007969219955399016	0.00007969594236368619	1.218216058242396e-12	1.218216058242396e-12	1.218216058242396e-12
0.09549925860214369	0.00005022561025547718	5.976682738350294e-6	0.000049633832986933896	5.3788048478462685e-6	0.00005018746472887152	5.9381272306499104e-6	0.010086754089148105	0.010220936865694532	0.007873676314123702	0	0	0	0	0	0.01023184458054145	0.00009003369897117025	0	0.00006764486228750207	0.00006764137614960959	0.00006764461942056653	1.136905375654673e-12	1.136905375654673e-12	1.136905375654673e-12
0.10232929922807536	0.000042739839494851115	5.094659198339277e-6	0.00004219599630061968	4.545291969052779e-6	0.000042679527998667814	5.033729280574616e-6	0.009002147495583942	0.009131932565896924	0.0071066884761264056	0	0	0	0	0	0.009148725938799215	0.00007968736113523188	0	0.000057415881706745584	0.00005741284332744854	0.00005741565255194588	1.0610218314289442e-12	1.0610218314289442e-12	1.0610218314289442e-12
0.10964781961431873	0.00003605669207041027	4.325216472625667e-6	0.000035537517392815015	3.8007432963746734e-6	0.00003597663560756184	4.244432477609438e-6	0.007991379866896338	0.00812672004876587	0.006395790571251222	0	0	0	0	0	0.008138064996734265	0.00007079927683228051	0	0.00004826463059908869	0.00004826198504540874	0.00004826440227717235	9.902031874205593e-13	9.902031874205593e-13	9.902031874205593e-13
0.11748975549395303	0.00003041857569954193	3.6719821300648958e-6	0.000029929738675849082	3.178156585603803e-6	0.00003032644385569823	3.5788986758798226e-6	0.007094101958267684	0.007232157955004228	0.005756005369972641	0	0	0	0	0	0.0072390519001342465	0.00006290254224214428	0	0.000040571954964732856	0.000040569654201566147	0.0000405717330316016	9.241113833231274e-13	9.241113833231274e-13	9.241113833231274e-13
0.12589254117941662	0.000025413450381675085	3.0834850189229668e-6	0.000024965894656023434	2.6313173438384818e-6	0.00002532395638777564	2.993109118060369e-6	0.00626307238945456	0.006401080600239492	0.00508858045515699	0	0	0	0	0	0.006408552423693123	0.00005574166441776303	0	0.00003377722265499346	0.00003377526941363911	0.00003377699270244182	8.624309229017666e-13	8.624309229017666e-13	8.624309229017666e-13
0.1348962882591656	0.000021231877083304047	2.5893045023490436e-6	0.000020825303646189296	2.1785682289375606e-6	0.000021146652412708005	2.5032008458338485e-6	0.005529392724590389	0.005665505801406149	0.004498545325145968	0	0	0	0	0	0.00567333191332156	0.00004939598689193719	0	0.000028120428785763892	0.000028118771195241138	0.000028120199724575523	8.048673679383899e-13	8.048673679383899e-13	8.048673679383899e-13
0.1445439770745928	0.00001752009367023214	2.134252462776516e-6	0.000017172305829294534	1.7828477504551276e-6	0.000017431146025021237	2.0442867159708127e-6	0.004847734399649303	0.0049870446553202255	0.003839497386499596	0	0	0	0	0	0.004995825290868604	0.00004377715995083109	0	0.00002314251021084758	0.00002314109745253964	0.00002314231294619467	7.511459326996578e-13	7.511459326996578e-13	7.511459326996578e-13
0.15488166189124797	0.000014457208894407384	1.7591726159419442e-6	0.00001416008585059852	1.4590069106318578e-6	0.0000143684610602016	1.66950573864264e-6	0.00425011027070501	0.004389831246485576	0.00327700158949913	0	0	0	0	0	0.004399226189865218	0.000038797478377205275	0	0.00001904578991093909	0.0000190445872470617	0.000019045620363483875	7.010101722181236e-13	7.010101722181236e-13	7.010101722181236e-13
0.1659586907437563	0.000011790900139063285	1.4492831709975888e-6	0.0000115226654006531	1.1783435527256707e-6	0.000011693556222972252	1.3509873508331182e-6	0.0037075972367242383	0.0038414212723710305	0.0026959779876424713	0	0	0	0	0	0.0038549624194831812	0.000034343514727386595	0	0.000015468634350414162	0.000015467638116067293	0.000015468506165256435	6.542207581250017e-13	6.542207581250017e-13	6.542207581250017e-13
0.1778279410038923	9.616332385094372e-6	1.1939827227313805e-6	9.376483966006276e-6	9.516702889699476e-7	9.516625097628658e-6	1.093237824743883e-6	0.0032343342629284483	0.003361522701729957	0.0022179718597462564	0	0	0	0	0	0.003378033911932824	0.000030400867612138583	0	0.00001256333550804235	0.000012562510585601327	0.000012563239128893895	6.105543361908267e-13	6.105543361908267e-13	6.105543361908267e-13
0.1905460717963252	7.707415039815734e-6	9.555515818039925e-7	7.510899816708845e-6	7.569985111891146e-7	7.63925067311761e-6	8.86629008891224e-7	0.002801263081645958	0.0029247387956242528	0.0017743188606979992	0	0	0	0	0	0.002940177310571235	0.000026660769820349623	0	0.00001004592997299642	0.000010045245709158772	0.00001004581270620722	5.698024601203396e-13	5.698024601203396e-13	5.698024601203396e-13
0.20417379446695316	6.177432748482881e-6	7.647337001655636e-7	6.0165000293458435e-6	6.021484043205635e-7	6.13223177839276e-6	7.190667772509697e-7	0.0024261793045124943	0.002544708985076149	0.0014194081884288878	0	0.0013092540858638448	0.0013343834343498696	0	0	0.002559075143402491	0.000023380801379821867	0	8.032955018812108e-6	8.03238816554946e-6	8.03282910504314e-6	5.317705965120135e-13	5.317705965120135e-13	5.317705965120135e-13
0.21877616239495518	4.876078431773736e-6	6.126275518353187e-7	4.735301772208365e-6	4.704657408173228e-7	4.839637185012452e-6	5.75816711375941e-7	0.0020886863961446043	0.0022015601038069626	0.001108138418301559	0	0.0010925388281201444	0.001114123091827773	0	0	0.002214069722855766	0.000020362542598989813	0	6.310827832823719e-6	6.310370922038653e-6	6.310751300198055e-6	4.962771962322188e-13	4.962771962322188e-13	4.962771962322188e-13
0.23442288153199276	3.848870856367934e-6	4.907754388050053e-7	3.726931399403204e-6	3.675805029036585e-7	3.819504697308384e-6	4.6110444202051624e-7	0.0017981403325489568	0.0019046841580313118	0.000865128695273398	0	0.0009116955248320351	0.0009302200790199609	0.0008067666896788814	0.0008399795859454587	0.0019155767075869578	0.00001773391486288016	0	4.957895051356992e-6	4.957526996080669e-6	4.9578525139975435e-6	4.631528277711893e-13	4.631528277711893e-13	4.631528277711893e-13
0.25118864315095824	2.9617043537148886e-6	3.764215457187582e-7	2.8670642226233795e-6	2.808010486872413e-7	2.9520967523610725e-6	3.665513937975522e-7	0.0015387212217085318	0.0016352127428711281	0.0006575796558983738	0	0.0007520204684132822	0.0007674292266930579	0.0006576503263002702	0.000684905692092356	0.001644297375029365	0.000015321309389275153	0	3.8074285345885936e-6	3.8071546400003193e-6	3.80741236644295e-6	4.322393684437511e-13	4.322393684437511e-13	4.322393684437511e-13
0.2691534803926914	2.2790301379691743e-6	2.8871285903449006e-7	2.2055831931769113e-6	2.1450873569461532e-7	2.2816767947535705e-6	2.9138718270892307e-7	0.0013167287086986775	0.0014038656767177051	0.0004998227503189846	0	0.0006203110243595013	0.0006331271827664642	0.000536095450166643	0.0005584609613250395	0.0014114359643338517	0.000013236926150651802	0	2.923924749482492e-6	2.923721134415409e-6	2.9239250032579565e-6	4.033892495739066e-13	4.033892495739066e-13	4.033892495739066e-13
0.28840315031266117	1.71578483685516e-6	2.2570301408937266e-7	1.650214189993055e-6	1.596363669290383e-7	1.7246377262286038e-6	2.3431350343524173e-7	0.0011132642068503139	0.0011942066323206025	0.0003678942774975547	0	0.0005028869316378513	0.0005130614524564536	0.0004305900542773825	0.00044836441035623535	0.0012002546320115856	0.000011277797927249379	0	2.184807125663599e-6	2.184654793610005e-6	2.184810844161856e-6	3.764647520601181e-13	3.764647520601181e-13	3.764647520601181e-13
0.30902954325135923	1.2917414111098318e-6	1.764446888143032e-7	1.2346878962801618e-6	1.1880061464062193e-7	1.3035918555906866e-6	1.8841878143604612e-7	0.000941239593293995	0.0010158589274814928	0.0002707883931435151	0	0.00040769107122231397	0.0004157648907862875	0.00034584847676839717	0.0003599726004072324	0.001020670592268207	9.608630027871585e-6	0	1.632525658259628e-6	1.6324116931205033e-6	1.6325310736248753e-6	3.513373489585786e-13	3.513373489585786e-13	3.513373489585786e-13
0.3311311214825908	9.442555797001388e-7	1.3666784000523632e-7	8.933450922225423e-7	8.549535564084079e-8	9.423965849122396e-7	1.350508611839088e-7	0.000785721644565564	0.0008531275378652434	0.000191237764151416	0	0.00032296514907046814	0.0003291120431466645	0.0002718569152923225	0.00028274664192518847	0.000856460291976188	8.126593808952884e-6	0.00008323347154338497	1.1796528126709886e-6	1.1795718159434253e-6	1.1796571271947936e-6	3.278870919462072e-13	3.278870919462072e-13	3.278870919462072e-13
0.354813389233576	6.902454253818262e-7	1.0585809421191501e-7	6.463701929876191e-7	6.152708770291453e-8	6.812802024233351e-7	9.679892294975776e-8	0.0006558994193797969	0.0007164642414163005	0.00013505705326981676	0	0.00025584687739513864	0.0002605192005013394	0.00021369526644394714	0.0002220881906832022	0.0007186689195206841	6.873147029716534e-6	0.00005711361831016879	8.524097317564091e-7	8.523521822538982e-7	8.524131394642024e-7	3.0600203873461556e-13	3.0600203873461556e-13	3.0600203873461556e-13
0.38018939632056126	4.800003589527051e-7	7.524778005274809e-8	4.47543902825392e-7	4.2475351251262183e-8	4.7376575751257315e-7	6.89465098868704e-8	0.0005371073392054832	0.0005891178727116844	0.0000904758029883868	0	0.00019684224561325637	0.0002001656343996871	0.00016321590431179174	0.00016940478755586807	0.0005916305562052381	5.818439614138471e-6	0.000037484253989775645	5.897858542763129e-7	5.897444632117268e-7	5.897821623375664e-7	2.855777187017278e-13	2.855777187017278e-13	2.855777187017278e-13
0.40738027780411384	3.3379481576030553e-7	5.348885642633578e-8	3.098774465919963e-7	2.9322945897089696e-8	3.294591449935972e-7	4.910820369403808e-8	0.00043983007958929804	0.0004844064056320117	0.000060610465934270425	0	0.0001514455445091358	0.00015379396650045578	0.00012466084000650106	0.00012921885652076182	0.00048704863328327214	4.925580581501359e-6	0.00002460130068348002	4.0807529635740425e-7	4.0804556981268753e-7	4.080685560879663e-7	2.665166341901801e-13	2.665166341901801e-13	2.665166341901801e-13
0.43651583224016655	2.2229507912826531e-7	3.8139324935788314e-8	2.0341439461135585e-7	1.9169276808164233e-8	2.148535763139809e-7	3.0695325092902315e-8	0.0003480387575429606	0.0003871538981043202	0.000038024370904822284	0	0.00011209959106559322	0.00011360342836686228	0.00009159640597366405	0.00009475889597695528	0.00038934032979572454	4.123378963034266e-6	0.00001526292657188649	2.6761025593157194e-7	2.675902156090389e-7	2.676046709553561e-7	2.487277950919243e-13	2.487277950919243e-13	2.487277950919243e-13
0.4677351412871981	1.4804035255037093e-7	2.7194600964425438e-8	1.3352832350391892e-7	1.2531523082218477e-8	1.4011466962255622e-7	1.9186264446348454e-8	0.0002754040307228573	0.0003094264218529672	0.000023854836956301677	0.00001487713949068819	0.00008297582050236668	0.0000839157688066168	0.00006730182138075403	0.00006948868461259546	0.0003112335854092826	3.4518274123151404e-6	9.469293129498299e-6	1.7549518365610346e-7	1.7548168338786763e-7	1.7549075724836609e-7	2.3212628449729143e-13	2.3212628449729143e-13	2.3212628449729143e-13
0.5011872336272735	9.087973683269633e-8	1.6387606424656402e-8	8.226954269295586e-8	7.691159402526038e-9	8.709104926044565e-8	1.2544096251267992e-8	0.0002079509339317084	0.00023715785825167374	0.000014021950495514117	9.329172372649605e-6	0.00005839514353054903	0.00005892994716063951	0.00004703787271184198	0.00004846919040412968	0.0002382865385197856	2.7945420048839394e-6	5.524934122044349e-6	1.0802635144240643e-7	1.0801835311328706e-7	1.0802489523180979e-7	2.166328533351226e-13	2.166328533351226e-13	2.166328533351226e-13
0.5370317963702532	5.5789698041756304e-8	9.87525592601096e-9	5.068795501435035e-8	4.7204104853784465e-9	5.4133167367255674e-8	8.201406334260513e-9	0.00015701872920874916	0.00018176809011238092	8.242147957616392e-6	5.850147282216863e-6	0.00004109622257795236	0.00004138362457667194	0.00003287520937565894	0.00003380784125543792	0.0001824368484046278	2.262414681915692e-6	3.2235665994794338e-6	6.649579984386504e-8	6.649106837844335e-8	6.649568429024722e-8	2.0217354206892722e-13	2.0217354206892722e-13	2.0217354206892722e-13
0.5754399373371566	3.385023204215713e-8	7.091311834724427e-9	2.9545225488813648e-8	2.7414178311009756e-9	3.258121406218406e-8	5.809018236714538e-9	0.00011347140335938073	0.00013356217899067912	4.659133195389816e-6	3.4878105371144065e-6	0.000027638229395179446	0.00002775973543994408	0.00002190564238426572	0.000022473801252068424	0.00013419420498539267	1.7622015351113387e-6	1.8192809508463609e-6	3.8725561581025196e-8	3.8723015619021277e-8	3.872562362986372e-8	1.8867932764318804e-13	1.8867932764318804e-13	1.8867932764318804e-13
0.6165950018614835	1.9531083187779387e-8	4.4901633153602865e-9	1.6605725201129004e-8	1.5342736409985927e-9	1.816442574713639e-8	3.109210338127483e-9	0.0000789364577950054	0.00009508998569472012	2.561306663549861e-6	2.0043925816445534e-6	0.00001783100034479537	0.000017863241819551537	0.000014061053952179175	0.00001438875130147619	0.00009540735210420578	1.3865324242408325e-6	9.984357154964673e-7	2.174338843723079e-8	2.1742206520993852e-8	2.1743427070328896e-8	1.7608579399448933e-13	1.7608579399448933e-13	1.7608579399448933e-13
0.6606934480075964	1.1699419756340604e-8	3.5810828306689337e-9	8.973063654738307e-9	8.262452158686184e-10	9.774933034499741e-9	1.6364640208551187e-9	0.00005280896864523872	0.0000649616304007771	1.3835273091391515e-6	1.1230920670435072e-6	0.00001102993259650054	0.000011021935621891638	8.620576588193366e-6	8.80049158897967e-6	0.00006518583629266785	1.0773241391397706e-6	5.33724907606524e-7	1.1739793695933841e-8	1.1739188942646325e-8	1.1739876556917831e-8	1.6433282455461043e-13	1.6433282455461043e-13	1.6433282455461043e-13
0.7079457843841374	8.141529872618514e-9	3.966310284135087e-9	4.6399558337282345e-9	4.2812881029798036e-10	5.0539740493165264e-9	8.464612997047446e-10	0.00003384197945701278	0.00004239494156941946	7.368142601826658e-7	6.103428094574359e-7	6.556170714515934e-6	6.532751306382395e-6	5.068884209665552e-6	5.160683019853429e-6	0.00004236991760156229	8.116306281422128e-7	2.8271777027671814e-7	6.073524757436187e-9	6.073256633421476e-9	6.0735499179745544e-9	1.5336431527770774e-13	1.5336431527770774e-13	1.5336431527770774e-13
0.7585775750291851	4.078017801148236e-9	2.048682894540269e-9	2.257715875215595e-9	2.09346978959679e-10	2.472932759514046e-9	4.2681022333770794e-10	0.000020641681817412938	0.000026215065192870707	3.8908808582723635e-7	3.268067554530661e-7	3.736352852431531e-6	3.7106132972352316e-6	2.853648108512602e-6	2.89591911398176e-6	0.00002624333999713695	5.797727889981292e-7	1.4810445239790324e-7	2.958647190991901e-9	2.9585731526023497e-9	2.9586571091788714e-9	1.4312790682170607e-13	1.4312790682170607e-13	1.4312790682170607e-13
0.8128305161640995	1.9237509928838326e-9	1.0583656720795836e-9	9.65262911433547e-10	8.985305624563007e-11	1.078578821767449e-9	2.0435410311001398e-10	0.00001197559470226291	0.000015361609611037605	2.051073660208511e-7	1.7167847948699379e-7	2.073309450436062e-6	2.0477630529616275e-6	1.5698713856465293e-6	1.5839533469136698e-6	0.00001542836992890921	3.499799438427423e-7	7.738647957370056e-8	1.26607531712544e-9	1.26607531712544e-9	1.26607531712544e-9	1.3357473460542838e-13	1.3357473460542838e-13	1.3357473460542838e-13
0.8709635899560796	7.5425851077151e-10	5.451455699527473e-10	2.368753483976721e-10	2.2351254951014235e-11	2.9804224777853345e-10	8.415788026885066e-11	6.76229367826019e-6	8.755632619028507e-6	1.1125900875453886e-7	9.211048707115377e-8	1.132553593275919e-6	1.1055194110109947e-6	8.604346809231241e-7	8.570094273404794e-7	8.759423309753632e-6	2.009852556096653e-7	4.143930389385614e-8	3.1170346279889374e-10	3.1170346279889374e-10	3.1170346279889374e-10	1.2465919554833287e-13	1.2465919554833287e-13	1.2465919554833287e-13
0.9332543007969925	2.938578762308718e-10	2.969312460945127e-10	1.1497912735680247e-103	1.1618165896663442e-103	3.474093564471228e-11	3.5104280490236386e-11	3.879881125854504e-6	5.0527586130005606e-6	6.299762181084523e-8	5.2031728369571193e-8	6.430975618281545e-7	6.21004836578639e-7	4.92683781409139e-7	4.849743545935045e-7	5.05097665893914e-6	1.140988369144702e-7	2.3386227853704835e-8	1.1445327958371224e-103	1.1445327958371224e-103	1.1445327958371224e-103	1.163387303793745e-13	1.163387303793745e-13	1.163387303793745e-13