1.e-9	0	0	0	0	0	0	1.1082835893754937e-10	0	0	0	0	0	0	0	2.2646825464863943e-12	5.570521302066684e-17	0	2.898864596736636e-17	2.898864596736636e-17	2.898864596736636e-17	0	0	0
1.0715193052376092e-9	0	0	0	0	0	0	1.8799683452119546e-10	0	0	0	0	0	0	0	3.5623125733803047e-12	9.472539725199672e-17	0	4.929412595545352e-17	4.929412595545352e-17	4.929412595545352e-17	0	0	0
1.148153621496884e-9	0	0	0	0	0	0	3.1889680699777026e-10	0	0	0	0	0	0	0	5.603465655771932e-12	1.6107829766702545e-16	0	8.382284762273517e-17	8.382284762273517e-17	8.382284762273517e-17	0	0	0
1.2302687708123811e-9	0	0	0	0	0	0	5.40940882182326e-10	0	0	0	0	0	0	0	8.814169646439336e-12	2.739098355036103e-16	0	1.425376684827387e-16	1.425376684827387e-16	1.425376684827387e-16	0	0	0
1.31825673855641e-9	0	0	0	0	0	0	9.193047586969605e-10	0	0	0	0	0	0	0	1.4672920182312147e-11	4.657817637130451e-16	0	2.4238374726458514e-16	2.4238374726458514e-16	2.4238374726458514e-16	0	0	0
1.4125375446227555e-9	0	0	0	0	0	0	1.5623171906573895e-9	0	0	0	0	0	0	0	2.4425963569178723e-11	7.920586385981031e-16	0	4.121709128779021e-16	4.121709128779021e-16	4.121709128779021e-16	0	0	0
1.5135612484362133e-9	0	0	0	0	0	0	2.6562547128852923e-9	0	0	0	0	0	0	0	4.12781527229836e-11	1.3468941646466482e-15	0	7.008953402708047e-16	7.008953402708047e-16	7.008953402708047e-16	0	0	0
1.6218100973589331e-9	0	0	0	0	0	0	4.5161694065188515e-9	0	0	0	0	0	0	0	6.975716177567532e-11	2.2903908907175e-15	0	1.1918703204533257e-15	1.1918703204533257e-15	1.1918703204533257e-15	0	0	0
1.7378008287493762e-9	0	0	0	0	0	0	7.679347671541761e-9	0	0	0	0	0	0	0	1.1840127781377326e-10	3.894808690780431e-15	0	2.0267745227174767e-15	2.0267745227174767e-15	2.0267745227174767e-15	0	0	0
1.8620871366628732e-9	0	0	0	0	0	0	1.30580532641867e-8	0	0	0	0	0	0	0	2.009666424361707e-10	6.623120446059099e-15	0	3.4465284481404015e-15	3.4465284481404015e-15	3.4465284481404015e-15	0	0	0
1.9952623149688828e-9	0	0	0	0	0	0	2.220487615109755e-8	0	0	0	0	0	0	0	3.41552570961523e-10	1.1262616389293087e-14	0	5.860821290997348e-15	5.860821290997348e-15	5.860821290997348e-15	0	0	0
2.1379620895022324e-9	0	0	0	0	0	0	3.775880791035401e-8	0	0	0	0	0	0	0	5.804851855823906e-10	1.915207929033705e-14	0	9.966326035562709e-15	9.966326035562709e-15	9.966326035562709e-15	0	0	0
2.2908676527677795e-9	0	0	0	0	0	0	6.420855964267429e-8	0	0	0	0	0	0	0	9.869488848271698e-10	3.25681136656273e-14	0	1.694773857349808e-14	1.694773857349808e-14	1.694773857349808e-14	0	0	0
2.4547089156850337e-9	0	0	0	0	0	0	1.0918615707293234e-7	0	0	0	0	0	0	0	1.678024048596971e-9	5.5382082104908034e-14	0	2.8819631399846924e-14	2.8819631399846924e-14	2.8819631399846924e-14	0	0	0
2.6302679918953816e-9	0	0	0	0	0	0	1.8567082063934526e-7	0	0	0	0	0	0	0	2.8533354785194626e-9	9.417724109855828e-14	0	4.900778836646333e-14	4.900778836646333e-14	4.900778836646333e-14	0	0	0
2.818382931264461e-9	0	0	0	0	0	0	3.1573282329059827e-7	0	0	0	0	0	0	0	4.851851414039713e-9	1.6014841630791502e-13	0	8.33377529104979e-14	8.33377529104979e-14	8.33377529104979e-14	0	0	0
3.019951720402019e-9	0	0	0	0	0	0	5.369035031497079e-7	0	0	0	0	0	0	0	8.250448269168515e-9	2.7233241422755847e-13	0	1.4171586538470877e-13	1.4171586538470877e-13	1.4171586538470877e-13	0	0	0
3.2359365692962944e-9	0	0	0	0	0	0	9.130041301696715e-7	0	0	0	0	0	0	0	1.4029674619725079e-8	4.631013253132596e-13	0	2.409878572476877e-13	2.409878572476877e-13	2.409878572476877e-13	0	0	0
3.4673685045253237e-9	0	0	0	0	0	0	6.992762343484084e-7	0	0	0	0	0	0	0	2.385735480240985e-8	7.87503898821626e-13	0	4.097999005374173e-13	4.097999005374173e-13	4.097999005374173e-13	0	0	0
3.715352290971728e-9	0	0	0	0	0	0	5.355805475202278e-7	0	0	0	0	0	0	0	4.056925007853108e-8	1.3391505417086304e-12	0	6.968648146776407e-13	6.968648146776407e-13	6.968648146776407e-13	0	0	0
3.9810717055349855e-9	0	0	0	0	0	0	5.297398818396791e-7	0	0	0	0	0	0	0	6.898792253311766e-8	2.277225772764715e-12	0	1.1850187611039496e-12	1.1850187611039496e-12	1.1850187611039496e-12	0	0	0
4.265795188015934e-9	0	0	0	0	0	0	5.23962910361155e-7	0	0	0	0	0	0	0	1.1731381394092078e-7	3.872422896926385e-12	0	2.0151246476950162e-12	2.0151246476950162e-12	2.0151246476950162e-12	0	0	0
4.570881896148752e-9	0	0	0	0	0	0	7.684842506520675e-7	0	0	0	0	0	0	0	1.9949208160871954e-7	6.5850559373539714e-12	0	3.4267198801340093e-12	3.4267198801340093e-12	3.4267198801340093e-12	0	0	0
4.8977881936844766e-9	0	0	0	0	0	0	1.1271180303452893e-6	0	0	0	0	0	0	0	3.3923618444985834e-7	1.1197888983792862e-11	0	5.8271378648147496e-12	5.8271378648147496e-12	5.8271378648147496e-12	0	0	0
5.248074602497734e-9	0	0	0	0	0	0	1.8729619053867327e-6	0	0	0	0	0	0	0	5.768711293500769e-7	1.9042012534715896e-11	0	9.909049145096321e-12	9.909049145096321e-12	9.909049145096321e-12	0	0	0
5.623413251903491e-9	0	0	0	0	0	0	3.1123504412003476e-6	0	0	0	0	0	0	0	9.809693515369464e-7	3.238094625666424e-11	0	1.6850340122004243e-11	1.6850340122004243e-11	1.6850340122004243e-11	0	0	0
6.025595860743593e-9	0	0	0	0	0	0	5.276160924112209e-6	0	0	0	0	0	0	0	1.6681385221982001e-6	5.506380581277481e-11	0	2.865400686560566e-11	2.865400686560566e-11	2.865400686560566e-11	0	0	0
6.456542290346562e-9	0	0	0	0	0	0	8.944325076192406e-6	0	0	0	0	0	0	0	2.836669794914175e-6	9.363601318360982e-11	0	4.872614460653747e-11	4.872614460653747e-11	4.872614460653747e-11	0	0	0
6.918309709189363e-9	0	0	0	0	0	0	0.000015203617817360093	0	0	0	0	0	0	0	4.823757518494389e-6	1.5922805980357903e-10	0	8.285881899076446e-11	8.285881899076446e-11	8.285881899076446e-11	0	0	0
7.413102413009192e-9	0	0	0	0	0	0	0.000025843201445308476	0	0	0	0	0	0	0	8.20280056527929e-6	2.7076734865994623e-10	0	1.4090143884734067e-10	1.4090143884734067e-10	1.4090143884734067e-10	0	0	0
7.943282347242822e-9	0	0	0	0	0	0	0.00004394400397778202	0	0	0	0	0	0	0	0.000013948864011536647	4.6043993245217704e-10	0	2.3960292593010084e-10	2.3960292593010084e-10	2.3960292593010084e-10	0	0	0
8.511380382023759e-9	0	0	0	0	0	0	0.00007472276566377024	0	0	0	0	0	0	0	0.000023720046057919085	7.829782004580911e-10	0	4.0744482514807766e-10	4.0744482514807766e-10	4.0744482514807766e-10	0	0	0
9.120108393559115e-9	0	0	0	0	0	0	0.00010023913782638899	0	0	0	0	0	0	0	0.00004033594319045244	1.3314545919767408e-9	0	6.928600095163708e-10	6.928600095163708e-10	6.928600095163708e-10	0	0	0
9.772372209558111e-9	0	0	0	0	0	0	0.00013446885514637236	0	0	0	0	0	0	0	0.00006859127967503391	2.2641388093037256e-9	0	1.1782085896233017e-9	1.1782085896233017e-9	1.1782085896233017e-9	0	0	0
1.0471285480509006e-8	0	0	0	0	0	0	0.0002209059059780838	0	0	0	0	0	0	0	0.00011663948525131911	3.850168513959688e-9	0	2.003543950575776e-9	2.003543950575776e-9	2.003543950575776e-9	0	0	0
1.1220184543019653e-8	0	0	0	0	0	0	0.00036290499568007435	0	0	0	0	0	0	0	0.00019834546875562698	6.547212355078791e-9	0	3.407026902742472e-9	3.407026902742472e-9	3.407026902742472e-9	0	0	0
1.202264434617413e-8	0	0	0	0	0	0	0.0006147944235133883	0	0	0	0	0	0	0	0.0003372865106502433	1.1133535965264118e-8	0	5.793649953461595e-9	5.793649953461595e-9	5.793649953461595e-9	0	0	0
1.288249551693135e-8	0	0	0	0	0	0	0.0010415182697467553	0	0	0	0	0	0	0	0.0005735557811344777	1.893258021387938e-8	0	9.852102945305995e-9	9.852102945305995e-9	9.852102945305995e-9	0	0	0
1.3803842646028866e-8	0	0	0	0	0	0	0.0017697454076045266	0	0	0	0	0	0	0	0.0009753317245334101	3.219485657326615e-8	0	1.6753503098148698e-8	1.6753503098148698e-8	1.6753503098148698e-8	0	0	0
1.4791083881682102e-8	0	0	0	0	0	0	0.0030071472567629706	0	0	0	0	0	0	0	0.001658551799442719	5.474736026806162e-8	0	2.8489335486838574e-8	2.8489335486838574e-8	2.8489335486838574e-8	0	0	0
1.5848931924611173e-8	0	0	0	0	0	0	0.005105984222255	0	0	0	0	0	0	0	0.0028203676782941165	9.30978974700469e-8	0	4.844612089344437e-8	4.844612089344437e-8	4.844612089344437e-8	0	0	0
1.698243652461746e-8	0	0	0	0	0	0	0.008669703427154644	0	0	0	0	0	0	0	0.00479603582079183	1.5831299392163503e-7	0	8.238263860897934e-8	8.238263860897934e-8	8.238263860897934e-8	0	0	0
1.8197008586099862e-8	0	0	0	0	0	0	0.01473398151339898	0	0	0	0	0	0	0	0.00815565990614704	2.6921127893888625e-7	0	1.400916940100424e-7	1.400916940100424e-7	1.400916940100424e-7	0	0	0
1.9498445997580494e-8	0	0	0	0	0	0	0.025040096591680914	0	0	0	0	0	0	0	0.013868701358813344	4.5779383556971093e-7	0	2.3822595466690766e-7	2.3822595466690766e-7	2.3822595466690766e-7	0	0	0
2.0892961308540408e-8	0	0	0	0	0	0	0.04257279000126849	0	0	0	0	0	0	0	0.023583729531846558	7.784785124731376e-7	0	4.051032853115147e-7	4.051032853115147e-7	4.051032853115147e-7	0	0	0
2.2387211385683424e-8	0	0	0	0	0	0	0.07238160770889993	0	0	0	0	0	0	0	0.04010413695135337	1.323802872155739e-6	0	6.888782206776679e-7	6.888782206776679e-7	6.888782206776679e-7	0	0	0
2.3988329190194947e-8	0	0	0	0	0	0	0.03735141405078062	0	0	0	0	0	0	0	0.03779745520439409	2.073506991251208e-6	0	1.080506800531071e-6	1.080506800531071e-6	1.080506800531071e-6	0	0	0
2.5703957827688646e-8	0	0	0	0	0	0	0.01927462204492225	0	0	0	0	0	0	0	0.035623447567544424	3.247788121025983e-6	0	1.6947769735634186e-6	1.6947769735634186e-6	1.6947769735634186e-6	0	0	0
2.754228703338169e-8	0	0	0	0	0	0	0.010587281238790332	0	0	0	0	0	0	0	0.020638656702169102	2.5185300129324597e-6	0	1.3592406605131768e-6	1.3592406605131768e-6	1.3592406605131768e-6	0	0	0
2.95120922666639e-8	0	0	0	0	0	0	0.005815446018500388	0	0	0	0	0	0	0	0.011957128788906738	1.953019467303756e-6	0	1.0901346914737238e-6	1.0901346914737238e-6	1.0901346914737238e-6	0	0	0
3.162277660168386e-8	0	0	0	0	0	0	0.004632369271509515	0	0	0	0	0	0	0	0.011305824216789873	2.2217949726522226e-6	0	1.301578693371473e-6	1.301578693371473e-6	1.301578693371473e-6	0	0	0
3.3884415613920346e-8	0	0	0	0	0	0	0.003689974079264052	0	0	0	0	0	0	0	0.01068999619202407	2.5275594960237074e-6	0	1.5540346603853212e-6	1.5540346603853212e-6	1.5540346603853212e-6	0	0	0
3.6307805477010175e-8	0	0	0	0	0	0	0.005163754139478868	0	0	0	0	0	0	0	0.016231677725947934	3.674290823200573e-6	0	2.3274488578074338e-6	2.3274488578074338e-6	2.3274488578074338e-6	0	0	0
3.890451449942813e-8	0	0	0	0	0	0	0.007226163718284103	0	0	0	0	0	0	0	0.02464616049120938	5.341283983500546e-6	0	3.485776941658528e-6	3.485776941658528e-6	3.485776941658528e-6	0	0	0
4.1686938347033635e-8	0	0	0	0	0	0	0.012018499429385555	0	0	0	0	0	0	0	0.024010587024495312	4.013575211227044e-6	0	3.5965793117055086e-6	3.5965793117055086e-6	3.5965793117055086e-6	0	0	0
4.4668359215096346e-8	0	0	0	0	0	0	0.01998907500097968	0	0	0	0	0	0	0	0.023391403681984814	3.015901424814164e-6	0	3.710903756002644e-6	3.710903756002644e-6	3.710903756002644e-6	0	0	0
4.78630092322639e-8	0	0	0	0	0	0	0.0186506524908174	0	0	0	0	0	0	0	0.018614373931073406	2.9391474028405126e-6	0	5.354688742943783e-6	5.354688742943783e-6	5.354688742943783e-6	0	0	0
5.128613839913659e-8	0	0	0	0	0	0	0.017401847675101532	0	0	0	0	0	0	0	0.014812916811516126	2.864346753692898e-6	0	7.726606082798148e-6	7.726606082798148e-6	7.726606082798148e-6	0	0	0
5.495408738576248e-8	0	0	0	0	0	0	0.009074680131117249	0	0	0	0	0	0	0	0.02071767168511202	4.135637853945408e-6	0	0.000012730266443207407	0.000012730266443207407	0.000012730266443207407	0	0	0
5.888436553555896e-8	0	0	0	0	0	0	0.004732245737325861	0	0	0	0	0	0	0	0.02897619189479219	5.9711696696412316e-6	0	0.000020974239139205857	0.000020974239139205857	0.000020974239139205857	0	0	0
6.309573444801943e-8	0	0	0	0	0	0	0.0028264680439573616	0	0	0	0	0	0	0	0.014967313764014493	9.053701962835862e-6	0	0.000016985314871186136	0.000016985314871186136	0.000016985314871186136	0	0	0
6.760829753919818e-8	0	0	0	0	0	0	0.0016881882402047168	0	0	0	0	0	0	0	0.00773119125259261	0.000013727548163403879	0	0.000013755012487392877	0.000013755012487392877	0.000013755012487392877	0	0	0
7.244359600749906e-8	0	0	0	0	0	0	0.0016992144514836212	0	0	0	0	0	0	0	0.004310872992852383	0.00001379348688362888	0	0.00001198200084343173	0.00001198200084343173	0.00001198200084343173	0	0	0
7.762471166286928e-8	0	0	0	0	0	0	0.0017103126792191385	0	0	0	0	0	0	0	0.00240372089544059	0.000013859742333015735	0	0.000010437529180259625	0.000010437529180259625	0.000010437529180259625	0	0	0
8.317637711026726e-8	0	0	0	0	0	0	0.0026439192002820212	0	0	0	0	0	0	0	0.0020313707962990933	0.00001914740324512793	0	0.000012688995431535488	0.000012688995431535488	0.000012688995431535488	0	0	0
8.912509381337478e-8	0	0	0	0	0	0	0.004087152497057502	0	0	0	0	0	0	0	0.0017166998547477137	0.00002645237135167951	0	0.000015426122627378454	0.000015426122627378454	0.000015426122627378454	0	0	0
9.549925860214369e-8	0	0	0	0	0	0	0.006865432549876668	0	0	0	0	0	0	0	0.002482914706886062	0.00004433469683261014	0	0.000025026013657628787	0.000025026013657628787	0.000025026013657628787	0	0	0
1.0232929922807557e-7	0	0	0	0	0	0	0.01153227439662246	0	0	0	0	0	0	0	0.003591114325909546	0.00007430582752327506	0	0.00004060005062323812	0.00004060005062323812	0.00004060005062323812	0	0	0
1.0964781961431874e-7	0	0	0	0	0	0	0.013434234582169476	0	0	0	0	0	0	0	0.005999847174723706	0.00007891701593127736	0	0.00004781357372423779	0.00004781357372423779	0.00004781357372423779	0	0	0
1.1748975549395303e-7	0	0	0	0	0	0	0.01564987552339318	0	0	0	0	0	0	0	0.010024232829435632	0.00008381436034134321	0	0.000056308743392910696	0.000056308743392910696	0.000056308743392910696	0	0	0
1.2589254117941688e-7	0	0	0	0	0	0	0.01250753337856945	0	0	0	0	0	0	0	0.011668739120627498	0.00009316432349232435	0	0.00006252411364933623	0.00006252411364933623	0.00006252411364933623	0	0	0
1.3489628825916562e-7	0	0	0	0	0	0	0.009996142843576446	0	0	0	0	0	0	0	0.013583031737395153	0.00010355732760393087	0	0.0000694255377065875	0.0000694255377065875	0.0000694255377065875	0	0	0
1.445439770745928e-7	0	0	0	0	0	0	0.007903317566873128	0	0	0	0	0	0	0	0.01724847789997135	0.00009720870009032891	0	0.00006768717844488747	0.00006768717844488747	0.00006768717844488747	0	0	0
1.5488166189124826e-7	0	0	0	0	0	0	0.0062486530595132475	0	0	0	0	0	0	0	0.02190306226309816	0.00009124927797859478	0	0.00006599234629183558	0.00006599234629183558	0.00006599234629183558	0	0	0
1.659586907437563e-7	0	0	0	0	0	0	0.00865889436641433	0	0	0	0	0	0	0	0.020735865154666057	0.00007071928878552033	0	0.000056386282110037254	0.000056386282110037254	0.000056386282110037254	0	0	0
1.7782794100389227e-7	0	0	0	0	0	0	0.011998818134825924	0	0	0	0	0	0	0	0.019630867069985302	0.00005480830004488404	0	0.00004817850840054295	0.00004817850840054295	0.00004817850840054295	0	0	0
1.9054607179632522e-7	0	0	0	0	0	0	0.01659814955210972	0	0	0	0	0	0	0	0.014830820361306785	0.000059967653783898306	0	0.00006109014186303853	0.00006109014186303853	0.00006109014186303853	0	0	0
2.0417379446695318e-7	0	0	0	0	0	0	0.02296047539503738	0	0	0	0	0	0	0	0.011204458356587586	0.00006561268087863548	0	0.0000774620376749584	0.0000774620376749584	0.0000774620376749584	0	0	0
2.1877616239495564e-7	0	0	0	0	0	0	0.023855959674887038	0	0	0	0	0	0	0	0.015136214802658511	0.00005811638026923482	0	0.0000737388771119984	0.0000737388771119984	0.0000737388771119984	0	0	0
2.3442288153199275e-7	0	0	0	0	0	0	0.02478636884551797	0	0	0	0	0	0	0	0.020447663890643633	0.000051476537924822185	0	0.00007019466774879544	0.00007019466774879544	0.00007019466774879572	0	0	0
2.5118864315095823e-7	0	0	0	0	0	0	0.0259680106739638	0	0	0	0	0	0	0	0.020023915249534247	0.00005579236933896062	0	0.00006775758933537592	0.00006775758933537592	0.00006775758933537605	0	0	0
2.6915348039269196e-7	0	0	0	0	0	0	0.02720598497367377	0	0	0	0	0	0	0	0.019608948194028065	0.000060470043284592675	0	0.00006540512349130995	0.00006540512349130995	0.00006540512349130995	0	0	0
2.8840315031266115e-7	0	0	0	0	0	0	0.018689787700279403	0	0	0	0	0	0	0	0.01694722525315436	0.00006456893951731548	0	0.00006850368409374719	0.00006850368409374719	0.00006850368409374719	0	0	0
3.090295432513592e-7	0	0	0	0	0	0	0.012839386797410153	0	0	0	0	0	0	0	0.01464680516972476	0.00006894567498106915	0	0.0000717490386672747	0.0000717490386672747	0.0000717490386672747	0	0	0
3.3113112148259143e-7	0	0	0	0	0	0	0.013370141416141323	0	0	0	0	0	0	0	0.019326368606001287	0.00006336824973611346	0	0.0000697101038510358	0.0000697101038510358	0.00006971010385103595	0	0	0
3.5481338923357606e-7	0	0	0	0	0	0	0.013922836371256768	0	0	0	0	0	0	0	0.02550102354519423	0.000058242015553854715	0	0.00006772911064993309	0.00006772911064993309	0.00006772911064993338	0	0	0
3.8018939632056126e-7	0	0	0	0	0	0	0.013882000033653906	0	0	0	0	0	0	0	0.025251079418619087	0.00006438485050454926	0	0.00007226756115048539	0.00007226756115048539	0.00007226756115048599	0	0	0
4.0738027780411303e-7	0	0	0	0	0	0	0.013841283470960666	0	0	0	0	0	0	0	0.025003585078669115	0.00007117557548570756	0	0.00007711012804572081	0.00007711012804572081	0.0000771101280457219	0	0	0
4.365158322401665e-7	0	0	0	0	0	0	0.012306743998996212	0	0	0	0	0	0	0	0.025969375135764063	0.00007292953569229978	0	0.00007995024279277882	0.00007995024279277882	0.00007995024279278111	0	0	0
4.677351412871981e-7	0	0	0	0	0	0	0.010942334081560347	0	0	0	0	0	0	0	0.026972469860627485	0.00007472671825972721	0	0.00008289496444402568	0.00008289496444402568	0.00008289496444402925	0	0	0
5.011872336272736e-7	0	0	0	0	0	0	0.011629073581229337	0	0	0	0	0	0	0	0.025106465984192385	0.00008115149146054158	0	0.00009095674075826469	0.00009095674075826469	0.00009095674075827102	0	0	0
5.370317963702533e-7	0	0	0	0	0	0	0.012358912764831472	0	0	0	0	0	0	0	0.023369555605122022	0.00008812864688344694	0	0.00009980254825915852	0.00009980254825915852	0.00009980254825916812	0	0	0
5.754399373371578e-7	0	0	0	0	0	0	0.01716913592479186	0	0	0	0	0	0	0	0.021950950247165216	0.0000977179208201275	0	0.00010666177901580712	0.00010666177901580712	0.00010666177901582544	0	0	0
6.165950018614835e-7	0	0	0	0	0	0	0.023851550214255623	0	0	0	0	0	0	0	0.020618458685963088	0.00010835060320439731	0	0.00011399243106774017	0.00011399243106774017	0.00011399243106776838	0	0	0
6.606934480075964e-7	0	0	0	0	0	0	0.02475682465084228	0	0	0	0	0	0	0	0.021721768382520372	0.00011329624772821646	0	0.00011750806372158392	0.00011750806372158392	0.00011750806372163798	0	0	0
7.079457843841387e-7	0	0	0	0	0	0	0.025696458355408458	0	0	0	0	0	0	0	0.02288411703562915	0.00011846763534005418	0	0.00012113212175806932	0.00012113212175806932	0.00012113212175815105	0	0	0
7.585775750291852e-7	0	0	0	0	0	0	0.02724360197223553	0	0	0	0	0	0	0	0.024720058766813255	0.0001227582726457633	0	0.0001268741438241075	0.0001268741438241075	0.00012687414382426317	0	0	0
8.128305161640995e-7	0	0	0	0	0	0	0.028883896689419618	0	0	0	0	0	0	0	0.02670329401319184	0.00012720430740189204	0	0.00013288835477719163	0.00013288835477719163	0.0001328883547774278	0	0	0
8.709635899560814e-7	0	0	0	0	0	0	0.026634129092883124	0	0	0	0	0	0	0	0.027825381376283518	0.00013059968362122334	0	0.00014124992703910577	0.00014124992703910577	0.00014124992703955209	0	0	0
9.332543007969924e-7	0	0	0	0	0	0	0.02455959596324873	0	0	0	0	0	0	0	0.02899461947852303	0.00013408569025949405	0	0.00015013762433890062	0.00015013762433890062	0.00015013762433958286	0	0	0
1.e-6	0	0	0	0	0	0	0.02409174285005895	0	0	0	0	0	0	0	0.029033054387759626	0.00014390627982903236	0	0.00015639161913535846	0.00015639161913535846	0.0001563916191366605	0	0	0
1.0715193052376091e-6	0	0	0	0	0	0	0.023632802201709695	0	0	0	0	0	0	0	0.029071540245836833	0.00015444614062957635	0	0.00016290612458719791	0.00016290612458719791	0.00016290612458917057	0	0	0
1.148153621496884e-6	0	0	0	0	0	0	0.02415900244811483	0	0	0	0	0	0	0	0.03097883148777481	0.00014925366190170382	0	0.00015829751208229059	0.00015829751208229026	0.0001582975120861835	0	0	0
1.2302687708123837e-6	0	0	0	0	0	0	0.0246969188971501	0	0	0	0	0	0	0	0.0330112540385738	0.00014423575429117647	0	0.00015381927717536586	0.00015381927717536488	0.0001538192771810688	0	0	0
1.3182567385564101e-6	0	0	0	0	0	0	0.027387183165967346	0	0	0	0	0	0	0	0.03758941820797487	0.00015047261756998456	0	0.0001564894017865317	0.0001564894017865298	0.0001564894017975378	0	0	0
1.4125375446227554e-6	0	0	0	0	0	0	0.03037050106897316	0	0	0	0	0	0	0	0.04280250485373737	0.00015697916754159403	0	0.00015920587667036837	0.00015920587667036547	0.00015920587668685968	0	0	0
1.5135612484362104e-6	0	0	0	0	0	0	0.034705966043417316	0	0	0	0	0	0	0	0.04423456391826503	0.00016761376143286435	0	0.00016466764308279065	0.00016466764308278528	0.00016466764311437226	0	0	0
1.6218100973589331e-6	0	0	0	0	0	0	0.03966032948456588	0	0	0	0	0	0	0	0.045714535906844586	0.00017896879860972048	0	0.00017031678255560338	0.000170316782555595	0.00017031678260329093	0	0	0
1.7378008287493763e-6	0	0	0	0	0	0	0.043513356130924497	0	0	0	0	0	0	0	0.043191172685149916	0.00017861727505739632	0	0.00017406151633956302	0.00017406151633954738	0.00017406151643139693	0	0	0
1.8620871366628694e-6	0	0	0	0	0	0	0.04774070680662205	0	0	0	0	0	0	0	0.0408070947437778	0.00017826644195396003	0	0.00017788858511660143	0.00017788858511657814	0.00017788858525449985	0	0	0
1.995262314968883e-6	0.00012252168853281166	0.000018995185341759403	0	0	0	0	0.05003860068297666	0	0	0	0	0	0	0	0.04206543813279954	0.0001845065462804119	0	0.00018612555899239657	0.000186125558992352	0.0001861255592550956	0	0	0
2.1379620895022326e-6	0.0001271815289251567	0.00002018097953449098	0	0	0	0	0.05244709862492242	0	0	0	0	0	0	0	0.043362584286258284	0.0001909650815217258	0	0.00019474393867107773	0.00019474393867101002	0.0001947439390698393	0	0	0
2.2908676527677747e-6	0.00013013015964037525	0.000021217457890608978	0	0	0	0	0.0558492503080191	0	0	0	0	0	0	0	0.045830608852515956	0.00019378045193339257	0	0.00020117947194699015	0.00020117947194686015	0.00020117947271106607	0	0	0
2.4547089156850335e-6	0.00013314715266550002	0.00002230716891468866	0	0	0	0	0.059472093628560985	0	0	0	0	0	0	0	0.04843910348899456	0.00019663732894140493	0	0.0002078276746842887	0.00020782767468409231	0.00020782767583738747	0	0	0
2.6302679918953817e-6	0.0001378253324260422	0.000022804833520962362	0	0	0	0	0.056863993491710015	0	0	0	0	0	0	0	0.04833344013807234	0.00020336704722445127	0	0.00021417576765254587	0.0002141757676521692	0.00021417576986449931	0	0	0
2.8183829312644606e-6	0.00014266788194916552	0.00002331360083871351	0	0	0	0	0.05437026945815076	0	0	0	0	0	0	0	0.048228007277455215	0.0002103270834660107	0	0.00022071776301804083	0.00022071776301747298	0.00022071776635245897	0	0	0
3.0199517204020193e-6	0.00014963393566287062	0.000024163333779641596	0	0	0	0	0.054096003874877674	0	0	0	0	0	0	0	0.051553784503042106	0.00022224144711023247	0	0.000230532275840661	0.00023053227583957756	0.0002305322821978252	0	0	0
3.2359365692962877e-6	0.00015694012132273742	0.000025044037743702972	0	0	0	0	0.05382312179790161	0	0	0	0	0	0	0	0.05510890552238336	0.00023483072174883266	0	0.00024078320420423284	0.00024078320420258963	0.00024078321384637166	0	0	0
3.4673685045253236e-6	0.00016480851470459455	0.00002603170958474639	0	0	0	0	0.05433317834386516	0	0	0	0	0	0	0	0.05607266893825506	0.0002481151624777512	0	0.0002519611400748996	0.00025196114007177025	0.0002519611584423911	0	0	0
3.7153522909717276e-6	0.0001730714000359261	0.00002705833263947059	0	0	0	0	0.05484806845710192	0	0	0	0	0	0	0	0.05705328697885486	0.00026215110779757405	0	0.0002636579919170572	0.0002636579919123068	0.00026365801979923945	0	0	0
3.981071705534978e-6	0.00017999871334422444	0.000028383293257320194	0	0	0	0	0.05585326585020901	0	0	0	0	0	0	0	0.058896897182722285	0.00027224387018963907	0	0.00027502332155968936	0.00027502332155062657	0.0002750233747492423	0	0	0
4.265795188015934e-6	0.0001872032975919218	0.000029773132988832736	0	0	0	0	0.05687688543807186	0	0	0	0	0	0	0	0.060800081492899206	0.0002827252018063701	0	0.0002868785689057291	0.00028687856889199163	0.0002868786495326616	0	0	0
4.570881896148752e-6	0.00019526421703536985	0.00003102158133877042	0	0	0	0	0.0577246598076685	0	0	0	0	0	0	0	0.06388509272300757	0.0002953525895557776	0	0.0002991191159694114	0.0002991191159432012	0.0002991192698069961	0	0	0
4.897788193684467e-6	0.00020367223732110896	0.00003232237968099983	0	0	0	0	0.058585070617819604	0	0	0	0	0	0	0	0.06712663818886405	0.00030854395575618724	0	0.0003118819432194111	0.0003118819431796883	0.00031188217636838857	0	0	0
5.248074602497734e-6	0.00020935406848678666	0.00003339519426440685	0	0	0	0	0.06320007863715306	0	0	0	0	0	0	0	0.06882952847313623	0.0003156248898728593	0	0.0003211563327510792	0.00032115633267485176	0.0003211567801558498	0	0	0
5.623413251903491e-6	0.00021519440532716903	0.00003450361671894606	0	0	0	0	0.06817863147761417	0	0	0	0	0	0	0	0.07057561822930956	0.000322868327992702	0	0.00033070651350136296	0.00033070651338649505	0.0003307071876984843	0	0	0
6.0255958607435935e-6	0.00021915757514826288	0.000035350769307089114	0	0	0	0	0.07294445323907452	0	0	0	0	0	0	0	0.07150572603917991	0.00032833413772685174	0	0.00033750718931871356	0.00033750718909736387	0.00033750848849536176	0	0	0
6.4565422903465625e-6	0.00022319373346088816	0.00003621872167148291	0	0	0	0	0.07804341540786977	0	0	0	0	0	0	0	0.07244809163098243	0.00033389247767675754	0	0.0003444477147903182	0.0003444477144581552	0.00034444966436677734	0	0	0
6.9183097091893625e-6	0.00023275627219460478	0.00003739294111021234	0	0	0	0	0.07950871502340516	0	0	0	0	0	0	0	0.07610479265246775	0.0003499807988314641	0	0.00035794544371116577	0.00035794544307642714	0.00035794916919633493	0	0	0
7.413102413009192e-6	0.00024272850946965792	0.00003860522901813866	0	0	0	0	0.0810015262868115	0	0	0	0	0	0	0	0.07994605978272919	0.0003668443218696608	0	0.0003719721025049627	0.0003719721015444456	0.00037197774009706827	0	0	0
7.943282347242822e-6	0.00025206984956351817	0.00004048085433676155	0	0	0	0	0.08486390958942466	0	0	0	0	0	0	0	0.08317581011017094	0.0003802992648077522	0	0.00038759683843923203	0.0003875968366060188	0.0003876075981372924	0	0	0
8.511380382023777e-6	0.00026177068856807483	0.00004244760643860365	0	0	0	0	0.08891046232019766	0	0	0	0	0	0	0	0.0865360395031972	0.00039424770179406803	0	0.00040387789341294445	0.00040387789063541527	0.00040389419564341533	0	0	0
9.120108393559115e-6	0.00027243504494848343	0.000043937738462526314	0	0	0	0	0.09205865645148331	0	0	0	0	0	0	0	0.08836657343020338	0.00040918459199499463	0	0.0004195323605917473	0.00041953235528311203	0.00041954847736910177	0	0	0
9.772372209558111e-6	0.0002835338598147918	0.00004548018188007075	0	0	0	0	0.0953183236988633	0	0	0	0	0	0	0	0.0902358294258083	0.0004246873971977301	0	0.00043579360112122964	0.0004357935930894477	0.00043580949357869555	0	0	0
0.000010471285480509006	0.0002924635015346308	0.00004660259325132562	0	0	0	0	0.09745834662887343	0	0	0	0	0	0	0	0.09270909222042711	0.0004379676231434622	0	0.0004484831180514358	0.0004484831026344276	0.00044849363549570305	0	0	0
0.000011220184543019652	0.0003016743742203107	0.00004775270475996418	0	0	0	0	0.09964641591516839	0	0	0	0	0	0	0	0.09525014437200219	0.0004516631296045385	0	0.00046154213063166153	0.0004615421074061494	0.00046154694664500237	0	0	0
0.000012022644346174132	0.0003112357503855771	0.00004878892124413438	0	0	0	0	0.10394497019115813	0	0	0	0	0	0	0	0.09970076588267275	0.0004679997015725327	0	0.0004745776604265737	0.0004745776158275963	0.0004745808200370883	0	0	0
0.000012882495516931348	0.0003211001682474066	0.00004984762325257906	0	0	0	0	0.10842895581150547	0	0	0	0	0	0	0	0.10435934541757302	0.0004849271643309667	0	0.00048798135820823083	0.0004879812910469973	0.0004879827640162173	0	0	0
0.000013803842646028866	0.0003323350217621904	0.00005163496810865274	0	0	0	0	0.11168519456328445	0	0	0	0	0	0	0	0.10661927735569261	0.0005019157653493956	0	0.000505199986424528	0.0005051998578635136	0.0005052008371030077	0	0	0
0.000014791083881682102	0.0003439629673584479	0.00005348640030582839	0	0	0	0	0.11503922168468433	0	0	0	0	0	0	0	0.10892814877637076	0.0005194995332006819	0	0.0005230261812059457	0.0005230259869957422	0.0005230264358293934	0	0	0
0.00001584893192461114	0.00035538786775275906	0.00005530940716380397	0	0	0	0	0.11598365416951371	0	0	0	0	0	0	0	0.11310477127970527	0.0005369710191427687	0	0.0005405542152659597	0.0005405540222331674	0.0005405543210227218	0	0	0
0.00001698243652461746	0.0003671922518747004	0.00005719454858281221	0	0	0	0	0.11693584012055497	0	0	0	0	0	0	0	0.1174415376552279	0.000555030095258697	0	0.0005586696615608644	0.0005586694700025188	0.0005586696081871636	0	0	0
0.000018197008586099864	0.00038092297362999706	0.000059512454689124326	0	0	0	0	0.12028345178922989	0	0	0	0	0	0	0	0.1219713996572305	0.0005758225135519896	0	0.0005801608540014633	0.0005801607096560697	0.0005801608038632766	0	0	0
0.000019498445997580493	0.0003951671395523751	0.00006192429787249761	0	0	0	0	0.12372689809570953	0	0	0	0	0	0	0	0.12667598390969906	0.0005973938529563674	0	0.0006024787807079441	0.0006024786874914066	0.0006024787341331887	0	0	0
0.00002089296130854041	0.00040899721062023124	0.00006460143261899555	0	0	0	0	0.12987889266047037	0	0	0	0	0	0	0	0.13191433325390964	0.0006168789420260528	0	0.0006252757119291969	0.0006252756385007966	0.0006252756759324828	0	0	0
0.000022387211385683423	0.0004233113069184233	0.0000673943062708535	0	0	0	0	0.13633677897316554	0	0	0	0	0	0	0	0.13736930064208738	0.0006369995727809701	0	0.0006489352462656971	0.0006489351942564073	0.0006489352217142252	0	0	0
0.000023988329190194948	0.00043669876633681905	0.00006979886599712312	0	0	0	0	0.14240238441417802	0	0	0	0	0	0	0	0.1424024546430867	0.0006563142735704964	0	0.0006703734691762661	0.0006703734192386827	0.0006703734560285853	0	0	0
0.000025703957827688645	0.00045050961172849276	0.00007228921794824304	0	0	0	0	0.1487378478468725	0	0	0	0	0	0	0	0.14762002131183213	0.0006762146225810418	0	0.0006925199251566341	0.0006925198774844004	0.000692519924193012	0	0	0
0.00002754228703338169	0.0004653660082705659	0.00007448473687078715	0	0	0	0	0.1527349298177028	0	0	0	0	0	0	0	0.15266689235074932	0.000698600460163768	0	0.0007147257481665636	0.0007147256802797104	0.0007147257649982683	0	0	0
0.0000295120922666639	0.00048071232225828164	0.0000767469365996268	0	0	0	0	0.15683942671024215	0	0	0	0	0	0	0	0.1578863071073626	0.0007217273727063475	0	0.0007376436063940198	0.0007376435170451898	0.0007376436421632628	0	0	0
0.000031622776601683856	0.0004959361643008302	0.00007878344538954604	0	0	0	0	0.16265563586198273	0	0	0	0	0	0	0	0.16254980000420333	0.0007454120390141142	0	0.000759683685854729	0.0007596835255765609	0.0007596837641884135	0	0	0
0.000033884415613920276	0.0005116421353752428	0.00008087399370514749	0	0	0	0	0.1686875324183907	0	0	0	0	0	0	0	0.1673510386397165	0.0007698739564548199	0	0.0007823823016308383	0.0007823820662645049	0.0007823824250406008	0	0	0
0.000036307805477010174	0.0005312370098782747	0.00008341187294255099	0	0	0	0	0.17370491272135546	0	0	0	0	0	0	0	0.17314710075007775	0.0008013060102601642	0	0.0008104667692216916	0.0008104663241439032	0.0008104670102877383	0	0	0
0.00003890451449942813	0.0005515823290383044	0.00008602939250348171	0	0	0	0	0.17887152815001972	0	0	0	0	0	0	0	0.1791439045843033	0.0008340213572567296	0	0.0008395593594633431	0.0008395586899217843	0.0008395597264734752	0	0	0
0.00004168693834703355	0.0005698664928673807	0.00008921284596440619	0	0	0	0	0.18456960526301067	0	0	0	0	0	0	0	0.18395886962336722	0.0008610165019454949	0	0.0008684710443324922	0.0008684697649603641	0.0008684717497551855	0	0	0
0.00004466835921509635	0.0005887567505274725	0.00009251410074465783	0	0	0	0	0.19044919859113804	0	0	0	0	0	0	0	0.18890324955031734	0.0008888854106337338	0	0.0008983783532900969	0.0008983764228806618	0.0008983794199978934	0	0	0
0.0000478630092322639	0.0006082097311771266	0.00009600227888076662	0	0	0	0	0.19759661500137407	0	0	0	0	0	0	0	0.19457330979849854	0.0009170766782409941	0	0.0009294202423674985	0.0009294165476081119	0.0009294222865587382	0	0	0
0.00005128613839913659	0.0006283054534273065	0.00009962197628378969	0	0	0	0	0.2050122686198472	0	0	0	0	0	0	0	0.20041356078344216	0.000946162040362341	0	0.0009615347295033479	0.0009615291507739465	0.0009615378174558979	0	0	0
0.00005495408738576248	0.0006504854391857616	0.00010294506877498345	0	0	0	0	0.21071833464809858	0	0	0	0	0	0	0	0.2075903956391231	0.0009800542038347119	0	0.0009945769674781274	0.0009945662850923348	0.0009945800160583056	0	0	0
0.00005888436553555896	0.000673448406797332	0.00010637900973673572	0	0	0	0	0.2165832164864383	0	0	0	0	0	0	0	0.2150242338549786	0.0010151604074987626	0	0.0010287546709300092	0.0010287385407360566	0.001028757673785318	0	0	0
0.00006309573444801943	0.0006952568086620966	0.0001100159247256436	0	0	0	0	0.2228707726460359	0	0	0	0	0	0	0	0.22268831211022708	0.0010472513164565423	0	0.0010619712280724412	0.0010619555090952387	0.0010619706179815158	0	0	0
0.00006760829753919819	0.0007177714359586799	0.00011377717956946582	0	0	0	0	0.22934086078157184	0	0	0	0	0	0	0	0.23062556001919216	0.0010803566724220382	0	0.0010962602854907688	0.0010962450211020908	0.0010962558260259364	0	0	0
0.00007244359600749906	0.0007426372072444209	0.00011831885959726024	0	0	0	0	0.23660592539735703	0	0	0	0	0	0	0	0.23754594420147002	0.0011164320248498694	0	0.0011341179360037596	0.0011341077714660198	0.001134119099154684	0	0	0
0.00007762471166286927	0.0007683644039793541	0.0001230418313177564	0	0	0	0	0.24410113288298232	0	0	0	0	0	0	0	0.2446739884420114	0.0011537120081982276	0	0.001173282941824005	0.0011732782476006778	0.0011732901212759491	0	0	0
0.00008317637711026725	0.0007966805023019699	0.0001285539090099342	0	0	0	0	0.25179937492450943	0	0	0	0	0	0	0	0.25334331975051466	0.0011944020865210518	0	0.0012136658234889685	0.001213662313063302	0.001213674178566784	0	0	0
0.00008912509381337459	0.0008260401177631531	0.0001343129189865168	0	0	0	0	0.25974039720154857	0	0	0	0	0	0	0	0.2623198243135813	0.0012365272564977285	0	0.0012554386317210372	0.001255436392145143	0.0012554482348473795	0	0	0
0.00009549925860214369	0.000856706386198278	0.00014247827310186377	0	0	0	0	0.2680922950152283	0	0	0	0	0	0	0	0.2715167465070196	0.001276157917010082	0	0.0012950546672789445	0.0012950523087546452	0.0012950612770850488	0	0	0
0.00010232929922807557	0.0008885111223657941	0.00015114002777444767	0	0	0	0	0.27671274634557974	0	0	0	0	0	0	0	0.2810361124122648	0.0013170587389720835	0	0.0013359208079663832	0.0013359183252167808	0.0013359242259869412	0	0	0
0.00010964781961431851	0.0009210968694949753	0.00015923297907755008	0	0	0	0	0.28566696487806065	0	0	0	0	0	0	0	0.28922063866149506	0.0013604450891805738	0	0.001378980281387304	0.001378976540874078	0.0013789814584966446	0	0	0
0.00011748975549395303	0.0009548776842932476	0.00016775927594607832	0	0	0	0	0.294910935258211	0	0	0	0	0	0	0	0.29764352029270535	0.0014052606659897568	0	0.0014234276501387151	0.0014234225733616352	0.0014234264383316297	0	0	0
0.00012589254117941688	0.0009775838193941996	0.00016456031759926374	0	0	0	0	0.3030110552562444	0	0	0	0	0	0	0	0.30527372814346454	0.0014511834613822289	0	0.001469072279485792	0.0014690632074927444	0.0014690674711005	0	0	0
0.0001348962882591656	0.001000829886027434	0.00016142235936375123	0	0	0	0	0.31133365579378325	0	0	0	0	0	0	0	0.3130995393515159	0.001498606977023758	0	0.0015161805815302638	0.0015161672633250854	0.0015161719471609278	0	0	0
0.0001445439770745928	0.0010313392756739505	0.0001640408170775522	0	0	0	0	0.3194112468466814	0	0	0	0	0	0	0	0.32084899785487886	0.0015484326659086253	0	0.0015635572078175396	0.0015635458859969518	0.0015635524460981555	0	0	0
0.00015488166189124827	0.0010627787163407193	0.00016670174920955643	0	0	0	0	0.3276984120204731	0	0	0	0	0	0	0	0.32879026151777485	0.0015999149594342738	0	0.0016124142281592536	0.0016124050404944085	0.0016124135895518147	0	0	0
0.00016595869074375631	0.0010961689743441965	0.00017147868056974748	0	0	0	0	0.33688505350906833	0	0	0	0	0	0	0	0.33650883626107264	0.0016501263459830404	0	0.0016621842665409821	0.0016621713775137176	0.0016621832385857926	0	0	0
0.00017782794100389227	0.0011306082835870251	0.00017639249755548267	0	0	0	0	0.34632923174103436	0	0	0	0	0	0	0	0.34440860978985893	0.001701913555874336	0	0.0017134905458447045	0.0017134737357175954	0.0017134891051144663	0	0	0
0.00019054607179632481	0.0011676175339686973	0.00018276318994490172	0	0	0	0	0.35498221830105037	0	0	0	0	0	0	0	0.3532017039704866	0.0017560882849338136	0	0.0017669473775758311	0.0017669309559569563	0.0017669513180134755	0	0	0
0.00020417379446695317	0.0012058382424952484	0.00018936396990654327	0	0	0	0	0.3638513984986401	0	0	0	0	0	0	0	0.36221929458666197	0.0018119874854028689	0	0.0018220719353797198	0.0018220559428717925	0.001822081594163974	0	0	0
0.00021877616239495564	0.0012459810627526364	0.0001982309153088256	0	0	0	0	0.3723038238555621	0	0	0	0	0	0	0	0.37100499074488275	0.0018671195789645755	0	0.0018762670072965388	0.0018762466224956907	0.001876275289589031	0	0	0
0.00023442288153199226	0.001287460252981909	0.00020751305437654463	0	0	0	0	0.3809526027092945	0	0	0	0	0	0	0	0.38000378559259484	0.0019239291387146476	0	0.0019320740385235533	0.0019320490143008755	0.0019320808538970395	0	0	0
0.0002511886431509582	0.001323411029616358	0.0002110590622931909	0	0	0	0	0.38948688100584844	0	0	0	0	0	0	0	0.38898824260780573	0.0019803830656423523	0	0.001988579777043259	0.0019885472253463954	0.001988577494514737	0	0	0
0.00026915348039269194	0.0013603656883804716	0.00021466566481764452	0	0	0	0	0.398212348194472	0	0	0	0	0	0	0	0.3981851197907058	0.0020384935223254574	0	0.0020467380912003365	0.002046697593157982	0.0020467261728277764	0	0	0
0.00028840315031266115	0.0013990959507001357	0.00022050760929235663	0	0	0	0	0.4074283507998252	0	0	0	0	0	0	0	0.4061605939277252	0.0020956658197790663	0	0.002103769555885921	0.002103733475105084	0.002103764637338119	0	0	0
0.0003090295432513592	0.001438928882127201	0.000226508537344039	0	0	0	0	0.4168576433857792	0	0	0	0	0	0	0	0.41429581333032184	0.0021544415913474168	0	0.0021623901774734857	0.0021623587915833805	0.002162392658124665	0	0	0
0.0003311311214825914	0.0014789399208313748	0.00023095499407411823	0	0	0	0	0.4250500182660066	0	0	0	0	0	0	0	0.422986686455496	0.00221643938822224	0	0.00222183892739554	0.0022218067847773254	0.0022218397344051094	0	0	0
0.000354813389233576	0.0015200635115442478	0.00023548873659785525	0	0	0	0	0.4334033953666389	0	0	0	0	0	0	0	0.4318598720087643	0.0022802212793295376	0	0.0022829220511249256	0.0022828891338924685	0.002282921090595361	0	0	0
0.00038018939632056124	0.0015626870004285139	0.00024196419945846532	0	0	0	0	0.44126723541339563	0	0	0	0	0	0	0	0.4393258624844956	0.0023424593993711137	0	0.0023440368008252385	0.0023439997221842506	0.002344029232655455	0	0	0
0.00040738027780411304	0.0016065056774025384	0.0002486177244203246	0.0015991456404408787	0.0002412313293754493	0	0	0.44927376003748243	0	0	0	0	0	0	0	0.4469209249518543	0.0024063962947120177	0	0.002406787617174915	0.002406746177915209	0.0024067730882938398	0	0	0
0.00043651583224016654	0.0016477353405848231	0.00025260676786960585	0.0016420408383804673	0.0002469040152693066	0	0	0.4555346104056598	0	0	0	0	0	0	0	0.45427636873597	0.0024700975171230684	0	0.0024686754183128787	0.0024686354045455085	0.002468661841404774	0	0	0
0.00046773514128719906	0.001690023129580191	0.0002566598150727524	0.0016860866494723193	0.00025271009745681146	0	0	0.46188270879680066	0	0	0	0	0	0	0	0.4617528687298999	0.002535485014461311	0	0.0025321545937384425	0.002532116106175555	0.002532142027368376	0	0	0
0.0005011872336272725	0.0017324420266597675	0.0002617557293041477	0.0017289642064458517	0.00025826872710247136	0	0	0.4678514725304225	0	0	0	0	0	0	0	0.46767694298972473	0.0025987163135971956	0	0.0025936433917347333	0.0025936062316556374	0.0025936320312712723	0	0	0
0.0005370317963702533	0.0017759256209011463	0.00026695282159431454	0.001772932149190833	0.00026394962476926977	0	0	0.4738973687044433	0	0	0	0	0	0	0	0.47367702036336296	0.0026635245091326224	0	0.0026566253340628765	0.002656589588635778	0.0026566152454835052	0	0	0
0.0005754399373371578	0.0018188522209997896	0.00027226466530461227	0.001815800064243753	0.00026920264453408194	0	0	0.4792929715809067	0	0	0	0	0	0	0	0.47912002116405017	0.0027273053400804796	0	0.002717085821205899	0.0027170489753891897	0.0027170784259410567	0	0	0
0.0006165950018614823	0.0018628164169156986	0.0002776822044087038	0.0018597044871753398	0.00027456020779530383	0	0	0.4847500065992703	0	0	0	0	0	0	0	0.48462556723597205	0.002792613468555518	0	0.0027789222910509954	0.0027788843132726614	0.0027789177169201657	0	0	0
0.0006606934480075965	0.0019070092333455483	0.00028485238996530494	0.001901735465052109	0.00027955784401897704	0	0	0.48907881368932016	0	0	0	0	0	0	0	0.4886299152257199	0.0028548454447348895	0	0.002837690580968548	0.002837652335492628	0.0028376900656055834	0	0	0
0.0007079457843841388	0.0019522504649634237	0.00029220772084306704	0.0019447163804665118	0.00028464644887945536	0	0	0.4934462769331966	0	0	0	0	0	0	0	0.492667350208616	0.002918464228971584	0	0.002897701695095667	0.0028976631875846895	0.00289770541222108	0	0	0
0.0007585775750291852	0.0019914837160074496	0.0002954117075096536	0.001985514638074384	0.0002894326697592116	0	0	0.4961958249721505	0	0	0	0	0	0	0	0.49563996048906933	0.002977491808970031	0	0.0029545283103372512	0.002954490319321577	0.002954530852957946	0	0	0
0.0008128305161640995	0.0020315054150580715	0.0002986508251116237	0.002027168803433407	0.0002942993691076079	0	0	0.49896069385710445	0	0	0	0	0	0	0	0.498630506628019	0.003037713254963431	0	0.0030124693481590704	0.0030124319087067013	0.0030124706687797687	0	0	0
0.0008709635899560814	0.00207013406458415	0.0003026296811301203	0.002066183853540232	0.00029866857339717136	0	0	0.5009967834744338	0	0	0	0	0	0	0	0.5002052735673603	0.0030937338074014113	0	0.0030661210333593897	0.0030660806005049007	0.00306611857831647	0	0	0
0.0009332543007969925	0.002109497229781782	0.0003066615465290865	0.0021059497903676175	0.0003031026434259368	0	0	0.5030411816839644	0	0	0	0	0	0	0	0.5017850139106153	0.003150787473248081	0	0.0031207282480579888	0.0031206847270544478	0.003120721882449203	0	0	0
0.001	0.002148284659484606	0.00031256493357961366	0.002142605483348172	0.00030686172348943434	0	0	0.503285482315423	0	0	0	0	0	0	0	0.5019845634599489	0.003203177623723462	0	0.0031699755125685286	0.0031699336058276448	0.003169973563149988	0	0	0
0.001071519305237607	0.002187785275572181	0.0003185819637623263	0.002179899197156208	0.00031066742367726985	0	0	0.503529901590843	0	0	0	0	0	0	0	0.502184192366022	0.003256438898605083	0	0.0032199999332006503	0.003219959702510546	0.003220002540945232	0	0	0
0.001148153621496884	0.0022197691520138	0.00032110708970614225	0.0022123487975686633	0.0003136631580777991	0	0	0.502434856848394	0	0	0	0	0	0	0	0.5007526967171081	0.003301763968188538	0	0.0032624837211505833	0.0032624480521594047	0.0032624927310423058	0	0	0
0.0012302687708123836	0.002252220610152605	0.0003236522301572354	0.002245281437090586	0.0003166877800407649	0	0	0.5013421935394687	0	0	0	0	0	0	0	0.4993252816024364	0.0033477198992733753	0	0.003305528028440893	0.003305497048531408	0.0033055436089747194	0	0	0
0.0013182567385564075	0.0022804455495604122	0.0003259293877797516	0.0022733950329164748	0.0003188529811140178	0	0	0.49879790355196707	0	0	0	0	0	0	0	0.4967770968904175	0.003385807707663597	0	0.003340903043542757	0.0033408708719127986	0.003340913790800581	0	0	0
0.0014125375446227555	0.0023090242052964415	0.0003282225670648876	0.002301860644421646	0.0003210329857129606	0	0	0.4962665257263056	0	0	0	0	0	0	0	0.49424191621717967	0.003424328850141379	0	0.0033766566340742285	0.0033766232487650364	0.0033766624428299484	0	0	0
0.0015135612484362103	0.0023316787832760146	0.0003301463264734552	0.002323879196716251	0.0003223156569941281	0	0	0.49231317497984955	0	0	0	0	0	0	0	0.490405450268168	0.0034521283000457925	0	0.0034029839636507088	0.0034029472394416266	0.0034029883392045386	0	0	0
0.0016218100973589332	0.0023545556325952513	0.00033208136131105575	0.0023461083684705197	0.0003236034531244193	0	0	0.48839131735516217	0	0	0	0	0	0	0	0.48659876421134046	0.003480153431959384	0	0.003429516563812191	0.00342947645066966	0.0034295194834626963	0	0	0
0.0017378008287493763	0.0023706807383986695	0.00033251204971734345	0.0023621371063405738	0.0003239370674738455	0	0	0.48229278274518905	0	0	0	0	0	0	0	0.4805393939202763	0.003498081114086458	0	0.003446675039527475	0.0034466344799687645	0.0034466788912124995	0	0	0
0.0018620871366628695	0.0023869162765204235	0.00033294329669910315	0.002378275353405153	0.0003242710257582106	0	0	0.4762704004398679	0	0	0	0	0	0	0	0.47455547792754627	0.0035161011489769117	0	0.0034639193621204068	0.0034638783526826423	0.0034639241550933806	0	0	0
0.001995262314968883	0.002394593070667167	0.00033192183073266695	0.0023861599071455662	0.00032345948932975066	0	0	0.46924592296658796	0	0	0	0	0	0	0	0.4676964580142287	0.0035208055813898413	0	0.0034691012491891854	0.0034690586193213565	0.00346910277637128	0	0	0
0.0021379620895022326	0.002402294554900004	0.00033090349861133604	0.002394070600074445	0.00032264998389179713	0	0	0.4623250490003224	0	0	0	0	0	0	0	0.4609365754122679	0.0035255163081849223	0	0.0034742908881571235	0.0034742466331035044	0.003474289139769716	0	0	0
0.0022908676527677745	0.0024027390773192735	0.00033024814260975023	0.0023931767955323786	0.0003206456462096849	0	0	0.45427094156666753	0	0	0	0	0	0	0	0.4531485366630215	0.003516296341156464	0	0.0034666993501248173	0.003466655370111569	0.0034666975240078847	0	0	0
0.0024547089156850338	0.0024031836819933088	0.0003295940845439392	0.002392283324684126	0.00031865375969677924	0	0	0.44635714374135627	0	0	0	0	0	0	0	0.44549208553514236	0.0035071004862819626	0	0.003459124400067312	0.0034590806941037777	0.00345912249656889	0	0	0
0.002630267991895387	0.0023928633152656724	0.0003264791240190429	0.0023818196739187596	0.00031539377116704897	0	0	0.4370838475433518	0	0	0	0	0	0	0	0.43615846077230747	0.003483316215783329	0	0.0034377604005959165	0.0034377159003377376	0.003437757257428632	0	0	0
0.002818382931264455	0.0023825872688994793	0.0003233936026725993	0.0023714017903023843	0.0003121671339626703	0	0	0.4280032087802779	0	0	0	0	0	0	0	0.42702038729768244	0.0034596932442053797	0	0.003416528347947084	0.003416483064873062	0.0034165239804967084	0	0	0
0.003019951720402019	0.002360419166903774	0.00031797633142639824	0.002349983976984461	0.0003075071451285489	0	0	0.4180326370820946	0	0	0	0	0	0	0	0.4168591556996255	0.003419239024312916	0	0.003379521038466666	0.003379477166556594	0.0033795181171519845	0	0	0
0.0032359365692962876	0.002338457321674615	0.00031264980664986254	0.002328759603145751	0.000302916719978658	0	0	0.4082943353714935	0	0	0	0	0	0	0	0.4069397173055013	0.003379257835926886	0	0.003342914586469492	0.0033428721004656096	0.0033429130804748636	0	0	0
0.0034673685045253167	0.00230540348056285	0.0003058865123717442	0.0022964997711766803	0.0002969547801172636	0	0	0.3972810884761567	0	0	0	0	0	0	0	0.39596308260245233	0.00332013053909009	0	0.0032907071411226686	0.003290664922938604	0.0032907059664718102	0	0	0
0.003715352290971728	0.0022728168519172355	0.00029926952283624664	0.002264686828082387	0.00029111018183712394	0	0	0.3865649106231007	0	0	0	0	0	0	0	0.3852825274027801	0.003262037799958257	0	0.003239315037382441	0.003239273089015369	0.003239314184093276	0	0	0
0.003981071705534978	0.0022300284223035825	0.00029217989806931406	0.0022217587022384487	0.00028387859048433325	0	0	0.3750315417309055	0	0	0	0	0	0	0	0.37345395598354514	0.0031904144268290304	0	0.0031721890888897915	0.00317214690569996	0.0031721868941924592	4.1957631398933065e-11	4.1957631398933065e-11	4.1957631398933065e-11
0.004265795188015935	0.002188045534811486	0.0002852582248494006	0.002179644297729232	0.00027682664215592526	0	0	0.3638422770094408	0	0	0	0	0	0	0	0.36198853392061014	0.0031203636619566624	0	0.0031064541421703656	0.0031064117519034166	0.0031064506620258866	3.915713995430913e-11	3.915713995430913e-11	3.915713995430913e-11
0.004570881896148752	0.0021356372632647825	0.00027753302367496775	0.002126688817081148	0.000268548602737115	0	0	0.35160822281765264	0	0	0	0	0	0	0	0.3500405174002017	0.0030349276649955553	0	0.003025794815925178	0.0030257533325072183	0.0030257919691111285	3.654356926926875e-11	3.654356926926875e-11	3.654356926926875e-11
0.004897788193684466	0.0020844842795458758	0.00027001703200962786	0.0020750199146759383	0.0002605181042922721	0	0	0.33978553391083843	0	0	0	0	0	0	0	0.338486864472545	0.002951830917675678	0	0.0029472298154329447	0.00294718922035007	0.002947227571406735	3.410444318701779e-11	3.410444318701779e-11	3.410444318701779e-11
0.005248074602497733	0.0020219486532778125	0.0002607432640011896	0.0020125580211367254	0.00025131714260609385	0	0	0.3272563286384726	0.3273068158351992	0	0	0	0	0	0	0.32614541782086603	0.0028539327959276307	0	0.0028539723127926526	0.0028539327339198346	0.0028539691351041336	3.1828118280570986e-11	3.1828118280570986e-11	3.1828118280570986e-11
0.005623413251903491	0.0019612891287348207	0.0002517880046899041	0.0019519763448026168	0.00024244113989418955	0	0	0.3151891235664991	0.31524856557025077	0	0	0	0	0	0	0.31425394817403685	0.00275928148692364	0	0.0027636657038197557	0.0027636271174918607	0.002763661653802767	2.970372827161824e-11	2.970372827161824e-11	2.970372827161824e-11
0.0060255958607435805	0.0018900478164953105	0.00024091020350170482	0.001881683926301079	0.00023251942347649854	0	0	0.3025652424401343	0.3026636497341897	0	0	0	0	0	0	0.3017812732463513	0.002651794034674093	0	0.002660162263715589	0.0026601257068695045	0.0026601591664014244	2.772113215919288e-11	2.772113215919288e-11	2.772113215919288e-11
0.006456542290346563	0.0018213942535556115	0.0002305023474915364	0.0018139228008205628	0.00022300374564085686	0	0	0.29044697005080117	0.29058113144691444	0	0	0	0	0	0	0.28980363623547034	0.002548493742178218	0	0.0025605351832227127	0.002560500557966039	0.0025605329729319103	2.5870865810528516e-11	2.5870865810528516e-11	2.5870865810528516e-11
0.006918309709189377	0.0017447907483078152	0.0002199471128996445	0.0017375218447007606	0.00021265129173726944	0.0017450366703346293	0.00022019382831790232	0.27791515377884585	0.27810068808051563	0	0	0	0	0	0	0.27724839266210494	0.002434423268983707	0	0.0024494807976690857	0.002449446506469015	0.0024494792347302644	2.414409678301756e-11	2.414409678301756e-11	2.414409678301756e-11
0.007413102413009177	0.0016714090040844635	0.0002098752268658145	0.001664338834842719	0.00020277942752744687	0.0016715866067525905	0.00021005356922687744	0.2659240435058089	0.26615627905965866	0	0	0	0	0	0	0.26523708339968977	0.002325458585393258	0	0.0023432430132039766	0.002343209092217213	0.002343242045621696	2.2532582161609966e-11	2.2532582161609966e-11	2.2532582161609966e-11
0.00794328234724282	0.001591461234896327	0.00019915471429883	0.0015846105221027109	0.00019227870832961864	0.001591919035316728	0.00019961517254475379	0.2536677378239957	0.2537284603868103	0	0	0	0	0	0	0.25286321301691006	0.0022083648203955657	0	0.002228363585247624	0.0022283300145724398	0.0022283621439812486	2.102862921038405e-11	2.102862921038405e-11	2.102862921038405e-11
0.008511380382023776	0.001515337572065484	0.00018898180990559296	0.0015087015060823933	0.00018232175782182061	0.0015160484085996425	0.00018969550127964828	0.2419763191188758	0.2418809424211662	0	0	0	0	0	0	0.24106660983329917	0.002097167075171116	0	0.002119116216319384	0.0021190830431380534	0.002119114350140152	1.962505865045614e-11	1.962505865045614e-11	1.962505865045614e-11
0.009120108393559097	0.001434813231055486	0.00017873149802587353	0.0014280904161921367	0.0001719832141800481	0.0014349456215182331	0.0001788631137611504	0.22999349125430918	0.22997347805095722	0	0	0	0	0	0	0.2291082813155172	0.0019802583100791814	0	0.00200389383201574	0.002003862770385759	0.0020038926306746156	1.831517038893141e-11	1.831517038893141e-11	1.831517038893141e-11
0.009772372209558112	0.0013585679164582313	0.00016903715972733618	0.001351786439264314	0.0001622309169956911	0.0013581815231192291	0.00016864929979109895	0.2186040609757321	0.21865220168840382	0	0	0	0	0	0	0.21774315656427104	0.0018698667459852655	0	0.0018949364169206593	0.0018949073352933642	0.0018949358136366944	1.709271153529993e-11	1.709271153529993e-11	1.709271153529993e-11
0.010471285480509006	0.001278894689360236	0.00015887059105533505	0.0012722587854637009	0.0001522098236248805	0.001278435254086375	0.0001584092314775346	0.20703456730615133	0.20703738685158615	0	0	0	0	0	0	0.2061451445393629	0.0017560328847743517	0	0.0017818607634551087	0.0017818325832601792	0.0017818600614638036	1.5951846552600987e-11	1.5951846552600987e-11	1.5951846552600987e-11
0.011220184543019653	0.0012038938993478715	0.00014931548035345844	0.0011974098645866629	0.00014280773872795498	0.0012033713248707004	0.0001487909208540191	0.19607738240692466	0.19603955150389252	0	0	0	0	0	0	0.19516489651242544	0.0016491290082727799	0	0.0016755326205089023	0.0016755053377193825	0.0016755318337386802	1.4887129400868517e-11	1.4887129400868517e-11	1.4887129400868517e-11
0.012022644346174132	0.0011273346110026706	0.00013982057569748613	0.001120877583338996	0.00013333938278816722	0.001126410385214512	0.00013889219733897635	0.18505612030242122	0.18496153435429832	0	0	0	0	0	0	0.1842962412380899	0.0015405717184908485	0	0.0015673016375489554	0.0015672756876824062	0.0015673010409191673	1.3893477539881899e-11	1.3893477539881899e-11	1.3893477539881899e-11
0.01288249551693135	0.0010556439615259734	0.00013092944778463872	0.0010492368519659325	0.0001244987922972341	0.0010543714393854541	0.00012965201351617287	0.1746543494257434	0.1745095259005269	0	0	0	0	0	0	0.1740328570426379	0.0014391604343310818	0	0.001466061831919183	0.001466037156613194	0.0014660614041484153	1.2966147667121172e-11	1.2966147667121172e-11	1.2966147667121172e-11
0.013803842646028866	0.0009827006936748899	0.00012154659590212993	0.0009768534340791064	0.00011567814804345911	0.0009817419761349692	0.00012058462763672304	0.16421542363418037	0.1641775193827349	0	0	0	0	0	0	0.16367691713374538	0.0013374409972304352	0	0.0013641475045819704	0.0013641243118393863	0.0013641469890327699	1.2100713075109701e-11	1.2100713075109701e-11	1.2100713075109701e-11
0.014791083881682071	0.0009147976860997298	0.00011283615126595689	0.0009094635113932577	0.00010748243969159987	0.0009141155305450631	0.00011215138143977518	0.15440042259479275	0.15445722937802653	0	0	0	0	0	0	0.15393721425744014	0.001242911060089108	0	0.0012693178239427782	0.001269296026882527	0.0012693172348862882	1.129304252005653e-11	1.129304252005653e-11	1.129304252005653e-11
0.01584893192461114	0.0008473698066040156	0.0001043964869415875	0.0008423711681561923	0.00009937946401356913	0.0008472461654322021	0.00010427192123647837	0.14476508648139264	0.1448285676899998	0	0	0	0	0	0	0.1443623439478837	0.0011491962667931432	0	0.0011750973737895119	0.0011750766946005886	0.001175096414103718	1.0539280500926038e-11	1.0539280500926038e-11	1.0539280500926038e-11
0.01698243652461746	0.0007849118991604537	0.00009658807362240492	0.0007802283170808785	0.00009188736221435214	0.0007852684270789598	0.00009694605112095675	0.13573104212910278	0.13580014417972494	0	0	0	0	0	0	0.13538302905283217	0.0010625475160842288	0	0.0010878708325372552	0.0010878512253637096	0.001087869560491015	9.835828854795086e-12	9.835828854795086e-12	9.835828854795086e-12
0.018197008586099864	0.0007237035808602156	0.00008921605895461095	0.0007190162349969848	0.00008451148151173618	0.0007241506483469507	0.00008966465663711273	0.12681366597627142	0.1268726407911028	0	0	0	0	0	0	0.12645046573800595	0.0009775479766319362	0	0.001001964742904544	0.001001946372811092	0.0010019632789777	9.17932958064065e-12	9.17932958064065e-12	9.17932958064065e-12
0.019498445997580455	0.0006672683564997581	0.00008240670795971156	0.0006626064894997266	0.00007772766934638359	0.0006677896925665932	0.00008293015091270075	0.1184821513640557	0.11853203160082865	0	0	0	0	0	0	0.11810727236069443	0.0008993480594061675	0	0.0009228424147398871	0.0009228252086158802	0.0009228407971693026	8.56664880956594e-12	8.56664880956594e-12	8.56664880956594e-12
0.02089296130854041	0.0006118836442514774	0.00007554058909217329	0.000607482785315087	0.00007112337624798179	0.000611938941525788	0.00007559497416507696	0.11034589824379155	0.1103710857681619	0.10626107369576364	0	0	0	0	0	0.11003027107588163	0.0008235702979868187	0	0.0008456080876567511	0.0008455918008784761	0.0008456068656686207	7.994861844944833e-12	7.994861844944833e-12	7.994861844944833e-12
0.022387211385683423	0.0005610959825315863	0.00006924655457881421	0.0005569449444010135	0.00006508023064951628	0.0005607592814385338	0.0000689085942341323	0.10276836737894629	0.10277202212028726	0.09840768385457162	0	0	0	0	0	0.10250563162663504	0.0007541774606974216	0	0.0007748376391131232	0.0007748222383146112	0.0007748367578234916	7.461239201072529e-12	7.461239201072529e-12	7.461239201072529e-12
0.02398832919019495	0.0005118303465723301	0.00006309264219730163	0.000508008370317863	0.000059256548047522406	0.0005114741888933408	0.0000627350595108709	0.09539423127273364	0.0953731854117959	0.09068402020048161	0	0	0	0	0	0.09517128838598783	0.0006871699365766236	0	0.0007064036329368262	0.0007063892127117612	0.0007064030397814474	6.963233573676037e-12	6.963233573676037e-12	6.963233573676037e-12
0.025703957827688646	0.00046689035713707834	0.00005748562543867882	0.00046337166161112257	0.00005395399572903084	0.0004665207595547876	0.00005711461299674973	0.08854922572196187	0.08850701103211299	0.08356655900848485	0	0	0	0	0	0.0883617220763056	0.0006261159293968503	0	0.0006440137487351659	0.0006440002560083128	0.0006440133996923061	6.498467680087174e-12	6.498467680087174e-12	6.498467680087174e-12
0.02754228703338169	0.00042367174281293587	0.00005217413090212326	0.0004203677787317677	0.000048857937259501845	0.00042342906397362454	0.000051930438585061436	0.08192079576665	0.08189634403683363	0.07658217114382379	0	0	0	0	0	0.08177664448765588	0.0005679350183025458	0	0.0005839486202821781	0.0005839358496862097	0.0005839482720315771	6.064722911031596e-12	6.064722911031596e-12	6.064722911031596e-12
0.0295120922666639	0.0003844537436129789	0.000047353402083024386	0.0003813549339238199	0.00004424321129508118	0.00038431767192671773	0.00004721682088242995	0.07578854274924193	0.07577943361081205	0.0701815296296505	0	0	0	0	0	0.07568231386307157	0.000515160483658405	0	0.0005294855766653595	0.0005294735108682229	0.0005294852320954573	5.659928739862283e-12	5.659928739862283e-12	5.659928739862283e-12
0.03162277660168379	0.00034701158015925233	0.000042843571028516975	0.00034400150650944054	0.00003982243400197743	0.00034681790612029893	0.00004264927287651526	0.06987473516199422	0.06990470879359542	0.06396695679214776	0	0	0	0	0	0.06984640307784336	0.0004650323047586268	0	0.0004773312969078023	0.0004773203196921357	0.0004773311203344075	5.282152838680976e-12	5.282152838680976e-12	5.282152838680976e-12
0.03388441561392028	0.00031321592978384973	0.00003876324609702345	0.0003103068190653162	0.00003584338033840117	0.0003129771769345125	0.00003852356941659995	0.06442238413414614	0.06448541614357152	0.05830268423673374	0	0	0	0	0	0.06446050304089579	0.0004197818957956315	0	0.00043031420882628623	0.00043030422280692054	0.00043031417049724864	4.929591854166052e-12	4.929591854166052e-12	4.929591854166052e-12
0.03630780547701017	0.0002809849754545559	0.00003469214861719706	0.0002783831797772658	0.000032080739045109843	0.0002809205338130772	0.0000346274992471137	0.059213460274875694	0.059310951879256314	0.052825841671862064	0	0	0	0	0	0.05925937171526979	0.0003775972482394717	0	0.0003857929319237297	0.0003857841270308419	0.0003857934634812012	4.60056279907428e-12	4.60056279907428e-12	4.60056279907428e-12
0.038904514499428125	0.00025207069284656947	0.00003104861684352347	0.00024974376978350953	0.000028713079178467454	0.0002521472878335048	0.000031125457019363845	0.05442570815794837	0.054551699022789696	0.04786348321476483	0	0	0	0	0	0.054477904614870926	0.00033965181277716497	0	0.0003458779265696789	0.0003458701652940306	0.0003458789105012116	4.293495018322713e-12	4.293495018322713e-12	4.293495018322713e-12
0.04168693834703355	0.00022499452467546392	0.000027851278152061054	0.00022268865077331324	0.000025537133502671577	0.00022487831786864799	0.0000277349588102106	0.04987466082382149	0.05000922032792453	0.043133612273300544	0	0	0	0	0	0.04995190987532501	0.00030460945145994827	0	0.0003081898524923116	0.0003081827346563202	0.0003081906151355499	4.006922691300133e-12	4.006922691300133e-12	4.006922691300133e-12
0.04466835921509635	0.00020082674253904913	0.000024983196469354957	0.00019856445358467132	0.00002271247829185549	0.00020055840489874532	0.000024713787808015847	0.0457041695272449	0.04584499039639627	0.03887114732948421	0	0	0	0	0	0.04580193232159427	0.0002731824604734403	0	0.00027460840337869343	0.0002746018809095787	0.0002746089812761095	3.739477834616901e-12	3.739477834616901e-12	3.739477834616901e-12
0.0478630092322639	0.0001780212072403828	0.00002220689479084123	0.00017588527577524517	0.000020063002123400774	0.0001776542368171359	0.000021838495776323864	0.041744230440118414	0.04188091544674597	0.034871111105579305	0	0	0	0	0	0.04185781136366842	0.00024416666037928026	0	0.00024305883264123473	0.00024305290215819348	0.00024305935946968574	3.4898837718912406e-12	3.4898837718912406e-12	3.4898837718912406e-12
0.05128613839913648	0.00015780542883207552	0.00001973911452269127	0.0001557964161059808	0.00001772259499959226	0.0001573657702104939	0.000019297725685652664	0.038127391725145246	0.03825960183417045	0.03128269869243902	0	0	0	0	0	0.038253328699199896	0.00021823274428911318	0	0.00021513397040312038	0.00021512858197418098	0.00021513445026917578	3.25694903939913e-12	3.25694903939913e-12	3.25694903939913e-12
0.05495408738576248	0.00013885905822961782	0.000017332790011516803	0.000137070422291565	0.000015537414449911463	0.00013847902564288536	0.00001695128189118565	0.03470136408884104	0.03483160471244836	0.027980758952379867	0	0	0	0	0	0.03482340172029057	0.00019501095544690138	0	0.0001890921974326462	0.00018908721919264532	0.00018909247228910745	3.0395616984958647e-12	3.0395616984958647e-12	3.0395616984958647e-12
0.05888436553555896	0.0001221874189951644	0.0000152198118734242	0.00012059520454185019	0.000013621664761502007	0.0001218590327321649	0.000014890146250139338	0.0315831903295955	0.031710750469982264	0.025027344323730535	0	0	0	0	0	0.031701013966873436	0.00017426015911678447	0	0.00016620275757895018	0.00016619816917818293	0.00016620287002694868	2.836684027659071e-12	2.836684027659071e-12	2.836684027659071e-12
0.06309573444801943	0.00010674973151711777	0.000013250837260503231	0.00010534643159061153	0.000011842249993029209	0.00010654990430351872	0.000013050291973595671	0.02864525486871045	0.028778207453043676	0.022388421678140022	0	0	0	0	0	0.028765625009739244	0.00015609870009294975	0	0.00014499668241804128	0.00014499255724581827	0.00014499654228426048	2.647347568814957e-12	2.647347568814957e-12	2.647347568814957e-12
0.06760829753919818	0.00009326250830642189	0.00001153658728272034	0.0000920258039367074	0.00001029528235739208	0.00009316405893391289	0.000011437773527207793	0.025980612405849087	0.02611685980104413	0.02002775119703541	0	0	0	0	0	0.02610204150143617	0.00013983003512798783	0	0.00012649632423969548	0.00012649261878536775	0.00012649599414849157	2.4706485043010202e-12	2.4706485043010202e-12	2.4706485043010202e-12
0.07244359600749906	0.00008086197429965523	9.98155224692017e-6	0.00007975413194842077	8.869439380573723e-6	0.00008083540556215186	9.954876285477287e-6	0.023458743411135085	0.02362535417026541	0.017993469765511715	0	0	0	0	0	0.02360218214356604	0.00012546338058263466	0	0.00010945121571698654	0.00010944785597227906	0.00010945074896722977	2.3057433423965794e-12	2.3057433423965794e-12	2.3057433423965794e-12
0.07762471166286927	0.00007011026195172427	8.636122868608327e-6	0.00006911889155807662	7.641068228613333e-6	0.00007013823643120579	8.664235362190312e-6	0.021181665537090277	0.021371534094162516	0.01616581667193415	0	0	0	0	0	0.021341740718151002	0.0001125728092166685	0	0.00009470289902832625	0.00009469985910604299	0.00009470233844263124	2.151844890825636e-12	2.151844890825636e-12	2.151844890825636e-12
0.08317637711026708	0.00006037208775749333	7.488446100267952e-6	0.00005940420531440889	6.516946674104652e-6	0.000060370135298467355	7.486657282715578e-6	0.01905498632199255	0.019248174064607687	0.014592219375850363	0	0	0	0	0	0.019215210530931063	0.00010175804546121252	0	0.00008122503336454318	0.00008122227856692849	0.00008122447179869921	2.008218499011059e-12	2.008218499011059e-12	2.008218499011059e-12
0.08912509381337459	0.00005198652634771425	6.493287074510394e-6	0.000051054921881542806	5.558201115661402e-6	0.00005196243050008756	6.469126809901033e-6	0.017141829715681563	0.017335779602393273	0.01317179766628307	0	0	0	0	0	0.01730057171175265	0.00009198224587392597	0	0.00006966530183091615	0.00006966281257310487	0.0000696647509182072	1.8741785511421474e-12	1.8741785511421474e-12	1.8741785511421474e-12
0.09549925860214369	0.00004438499800322145	5.605393518615389e-6	0.000043474399655623046	4.691563239591339e-6	0.00004427680394214227	5.497166607541889e-6	0.015346216081976144	0.01554713655802399	0.011944874697040033	0	0	0	0	0	0.015514592227825152	0.00008365206398706062	0	0.000059183485325047036	0.00005918138207964484	0.00005918311744964017	1.749085193314882e-12	1.749085193314882e-12	1.749085193314882e-12
0.10232929922807536	0.000037894973681629654	4.838910730110397e-6	0.000037019416654912536	3.9600520335733985e-6	0.00003772793821350618	4.671239504043051e-6	0.013738693706615205	0.013943039234328816	0.010832236809499227	0	0	0	0	0	0.01391298368667081	0.00007607628779674002	0	0.00005027875919810692	0.00005027698215861479	0.00005027853175231097	1.6323412791214525e-12	1.6323412791214525e-12	1.6323412791214525e-12
0.10964781961431873	0.000031962757757692277	4.071903281261897e-6	0.000031199631990967586	3.3057382050234894e-6	0.000031857573728484124	3.966261117213453e-6	0.012229268356147379	0.0124422412915045	0.009790474499240908	0	0	0	0	0	0.012421791023904307	0.00006925779349942978	0	0.000042268488822831465	0.000042267041987132724	0.00004226837172030314	1.523389519108553e-12	1.523389519108553e-12	1.523389519108553e-12
0.11748975549395303	0.000026959192320858577	3.4264728689411705e-6	0.000026294769727081684	2.7595357302139065e-6	0.000026900621977335856	3.367677301988858e-6	0.010885678632944385	0.011102985923963282	0.008848900980103146	0	0	0	0	0	0.011090424291187588	0.00006305042082528151	0	0.00003553439217396431	0.0000355332154325804	0.00003553435602867663	1.421709820497119e-12	1.421709820497119e-12	1.421709820497119e-12
0.12589254117941662	0.000022532089895107204	2.8933768974252326e-6	0.000021918718760741764	2.2777275005853066e-6	0.000022435332594566066	2.7963895848582794e-6	0.009639696976508294	0.00985271766788322	0.007860110981456008	0	0	0	0	0	0.009845078633766758	0.000057638693481715784	0	0.000029545349286833647	0.000029544429037733577	0.000029545336969842694	1.3268168044642566e-12	1.3268168044642566e-12	1.3268168044642566e-12
0.1348962882591656	0.000018831983873952263	2.4432208252508164e-6	0.00001827094274256679	1.8800418164980152e-6	0.000018711245749368464	2.322014257626653e-6	0.008536331167969473	0.008743237729726452	0.006981809919640971	0	0	0	0	0	0.008739573055114472	0.00005269146411386122	0	0.000024565712569598327	0.000024564995780407974	0.000024565717075527747	1.2382574891359845e-12	1.2382574891359845e-12	1.2382574891359845e-12
0.1445439770745928	0.00001551010848157857	2.011020027809268e-6	0.000015033330486078724	1.5323491316850292e-6	0.000015432290488619718	1.9328080875330905e-6	0.007510923504658196	0.007717594227828573	0.005982014333190328	0	0	0	0	0	0.00771350750002321	0.00004784586497130046	0	0.000020164141435131766	0.0000201635396633455	0.000020164124705999676	1.1556091272302428e-12	1.1556091272302428e-12	1.1556091272302428e-12
0.15488166189124797	0.00001277419663910578	1.6552746728633568e-6	0.000012369423334524333	1.2489583161238894e-6	0.000012727938744173702	1.6088390030178623e-6	0.006608690640366295	0.006812265948449326	0.0051253895328526285	0	0	0	0	0	0.006807906699526408	0.00004344587559581031	0	0.000016551223526045066	0.00001655071856676518	0.00001655119302681179	1.0784771880278829e-12	1.0784771880278829e-12	1.0784771880278829e-12
0.1659586907437563	0.00001039786174599997	1.3715807267257638e-6	0.00001003054308479914	1.0030585191240553e-6	0.000010319017756243748	1.292623500179453e-6	0.005778483023728469	0.005975662402414585	0.004230875859124186	0	0	0	0	0	0.005973851231942136	0.00003958160763430123	0	0.000013389144333393175	0.000013388726021922894	0.000013389109054398072	1.006493474038464e-12	1.006493474038464e-12	1.006493474038464e-12
0.1778279410038923	8.46358733495268e-6	1.1365084724406277e-6	8.133911489244218e-6	8.055724356837188e-7	8.366015078633049e-6	1.038559800006073e-6	0.00505256909009553	0.0052418008072277105	0.0034924780683659095	0	0	0	0	0	0.005241978205115445	0.000036061044723584014	0	0.000010831174245114756	0.000010830827904359273	0.000010831137125895667	9.393143633705026e-13	9.393143633705026e-13	9.393143633705026e-13
0.1905460717963252	6.749260633999026e-6	9.028693811027362e-7	6.484030482040849e-6	6.366064907898681e-7	6.650485440509945e-6	8.033809074677908e-7	0.004389799212912639	0.00457234960863618	0.002798930115162944	0	0	0	0	0	0.004571078661336553	0.00003239233311835697	0	8.615623578810729e-6	8.615339028353654e-6	8.615586711284036e-6	8.76619169415907e-13	8.76619169415907e-13	8.76619169415907e-13
0.20417379446695316	5.382176292732041e-6	7.172609259852517e-7	5.168811013942064e-6	5.030805501330622e-7	5.2867411998093186e-6	6.214576016518329e-7	0.003813968059826022	0.0039883966813024675	0.0022431092296684324	0	0	0	0	0	0.003986044830887727	0.000029096862081879485	0	6.85327075088283e-6	6.853037203517969e-6	6.853235585226397e-6	8.181086100184824e-13	8.181086100184824e-13	8.181086100184824e-13
0.21877616239495518	4.222104961198835e-6	5.797077654533416e-7	4.032254341770512e-6	3.8941672434283243e-7	4.147486308789981e-6	5.047543876986754e-7	0.003290470885934399	0.0034541404781307165	0.0017571130305127371	0	0	0	0	0	0.003456366459598807	0.00002578541818010107	0	5.336168796431209e-6	5.335983650207906e-6	5.3361406848864355e-6	7.635033788187982e-13	7.635033788187982e-13	7.635033788187982e-13
0.23442288153199276	3.312074769355204e-6	4.685339479008681e-7	3.145612217755791e-6	3.014336077150858e-7	3.2537326930662805e-6	4.09966812255358e-7	0.0028388278248129063	0.002991449295551195	0.0013764136677615014	0	0	0	0	0	0.0029970734424426683	0.00002285084174546612	0	4.154906242444536e-6	4.154759513149776e-6	4.154883785154329e-6	7.125428119556758e-13	7.125428119556758e-13	7.125428119556758e-13
0.25118864315095824	2.538157357374662e-6	3.74031685082537e-7	2.391728752343681e-6	2.2739949017259603e-7	2.4915379708078713e-6	3.272722310499703e-7	0.002430456649781365	0.0025762440958305103	0.0010502555834109072	0	0	0	0	0	0.002579946753518247	0.000020193833400092438	0	3.1531505061056525e-6	3.153040487657149e-6	3.153136965285591e-6	6.649836437596171e-13	6.649836437596171e-13	6.649836437596171e-13
0.2691534803926914	1.9450776988495677e-6	2.9859032002368783e-7	1.818522446122939e-6	1.7154864888069593e-7	1.9078891985214966e-6	2.6125800922078303e-7	0.0020808305015313027	0.0022186682726569986	0.0008013846536991199	0	0	0	0	0	0.002220874923093136	0.000017845771807141407	0	2.3929199683468113e-6	2.392837488027878e-6	2.3929123498892607e-6	6.205988454983178e-13	6.205988454983178e-13	6.205988454983178e-13
0.28840315031266117	1.4600077183316554e-6	2.4557981652703467e-7	1.3390206431374388e-6	1.2535672796373439e-7	1.4088637452641983e-6	1.9545220373018403e-7	0.001765276963481858	0.0018916662710480475	0.0005912838250571344	0	0	0	0	0	0.0018947824056188443	0.000015440688052433247	0	1.7587626454006124e-6	1.758702437825314e-6	1.7587641784977476e-6	5.791765416309509e-13	5.791765416309509e-13	5.791765416309509e-13
0.30902954325135923	1.0959061115393023e-6	2.0198058088644092e-7	9.859522419263125e-7	9.160264069874778e-8	1.0403628545400216e-6	1.462215993183301e-7	0.0014975764510884067	0.001612859986831421	0.00043626560623591094	0	0	0	0	0	0.0016165702657592695	0.000013359738660176616	0	1.2926658993086332e-6	1.2926219520916849e-6	1.2926722684640164e-6	5.405189983978132e-13	5.405189983978132e-13	5.405189983978132e-13
0.3311311214825908	7.901201008110483e-7	1.5730103230972657e-7	6.968665786710102e-7	6.426967032057833e-8	7.316607626836297e-7	9.91215440590835e-8	0.0012545723285194142	0.0013584330618812309	0.0003085778762684057	0	0.0004888572308670427	0.0004969867524945813	0	0	0.0013607201973719289	0.000011569701747167319	0	9.120598623052516e-7	9.120347083690065e-7	9.120666723394977e-7	5.044416799172418e-13	5.044416799172418e-13	5.044416799172418e-13
0.354813389233576	5.696562571667525e-7	1.225049193200248e-7	4.925421413108593e-7	4.509248305078841e-8	5.145584247983029e-7	6.719308599044272e-8	0.0010509992503839741	0.0011441417101786381	0.00021826223374305398	0	0.0003866984676260482	0.0003927951357435202	0.00031957790667325674	0.00032882241794984914	0.001145362805907013	0.000010019507261576614	0	6.435175499509677e-7	6.435039323939329e-7	6.435239890934369e-7	4.707723672840239e-13	4.707723672840239e-13	4.707723672840239e-13
0.38018939632056126	3.8626767789096793e-7	8.507561035469752e-8	3.3147956707869727e-7	3.0105524155792744e-8	3.4716792895285897e-7	4.5851760097917e-8	0.0008609828069726079	0.0009441079183539245	0.00014657686881903032	0	0.00029683537815013	0.0003011342983958281	0.00024331675742217366	0.0002500119424787607	0.0009459072545057731	8.49946744560768e-6	0	4.322783260796391e-7	4.3227009512624737e-7	4.3228192572222836e-7	4.393503364641966e-13	4.393503364641966e-13	4.393503364641966e-13
0.40738027780411384	2.6191710721365977e-7	5.908219455511289e-8	2.2308487776953366e-7	2.009963797456369e-8	2.3423107092388516e-7	3.1288693964375e-8	0.0007053205733796635	0.0007790466456811557	0.00009843562078670599	0	0.00022785516131585995	0.00023086300572102225	0.00018525387145416856	0.0001900903587161602	0.0007811852537136412	7.210029891986586e-6	0	2.9037988352057764e-7	2.903749701191599e-7	2.9038181400100167e-7	4.1002559106181553e-13	4.1002559106181553e-13	4.1002559106181553e-13
0.43651583224016655	1.645690007628559e-7	3.5643213883212956e-8	1.416289115578679e-7	1.2651386196812287e-8	1.5272209524371082e-7	2.350802660138467e-8	0.0005596359787624857	0.0006238278656365403	0.00006196178991548301	0	0.00016780759690202037	0.0001697670833940022	0.00013518045978175912	0.0001384998239903399	0.0006266615675302241	6.015111811930029e-6	0	1.8398721979044052e-7	1.8398475605936013e-7	1.83989832689704e-7	3.8265814629526816e-13	3.8265814629526816e-13	3.8265814629526816e-13
0.4677351412871981	1.0340277616914852e-7	2.1502902955633747e-8	8.99153218703998e-8	7.963206745487044e-9	9.957704707420487e-8	1.766220460721773e-8	0.000444042667328887	0.0004995351794427927	0.0000390027855652937	0	0.00012358460267220184	0.00012483967500160527	0.00009864169943314094	0.00010091096347499509	0.0005027037035742508	5.018227476453784e-6	0	1.1657590269615593e-7	1.1657475314876959e-7	1.1657843880357e-7	3.571173607650638e-13	3.571173607650638e-13	3.571173607650638e-13
0.5011872336272735	6.042519512362272e-8	1.2043495733480211e-8	5.306375810353579e-8	4.666951170428525e-9	6.036309893617695e-8	1.1910338810527077e-8	0.0003372967224361409	0.0003844887028368054	0.000022883559149648286	0	0.00008639701202835808	0.00008711251512452828	0.0000681866714289878	0.00006962900614259532	0.0003861000277601436	4.062929487159414e-6	6.7349158191250165e-6	6.868870967127699e-8	6.868819062214258e-8	6.869024972394517e-8	3.3328131282326553e-13	3.3328131282326553e-13	3.3328131282326553e-13
0.5370317963702532	3.5310504620835954e-8	6.74540501724948e-9	3.1315713112045186e-8	2.7351334610906984e-9	3.659180323416795e-8	8.031623103470356e-9	0.00025621204297896877	0.00029593824157495826	0.000013426150767586161	0	0.00006039946341234131	0.000060786687334965694	0.00004713444909489009	0.00004804431876826757	0.0002965429344889781	3.289487392726739e-6	3.90012951992622e-6	4.0472676832728364e-8	4.047246426439232e-8	4.0473611205999294e-8	3.110362185675804e-13	3.110362185675804e-13	3.110362185675804e-13
0.5754399373371566	2.0098856413722596e-8	4.1693977422597825e-9	1.7457700191278512e-8	1.5180072698722461e-9	2.0163594049477075e-8	4.234358833685449e-9	0.00018586382986140914	0.00021834830134027821	7.483713534499069e-6	0	0.00004010983139500133	0.000040292961555095834	0.000031180509790300824	0.000031719875047304235	0.00021889940339767485	2.618975897210205e-6	2.172021020948679e-6	2.2539872332676165e-8	2.2539724529546496e-8	2.2540395997427534e-8	2.902758886818277e-13	2.902758886818277e-13	2.902758886818277e-13
0.6165950018614835	1.175627789571552e-8	3.191377816429432e-9	9.390479072404395e-9	8.164075908389147e-10	1.0779706448271005e-8	2.2110095781448866e-9	0.00013017545112880934	0.00015568047406749563	4.087794727612434e-6	0	0.000025708176110130583	0.00002577420943621393	0.00001984108680288431	0.000020142667268005164	0.00015624068113948017	2.084346079967733e-6	1.1706966265018777e-6	1.2123723545588342e-8	1.2123669702604238e-8	1.2123909235317832e-8	2.709012215299836e-13	2.709012215299836e-13	2.709012215299836e-13
0.6606934480075964	7.832928785363236e-9	3.378041682715253e-9	4.8911407530182406e-9	4.248468460210823e-10	5.605799008099776e-9	1.142274412439692e-9	0.00008751817264030808	0.00010663386657394579	2.1865450670633554e-6	0	0.000015733280829664556	0.000015743163483484493	0.000012033662622917666	0.000012192363917503003	0.00010730288525408179	1.6329136261668205e-6	6.176023687327171e-7	6.3134738586954935e-9	6.313454107088823e-9	6.313492715805824e-9	2.52819730084016e-13	2.52819730084016e-13	2.52819730084016e-13
0.7079457843841374	3.947311092111438e-9	1.7362900285857912e-9	2.4283770715516513e-9	2.1146579311445162e-10	2.79737341001098e-9	5.818930480623703e-10	0.00005601086201213838	0.00006969743402298513	1.1601495226369404e-6	5.722472850440847e-7	9.203811208875228e-6	9.19082735571972e-6	6.9919618375729895e-6	7.068887151248417e-6	0.00007032328424125152	1.1907458416358124e-6	3.232333063710433e-7	3.1363277702391626e-9	3.1363277702391626e-9	3.1363277702391626e-9	2.359451004272427e-13	2.359451004272427e-13	2.359451004272427e-13
0.7585775750291851	1.866644005132336e-9	8.868908947206218e-10	1.077017029678702e-9	9.42018556602599e-11	1.2688419929405862e-9	2.8677068945484394e-10	0.000034235870692617885	0.00004329293771102226	6.12225228084943e-7	2.971883851382984e-7	5.180997498846024e-6	5.159170152938685e-6	3.888087835834151e-6	3.9192058484276285e-6	0.000043670518648683795	8.00839868985776e-7	1.678822852392912e-7	1.392388459497832e-9	1.392388459497832e-9	1.392388459497832e-9	2.2019677972570161e-13	2.2019677972570161e-13	2.2019677972570161e-13
0.8128305161640995	7.186567689004746e-10	4.4383047337776316e-10	3.0287196806111935e-10	2.643331689904785e-11	4.038790342141632e-10	1.2783207440875353e-10	0.000019925631843677527	0.00002569575054059248	3.249649280572021e-7	1.5600349786080382e-7	2.850054469381982e-6	2.821859675084929e-6	2.1253683598934907e-6	2.1287194326895037e-6	0.000025816250537150686	4.999123274789075e-7	8.818294738521581e-8	3.9136611594054264e-10	3.9136611594054264e-10	3.9136611594054264e-10	2.0549959170065905e-13	2.0549959170065905e-13	2.0549959170065905e-13
0.8709635899560796	2.2443685976745159e-10	2.253071946998477e-10	1.9094619772568377e-103	1.9168666052781999e-103	5.452269706815876e-11	5.473412850556063e-11	0.000011285691476017513	0.00001470332606787188	1.7518783091855256e-7	8.389007755240066e-8	1.5545253029970662e-6	1.5291821828686508e-6	1.1686472961621157e-6	1.1619156919947994e-6	0.000014669898435562559	2.8574807464986467e-7	4.7469899790476596e-8	1.9062240522627574e-103	1.9062240522627574e-103	1.9062240522627574e-103	1.9178337776666598e-13	1.9178337776666598e-13	1.9178337776666598e-13
0.9332543007969925	1.2747329978151525e-10	1.2796762351186428e-10	1.7820136024716615e-103	1.7889240034185304e-103	3.0967231120001084e-11	3.108731773603792e-11	6.5054145297003955e-6	8.486134617552885e-6	9.95013515689591e-8	4.7647008675901725e-8	8.829230197402566e-7	8.68528899483558e-7	6.659326606819993e-7	6.62096777016739e-7	8.45347952412562e-6	1.6229620223512005e-7	2.6961457101386352e-8	1.7789917950452977e-103	1.7789917950452977e-103	1.7789917950452977e-103	1.7898266212211458e-13	1.7898266212211458e-13	1.7898266212211458e-13