1.e-9	0	0	0	0	0	0	0.0005875892860402963	0	0	0	0	0	0	0	0.00006204530348529773	1.6291152442903644e-11	0	6.456914455950002e-10	6.456914455950002e-10	6.456914455950002e-10	0	0	0
1.0715193052376092e-9	0	0	0	0	0	0	0.0009162071980602872	0	0	0	0	0	0	0	0.00009759635630512137	2.770310810187453e-11	0	1.0979984369101963e-9	1.0979984369101963e-9	1.0979984369101963e-9	0	0	0
1.148153621496884e-9	0	0	0	0	0	0	0.001428609489179601	0	0	0	0	0	0	0	0.00015351764322166103	4.710914106254012e-11	0	1.8671465692815514e-9	1.8671465692815514e-9	1.8671465692815514e-9	0	0	0
1.2302687708123811e-9	0	0	0	0	0	0	0.0022275802644805675	0	0	0	0	0	0	0	0.00024148101089607927	8.010910412973841e-11	0	3.175083127614014e-9	3.175083127614014e-9	3.175083127614014e-9	0	0	0
1.31825673855641e-9	0	0	0	0	0	0	0.0036106006326454077	0	0	0	0	0	0	0	0.00040199267095494964	1.36225548157411e-10	0	5.399229515837305e-9	5.399229515837305e-9	5.399229515837305e-9	0	0	0
1.4125375446227555e-9	0	0	0	0	0	0	0.0058522860595995214	0	0	0	0	0	0	0	0.0006691959210450151	2.3165157284410232e-10	0	9.18139090946994e-9	9.18139090946994e-9	9.18139090946994e-9	0	0	0
1.5135612484362133e-9	0	0	0	0	0	0	0.009777856207749316	0	0	0	0	0	0	0	0.0011308938274741942	3.939235475796465e-10	0	1.561295714235422e-8	1.561295714235422e-8	1.561295714235422e-8	0	0	0
1.6218100973589331e-9	0	0	0	0	0	0	0.016336602661894642	0	0	0	0	0	0	0	0.0019111306701064088	6.698670742122066e-10	0	2.6549836852885247e-8	2.6549836852885247e-8	2.6549836852885247e-8	0	0	0
1.7378008287493762e-9	0	0	0	0	0	0	0.02763869003486681	0	0	0	0	0	0	0	0.0032438291302241255	1.1391090983787574e-9	0	4.51480030648773e-8	4.51480030648773e-8	4.51480030648773e-8	0	0	0
1.8620871366628732e-9	0	0	0	0	0	0	0.04675985592923808	0	0	0	0	0	0	0	0.005505864978612212	1.9370552576199684e-9	0	7.677418855870107e-8	7.677418855870107e-8	7.677418855870107e-8	0	0	0
1.9952623149688828e-9	0	0	0	0	0	0	0.03243193694213529	0	0	0	0	0	0	0	0.009357484983654846	3.2939628666063938e-9	0	1.3055452353843614e-7	1.3055452353843614e-7	1.3055452353843614e-7	0	0	0
2.1379620895022324e-9	0	0	0	0	0	0	0.02249430655668311	0	0	0	0	0	0	0	0.015903500278243263	5.601384536605134e-9	0	2.2200799430549073e-7	2.2200799430549073e-7	2.2200799430549073e-7	0	0	0
2.2908676527677795e-9	0	0	0	0	0	0	0.01170518324559908	0	0	0	0	0	0	0	0.015299216253862503	9.525155564137814e-9	0	3.775246402782529e-7	3.775246402782529e-7	3.775246402782544e-7	0	0	0
2.4547089156850337e-9	0	0	0	0	0	0	0.006090933030889861	0	0	0	0	0	0	0	0.014717893161083817	1.619752900878469e-8	0	6.419807289511195e-7	6.419807289511195e-7	6.419807289511221e-7	0	0	0
2.6302679918953816e-9	0	0	0	0	0	0	0.0034517501076013943	0	0	0	0	0	0	0	0.010249845332617177	2.7543901432773177e-8	0	1.0916883624890787e-6	1.0916883624890787e-6	1.0916883624890832e-6	0	0	0
2.818382931264461e-9	0	0	0	0	0	0	0.001956117190076203	0	0	0	0	0	0	0	0.0071382043742763725	4.683841008877695e-8	0	1.8564162864222425e-6	1.8564162864222425e-6	1.8564162864222425e-6	0	0	0
3.019951720402019e-9	0	0	0	0	0	0	0.0014804681601098713	0	0	0	0	0	0	0	0.009001127155195333	7.964872605279985e-8	0	3.1568362793900756e-6	3.1568362793900756e-6	3.1568362793900756e-6	0	0	0
3.2359365692962944e-9	0	0	0	0	0	0	0.0011204778446907142	0	0	0	0	0	0	0	0.011350234010666134	1.354426751422643e-7	0	5.368200746654785e-6	5.368200746654785e-6	5.368200746654807e-6	0	0	0
3.4673685045253237e-9	0	0	0	0	0	0	0.0012541354008346163	0	0	0	0	0	0	0	0.010512756259611702	2.303202971197863e-7	0	9.128626481051936e-6	9.128626481051936e-6	9.128626481051973e-6	0	0	0
3.715352290971728e-9	0	0	0	0	0	0	0.001403736460367736	0	0	0	0	0	0	0	0.009737071858619481	3.916597129348299e-7	0	0.00001552323122090552	0.00001552323122090552	0.00001552323122090552	0	0	0
3.9810717055349855e-9	0	0	0	0	0	0	0.002058614474038807	0	0	0	0	0	0	0	0.006332504396115146	6.394471704869948e-7	0	0.000026369056808632727	0.000026369056808632727	0.000026369056808632727	0	0	0
4.265795188015934e-9	0	0	0	0	0	0	0.0030190093884231556	0	0	0	0	0	0	0	0.00411834404727329	1.043999855843895e-6	0	0.00004479268182519186	0.00004479268182519186	0.00004479268182519186	0	0	0
4.570881896148752e-9	0	0	0	0	0	0	0.00494221185095687	0	0	0	0	0	0	0	0.0048036841247716235	1.0079391507832559e-6	0	0.00005924729035659202	0.00005924729035659202	0.00005924729035659202	0	0	0
4.8977881936844766e-9	0	0	0	0	0	0	0.008090553833122072	0	0	0	0	0	0	0	0.005603072717021106	9.731240152906499e-7	0	0.00007836640432241378	0.00007836640432241378	0.00007836640432241378	0	0	0
5.248074602497734e-9	0	0	0	0	0	0	0.013474052400713653	0	0	0	0	0	0	0	0.009028537353277138	1.0389476744291908e-6	0	0.00007531728881202289	0.00007531728881202289	0.00007531728881202289	0	0	0
5.623413251903491e-9	0	0	0	0	0	0	0.022439760224316672	0	0	0	0	0	0	0	0.014548175770037274	1.1092237507667085e-6	0	0.00007238680966725466	0.00007238680966725466	0.00007238680966725466	0	0	0
6.025595860743593e-9	0	0	0	0	0	0	0.024496492668316872	0	0	0	0	0	0	0	0.013996615505756526	1.5578281455967634e-6	0	0.00007178788665441868	0.00007178788665441868	0.00007178788665441868	0	0	0
6.456542290346562e-9	0	0	0	0	0	0	0.02674173641118605	0	0	0	0	0	0	0	0.013465966366687777	2.1878620337293433e-6	0	0.00007119391908549481	0.00007119391908549481	0.0000711939190854951	0	0	0
6.918309709189363e-9	0	0	0	0	0	0	0.019890660743342167	0	0	0	0	0	0	0	0.009640597121758923	3.6147527407954196e-6	0	0.0000638458137915372	0.0000638458137915372	0.00006384581379153773	0	0	0
7.413102413009192e-9	0	0	0	0	0	0	0.014794790387703685	0	0	0	0	0	0	0	0.006901926704197389	5.972240102734498e-6	0	0.00005725612511664783	0.00005725612511664783	0.00005725612511664853	0	0	0
7.943282347242822e-9	0	0	0	0	0	0	0.01129836596072179	0	0	0	0	0	0	0	0.008929961086069476	7.541371899061702e-6	0	0.00004688889015158392	0.00004688889015158392	0.00004688889015158583	0	0	0
8.511380382023759e-9	0	0	0	0	0	0	0.00862824481031452	0	0	0	0	0	0	0	0.011553904933563052	9.52277355592559e-6	0	0.00003839882659135864	0.00003839882659135864	0.000038398826591361155	0	0	0
9.120108393559115e-9	0	0	0	0	0	0	0.00798957282958778	0	0	0	0	0	0	0	0.016427207230493738	0.000011505731245790408	0	0.000040639249478327965	0.000040639249478327965	0.00004063924947833245	0	0	0
9.772372209558111e-9	0	0	0	0	0	0	0.007398176037260665	0	0	0	0	0	0	0	0.023356011577496005	0.000013901606577422295	0	0.00004301039236791283	0.00004301039236791283	0.000043010392367919686	0	0	0
1.0471285480509006e-8	0	0	0	0	0	0	0.008131910459272645	0	0	0	0	0	0	0	0.020959101040031087	0.000020937397190109303	0	0.00005932079591868485	0.00005932079591868485	0.00005932079591869686	0	0	0
1.1220184543019653e-8	0	0	0	0	0	0	0.008938415007236456	0	0	0	0	0	0	0	0.018808173431010575	0.00003153409634022922	0	0.00008181643167365094	0.00008181643167365094	0.00008181643167367102	0	0	0
1.202264434617413e-8	0	0	0	0	0	0	0.008459827626095748	0	0	0	0	0	0	0	0.02363277989903384	0.00003237077414754925	0	0.00007635861326142061	0.00007635861326142061	0.00007635861326146107	0	0	0
1.288249551693135e-8	0	0	0	0	0	0	0.00800686513272339	0	0	0	0	0	0	0	0.029694977441845176	0.00003322965109277102	0	0.00007126487552603642	0.00007126487552603642	0.00007126487552609456	0	0	0
1.3803842646028866e-8	0	0	0	0	0	0	0.009947832433708205	0	0	0	0	0	0	0	0.019437910047012515	0.00003651251956746011	0	0.00007656022719967713	0.00007656022719967713	0.00007656022719978658	0	0	0
1.4791083881682102e-8	0	0	0	0	0	0	0.01235931522371953	0	0	0	0	0	0	0	0.012723779559546719	0.00004011971360885557	0	0.00008224905110126442	0.00008224905110126442	0.00008224905110143263	0	0	0
1.5848931924611173e-8	0	0	0	0	0	0	0.014534445465125292	0	0	0	0	0	0	0	0.012904706417430615	0.000048583884094185534	0	0.00009858289793130682	0.00009858289793130682	0.00009858289793161066	0	0	0
1.698243652461746e-8	0	0	0	0	0	0	0.017092379404101098	0	0	0	0	0	0	0	0.01308820598004818	0.00005883376478430778	0	0.00011816048494673581	0.00011816048494673581	0.00011816048494722273	0	0	0
1.8197008586099862e-8	0	0	0	0	0	0	0.01760122351562825	0	0	0	0	0	0	0	0.013743988199855913	0.00005421091762584704	0	0.00014075129415497498	0.00014075129415497498	0.0001407512941558558	0	0	0
1.9498445997580494e-8	0	0	0	0	0	0	0.0181252160347419	0	0	0	0	0	0	0	0.01443262827050064	0.00004995130943278063	0	0.00016766118398405712	0.00016766118398405712	0.00016766118398546466	0	0	0
2.0892961308540408e-8	0	0	0	0	0	0	0.02188648562332351	0	0	0	0	0	0	0	0.017249202505084427	0.00005609654253545892	0	0.00018713448784100258	0.00018713448784100258	0.00018713448784361152	0	0	0
2.2387211385683424e-8	0	0	0	0	0	0	0.026428278262822926	0	0	0	0	0	0	0	0.02061544034010424	0.0000629977896508841	0	0.00020886955291240277	0.00020886955291240277	0.00020886955291647276	0	0	0
2.3988329190194947e-8	0	0	0	0	0	0	0.02497313022954481	0	0	0	0	0	0	0	0.02270215222882704	0.0000837410153587019	0	0.00022299549029021503	0.0002229954902902146	0.0002229954902978995	0	0	0
2.5703957827688646e-8	0	0	0	0	0	0	0.023598103034169815	0	0	0	0	0	0	0	0.025000082817451495	0.00011131434439474544	0	0.00023807677086678177	0.0002380767708667813	0.00023807677087855144	0	0	0
2.754228703338169e-8	0	0	0	0	0	0	0.022694828704569472	0	0	0	0	0	0	0	0.02970336056008782	0.00012328315852773908	0	0.00024894573697704003	0.0002489457369770385	0.0002489457369994673	0	0	0
2.95120922666639e-8	0	0	0	0	0	0	0.02182612937929606	0	0	0	0	0	0	0	0.035291468232524444	0.00013653889136405935	0	0.000260310906156064	0.00026031090615606135	0.000260310906190098	0	0	0
3.162277660168386e-8	0	0	0	0	0	0	0.020812538151670033	0	0	0	0	0	0	0	0.026380785764348876	0.00014829772269072972	0	0.0002701684914151079	0.0002701684914151024	0.00027016849148018185	0	0	0
3.3884415613920346e-8	0	0	0	0	0	0	0.019846017440252786	0	0	0	0	0	0	0	0.019719946275941334	0.00016106923335577593	0	0.00028039936870626324	0.0002803993687062546	0.0002803993688046787	0	0	0
3.6307805477010175e-8	0	0	0	0	0	0	0.022461038954021694	0	0	0	0	0	0	0	0.021570838092016105	0.00015269905394466567	0	0.0002769008710534874	0.0002769008710534704	0.00027690087124617265	0	0	0
3.890451449942813e-8	0	0	0	0	0	0	0.02542063023036748	0	0	0	0	0	0	0	0.02359545251701081	0.00014476384216774926	0	0.0002734460235910922	0.0002734460235910676	0.0002734460238756802	0	0	0
4.1686938347033635e-8	0	0	0	0	0	0	0.02862129337802555	0	0	0	0	0	0	0	0.02362136633809792	0.00013830284681762078	0	0.0002659506440728226	0.0002659506440727742	0.0002659506446342841	0	0	0
4.4668359215096346e-8	0	0	0	0	0	0	0.03222494592806804	0	0	0	0	0	0	0	0.023647308619165728	0.00013213021395006589	0	0.0002586607190474918	0.00025866071904742096	0.0002586607198704342	0	0	0
4.78630092322639e-8	0	0	0	0	0	0	0.032736618672066425	0	0	0	0	0	0	0	0.025341375598294483	0.00012817539160445515	0	0.00025081687112959815	0.0002508168711294571	0.00025081687275565356	0	0	0
5.128613839913659e-8	0	0	0	0	0	0	0.0332564158361191	0	0	0	0	0	0	0	0.027156803658127605	0.00012433894203156478	0	0.00024321088673572827	0.00024321088673552187	0.00024321088911543131	0	0	0
5.495408738576248e-8	0	0	0	0	0	0	0.03366719848041581	0	0	0	0	0	0	0	0.02876177726346485	0.00014653708106197302	0	0.00028242765256245765	0.00028242765256208106	0.0002824276569071017	0	0	0
5.888436553555896e-8	0	0	0	0	0	0	0.03408305510447289	0	0	0	0	0	0	0	0.03046160519356943	0.00017269823737692751	0	0.0003279679623001941	0.0003279679622995978	0.00032796796918158376	0	0	0
6.309573444801943e-8	0	0	0	0	0	0	0.0365870982129504	0	0	0	0	0	0	0	0.03335123541985151	0.0001760701125093178	0	0.00033359502504792094	0.0003335950250467707	0.0003335950383292834	0	0	0
6.760829753919818e-8	0	0	0	0	0	0	0.03927511050699198	0	0	0	0	0	0	0	0.03651497998750128	0.00017950782237216654	0	0.0003393186333086454	0.0003393186333069217	0.00033931865320756824	0	0	0
7.244359600749906e-8	0	0	0	0	0	0	0.04043277003988926	0	0	0	0	0	0	0	0.03652285286641205	0.0001815986787781126	0	0.0003516218741370662	0.000351621874133767	0.0003516219122114552	0	0	0
7.762471166286928e-8	0.0002466844435829548	0.00003515319191568503	0	0	0	0	0.04162455234358986	0	0	0	0	0	0	0	0.036530727442769105	0.00018371388888882982	0	0.0003643712140594439	0.00036437121405445786	0.0003643712716011751	0	0	0
8.317637711026726e-8	0.0002528387932371151	0.000037085547262270265	0	0	0	0	0.041555040845639706	0	0	0	0	0	0	0	0.03968436765862002	0.00018713598477678304	0	0.00037702945216462765	0.0003770294521550811	0.000377029562338514	0	0	0
8.912509381337478e-8	0.00025914668325691435	0.000039124123324016045	0	0	0	0	0.04148564542937857	0	0	0	0	0	0	0	0.04311025667177693	0.00019062182511180468	0	0.00039012743684073637	0.00039012743682631924	0.00039012760323421685	0	0	0
9.549925860214369e-8	0.00026433360569237755	0.000042088422324356666	0	0	0	0	0.04240113279001824	0	0	0	0	0	0	0	0.04305764282164148	0.00019142617553501753	0	0.00040536846217930435	0.0004053684621517535	0.00040536878016102224	0	0	0
1.0232929922807557e-7	0.000269624346413353	0.00004527731596904665	0	0	0	0	0.04333682273154656	0	0	0	0	0	0	0	0.043005093184003265	0.00019223392000612162	0	0.00042120490540299623	0.0004212049053613066	0.0004212053865631832	0	0	0
1.0964781961431874e-7	0.0002875967177808287	0.00004793130255568645	0	0	0	0	0.04577481215833229	0	0	0	0	0	0	0	0.04591883092628453	0.00020533342249226273	0	0.0004480652927045507	0.00044806529262571325	0.0004480662026074252	0	0	0
1.1748975549395303e-7	0.0003067670749269151	0.00005074085589029493	0	0	0	0	0.04834995498194034	0	0	0	0	0	0	0	0.04902998406758536	0.00021932557163191303	0	0.000476638576500743	0.0004766385763801885	0.0004766399678721158	0	0	0
1.2589254117941688e-7	0.000322020999064607	0.000050423253344456655	0	0	0	0	0.05107842437799425	0	0	0	0	0	0	0	0.05090177185930107	0.00023369566252187475	0	0.0004909955185865317	0.0004909955183552315	0.0004909981881170348	0	0	0
1.3489628825916562e-7	0.00033803342116579143	0.00005010763877015261	0	0	0	0	0.05396086589766192	0	0	0	0	0	0	0	0.05284501775168397	0.00024900727386770156	0	0.0005057849094840978	0.0005057849091354898	0.0005057889329140227	0	0	0
1.445439770745928e-7	0.0003513207226011385	0.00005197142753737411	0	0	0	0	0.05317390558405353	0	0	0	0	0	0	0	0.05361254192713651	0.0002588195595289531	0	0.0005253119356326502	0.0005253119349663169	0.0005253196260396668	0	0	0
1.5488166189124826e-7	0.0003651303167104649	0.000053904541234967554	0	0	0	0	0.05239842222740101	0	0	0	0	0	0	0	0.054391213669284746	0.00026901850437651293	0	0.0005455928489436279	0.0005455928479355558	0.0005456044834997762	0	0	0
1.659586907437563e-7	0.000381016915666943	0.000056437281884773676	0	0	0	0	0.05390089426337411	0	0	0	0	0	0	0	0.05739597176222026	0.0002804630528408741	0	0.0005699588710823108	0.0005699588691605542	0.0005699810507573163	0	0	0
1.7782794100389227e-7	0.00039759473092306624	0.00005908902503515279	0	0	0	0	0.055446448173246066	0	0	0	0	0	0	0	0.06056672304758527	0.0002923944737226438	0	0.0005954130728700021	0.0005954130699549602	0.0005954467165271178	0	0	0
1.9054607179632522e-7	0.00040420183102309694	0.00006252224168876962	0	0	0	0	0.058584949953993944	0	0	0	0	0	0	0	0.06293923456749284	0.0002941235998265649	0	0.0006136229697387463	0.0006136229641470109	0.0006136731738176853	0	0	0
2.0417379446695318e-7	0.0004109187257666101	0.00006615493661409062	0	0	0	0	0.06190110411379041	0	0	0	0	0	0	0	0.06540468178919956	0.0002958629514215679	0	0.0006323897914703819	0.0006323897830409524	0.0006324575378632068	0	0	0
2.1877616239495564e-7	0.0004122553458767811	0.0000690049632109109	0	0	0	0	0.06639461427842122	0	0	0	0	0	0	0	0.0660171178680523	0.0002934750503216468	0	0.000643376142269754	0.0006433761260022396	0.0006434207437493442	0	0	0
2.3442288153199275e-7	0.00041359631369175824	0.00007197777205223645	0	0	0	0	0.07121431625963923	0	0	0	0	0	0	0	0.06663528867323379	0.00029110642190063196	0	0.0006545533562132104	0.0006545533318378174	0.0006545739890865208	0	0	0
2.5118864315095823e-7	0.0004261447746313619	0.00007325771420039245	0	0	0	0	0.07226662445323681	0	0	0	0	0	0	0	0.06975789164313694	0.0003010961162075499	0	0.0006713874563352632	0.0006713874094746169	0.0006714010737633238	0	0	0
2.6915348039269196e-7	0.0004390739543219305	0.00007456041687385937	0	0	0	0	0.07333448222439778	0	0	0	0	0	0	0	0.07302682322512806	0.0003114286198269316	0	0.0006886545034802403	0.0006886544329938939	0.0006886607310498551	0	0	0
2.8840315031266115e-7	0.00045964440516426655	0.00007646546158500178	0	0	0	0	0.07377089680960514	0	0	0	0	0	0	0	0.07598374531457365	0.0003280754769323704	0	0.0007156057866795775	0.0007156056519826577	0.0007156098482112257	0	0	0
3.090295432513592e-7	0.00048117857394908153	0.00007841918085435593	0	0	0	0	0.07420990850444471	0	0	0	0	0	0	0	0.07906039585251076	0.00034561216186301623	0	0.0007436118392333816	0.0007436116354079463	0.0007436135556563592	0	0	0
3.3113112148259143e-7	0.0004987183950996401	0.00008060324564676192	0	0	0	0	0.07840119867211282	0	0	0	0	0	0	0	0.07997058582863019	0.0003593129656155114	0	0.0007683775527182084	0.0007683771622087649	0.0007683784377155203	0	0	0
3.5481338923357606e-7	0.0005168975741573206	0.0000828481391671069	0	0	0	0	0.08282920808150449	0	0	0	0	0	0	0	0.08089125444938151	0.00037355689847102126	0	0.000793968079004619	0.0007939674896024132	0.0007939680752928356	0	0	0
3.8018939632056126e-7	0.000543943306406032	0.00008584965747607475	0	0	0	0	0.08897138222272667	0	0	0	0	0	0	0	0.08450274059981425	0.0003946866025235312	0	0.0008308217214032994	0.0008308205986368145	0.0008308209907178619	0	0	0
4.0738027780411303e-7	0.0005724041577604198	0.0000889599182655571	0	0	0	0	0.09556902737538167	0	0	0	0	0	0	0	0.08827546583973238	0.0004170114776334459	0	0.0008693860005315446	0.0008693842961566215	0.0008693844753931975	0	0	0
4.365158322401665e-7	0.0005859716686280409	0.00009071262275897337	0	0	0	0	0.09685607356885953	0	0	0	0	0	0	0	0.09298097409612177	0.0004273105322045378	0	0.0008880446532647074	0.0008880413702917257	0.0008880414895288321	0	0	0
4.677351412871981e-7	0.0005998607658235169	0.0000924998593551743	0	0	0	0	0.09816045265720544	0	0	0	0	0	0	0	0.09793730864654777	0.0004378639455421068	0	0.0009071037556503882	0.0009070988271077957	0.0009070988836877032	0	0	0
5.011872336272736e-7	0.0006226693065433712	0.00009848794504359584	0	0	0	0	0.09946697478148395	0	0	0	0	0	0	0	0.10046973237758275	0.0004515634062298602	0	0.0009478288405073235	0.0009478194458335997	0.0009478194863396447	0	0	0
5.370317963702533e-7	0.0006463450977310154	0.00010486367640479788	0	0	0	0	0.10079088680174418	0	0	0	0	0	0	0	0.10306763850794169	0.0004656914823015611	0	0.0009903823077585256	0.0009903680558872037	0.000990368078762221	0	0	0
5.754399373371578e-7	0.0006758195596982391	0.00011128876469497395	0	0	0	0	0.10536987293278705	0	0	0	0	0	0	0	0.10576568326065061	0.0004854329695471589	0	0.0010350433037861282	0.0010350161394907167	0.0010350161626101917	0	0	0
6.165950018614835e-7	0.0007066381084564209	0.00011810752371034278	0	0	0	0	0.11015688495440054	0	0	0	0	0	0	0	0.10853435586117945	0.0005060113334234908	0	0.0010817182741654113	0.0010816770620157019	0.0010816770853551822	0	0	0
6.606934480075964e-7	0.0007360686398669146	0.0001256818168541373	0	0	0	0	0.11325099876727271	0	0	0	0	0	0	0	0.11189880047195204	0.0005255774015699707	0	0.001118097657981243	0.0011180187104653078	0.0011180187488671746	0	0	0
7.079457843841387e-7	0.0007667249135190735	0.00013374185311425442	0	0	0	0	0.11643202081371544	0	0	0	0	0	0	0	0.11536753913274383	0.0005459000358196708	0	0.001155700520773469	0.0011555813475615379	0.0011555814020115652	0	0	0
7.585775750291852e-7	0.0008079833079802871	0.00015051481533790941	0	0	0	0	0.12000344724748639	0	0	0	0	0	0	0	0.11947938046027742	0.0005678570867506718	0	0.0012012585035666686	0.001201031076376686	0.0012010311785346738	0	0	0
8.128305161640995e-7	0.0008514618665231695	0.0001693913244708152	0	0	0	0	0.12368442332819017	0	0	0	0	0	0	0	0.123737772882078	0.0005906972885407172	0	0.0012486123926166146	0.0012482683711245363	0.0012482685246590246	0	0	0
8.709635899560814e-7	0.0008763533977024944	0.00017112169051188432	0	0	0	0	0.12768178746730668	0	0	0	0	0	0	0	0.12879148213435615	0.0006103341548148617	0	0.0012899616904107816	0.0012896522524121201	0.0012896525460658502	0	0	0
9.332543007969924e-7	0.0009019726048339789	0.00017286973258592243	0	0	0	0	0.13180834265272218	0	0	0	0	0	0	0	0.13405159543457887	0.0006306238199498571	0	0.0013326803198231332	0.001332408134841476	0.0013324085777364643	0	0	0
1.e-6	0.0009131254151915074	0.0001632462644806761	0	0	0	0	0.13722997826067213	0	0	0	0	0	0	0	0.13841904852002665	0.0006469230805363395	0	0.0013667421670245435	0.0013665377960365714	0.0013665386309982131	0	0	0
1.0715193052376091e-6	0.0009244161290487646	0.00015415852427288893	0	0	0	0	0.14287462048621333	0	0	0	0	0	0	0	0.1429287949246378	0.0006636436158784832	0	0.0014016745976790951	0.0014015416891901948	0.0014015429360135921	0	0	0
1.148153621496884e-6	0.0009426721143676524	0.0001550225129471352	0	0	0	0	0.14721040728777415	0	0	0	0	0	0	0	0.14617482672406035	0.0006779985422107877	0	0.00143686734436598	0.001436750858381773	0.0014367531478683068	0	0	0
1.2302687708123837e-6	0.0009612886310419382	0.0001558913438863979	0	0	0	0	0.151677771322048	0	0	0	0	0	0	0	0.1494945786052082	0.000692663972411543	0	0.0014729436980051526	0.0014728445432497055	0.0014728479270002585	0	0	0
1.3182567385564101e-6	0.000994490530500116	0.00016100448418439924	0	0	0	0	0.15729625020575647	0	0	0	0	0	0	0	0.1558143454103119	0.0007165097553351261	0	0.0015268191604088945	0.0015267011406682243	0.00152670530653372	0	0	0
1.4125375446227554e-6	0.0010288391886861404	0.00016628533234260093	0	0	0	0	0.16312284992807835	0	0	0	0	0	0	0	0.16240127543192426	0.0007411764577606387	0	0.0015826652109981443	0.0015825270790458994	0.0015825320797004468	0	0	0
1.5135612484362104e-6	0.0010654131449963872	0.00017261523017435415	0	0	0	0	0.1685321847492122	0	0	0	0	0	0	0	0.16693524069455157	0.0007668438730725691	0	0.0016411904685000014	0.0016409638827029267	0.001640971686256717	0	0	0
1.6218100973589331e-6	0.0011032872600631178	0.00017918608495640429	0	0	0	0	0.1741208991190731	0	0	0	0	0	0	0	0.17159578649632845	0.0007934001674117485	0	0.0017018799270861163	0.001701558538864888	0.001701569345504781	0	0	0
1.7378008287493763e-6	0.0011402952937838921	0.00018431543466515673	0	0	0	0	0.17949186727174285	0	0	0	0	0	0	0	0.17652725220009163	0.0008213985806194267	0	0.0017556816140447407	0.0017553293245875764	0.0017553488846380454	0	0	0
1.8620871366628694e-6	0.0011785447037168848	0.00018959161624671533	0	0	0	0	0.18502850938453533	0	0	0	0	0	0	0	0.18160044256087668	0.0008503850338784567	0	0.0018111841386908832	0.0018107993156747672	0.001810828171617053	0	0	0
1.995262314968883e-6	0.0012217163497438724	0.00019656649556100227	0	0	0	0	0.18998254667347372	0	0	0	0	0	0	0	0.18903312487878118	0.0008816432375051455	0	0.0018758963358333279	0.0018755688745809784	0.001875611210692229	0	0	0
2.1379620895022326e-6	0.0012664694300726844	0.0002037979734655237	0	0	0	0	0.19506922560527035	0	0	0	0	0	0	0	0.19677001772425923	0.0009140504210115924	0	0.0019429206493252736	0.0019426551428677402	0.0019427118866462707	0	0	0
2.2908676527677747e-6	0.0013177970388920021	0.0002124170858727856	0	0	0	0	0.20116483667606636	0	0	0	0	0	0	0	0.20238263076861213	0.0009512469570508615	0	0.0020177962581026374	0.002017467111299963	0.0020175172734387416	0	0	0
2.4547089156850335e-6	0.0013712048585435392	0.00022140072152542503	0	0	0	0	0.20745092614862543	0	0	0	0	0	0	0	0.20815533642031428	0.0009899571757727458	0	0.0020955573973784904	0.00209516010091665	0.002095203090382303	0	0	0
2.6302679918953817e-6	0.0014270519657010963	0.000231710404907298	0	0	0	0	0.21464707877710504	0	0	0	0	0	0	0	0.2152665087827251	0.0010302238053406794	0	0.0021705523785157882	0.002169894058591164	0.002169935554076836	0	0	0
2.8183829312644606e-6	0.0014851736413583484	0.00024250016608974164	0	0	0	0	0.222092854839974	0	0	0	0	0	0	0	0.22262061881484782	0.0010721282850060154	0	0.0022482312504416816	0.0022472937621565376	0.002247333602389636	0	0	0
3.0199517204020193e-6	0.001541723483775514	0.0002505408769666921	0	0	0	0	0.23006520224307075	0	0	0	0	0	0	0	0.22934782008118137	0.001113970460174303	0	0.0023345800733375562	0.002333871043781598	0.002333900667372152	0	0	0
3.2359365692962877e-6	0.0016004265321130807	0.00025884819809983	0	0	0	0	0.23832372870024515	0	0	0	0	0	0	0	0.2362783054688086	0.0011574456186779767	0	0.0024242453340838645	0.0024237837263318945	0.0024238022870161162	0	0	0
3.4673685045253236e-6	0.001645603203981057	0.00026361474163066163	0	0	0	0	0.24592259025747057	0	0	0	0	0	0	0	0.24456792009885986	0.0011914669324473116	0	0.0025629205947408653	0.002562590994257981	0.0025626088117547785	0	0	0
3.7153522909717276e-6	0.0016920551181923078	0.0002684690583714197	0	0	0	0	0.2537637386288558	0	0	0	0	0	0	0	0.25314836850045863	0.0012264882498210534	0	0.002709528562392433	0.00270934759257181	0.0027093645208857383	0	0	0
3.981071705534978e-6	0.001748385822510273	0.0002756619725217381	0	0	0	0	0.2625118716162238	0	0	0	0	0	0	0	0.2597998474315421	0.0012691008827753283	0	0.0027982640653873366	0.00279812217445505	0.0027981472619387536	0	0	0
4.265795188015934e-6	0.0018065918488640435	0.00028304760166978206	0	0	0	0	0.2715615836675581	0	0	0	0	0	0	0	0.26662609411733146	0.0013131940325527805	0	0.002889905605100583	0.002889805547521124	0.0028898393107087946	0	0	0
4.570881896148752e-6	0.0019055261962445185	0.0002931123346356366	0	0	0	0	0.27927437338323025	0	0	0	0	0	0	0	0.27447423279516536	0.0013598113449402194	0	0.002902913320276473	0.0029028179966084666	0.002902862801291005	0	0	0
4.897788193684467e-6	0.002009878482988411	0.0003035349538689465	0	0	0	0	0.28720621884454445	0	0	0	0	0	0	0	0.28255338142313313	0.0014080835337285202	0	0.002915979584303852	0.0029158890391992307	0.0029159449841701553	0	0	0
5.248074602497734e-6	0.002075370945267551	0.00031557789337407273	0	0	0	0	0.295122249609035	0	0	0	0	0	0	0	0.29155930952902526	0.0014798938243150888	0	0.003009479971051637	0.003009377160514199	0.003009479132321552	0	0	0
5.623413251903491e-6	0.002142997498065949	0.00032809864405078344	0	0	0	0	0.30325646347317037	0	0	0	0	0	0	0	0.3008522869019991	0.0015553663392730208	0	0.003105978431712247	0.003105862662288287	0.00310601355548429	0	0	0
6.0255958607435935e-6	0.0021685888341479924	0.0003416775403691527	0	0	0	0	0.3123536314567477	0	0	0	0	0	0	0	0.31042145469056803	0.0016116827902861754	0	0.0032078109821420684	0.0032076743766700634	0.0032079178918062463	0	0	0
6.4565422903465625e-6	0.0021944857779048342	0.0003558184214094002	0	0	0	0	0.3217236987031271	0	0	0	0	0	0	0	0.32029498769805914	0.0016700383381825805	0	0.0033129822126545384	0.003312823529410353	0.0033131655792037066	0	0	0
6.9183097091893625e-6	0.002263589685032709	0.0003646320163498398	0	0	0	0	0.3316567260224762	0	0	0	0	0	0	0	0.328874895107199	0.0016859316664023473	0	0.0034224093962671597	0.003422229185388807	0.003422639796285444	0	0	0
7.413102413009192e-6	0.002334869660025071	0.00037366392335930405	0	0	0	0	0.3418964296361904	0	0	0	0	0	0	0	0.3376846369314173	0.0017019762473665233	0	0.003535450939313325	0.0035352479518918345	0.0035357312802737823	0	0	0
7.943282347242822e-6	0.0024087692401054865	0.00038641427513903104	0	0	0	0	0.3514535035956515	0	0	0	0	0	0	0	0.34720243438536996	0.001756626669257483	0	0.0036442327939658196	0.0036439790106732152	0.0036446302076627193	0	0	0
8.511380382023777e-6	0.0024850077721323745	0.00039959970095278724	0	0	0	0	0.3612777276472146	0	0	0	0	0	0	0	0.35698849535642463	0.0018130319150582873	0	0.003756361744110456	0.003756054231817355	0.0037568831728578204	0	0	0
9.120108393559115e-6	0.002561674645365854	0.00041313876342339087	0	0	0	0	0.3708644133130694	0	0	0	0	0	0	0	0.3671562912753591	0.0018702894014681372	0	0.003869354032928455	0.0038690010567047368	0.0038700056292847018	0	0	0
9.772372209558111e-6	0.002640706826876147	0.0004271365504929998	0	0	0	0	0.38070548649031033	0	0	0	0	0	0	0	0.3776136877702039	0.001929355140519727	0	0.00398574515769517	0.003985344261001136	0.003986534284296745	0	0	0
0.000010471285480509006	0.002719587185461754	0.00044135985408117276	0	0	0	0	0.390214138176533	0	0	0	0	0	0	0	0.3869825524819004	0.0019870577094301058	0	0.004104428961743079	0.0041039454252456585	0.004105059627416691	0	0	0
0.000011220184543019652	0.0028008237734126326	0.0004560567822391164	0	0	0	0	0.39996028173008513	0	0	0	0	0	0	0	0.39658386540410434	0.002046486029286439	0	0.004226646821478417	0.004226076080354422	0.004227108897827808	0	0	0
0.000012022644346174132	0.002886378347919756	0.00047008535901999485	0	0	0	0	0.409195757796164	0	0	0	0	0	0	0	0.40535669893024034	0.002109514018211579	0	0.004351295062657182	0.004350570127019456	0.004351418225994008	0	0	0
0.000012882495516931348	0.0029745462911395207	0.000484545463132908	0	0	0	0	0.4186444900830791	0	0	0	0	0	0	0	0.4143235963474985	0.0021744831527546597	0	0.004479619311007854	0.004478731586991837	0.004479383199056654	0	0	0
0.000013803842646028866	0.0030627417199445687	0.0005007466513048878	0	0	0	0	0.42853292152581834	0	0	0	0	0	0	0	0.423607232622844	0.0022398528455191175	0	0.00460664896206586	0.004605676114719741	0.004606305357957359	0	0	0
0.000014791083881682102	0.00315355214710591	0.0005174895399325595	0	0	0	0	0.4386549188668623	0	0	0	0	0	0	0	0.4330988848143762	0.0023071876934178757	0	0.004737280823742104	0.004736218739990872	0.004736823823247588	0	0	0
0.00001584893192461114	0.0032412543276753377	0.0005291464646849425	0.0032318742793228986	0.000518706960050392	0	0	0.4478106395089415	0	0	0	0	0	0	0	0.4431041401290674	0.0023735566226310238	0	0.004866761919472954	0.004865791510656699	0.004866391308559167	0	0	0
0.00001698243652461746	0.003331395558597466	0.0005410659723191009	0.0033228075200012392	0.0005315024483806382	0	0	0.45715746075623637	0	0	0	0	0	0	0	0.4533405323444127	0.002441834731048573	0	0.004999782039968333	0.0049989091139875305	0.004999502884568748	0	0	0
0.000018197008586099864	0.0034184658128962914	0.0005522118331233416	0.0034120886118558227	0.0005451286441670186	0	0	0.46601820324935433	0	0	0	0	0	0	0	0.46279917025533435	0.002508681026643158	0	0.005131067714842601	0.005130289688274922	0.005130872833688243	0	0	0
0.000019498445997580493	0.003507811758883579	0.0005635872966367223	0.003503768612860204	0.0005591041764657229	0	0	0.475050686913227	0	0	0	0	0	0	0	0.47245515613041716	0.0025773572688667693	0	0.005265800725678606	0.005265123186971722	0.005265694738718188	0	0	0
0.00002089296130854041	0.003600944841496878	0.0005767495393206523	0.003597378185856454	0.0005728012146191338	0	0	0.48439081652232957	0	0	0	0	0	0	0	0.4810737442895683	0.002648425781150245	0	0.0054010554001484275	0.0054004056476100945	0.0054010465649838735	0	0	0
0.000022387211385683423	0.0036965506255187334	0.0005902191782739925	0.0036934887094361582	0.0005868338053619816	0	0	0.49391458552722617	0	0	0	0	0	0	0	0.48984955385035855	0.002721453949356957	0	0.0055397841572733175	0.0055391640656964995	0.0055398775365063015	0	0	0
0.000023988329190194948	0.003796201984818371	0.0006043733745197471	0.003791495524409722	0.0005991373239084917	0	0	0.5021230777708491	0	0	0	0	0	0	0	0.4979422535754699	0.0027965409914663883	0	0.005679509047330333	0.005678883495059674	0.0056796983201806255	0	0	0
0.000025703957827688645	0.0038985397386561366	0.0006188670061460163	0.00389210295266166	0.0006116987972068274	0	0	0.5104679890368867	0	0	0	0	0	0	0	0.5061686510621215	0.0028736997437710616	0	0.0058227580900162695	0.005822127196083722	0.00582304803593306	0	0	0
0.00002754228703338169	0.003996502870440924	0.0006129093541980867	0.003990921065752724	0.0006067333141180552	0	0	0.5180816928662295	0	0	0	0	0	0	0	0.5135229271044206	0.0029495372090674802	0	0.005963480778724852	0.005962861215640207	0.0059638540729136675	0	0	0
0.0000295120922666639	0.004096927635512138	0.0006070090548257201	0.004092248110286167	0.0006018081384852055	0	0	0.5258089561885211	0	0	0	0	0	0	0	0.5209840556275946	0.0030273760390350265	0	0.00610760441159278	0.006106997095649682	0.006108064914376049	0	0	0
0.000031622776601683856	0.004197235228661075	0.0006219083828333913	0.004191054860276527	0.0006150276864140859	0	0	0.5323412715759852	0	0	0	0	0	0	0	0.5280229290174907	0.003102431819136263	0	0.006250730855343817	0.006250063723266933	0.006251115869495095	0	0	0
0.000033884415613920276	0.00429999871416116	0.0006371734219837772	0.004292247285226099	0.0006285376199929212	0	0	0.5389547402869488	0	0	0	0	0	0	0	0.5351569027047238	0.003179348408748421	0	0.006397211343908529	0.006396481926071967	0.0063975170797353886	0	0	0
0.000036307805477010174	0.004395568645218597	0.0006478368177034066	0.00438921145528574	0.0006407738804144356	0	0	0.5447979390133959	0	0	0	0	0	0	0	0.5410519146788755	0.0032540724359350457	0	0.006510905553119385	0.00651014273786718	0.0065111169466575145	0	0	0
0.00003890451449942813	0.004493262672660561	0.000658678670345984	0.0044883660979930335	0.0006532483542130618	0	0	0.5507044880897017	0	0	0	0	0	0	0	0.5470118630595243	0.0033305526972681235	0	0.006626620388586416	0.00662582321926937	0.006626733991432182	0	0	0
0.00004168693834703355	0.00457851196549342	0.0006712178723048967	0.004572897162319401	0.00066498899891468	0	0	0.555248721949297	0	0	0	0	0	0	0	0.5517115507855936	0.003406799409847879	0	0.006769477602817876	0.006768593557969229	0.006769492912662557	0	0	0
0.00004466835921509635	0.004665378666979599	0.0006839957818352599	0.004659020231549122	0.0006769406548452103	0	0	0.5598304533448955	0	0	0	0	0	0	0	0.556451616182081	0.003484791646881861	0	0.00691541454434032	0.006914440249438811	0.006915327271901605	0	0	0
0.0000478630092322639	0.004763946559033146	0.0006958607937671913	0.004756938307783012	0.0006880760015799053	0	0	0.56296102246311	0	0	0	0	0	0	0	0.5594707906189663	0.003551005130922131	0	0.007051243939947647	0.007050250317808649	0.007051176142751248	0	0	0
0.00005128613839913659	0.00486459694642893	0.0007079316235007538	0.004856914316624338	0.0006993945193887731	0	0	0.5661090977083025	0	0	0	0	0	0	0	0.5625063463799665	0.0036184767175730967	0	0.007189741234144775	0.007188727901408206	0.007189693710971995	0	0	0
0.00005495408738576248	0.004959778945288287	0.0007200148410598522	0.004951174508275703	0.0007104446605094669	0	0	0.5683769836100154	0	0	0	0	0	0	0	0.5646280618266232	0.0036933612948066574	0	0.007320671465684415	0.007319616355516156	0.007320608213140496	0	0	0
0.00005888436553555896	0.005056823300475762	0.0007323042990830507	0.005047264047358586	0.0007216693892418774	0	0	0.5706539548743991	0	0	0	0	0	0	0	0.5667577801633203	0.0037697956125374472	0	0.0074539860285890965	0.007452887955523334	0.007453906489579106	0	0	0
0.00006309573444801943	0.00514723841628772	0.0007433334241743215	0.005136996930331442	0.0007319340335751131	0	0	0.5718309556457462	0	0	0	0	0	0	0	0.5676181679121274	0.0038423014762809403	0	0.007577644933074868	0.007576518359495878	0.0075775106036868115	0	0	0
0.00006760829753919819	0.0052392701385503395	0.000754528657262546	0.005228325131126233	0.0007423446767893605	0	0	0.5730103840368537	0	0	0	0	0	0	0	0.5684798618045915	0.003916201871934807	0	0.007703355293600424	0.007702199576103446	0.0077031643782035945	0	0	0
0.00007244359600749906	0.005321000245304679	0.0007614962852588504	0.005311683221004823	0.0007511470108865897	0	0	0.5722399085235002	0	0	0	0	0	0	0	0.5680048808568283	0.00398376134405526	0	0.007817250774004837	0.007816102384555355	0.007817087742997532	0	0	0
0.00007762471166286927	0.005404005302610063	0.0007685282551982075	0.005396370335183553	0.0007600537184480377	0	0	0.5714704689992569	0	0	0	0	0	0	0	0.5675302967690371	0.004052486303150721	0	0.007932830219378071	0.007931689627388019	0.007932695939168411	0	0	0
0.00008317637711026725	0.0054822764923506935	0.0007766794825881676	0.005474125016026205	0.0007676269683615631	0	0	0.5691984279036627	0	0	0	0	0	0	0	0.5656251575293059	0.0041148422936130675	0	0.008037820397340868	0.008036639469864708	0.008037668906596549	0	0	0
0.00008912509381337459	0.005561681355875932	0.0007849171641943713	0.005553000040732872	0.0007752756788811769	0	0	0.5669354199445485	0	0	0	0	0	0	0	0.5637264136407025	0.0041781577616049346	0	0.008144200109324175	0.008142977978559243	0.008144030976036823	0	0	0
0.00009549925860214369	0.005631803388409913	0.0007939080418537188	0.005622814721677638	0.0007839198288010159	0	0	0.5633266162968928	0	0	0	0	0	0	0	0.5602231054367317	0.004233559103694878	0	0.008237124249103755	0.00823592795849955	0.008236973116217372	0	0	0
0.00010232929922807557	0.005702809523993338	0.0008030019060252414	0.005693507142517914	0.0007926603590535208	0	0	0.5597407843375631	0	0	0	0	0	0	0	0.5567415687305576	0.0042896950539256734	0	0.008331108639815045	0.008329938938333727	0.008330975940160907	0	0	0
0.00010964781961431851	0.005760850195469564	0.0008073970761772373	0.005751645921415961	0.0007971637165055985	0	0	0.5548434457137353	0	0	0	0	0	0	0	0.5516371204294419	0.0043386225215978425	0	0.008406639040802993	0.008405501425501841	0.008406522602001868	0	0	0
0.00011748975549395303	0.005819481579213354	0.0008118163029603813	0.0058103783796626335	0.0008016926589741449	0	0	0.5499889553622999	0	0	0	0	0	0	0	0.5465794719254351	0.004388108046908775	0	0.008482854205574496	0.008481749354605285	0.008482754333414068	0	0	0
0.00012589254117941688	0.005863967646551089	0.000815302319095718	0.005854790522276826	0.0008050951343351559	0	0	0.5435949124084272	0	0	0	0	0	0	0	0.539999625446487	0.004425912325388858	0	0.008538492342422746	0.008537398669904795	0.008538413154482501	0	0	0
0.0001348962882591656	0.005908793780295112	0.0008188033045146841	0.005899542133043113	0.0008085120501908522	0	0	0.5372752051023832	0	0	0	0	0	0	0	0.5334989886376965	0.004464042293996916	0	0.008594495403882069	0.008593413104021626	0.008594437175843295	0	0	0
0.0001445439770745928	0.00594159937242797	0.0008184977788715482	0.005932723938265969	0.0008086295240646619	0	0	0.5295606059449413	0	0	0	0	0	0	0	0.5259176632765689	0.004504672148337227	0	0.008632955496361743	0.008631891472731919	0.008632925259724023	4.292262472569473e-11	4.292262472569473e-11	4.292262472569473e-11
0.00015488166189124827	0.005974587101036578	0.0008181923672312698	0.005966092373598907	0.0008087470150069969	0	0	0.5219567787710078	0	0	0	0	0	0	0	0.5184440728792452	0.004545671798695345	0	0.008671587696527068	0.00867054213443458	0.008671585703070559	4.005772412674985e-11	4.005772412674985e-11	4.005772412674985e-11
0.00016595869074375631	0.005993029934608527	0.0008184286827723993	0.005984133159459321	0.0008085285723117853	0	0	0.5128279470477204	0	0	0	0	0	0	0	0.5097152973057925	0.004555399788237827	0	0.008688978132046499	0.008687967920395287	0.008689005217034125	3.7384043321428665e-11	3.7384043321428665e-11	3.7384043321428665e-11
0.00017782794100389227	0.006011529698994992	0.0008186650665676892	0.00600222849860755	0.0008083101886179779	0	0	0.5038587752273623	0	0	0	0	0	0	0	0.5011334836265865	0.004565148596216986	0	0.008706403443214767	0.008705428728158724	0.008706459723382813	3.488881921090439e-11	3.488881921090439e-11	3.488881921090439e-11
0.00019054607179632481	0.006014137391865781	0.0008167105691915313	0.006004668671302705	0.0008061654593238039	0	0	0.4940024041132328	0.49437046946761676	0	0	0	0	0	0	0.4908973240951159	0.004573125662143174	0	0.008701410859147536	0.00870046033304008	0.00870147243125029	3.2560140578305184e-11	3.2560140578305184e-11	3.2560140578305184e-11
0.00020417379446695317	0.006016746215906591	0.0008147607380215553	0.006007109836036545	0.0008040264207456584	0	0	0.4843388410959671	0.48458696546749425	0	0	0	0	0	0	0.4808702485011138	0.004581116667063787	0	0.008696421138018598	0.00869549477350265	0.00869648799597162	3.038689122925792e-11	3.038689122925792e-11	3.038689122925792e-11
0.00021877616239495564	0.006002530070874322	0.0008105963170364743	0.00599254573134962	0.0007994689407967994	0	0	0.4729352471683224	0.47328348337338094	0	0	0	0	0	0	0.46963581890864914	0.004576635560275482	0	0.008666689976763356	0.00866578542841627	0.008666745150940493	2.83586969275553e-11	2.83586969275553e-11	2.83586969275553e-11
0.00023442288153199226	0.005988347515222829	0.0008064531813212081	0.005978016937011798	0.0007949372941078315	0	0	0.46180014699635685	0.4622436664550925	0	0	0	0	0	0	0.4586638559767066	0.004572158836767406	0	0.008637060459843837	0.008636177589363603	0.008637104029367291	2.6465875872639445e-11	2.6465875872639445e-11	2.6465875872639445e-11
0.0002511886431509582	0.005956679598539305	0.0007988941522212118	0.005947184261897278	0.0007883164027382351	0	0	0.44990694050008667	0.45022708811705364	0	0	0	0	0	0	0.4467844636995467	0.004555564110272699	0	0.008584581438703906	0.008583717138922168	0.008584642631577327	2.469939248250006e-11	2.469939248250006e-11	2.469939248250006e-11
0.00026915348039269194	0.005925179149916803	0.0007914059752453797	0.0059165106117344685	0.0007817506555955521	0.005925423268995962	0.000791673770047099	0.43832003178583967	0.43852289514074766	0	0	0	0	0	0	0.43521274764111617	0.0045390296146136395	0	0.008532421281565521	0.008531575359424224	0.008532499882057516	2.3050814261366044e-11	2.3050814261366044e-11	2.3050814261366044e-11
0.00028840315031266115	0.005877686223067764	0.0007825763002065351	0.005869327856824566	0.0007732694405145669	0.00587792504278886	0.0007828387183158497	0.4256794838925082	0.4259619013222231	0	0	0	0	0	0	0.4225890546174875	0.00451034280699941	0	0.008457245222633712	0.008456399993688416	0.008457315919173725	2.1512271546292463e-11	2.1512271546292463e-11	2.1512271546292463e-11
0.0003090295432513592	0.005830573972995523	0.0007738451373899012	0.005822521373083098	0.0007648802381600647	0.005830807562629839	0.0007741022654545489	0.41340347204466127	0.41376070300686985	0	0	0	0	0	0	0.4103315218830939	0.004481837300896954	0	0.008382731512600316	0.008381887030308038	0.00838279443837058	2.0076419940490205e-11	2.0076419940490205e-11	2.0076419940490205e-11
0.0003311311214825914	0.0057674293417424435	0.000766995928743131	0.005759530916304663	0.000758201757881365	0.005767884018497418	0.0007675009272531457	0.4004474850974647	0.4007540235054917	0	0	0	0	0	0	0.39752806339973457	0.004441367037945103	0	0.008285786421160655	0.008284938392751696	0.008285829368272034	1.873640525406895e-11	1.873640525406895e-11	1.873640525406895e-11
0.000354813389233576	0.005704968561594689	0.0007602073416042323	0.005697221916474333	0.0007515815901287423	0.005705639517938922	0.0007609558835079067	0.3878975363408661	0.3881562124887768	0	0	0	0	0	0	0.3851241076121048	0.004401262214895115	0	0.008189962485842976	0.008189111106305203	0.008189985908024285	1.7485830784835175e-11	1.7485830784835175e-11	1.7485830784835175e-11
0.00038018939632056124	0.005627285021026406	0.0007444972165352744	0.005619565306877361	0.0007359026146138614	0.005627482740797276	0.0007447144740862143	0.37461445156510825	0.37489456476870514	0	0	0	0	0	0	0.3720398607867357	0.0043503073523048184	0	0.00807189155221327	0.008071045733668956	0.008071885434763214	1.6318726782955872e-11	1.6318726782955872e-11	1.6318726782955872e-11
0.00040738027780411304	0.005550659283390794	0.0007291117503010508	0.005542967204233868	0.0007205507230462528	0.005550396567887458	0.0007288197120664543	0.36178623005768756	0.3620860111756696	0	0	0	0	0	0	0.3594001395353397	0.004299942410945033	0	0.007955522793091972	0.007954682552153917	0.007955487982965328	1.5229521953724606e-11	1.5229521953724606e-11	1.5229521953724606e-11
0.00043651583224016654	0.005459248588696233	0.0007153150167216702	0.005451888310789477	0.0007071239095995725	0.005458741442872612	0.0007147483442170655	0.3484297595819542	0.34861793373188055	0	0	0	0	0	0	0.3460076904878154	0.004239067300856496	0	0.007819160723147428	0.00781835515075193	0.00781912434532531	1.4213016862395675e-11	1.4213016862395675e-11	1.4213016862395675e-11
0.00046773514128719906	0.005369343285465629	0.0007017793540376382	0.005362305974067398	0.0006939472927227736	0.005368599842493122	0.0007009486531484698	0.33556638499751745	0.3356508121506031	0	0	0	0	0	0	0.3331142888021602	0.0041790540113865	0	0.007685135974659076	0.007684364129243312	0.00768509809311158	1.3264359114130911e-11	1.3264359114130911e-11	1.3264359114130911e-11
0.0005011872336272725	0.005264782965160128	0.0006861568482607856	0.0052582724555505075	0.0006789134455595272	0.005264106669200723	0.0006854012907121036	0.32228029976404243	0.32227070594768614	0	0	0	0	0	0	0.3198015860088742	0.004108865747905628	0	0.007530807785288407	0.007530076906386871	0.00753077446880186	1.2379020190578456e-11	1.2379020190578456e-11	1.2379020190578456e-11
0.0005370317963702533	0.005162258808310956	0.0006708821194388165	0.005156257280079928	0.0006642052954094371	0.005161647326624901	0.0006701987759013681	0.3095202507151285	0.30942397322554255	0	0	0	0	0	0	0.30702091699984735	0.004039856313967763	0	0.007379578720007786	0.007378887473632032	0.00737954980051475	1.1552773832510127e-11	1.1552773832510127e-11	1.1552773832510127e-11
0.0005754399373371578	0.005047888748144564	0.0006545449898451566	0.005041954892209954	0.0006479418019781963	0.005047083661531912	0.0006536440728454065	0.2964082457851442	0.2962561975426675	0	0	0	0	0	0	0.2938938359285337	0.003962561744018292	0	0.0072110009795392435	0.0072103373576220325	0.007210970825037847	1.0781675865325006e-11	1.0781675865325006e-11	1.0781675865325006e-11
0.0006165950018614823	0.0049360525614525926	0.0006386056973612172	0.004930186325901457	0.0006320765306334348	0.004935062757020774	0.0006374982905501595	0.2838516961860691	0.2836487867036253	0	0	0	0	0	0	0.28132802038641214	0.00388674605105834	0	0.007046274198002066	0.007045637299186232	0.007046242880008754	1.0062045371113696e-11	1.0062045371113696e-11	1.0062045371113696e-11
0.0006606934480075965	0.004812392540582881	0.0006210524255982126	0.004806849155768066	0.000614883734567337	0.0048116683846240755	0.0006202435095590394	0.2709945666206267	0.27089170682088004	0	0	0	0	0	0	0.2686953277019996	0.0038031929254970357	0	0.006865455527826926	0.006864844573410982	0.006865424146636011	9.390447117406309e-12	9.390447117406309e-12	9.390447117406309e-12
0.0007079457843841388	0.004691830501465008	0.0006039816383336372	0.004686597479068583	0.0005981585911069671	0.004691359316688297	0.0006034557532979687	0.2587198037730291	0.2587083755130046	0	0	0	0	0	0	0.25662989072229647	0.003721435936009291	0	0.006689276954043882	0.006688691031900437	0.006689245533522427	8.763675158726138e-12	8.763675158726138e-12	8.763675158726138e-12
0.0007585775750291852	0.004561265466652956	0.0005858126584324536	0.004556313467964502	0.0005803032158201697	0.004560915901078458	0.0005854226130214934	0.24637632253217084	0.24637135040320118	0.24627677934449033	0	0	0	0	0	0.24431860065298	0.003633318644255679	0	0.006499171582183359	0.006498609765960247	0.0064991505880056	8.17873753266892e-12	8.17873753266892e-12	8.17873753266892e-12
0.0008128305161640995	0.004434333817213666	0.0005681902379127121	0.004429651257884558	0.0005629808336749452	0.004434099469361213	0.0005679283592275057	0.23462174684443057	0.23462264095290525	0.23444221008770044	0	0	0	0	0	0.23259791935002497	0.003547287820532026	0	0.006314468894747261	0.006313930287528132	0.006314457759682711	7.632841977453051e-12	7.632841977453051e-12	7.632841977453051e-12
0.0008709635899560814	0.004299136929666064	0.0005495205295848307	0.004294811699980648	0.0005447107385834131	0.004299209137473932	0.0005496025269016001	0.22291743368214537	0.2228890281294715	0.22268469082909825	0	0	0	0	0	0.2208963289015528	0.003456501865706287	0	0.006118569511782036	0.0061180511737707445	0.006118565559745821	7.1233826027618646e-12	7.1233826027618646e-12	7.1233826027618646e-12
0.0009332543007969925	0.004168062013795833	0.0005314642742622819	0.004164076687856354	0.0005270335524413285	0.00416842232238017	0.0005318680299527369	0.2117970005243496	0.21174222001222928	0.2115168233190643	0	0	0	0	0	0.20978342479819675	0.0033680394013923458	0	0.005928747689556414	0.005928248881495243	0.005928750485582284	6.64792745024997e-12	6.64792745024997e-12	6.64792745024997e-12
0.001	0.004029938646950867	0.000512905184449481	0.0040260363284370755	0.0005085658686159241	0.004030103275133937	0.000513089266901484	0.2006352636372837	0.20057233580559358	0.2004528928098888	0	0	0	0	0	0.19877842634289605	0.0032755260230280412	0	0.005728765319585772	0.005728286878713491	0.005728766409695516	6.204206884332169e-12	6.204206884332169e-12	6.204206884332169e-12
0.001071519305237607	0.003896392482749583	0.0004949941905320392	0.0038925720472836327	0.0004907453074344101	0.003896374012067766	0.0004949735291156642	0.19006175212653376	0.18999168842278252	0.1899676895924292	0	0	0	0	0	0.18835073751593043	0.0031855538041207264	0	0.005535528547571589	0.0055350696674132905	0.005535528043668776	5.790102757837293e-12	5.790102757837293e-12	5.790102757837293e-12
0.001148153621496884	0.0037566881041352254	0.0004765715859698144	0.0037528990413615414	0.0004723564044406187	0.0037566009942108093	0.00047647444220485526	0.17961587856352365	0.17956189174442264	0.17950144960861644	0	0	0	0	0	0.1779144133838898	0.003093419823964004	0	0.00533375575809808	0.005333313987496392	0.005333747061128327	5.403638300808169e-12	5.403638300808169e-12	5.403638300808169e-12
0.0012302687708123836	0.0036219927982696822	0.0004588346305835758	0.003618237772755123	0.0004546565589848051	0.003621841996173394	0.0004586667381587928	0.16974411459002078	0.16970464989546066	0.16961184547079294	0	0	0	0	0	0.16805635543134748	0.003003950583071311	0	0.005139337687911457	0.005138912389248668	0.005139321395839238	5.0429686841805665e-12	5.0429686841805665e-12	5.0429686841805665e-12
0.0013182567385564075	0.0034830577065584536	0.00044039591882169934	0.0034794012562672253	0.00043632609561759295	0.0034827316402131496	0.0004400305874377146	0.15998687625571242	0.15999668409010268	0.1598843979019625	0	0	0	0	0	0.15835445391747008	0.0029126372087671893	0	0.004939462868587359	0.00493906645617489	0.00493945391839229	4.706372213296063e-12	4.706372213296063e-12	4.706372213296063e-12
0.0014125375446227555	0.003349451990355098	0.0004226981844594687	0.0033458920785340174	0.00041873466456084974	0.0033489643365328847	0.00042215164469533743	0.15079050390572638	0.15084406311551996	0.15071483139351236	0	0	0	0	0	0.14921264364645784	0.002824099556664952	0	0.004747361413425298	0.004746992283726893	0.0047473592586899805	4.3922421092100025e-12	4.3922421092100025e-12	4.3922421092100025e-12
0.0015135612484362103	0.0032120996745049883	0.0004044612727875855	0.003208743051073577	0.0004007240243579781	0.0032116395589449663	0.0004039448916466958	0.14179594243271634	0.14185958774716284	0.14170787728114542	0	0	0	0	0	0.1403303625082616	0.002734145675455416	0	0.004550263062514044	0.004549917070661851	0.0045502702333034524	4.099078838561879e-12	4.099078838561879e-12	4.099078838561879e-12
0.0016218100973589332	0.0030803798199421934	0.00038701117534759564	0.003077215799597491	0.00038348805887867513	0.003079945804158295	0.0003865233679362306	0.13333790105875937	0.1334102398208636	0.1332391928376107	0	0	0	0	0	0.13197682287808993	0.002647057026360508	0	0.004361347732980114	0.004361023594006574	0.004361363458682277	3.825482955393807e-12	3.825482955393807e-12	3.825482955393807e-12
0.0017378008287493763	0.0029461211393522033	0.00036952024847296033	0.002943082356481284	0.00036613648229143696	0.0029458413971597684	0.0003692058344879927	0.1251378656944469	0.12516448475596464	0.1250052826251582	0	0	0	0	0	0.1238306156987201	0.0025618639874350883	0	0.004169184945667213	0.004168874910033807	0.004169198336761101	3.570148420746859e-12	3.570148420746859e-12	3.570148420746859e-12
0.0018620871366628695	0.0028177141375704752	0.0003528198220862214	0.002814795685815859	0.00034957000762091285	0.002817576051339571	0.0003526641841806161	0.11744211740411734	0.11742837930028284	0.11728021126066632	0	0	0	0	0	0.11618722931744208	0.002479412806281926	0	0.003985488930345133	0.00398519238451136	0.003985500162030357	3.3318563681455895e-12	3.3318563681455895e-12	3.3318563681455895e-12
0.001995262314968883	0.0026880849016128736	0.0003360428720769859	0.0026852578752125044	0.0003328946515091	0.002687841164230174	0.0003357691178236719	0.10994611452828776	0.10993662724047001	0.1097862003552753	0	0	0	0	0	0.10876018420229046	0.0023976639834207554	0	0.003799922656549949	0.0037996369242319053	0.0037999260284755075	3.1094692852097126e-12	3.1094692852097126e-12	3.1094692852097126e-12
0.0021379620895022326	0.002564419272321721	0.00032006368351422546	0.002561681436676217	0.00031701475122986386	0.0025640799014796634	0.00031968344260994503	0.10292856061401014	0.10292283757152189	0.1027710443124946	0	0	0	0	0	0.10180789865810516	0.002318610504401586	0	0.0036229964373558597	0.0036227211544661016	0.0036229926570946844	2.9019255836181135e-12	2.9019255836181135e-12	2.9019255836181135e-12
0.0022908676527677745	0.002440065018871033	0.00030402129809311976	0.002437456415281739	0.000301116355332882	0.0024398145499427474	0.00030374086938112155	0.09618105373389613	0.09613586851661964	0.09603407258275373	0	0	0	0	0	0.09508685812580946	0.002241581883002831	0	0.0034455211642035436	0.0034452579653047846	0.00344551729333322	2.708234531504422e-12	2.708234531504422e-12	2.708234531504422e-12
0.0024547089156850338	0.002321740972928993	0.0002887829968066884	0.002319255505909744	0.00028601526931222777	0.002321571583895331	0.00028859335028172454	0.08987588131202756	0.08979644783911406	0.08973873096771051	0	0	0	0	0	0.08880951976625434	0.002167112297933518	0	0.0032767396541076074	0.003276488015883565	0.0032767357105764118	2.5274715240934238e-12	2.5274715240934238e-12	2.5274715240934238e-12
0.002630267991895387	0.0022033476992265803	0.0002734144380166058	0.0022010882121178284	0.0002708993643445841	0.0022032763901373128	0.0002733351124399739	0.08376983177961396	0.08371707522778964	0.0836412623017233	0	0	0	0	0	0.08276383408523531	0.002095218140975723	0	0.0031081100596823522	0.0031078711051144648	0.003108104629913728	2.3587736700021127e-12	2.3587736700021127e-12	2.3587736700021127e-12
0.002818382931264455	0.002090991691274919	0.00025886376879029994	0.0020889416043980294	0.00025658233484796104	0.0020910089031979558	0.0002588835938861357	0.07807861924627091	0.07804928650688314	0.0779580977353348	0	0	0	0	0	0.07712970693363849	0.002025709079524795	0	0.002948158585314756	0.0029479316753736793	0.0029481518327249575	2.201335672136177e-12	2.201335672136177e-12	2.201335672136177e-12
0.003019951720402019	0.0019789257871228962	0.00024455031012748067	0.0019769392531299073	0.00024233923520768351	0.0019789302362486993	0.00024455570257164396	0.0726146989955061	0.07259821866966558	0.07251304910047963	0	0	0	0	0	0.07174749281962642	0.001958531519338693	0	0.0027884942441381	0.002788277616223312	0.002788488440076889	2.0544059835189215e-12	2.0544059835189215e-12	2.0544059835189215e-12
0.0032359365692962876	0.0018728660124671386	0.0002310282913013356	0.0018709421088351048	0.00022888678192068326	0.001872859017458039	0.0002310207872292418	0.06753314237763997	0.06752786079016589	0.06744831444835647	0	0	0	0	0	0.06674085680542478	0.0018935817344230739	0	0.0026374768943310247	0.002637270100280212	0.0026374719558644438	1.917283219702105e-12	1.917283219702105e-12	1.917283219702105e-12
0.0034673685045253167	0.0017672665590362333	0.0002174973143831018	0.0017655538930432476	0.00021559183085080057	0.0017673523952194481	0.00021759359813848145	0.06267406657517968	0.06268756802485832	0.06260196749688159	0	0	0	0	0	0.061948703405253165	0.0018310591000161084	0	0.0024875373130161704	0.002487344604459642	0.0024875393609742856	1.789312810632894e-12	1.789312810632894e-12	1.789312810632894e-12
0.003715352290971728	0.0016676212125679554	0.00020475882627794974	0.0016661020854252914	0.00020306912063496488	0.0016677894383782125	0.00020494681244362874	0.05816460604046479	0.05819421996918227	0.05810384390674873	0	0	0	0	0	0.05750063809909147	0.0017706008495974967	0	0.0023461217411791563	0.0023459421849423468	0.0023461299971882527	1.6698838759942991e-12	1.6698838759942991e-12	1.6698838759942991e-12
0.003981071705534978	0.0015691462494276554	0.00019227201962818694	0.001567733191121036	0.00019070033434544505	0.0015693556080816592	0.00019250592345108712	0.05387616735278011	0.05392266387465493	0.05382392339185553	0	0	0	0	0	0.053268455818775165	0.0017116741050840136	0	0.0022063327625497964	0.0022061656409085684	0.0022063451312263225	1.558426309103228e-12	1.558426309103228e-12	1.558426309103228e-12
0.004265795188015935	0.0014764863468613035	0.00018054669585631917	0.0014751721278322323	0.00017908492145803299	0.0014767313954286098	0.00018082023390312	0.04990391246878588	0.04996464736324009	0.049859261186605365	0	0	0	0	0	0.049347772113882624	0.0016547084808420731	0	0.0020748728310467025	0.002074717299669995	0.0020748887929996043	1.4544080554457677e-12	1.4544080554457677e-12	1.4544080554457677e-12
0.004570881896148752	0.0013849923991822528	0.00016904944440786736	0.0013836986956452433	0.00016760979828571215	0.0013852420641627726	0.00016932819404952108	0.04614742015588102	0.04618875734951291	0.04609701006093798	0	0	0	0	0	0.045633171265162066	0.0015997610309013664	0	0.0019450490590897343	0.0019449032315207464	0.001945065204977325	1.3573325728585533e-12	1.3573325728585533e-12	1.3573325728585533e-12
0.004897788193684466	0.0012991680890719402	0.00015828434034235122	0.0012978974075004285	0.00015686996008740147	0.0012994208576225142	0.00015856653141724247	0.04267369594268646	0.04269821600025462	0.04261864869207235	0	0	0	0	0	0.04219818302860702	0.0015466382058356403	0	0.0018233482966555359	0.0018232115674658438	0.001823364540970943	1.2667364612320895e-12	1.2667364612320895e-12	1.2667364612320895e-12
0.005248074602497733	0.0012145325434348697	0.00014760813918759954	0.0012133518455346387	0.0001462940644305633	0.0012147720681372806	0.00014787575835636035	0.039395025448250826	0.0394054505225405	0.03932000984028044	0	0	0	0	0	0.038940580299948714	0.0014937802442681544	0	0.001703399339521593	0.001703271088602873	0.0017034127465344212	1.1821872504212077e-12	1.1821872504212077e-12	1.1821872504212077e-12
0.005623413251903491	0.0011354106612302228	0.00013765204256656387	0.0011343136156636716	0.00013643117698053579	0.0011356375949101594	0.00013790577188024994	0.03636825908289565	0.036366613791900156	0.03627668218695406	0	0	0	0	0	0.03593445701367711	0.0014427287582490752	0	0.0015913412238379196	0.0015912209274224957	0.0015913520965537887	1.1032813358029631e-12	1.1032813358029631e-12	1.1032813358029631e-12
0.0060255958607435805	0.0010576814508813737	0.00012791190724883831	0.0010566433942065803	0.0001267566692444523	0.0010578139797798778	0.00012805969322179174	0.033486343815233896	0.03349676239351208	0.03340213442006202	0	0	0	0	0	0.03309264605463152	0.0013910166420843238	0	0.0014810524629432034	0.0014809380610574078	0.0014810609430335716	1.029642051627164e-12	1.029642051627164e-12	1.029642051627164e-12
0.006456542290346563	0.000985273513572985	0.00011886097518766258	0.0009842915108333212	0.0001177681931179099	0.0009853235053443835	0.00011891659648806926	0.030832798995303796	0.03085338374554171	0.030755364508420365	0	0	0	0	0	0.030475574529491314	0.001341158057252435	0	0.0013784073240432446	0.001378298577458408	0.001378413690929742	9.60917872962488e-13	9.60917872962488e-13	9.60917872962488e-13
0.006918309709189377	0.0009139780901929212	0.000110019005277544	0.0009130401553267815	0.00010897519936642097	0.0009140169420836684	0.00011006226044951215	0.028333789345281794	0.028364713414896773	0.028257676434579004	0	0	0	0	0	0.02801266904540506	0.0012890933556596504	0	0.0012779361055865288	0.001277831820389646	0.001277940042406357	8.96780737654938e-13	8.96780737654938e-13	8.96780737654938e-13
0.007413102413009177	0.0008478416783207495	0.00010183478221636414	0.0008469465763586406	0.00010083872192096337	0.0008478707408121653	0.00010186720384712346	0.02603732534257051	0.026076782169005528	0.025962829257404747	0	0	0	0	0	0.02574880504018163	0.0012390498424997196	0	0.0011847881692700808	0.0011846882728496425	0.0011847899964516578	8.369244802883702e-13	8.369244802883702e-13	8.369244802883702e-13
0.00794328234724282	0.0007832800963602021	0.00009385331760117452	0.0007824261868001019	0.00009290295132956479	0.0007833347901808112	0.00009391458746617042	0.023886215980327523	0.023920935276839264	0.023808894967448632	0	0	0	0	0	0.023628408454709322	0.0011856872321334136	0	0.0010935841410562347	0.001093489781346051	0.0010935857558139078	7.810633706714076e-13	7.810633706714076e-13	7.810633706714076e-13
0.008511380382023776	0.0007236347599344389	0.00008649741309439826	0.0007228209604702563	0.00008559170724623383	0.0007237110139215825	0.00008658281964995772	0.021912823469852093	0.02194331880406834	0.02183365587590298	0	0	0	0	0	0.021682625086148103	0.0011346228087224938	0	0.001009400924645022	0.001009311841191824	0.00100940234885573	7.289307498740852e-13	7.289307498740852e-13	7.289307498740852e-13
0.009120108393559097	0.0006653852513472528	0.00007925143766672142	0.0006646338836545648	0.00007841493035005863	0.000665463283941026	0.00007933874343529479	0.020067884051964767	0.02008925207353447	0.019969863702543774	0	0	0	0	0	0.019859199047111104	0.0010793994989331717	0	0.0009273614212409505	0.0009272800423689667	0.0009273641723443924	6.802777573031666e-13	6.802777573031666e-13	6.802777573031666e-13
0.009772372209558112	0.0006118245795027284	0.00007261246489981988	0.0006111308656771115	0.00007183991883834154	0.0006119036103567685	0.00007270075328269346	0.018378278402925465	0.018391841839311182	0.018265170916168492	0	0	0	0	0	0.018189116180620187	0.0010268639668975156	0	0.0008519897145016698	0.0008519153762829709	0.0008519935674044241	6.348721427397117e-13	6.348721427397117e-13	6.348721427397117e-13
0.010471285480509006	0.0005599210728054906	0.00006626133794342022	0.0005592985864598898	0.00006556831646114966	0.0005599983584189795	0.00006634767547391398	0.016792767238941943	0.01681128138864691	0.016675933058100084	0	0	0	0	0	0.01662250696294762	0.000970232034699583	0	0.000779075226540638	0.0007790064507900662	0.0007790794576936116	5.924971576680367e-13	5.924971576680367e-13	5.924971576680367e-13
0.011220184543019653	0.0005124207465258488	0.000060465719103594716	0.000511862395412549	0.000059844223003979125	0.0005124960142809248	0.00006054977207285301	0.015344039597114462	0.0153665513436609	0.015224973510216122	0	0	0	0	0	0.015190828129826202	0.0009167233747634676	0	0.0007124008638582656	0.0007123372429551798	0.0007124053803003167	5.529505206036878e-13	5.529505206036878e-13	5.529505206036878e-13
0.012022644346174132	0.000466766169441011	0.00005497262788985497	0.0004662201024110457	0.00005436457788232276	0.00046682487693458134	0.00005503813837290409	0.013998134374505365	0.014016716750531805	0.013862651220186446	0	0.008259367363191888	0.008377916718178391	0	0	0.013858036788867613	0.0008595721701263537	0	0.0006483477242893804	0.0006482865470684481	0.0006483519750756098	5.160434514813276e-13	5.160434514813276e-13	5.160434514813276e-13
0.01288249551693135	0.0004251792270546633	0.00004997856408420346	0.00042464769016090233	0.000049386677275876974	0.00042522372789719	0.00005002820938632473	0.012770285473165579	0.012785454853908173	0.012622228782439985	0	0.007770519470329525	0.00784673696540827	0	0	0.01264218000495572	0.000805983938007874	0	0.0005900537084060138	0.0005899950497693883	0.000590057704796164	4.815997704930722e-13	4.815997704930722e-13	4.815997704930722e-13
0.013803842646028866	0.00038552960027677665	0.0000452265516210211	0.00038501967215323016	0.00004465876995865957	0.0003856029614214591	0.00004530862415436484	0.011627680767264486	0.011636817814507403	0.01146745529363173	0	0.007264638500712261	0.007305378182794122	0.0077198721441574455	0.0073515647506160265	0.01151638218377968	0.0007501469300376719	0	0.000534545916615399	0.0005344913258137986	0.0005345491417372162	4.494550570755031e-13	4.494550570755031e-13	4.494550570755031e-13
0.014791083881682071	0.0003495774563569226	0.00004092636531299202	0.0003490897310398932	0.000040383476763978424	0.00034967391070177923	0.000041034277419544274	0.010587309133340609	0.01059137358782698	0.010418328900391096	0	0.0067916916941709905	0.006801368598044712	0.007174272052457173	0.006859002254278996	0.010490837699739188	0.0006981782019574782	0	0.00048425987821024244	0.00048420910901177447	0.00048426244180762884	4.19455865030671e-13	4.19455865030671e-13	4.19455865030671e-13
0.01584893192461114	0.000315428171082451	0.00003687770674884535	0.0003149655082463096	0.000036362485686186454	0.0003155030525116278	0.00003696153589181348	0.00962083942360026	0.009625741339118173	0.009440761718048772	0	0.006304789419832527	0.006291937374970743	0.006623143804498603	0.006354365050904977	0.00954055209954911	0.0006452251485497988	0	0.0004366956993986994	0.00043664787795420003	0.000436697065554123	3.914589900343957e-13	3.914589900343957e-13	3.914589900343957e-13
0.01698243652461746	0.0002846148380084168	0.000033229563501504366	0.000284176996812087	0.00003274186551608473	0.0002846714412990616	0.00003329302284316888	0.00874259455815997	0.008748147306795016	0.008554921107705614	0	0.005852793592286902	0.005820663203275704	0.0061143532799323086	0.005886855508025642	0.008676345680810004	0.0005962882988238367	0	0.00039380329127850015	0.0003937583283202334	0.00039380367048852914	3.65330786035246e-13	3.65330786035246e-13	3.65330786035246e-13
0.018197008586099864	0.00025574627427453624	0.00002981191133204165	0.00025533619953617767	0.00002935514914207128	0.00025577386786095475	0.000029842863548938818	0.007927547393751082	0.007934246850061936	0.007732392524061114	0	0.005399388172498019	0.005354085537580643	0.00561251096883893	0.005420446332836772	0.007874240376542501	0.0005477681287863105	0.006801971630672635	0.00035361538250814294	0.00035357303083115066	0.00035361504135883616	3.409465272809385e-13	3.409465272809385e-13	3.409465272809385e-13
0.019498445997580455	0.00022980585714709752	0.000026745763820499165	0.0002294224216771858	0.000026318744139057097	0.0002298097455158	0.000026750244608182735	0.007188484752676984	0.007196069164132674	0.006988947459994954	0	0.004981107257179089	0.004924908200769583	0.005151857920726183	0.004990990250585865	0.007146287594869528	0.000503196060539671	0.006213402468034047	0.000317528678697479	0.0003174888736053748	0.0003175277602671663	3.181898129267349e-13	3.181898129267349e-13	3.181898129267349e-13
0.02089296130854041	0.00020563163544959012	0.000023911099879501847	0.00020526081629306217	0.00002349799403573299	0.0002056183260469899	0.000023896256906583416	0.006503540416424797	0.0065134857130340375	0.0062930107320927076	0	0.004565785910102468	0.0045047754681346915	0.004704787094332077	0.004570749740103981	0.006473916012563073	0.0004594894881314045	0.0056475817528740145	0.0002839362291965421	0.0002838988019007603	0.000283935164300919	2.969520113836652e-13	2.969520113836652e-13	2.969520113836652e-13
0.022387211385683423	0.0001840003993919403	0.000021376869297309232	0.00018364378859437314	0.0000209795619724857	0.00018397346862498252	0.000021346761590761706	0.005883860007120391	0.005895648744645156	0.005666373127129301	0	0.0041850937754542555	0.004120483304670953	0.004296512431746879	0.004185893407467235	0.005864805744427327	0.000419579178495208	0.0051332872479267115	0.00025389764030467517	0.00025386253321389685	0.0002538964702133676	2.7713174175412243e-13	2.7713174175412243e-13	2.7713174175412243e-13
0.02398832919019495	0.00016396106559438963	0.000019031735352935222	0.00016362847475319119	0.00001866110612412858	0.00016394118294558085	0.000019009512581871276	0.005315415559292367	0.005325258971317064	0.005086544237975887	0	0.003816660388529929	0.003751507657689102	0.003905417453450012	0.0038150449589045912	0.005300786117652806	0.0003813116932350461	0.004645407237564234	0.00022611378932198194	0.00022608165636938207	0.00022611284178837202	2.5863438987939567e-13	2.5863438987939567e-13	2.5863438987939567e-13
0.025703957827688646	0.00014610419933700094	0.000016943872627305508	0.00014579462749591838	0.000016598863323871887	0.00014609014912026727	0.000016928168100060254	0.004801888986783531	0.004810053030610083	0.0045660481059766585	0.004453273797393742	0.003480661916540296	0.0034155725591087896	0.003549922344693585	0.0034770517597269473	0.004791008379399354	0.000346534372652238	0.004203896520992492	0.00020137030679053685	0.00020134091746282765	0.00020136954711756256	2.4137165668895215e-13	2.4137165668895215e-13	2.4137165668895215e-13
0.02754228703338169	0.00012965873975243417	0.000015008801873553271	0.00012938548654415044	0.000014704340269281044	0.00012966912327720966	0.000015020490779154143	0.004328519734685507	0.004335141489812213	0.004083662713162236	0.0039677093959652535	0.003161064254559748	0.0030974192799873633	0.003213521049183532	0.003155565936013614	0.0043227160200447375	0.0003135581466878044	0.0037868057987386974	0.0001786219873677035	0.0001785952492912597	0.0001786216316389026	2.2526113669545928e-13	2.2526113669545928e-13	2.2526113669545928e-13
0.0295120922666639	0.00011506437782402568	0.000013294725393329312	0.00011482318941234786	0.000013026049949085573	0.000115093876162986	0.000013327794355128783	0.003901815128406782	0.0039071194469362394	0.003652239478827076	0.0035350886936357496	0.0028708123515160406	0.0028089012983933677	0.0029089981500530493	0.002863804471323557	0.003900196432612804	0.0002837199398195274	0.0034110968444997633	0.00015844349089846733	0.00015841918012167607	0.00015844345754384003	2.102259246234562e-13	2.102259246234562e-13	2.102259246234562e-13
0.03162277660168379	0.00010172422197666584	0.000011746689072693388	0.00010149717287310031	0.000011493723192099626	0.00010174241017068427	0.000011767076583855085	0.0035098382245827755	0.0035161014851185367	0.0032539104955906606	0.003142863712353037	0.0025964542677260703	0.0025372890212366802	0.0026242293463729265	0.0025896468179774546	0.0035133249343620495	0.00025567765374552576	0.003059429671859367	0.00013998555964797493	0.0001399629631529457	0.00013998526871727236	1.9619424829386484e-13	1.9619424829386484e-13	1.9619424829386484e-13
0.03388441561392028	0.00008993067648254641	0.000010378905926087659	0.00008971773170519639	0.000010141652560289935	0.00008993978109383334	0.00001038912273410241	0.003157239376375196	0.0031642159451631662	0.002899024988557257	0.002794156857282872	0.0023483160649050297	0.002291940831445547	0.0023673372436621414	0.0023417348177968713	0.0031648283125424504	0.00023040700863816247	0.002744017641171998	0.00012367789171291368	0.00012365694002144614	0.00012367740367206294	1.8309912601188195e-13	1.8309912601188195e-13	1.8309912601188195e-13
0.03630780547701017	0.00007914689699527908	9.127124468567327e-6	0.00007894891053372111	8.906538655943249e-6	0.00007915246023763926	9.133421351632339e-6	0.0028347263263729426	0.0028416463246203035	0.0025721652350996628	0.0024773001908720746	0.0021159469968321126	0.0020626985500301408	0.0021270469876798273	0.0021091958495978442	0.00284550275374611	0.00020676797921464284	0.002449548211541646	0.00010878164014000153	0.00010876208614981642	0.00010878074329766567	1.70878046822759e-13	1.70878046822759e-13	1.70878046822759e-13
0.038904514499428125	0.00006965622353788315	8.026318155108474e-6	0.00006947267118770103	7.821844650882369e-6	0.00006965896386977771	8.029492741733458e-6	0.0025451580914518843	0.0025519604142604352	0.0022821583197003975	0.0021963749886477883	0.0019065711640412844	0.001856385317596941	0.0019111467535563003	0.0018997484677390404	0.002558396576992225	0.00018555423934888811	0.0021866792511232125	0.00009567955167781368	0.00009566136265064059	0.00009567835159095915	1.594726721091293e-13	1.594726721091293e-13	1.594726721091293e-13
0.04168693834703355	0.00006101534041236028	7.0257143935147414e-6	0.00006084839886183857	6.839760540871493e-6	0.00006102177412471809	7.033019808537578e-6	0.002278744083891488	0.0022875455953450525	0.0020166423245551583	0.0019438237401967228	0.0017110228089505849	0.0016640476431265122	0.0017106501166952296	0.0017047666871675136	0.002295106837856407	0.0001658592212775829	0.0019444307502745168	0.00008376451381951318	0.00008374756809887153	0.00008376335517009602	1.4882855710543353e-13	1.4882855710543353e-13	1.4882855710543353e-13
0.04466835921509635	0.000053446362385860174	6.149851250018501e-6	0.0000532947356241119	5.980983558806049e-6	0.00005345553121187962	6.160210765269744e-6	0.0020402169190630827	0.0020505274382553573	0.0017820175883858538	0.0017203122201271226	0.0015355309615318116	0.0014916378255885924	0.0015311873964173757	0.001529796974193587	0.002058912775504086	0.0001482546633228994	0.0017290194438306615	0.00007333326350698585	0.00007331753351757343	0.00007333215458547477	1.388948910000563e-13	1.388948910000563e-13	1.388948910000563e-13
0.0478630092322639	0.0000465991442174483	5.366889639320621e-6	0.00004645409613114455	5.2052942634162455e-6	0.00004660181158669221	5.3699532627647135e-6	0.0018233329870292908	0.0018336926323752232	0.0015690079733834007	0.0015184303239282805	0.0013728541172269412	0.0013322989398516594	0.0013647836439121212	0.0013672597698906317	0.0018436356543354	0.00013193825111975204	0.0015305084028822795	0.00006389296446110486	0.00006387865150714985	0.00006389213069219413	1.2962425438453179e-13	1.2962425438453179e-13	1.2962425438453179e-13
0.05128613839913648	0.000040629149391335254	4.683609932933015e-6	0.00004049148611190974	4.530206127863538e-6	0.00004062683119832018	4.68107328516296e-6	0.0016295047602663151	0.0016397872114737608	0.001381460001621294	0.0013402396504830836	0.0012274115432402662	0.001189980861761432	0.0012164640324549348	0.0012219917478571423	0.00165086761633433	0.00011741756865094186	0.0013547886807470124	0.00005566792901885698	0.00005565492894539162	0.000055667317938003305	1.2097239289196766e-13	1.2097239289196766e-13	1.2097239289196766e-13
0.05495408738576248	0.000035244096869975315	4.059594183527201e-6	0.00003511995764734048	3.9212727553883295e-6	0.00003524813796481645	4.064137248754798e-6	0.0014528664380886248	0.0014626865368711666	0.001214517763589124	0.0011789843639846574	0.001093192922079187	0.0010585556478359779	0.0010800632989578444	0.0010880876638041952	0.0014744694134892426	0.0001040555704629841	0.0011944755289090825	0.000048255357445125674	0.00004824375079738755	0.000048255273375063734	1.128980059441321e-13	1.128980059441321e-13	1.128980059441321e-13
0.05888436553555896	0.00003057278783308986	3.5187185036580165e-6	0.000030461006586473695	3.394189930470637e-6	0.00003058154410128122	3.5285095042346077e-6	0.0012953757107032633	0.0013047131299562538	0.00106774962455836	0.0010371310310206738	0.0009736512349632488	0.0009416454462190283	0.0009589570251423923	0.0009688565951439471	0.0013169196789641466	0.00009221415388497064	0.0010531323515162016	0.0000418298212848562	0.000041819467477608816	0.000041830134713791443	1.0536254959876549e-13	1.0536254959876549e-13	1.0536254959876549e-13
0.06309573444801943	0.000026370792508368883	3.0289895866715297e-6	0.000026273653974552772	2.92079470450091e-6	0.000026382783267920944	3.0424149988900748e-6	0.0011518894681632101	0.0011611674457685254	0.0009381306108903908	0.0009089061127857517	0.0008630964621857453	0.0008337363220736981	0.000847225133404768	0.0008587367545631347	0.0011732396344960624	0.00008136706091738683	0.0009244053941281813	0.000036059375099385744	0.0000360499616920741	0.00003605968438572933	9.833005255598412e-14	9.833005255598412e-14	9.833005255598412e-14
0.06760829753919818	0.000022746329229641767	2.6074202601392027e-6	0.000022661919960355753	2.513424964600521e-6	0.000022760500603137684	2.623285841900881e-6	0.0010242969170272446	0.0010334147837983475	0.0008242466425156572	0.0007965341862795366	0.0007650948063201202	0.0007381931888866107	0.0007485115681447224	0.0007611330895962635	0.0010452355310197588	0.00007179590467849873	0.0008114130493313743	0.00003108496504690906	0.00003107642962445313	0.00003108526536898068	9.176694444546649e-14	9.176694444546649e-14	9.176694444546649e-14
0.07244359600749906	0.0000195074304105572	2.235855142875827e-6	0.000019430264669593596	2.1499083337023627e-6	0.00001951539746345809	2.2447600941787116e-6	0.0009081952361284936	0.0009171570402244213	0.0007249166091591419	0.0006933214098996015	0.0006743063068159097	0.0006503740845951933	0.0006578962659087303	0.0006717010641102263	0.0009280007416615168	0.00006303542271324892	0.0007084840086037865	0.00002663545497121145	0.000026627798587061328	0.00002663575152442752	8.564189557473011e-14	8.564189557473011e-14	8.564189557473011e-14
0.07762471166286927	0.000016729725371548422	1.917239156397979e-6	0.000016659452764413093	1.8389671099879023e-6	0.000016732968434984385	1.9208535341180725e-6	0.0008052534115989645	0.0008139781330991306	0.0006375568466143987	0.000603482669928338	0.0005942910494957235	0.0005730023742849893	0.0005782509116986214	0.0005927771708967954	0.0008239151377528568	0.000055343888128871805	0.000618611681018576	0.000022822848938476655	0.000022815994828285614	0.000022823136648497142	7.99256673735236e-14	7.99256673735236e-14	7.99256673735236e-14
0.08317637711026708	0.000014251541280091205	1.6341860794461354e-6	0.000014185981741162252	1.5611441483330938e-6	0.000014253341475824041	1.6361853941454475e-6	0.0007114712280276235	0.0007203370847419738	0.0005617252721050834	0.0005198951098322006	0.0005203030451192684	0.0005016049707591337	0.0005055036434508909	0.0005203199973927722	0.0007294661357264141	0.00004833766623229829	0.0005365496827187791	0.000019418677971795352	0.00001941243874604483	0.000019418935187322174	7.459097282041077e-14	7.459097282041077e-14	7.459097282041077e-14
0.08912509381337459	0.00001214045206047181	1.3929217611395183e-6	0.000012079753207168296	1.3252934425187632e-6	0.000012141165748074534	1.3937047236889022e-6	0.000628611193718516	0.0006374686180806418	0.000494913172052198	0.0004478851484824426	0.0004555263939951537	0.00043910384665374954	0.0004419083971549466	0.00045671951110605273	0.0006458442366078255	0.00004221839223410359	0.00046537362752608035	0.000016522260441226814	0.000016516605166905024	0.000016522489858301236	6.961234618527977e-14	6.961234618527977e-14	6.961234618527977e-14
0.09549925860214369	0.000010270731904797814	1.1771683651821437e-6	0.000010216210718536206	1.1164082018191438e-6	0.000010274384260803844	1.1812408710511478e-6	0.000553197782041917	0.0005621129359794402	0.0004366815615641274	0.0003806975876729402	0.00039609180589047127	0.0003821452560338133	0.00038360147666464413	0.0003984611344229648	0.0005697276838383439	0.00003674738322496924	0.00039979390255173204	0.00001395877566802039	0.000013953772701194916	0.000013959062006184583	6.496602146598133e-14	6.496602146598133e-14	6.496602146598133e-14
0.10232929922807536	8.688962596680507e-6	9.948335927008409e-7	8.640156769394872e-6	9.404462688054197e-7	8.694632305418906e-6	1.0011661521448239e-6	0.00048683158861013363	0.0004956651101457928	0.00038530149726945164	0.00032358887931663175	0.00034441191720549263	0.00033257507949891347	0.0003329877726847108	0.00034763409879541845	0.0005025819157830546	0.000031985352885890864	0.00034345557002709014	0.000011793024256168379	0.000011788607321482582	0.000011793344330280086	6.06298189387968e-14	6.06298189387968e-14	6.06298189387968e-14
0.10964781961431873	7.291648039162289e-6	8.326838717709038e-7	7.2488780819719734e-6	7.850118031727512e-7	7.297515566213561e-6	8.392373764736857e-7	0.0004265327260235579	0.00043540841320280203	0.00033787518508072913	0.00027032515460997697	0.0002973169226654706	0.0002874559147362383	0.00028669903126293664	0.00030092699138341695	0.00044219139257230077	0.00002766031751030802	0.00029160749505598285	9.880819625774181e-6	9.876985979983565e-6	9.881182973404371e-6	5.6583039281174834e-14	5.6583039281174834e-14	5.6583039281174834e-14
0.11748975549395303	6.119042467432402e-6	6.969632262065087e-7	6.081629633552856e-6	6.552671338717831e-7	6.124897703372627e-6	7.034989872176159e-7	0.0003737024684213392	0.00038247696359346514	0.0002962865223788706	0.00022582880279826942	0.00025666171258099653	0.00024845789119661964	0.0002468449032359352	0.000260495315208904	0.000389057428300775	0.00002392011016731818	0.00024758640882172506	8.2786734222156e-6	8.275350038254041e-6	8.279057595495347e-6	5.280636476132157e-14	5.280636476132157e-14	5.280636476132157e-14
0.12589254117941662	5.0908103157728615e-6	5.780359229212599e-7	5.058232373661733e-6	5.417179349622952e-7	5.095370187044186e-6	5.831262093349147e-7	0.0003254863244663017	0.00033442894616282827	0.0002554605819619817	0.00018540688651219996	0.0002198766153522625	0.00021336951796287545	0.0002104365531327358	0.0002235718150444278	0.00034069990449438317	0.000020566801036317805	0.00020681917101749288	6.874694492878629e-6	6.871834174236465e-6	6.874972441618239e-6	4.9281767022958096e-14	4.9281767022958096e-14	4.9281767022958096e-14
0.1348962882591656	4.235360321343511e-6	4.794019477986466e-7	4.20704914432816e-6	4.4784532275539335e-7	4.2388948518637596e-6	4.833499154819934e-7	0.0002834911630691607	0.00029241687912597177	0.00022026013337489455	0.0001522202355952569	0.00018836360707095943	0.00018323648718277785	0.000179398246890518	0.00019188197853836438	0.0002983529332146405	0.000017683585146920064	0.00017276461056132562	5.708816130322334e-6	5.706357398770129e-6	5.709012834833621e-6	4.599242102505085e-14	4.599242102505085e-14	4.599242102505085e-14
0.1445439770745928	3.4909726553905547e-6	3.9451731633407326e-7	3.4657487647907247e-6	3.6638697832958294e-7	3.4932641957586797e-6	3.9707678000923575e-7	0.00024561302208974555	0.0002541836489365847	0.0001841807296439022	0.00012280899094690024	0.00016007048990055058	0.00015596145489051613	0.00015143337693718204	0.00016297245595318452	0.0002598706072876477	0.000015091545829939373	0.0001412591669972605	4.694484243868947e-6	4.692370371995986e-6	4.694591445191708e-6	4.2922624725694726e-14	4.2922624725694726e-14	4.2922624725694726e-14
0.15488166189124797	2.8774151798302586e-6	3.2466266272412213e-7	2.855068740245626e-6	2.9974504827596895e-7	2.8787915642692012e-6	3.2620253810384046e-7	0.00021279589799891134	0.00022094937740883133	0.0001540112622851373	0.00009908044221858883	0.0001360271346224001	0.0001327463530083035	0.00012782771319160937	0.00013841852998249302	0.00022635183037891083	0.000012879444617418452	0.00011549907238483246	3.860376970082847e-6	3.858563032299957e-6	3.860420264392256e-6	4.005772412674993e-14	4.005772412674993e-14	4.005772412674993e-14
0.1659586907437563	2.345081929632052e-6	2.642756699907022e-7	2.3255339850889215e-6	2.42470438027129e-7	2.3461872645304366e-6	2.655175862532243e-7	0.00018346099163705525	0.00019103461801895903	0.0001247738874081849	0.00007863248145927137	0.00011457967259921771	0.00011206992268226891	0.00010677304841919306	0.00011642563052023913	0.00019642128757549056	0.000010904566862825119	0.00009255578964158783	3.138858129007332e-6	3.1372971925966636e-6	3.138821932950611e-6	3.738404332142867e-14	3.738404332142867e-14	3.738404332142867e-14
0.1778279410038923	1.9112324475230086e-6	2.1512060907472522e-7	1.894212997245857e-6	1.9613973159930227e-7	1.9121199146775475e-6	2.1612213387284227e-7	0.00015817003884456522	0.00016517007519837085	0.00010108691239817855	0.00006240451699641998	0.00009651384195798628	0.00009461403108546585	0.00008918632418651288	0.00009792711599920746	0.00017044846577219676	9.232508232925568e-6	0.00007417006924207071	2.55219384800756e-6	2.5508547073826494e-6	2.5521063645962742e-6	3.488881921090438e-14	3.488881921090438e-14	3.488881921090438e-14
0.1905460717963252	1.5386961034685773e-6	1.7365515460898935e-7	1.5235317468501637e-6	1.567362155398715e-7	1.538499129502164e-6	1.7344312971369314e-7	0.00013539631188178621	0.00014204442156248292	0.00007977106225730916	0.000048765253504837224	0.00008061604664389814	0.00007912842827234775	0.00007386042221595344	0.00008157028658973884	0.00014681901651471783	7.745154845442622e-6	0.00005836875653396634	2.049405349400519e-6	2.0482655597820533e-6	2.049288263301292e-6	3.2560140578305115e-14	3.2560140578305115e-14	3.2560140578305115e-14
0.20417379446695316	1.2387743321843685e-6	1.401823509703675e-7	1.225389640465585e-6	1.252486737972509e-7	1.2378823908008424e-6	1.391922183341975e-7	0.00011590160440692073	0.00012215661749132356	0.00006295001224880857	0.000038107016348311735	0.00006733694198310227	0.00006617737442342183	0.00006116814455218855	0.00006794554895690023	0.0001264653425461652	6.497413494412372e-6	0.00004593378129663413	1.6456674282129491e-6	1.6447004179607298e-6	1.6455357991197284e-6	3.0386891229257925e-14	3.0386891229257925e-14	3.0386891229257925e-14
0.21877616239495518	9.82115781388827e-7	1.1135679007842415e-7	9.707718525313455e-7	9.869901559563937e-8	9.808197730211015e-7	1.0991080032893995e-7	0.00009857460768862515	0.00010442291636953185	0.00004855684096395358	0.000029190062795985453	0.000055625179458060835	0.00005470754651452735	0.00005012595209097759	0.00005595941066805505	0.00010830408207663127	5.402590519669291e-6	0.00003542815561629714	1.3020255237084744e-6	1.301202458642343e-6	1.3019255191943152e-6	2.835869692755536e-14	2.835869692755536e-14	2.835869692755536e-14
0.23442288153199276	7.78633672811213e-7	8.845860131987145e-8	7.690598635296642e-7	7.77772361511579e-8	7.77139600900845e-7	8.678921978197936e-8	0.00008383795315594475	0.00008926364929753092	0.0000374545884928444	0.000022359655719183806	0.000045950417387797236	0.00004522566317741171	0.0000410771176961759	0.0000460877230427907	0.00009275089884945916	4.492246699139771e-6	0.00002732529687174958	1.0301415919917783e-6	1.029444523687888e-6	1.0300657442008253e-6	2.6465875872639386e-14	2.6465875872639386e-14	2.6465875872639386e-14
0.25118864315095824	6.068150455078557e-7	6.975379434252914e-8	5.982235151013812e-7	6.016762631268901e-8	6.055885694352816e-7	6.838246750384164e-8	0.00007081375083590582	0.00007573425535940082	0.000028072715542623947	0.000016770738312897124	0.00003755407561384763	0.00003692321185290212	0.000033301806763719346	0.000037485323527247565	0.00007885936649596823	3.6835518085289423e-6	0.000020623595052148715	8.002142514497266e-7	7.996565515572371e-7	8.001742402233572e-7	2.4699392482500065e-14	2.4699392482500065e-14	2.4699392482500065e-14
0.2691534803926914	4.7291109068690476e-7	5.500416864591371e-8	4.6533617341278536e-7	4.654502313591784e-8	4.7190686847711356e-7	5.387952413514968e-8	0.0000598128546640715	0.00006425546658668354	0.000021040876155604853	0.0000125788011717178	0.00003069196484785605	0.00003014491060498621	0.000026998250995379572	0.00003048858540131813	0.00006704840342559878	3.020438287308468e-6	0.00001556552797472976	6.216066346618867e-7	6.21160816085205e-7	6.215902415178241e-7	2.3050814261366088e-14	2.3050814261366088e-14	2.3050814261366088e-14
0.28840315031266117	3.6005918003806185e-7	4.195355738116159e-8	3.540309378858077e-7	3.5220673825230445e-8	3.59578651851313e-7	4.141321465141543e-8	0.00004994222690705499	0.0000539470155179002	0.00001526180587238315	9.198669500503773e-6	0.00002471332186710293	0.000024211992991830756	0.000021554075990757693	0.000024386643827965367	0.000056402994039945104	2.4403123825387854e-6	0.000011454896783638023	4.7229348585304735e-7	4.7194492344741434e-7	4.7229261747215323e-7	2.151227154629246e-14	2.151227154629246e-14	2.151227154629246e-14
0.30902954325135923	2.741373921710685e-7	3.1999410594949635e-8	2.693491547434962e-7	2.665152536461046e-8	2.739879741196869e-7	3.1831282389618936e-8	0.0000417005013795811	0.000045292340681434445	0.00001107001042940257	6.726835047663348e-6	0.000019899288974641834	0.000019446752133990563	0.000017207714377308037	0.0000195059360532463	0.000047447777637245194	1.971609401653709e-6	8.429823937667072e-6	3.5884613249110034e-7	3.585738266163222e-7	3.5885427669202773e-7	2.0076419940490207e-14	2.0076419940490207e-14	2.0076419940490207e-14
0.3311311214825908	2.0295957804627674e-7	2.375141642139857e-8	1.9927260697716033e-7	1.9634968330897365e-8	2.028326998865231e-7	2.3611398440801352e-8	0.00003426842779518319	0.00003746225171751388	7.716467738636467e-6	4.785939950577911e-6	0.000015672391184311748	0.000015263540382821274	0.000013463789558713164	0.000015266508992060785	0.00003930142295119168	1.5615105275172699e-6	6.015534830162967e-6	2.6523803663745834e-7	2.6500750204841366e-7	2.6520866545882436e-7	1.8736405254068982e-14	1.8736405254068982e-14	1.8736405254068982e-14
0.354813389233576	1.502625745232767e-7	1.7629380402141115e-8	1.4742786896542853e-7	1.4465662887245764e-8	1.501566055059182e-7	1.7514158855003615e-8	0.000028160935832984597	0.00003098581973533603	5.378845371569312e-6	3.4050517142521018e-6	0.000012343347832532791	0.000011980183807186965	0.00001053443968830386	0.00001194848051221212	0.00003255372375493446	1.2367130758770277e-6	4.292694552161378e-6	1.9604841660384112e-7	1.9585639254446878e-7	1.9600055176383475e-7	1.7485830784835174e-14	1.7485830784835174e-14	1.7485830784835174e-14
0.38018939632056126	1.0761625261007906e-7	1.2884907683963295e-8	1.0529968682056431e-7	1.0302218688692738e-8	1.0700607443319474e-7	1.2203528590869304e-8	0.00002259083990051752	0.00002504750835031001	3.5597392887911264e-6	2.3301658453686302e-6	9.458007326261481e-6	9.11616132743602e-6	8.004979504990379e-6	9.055546236406658e-6	0.000026394510380673893	9.588164159786157e-7	2.94566874033262e-6	1.3994442974481287e-7	1.3978983178787016e-7	1.399019796549188e-7	1.6318726782955873e-14	1.6318726782955873e-14	1.6318726782955873e-14
0.40738027780411384	7.707346864366479e-8	9.417281959840715e-9	7.520982377564443e-8	7.337078897589021e-9	7.62557193339781e-8	8.503183698463184e-9	0.00001812248181088656	0.000020247251159322524	2.3558483147965554e-6	1.594593363794174e-6	7.247134553548329e-6	6.936821561784717e-6	6.0828766191011635e-6	6.86304150187842e-6	0.00002140062941739167	7.433647605756181e-7	2.021332806780694e-6	9.989595302967999e-8	9.977308791105113e-8	9.9859738838635e-8	1.5229521953724576e-14	1.5229521953724576e-14	1.5229521953724576e-14
0.43651583224016655	5.303476650417625e-8	6.714967404498522e-9	5.1502455214851015e-8	5.008515836340532e-9	5.253184822919821e-8	6.149060421801606e-9	0.000014072182511440352	0.000015858202613045143	1.467252569703648e-6	1.059064925242268e-6	5.346650919187954e-6	5.075656253874225e-6	4.464481328960157e-6	5.014383659480865e-6	0.00001680773168243807	5.621503204386071e-7	1.333496868664391e-6	6.83597676554474e-8	6.827015789706024e-8	6.834344105960964e-8	1.4213016862395676e-14	1.4213016862395676e-14	1.4213016862395676e-14
0.4677351412871981	3.649357564477143e-8	4.788089327235178e-9	3.526803760463953e-8	3.418967034839568e-9	3.6188696434549246e-8	4.446680844705331e-9	0.00001092710825712233	0.00001242057937334377	9.138237338034537e-7	7.033884257549116e-7	3.944548820010091e-6	3.7138459131510953e-6	3.2766723352641464e-6	3.6636881006164386e-6	0.000013200539049531565	4.2511160002328775e-7	8.797234640295759e-7	4.6779250732192814e-8	4.671414463431979e-8	4.6773864924842296e-8	1.3264359114130937e-14	1.3264359114130937e-14	1.3264359114130937e-14
0.5011872336272735	2.3643677516141164e-8	3.073262445132934e-9	2.286911135996272e-8	2.2080873291459144e-9	2.357127212392296e-8	2.9904930173329868e-9	8.079079195014868e-6	9.318690850683592e-6	5.314151260888752e-7	4.434310418569235e-7	2.783260112190374e-6	2.5917464702326146e-6	2.293226129378164e-6	2.545136321016745e-6	9.912181883645909e-6	3.1738168629278994e-7	5.582358876507129e-7	3.030268805409221e-8	3.026144890405192e-8	3.0302938804127906e-8	1.2379020190578434e-14	1.2379020190578434e-14	1.2379020190578434e-14
0.5370317963702532	1.5318408147473058e-8	1.972591029774821e-9	1.4829185004770074e-8	1.4260592756383894e-9	1.5352994837625736e-8	2.0111739067952257e-9	5.973357186864039e-6	6.991461232233765e-6	3.090333789654038e-7	2.7954837140131596e-7	1.963858784764716e-6	1.808677560417152e-6	1.604947197150522e-6	1.7680868880374532e-6	7.4429801181464704e-6	2.369522139328554e-7	3.5423325511152837e-7	1.962949147177583e-8	1.96033834492986e-8	1.9632076623179246e-8	1.1552773832510126e-14	1.1552773832510126e-14	1.1552773832510126e-14
0.5754399373371566	9.400535420661863e-9	1.1564203950537936e-9	9.14935839615936e-9	8.759278942407963e-10	9.499680145126707e-9	1.2673376005185775e-9	4.233049018324143e-6	5.028432100370129e-6	1.7380731499868288e-7	1.6751202272113725e-7	1.3161678304453072e-6	1.1990016642074273e-6	1.0712102174195243e-6	1.1742122527991801e-6	5.3624822376070335e-6	1.6888134262633027e-7	2.137966721044443e-7	1.2096658167960492e-8	1.2081812650791596e-8	1.2099833091565015e-8	1.0781675865325031e-14	1.0781675865325031e-14	1.0781675865325031e-14
0.6165950018614835	5.58934136181425e-9	6.644151930769082e-10	5.460206114045013e-9	5.202775242917887e-10	5.668767665022815e-9	7.531983999491716e-10	2.8941838546423142e-6	3.4914185921798796e-6	9.605310896164196e-8	9.68947299070298e-8	8.493140747307831e-7	7.69877043676091e-7	6.86592445652629e-7	7.491261822488415e-7	3.72968788820816e-6	1.2157621326812792e-7	1.234796024025308e-7	7.210562112092079e-9	7.20200478232623e-9	7.214096497216185e-9	1.0062045371113675e-14	1.0062045371113675e-14	1.0062045371113675e-14
0.6606934480075964	3.2062014215437304e-9	3.723922925448704e-10	3.1395931613529436e-9	2.9811444587312953e-10	3.295624835260622e-9	4.723300828249251e-10	1.8965570559991638e-6	2.3224495188238016e-6	5.1914975750440374e-8	5.430683375826746e-8	5.307286471340042e-7	4.748971759887907e-7	4.258970652762654e-7	4.6026895936608014e-7	2.481932127625426e-6	8.510436325581357e-8	7.137202899753102e-8	4.142959729616956e-9	4.1376284801456e-9	4.147209357923494e-9	9.390447117406309e-15	9.390447117406309e-15	9.390447117406309e-15
0.7079457843841374	1.7666227007860363e-9	2.028702274120223e-10	1.732075538243528e-9	1.6440561658492563e-10	1.895583976745264e-9	3.4715989859170106e-10	1.1843832320647885e-6	1.476043313087274e-6	2.7895680241110454e-8	2.9556703726234775e-8	3.1843374337299027e-7	2.8108060329721056e-7	2.5309438451187214e-7	2.707924171745962e-7	1.5787115603642204e-6	5.8303937545572446e-8	4.005899260279617e-8	2.286049610329617e-9	2.282476950288716e-9	2.2899725585742996e-9	8.763675158726157e-15	8.763675158726157e-15	8.763675158726157e-15
0.7585775750291851	9.337108134507855e-10	1.0697216586028763e-10	9.157009672089064e-10	8.693960929215982e-11	1.0512682998591445e-9	2.385847404821984e-10	7.085845549851745e-7	8.967440456752531e-7	1.4734459355834986e-8	1.5791311541995262e-8	1.8209996910497114e-7	1.5942809473557393e-7	1.4518473825834438e-7	1.5405117083826432e-7	9.524321850649155e-7	3.9452132089074736e-8	2.1896118407294956e-8	1.2088825529126345e-9	1.2067596591870043e-9	1.2113615634058804e-9	8.178737532668917e-15	8.178737532668917e-15	8.178737532668917e-15
0.8128305161640995	4.693787474410518e-10	5.426914954534744e-11	4.598960716426093e-10	4.372124425123457e-11	5.312836308463135e-10	1.2357376484846926e-10	4.0388738850130194e-7	5.174070254437394e-7	7.786268744103489e-9	8.383279521639021e-9	1.0172349737342199e-7	8.77380908105107e-8	8.008176992320801e-8	8.41230413998272e-8	5.503603530140542e-7	2.4251430509840604e-8	1.1671594329717544e-8	6.073820537296273e-10	6.062671937010903e-10	6.087084642175232e-10	7.63284197745305e-15	7.63284197745305e-15	7.63284197745305e-15
0.8709635899560796	2.161507627271652e-10	2.5761074381781095e-11	2.110607482192939e-10	2.0088199193213474e-11	2.4956969042154444e-10	6.317342297329394e-11	2.2502015843815016e-7	2.9100416370598853e-7	4.143001383916539e-9	4.446552033303312e-9	5.5468814446862686e-8	4.625783416276064e-8	4.370577924584224e-8	4.4544708323234263e-8	3.0900036691086734e-7	1.345420551898187e-8	5.855611129042864e-9	2.7876304199708524e-10	2.7831254551831283e-10	2.7949610463793647e-10	7.123382602761878e-15	7.123382602761878e-15	7.123382602761878e-15
0.9332543007969925	7.764875410750965e-11	1.0306548625793584e-11	7.478139468628738e-11	7.101663691540984e-12	9.662642229828639e-11	3.155325392613939e-11	1.287798202813127e-7	1.6672812457121092e-7	2.276379363224858e-9	2.4201927205169534e-9	3.1332691315428383e-8	2.422058748318956e-8	2.4774205514739354e-8	2.361199566366099e-8	1.7706402066490212e-7	7.439589389664374e-9	2.8483752179759567e-9	9.868768870500772e-11	9.855652965361582e-11	9.908680404765148e-11	6.64792745024997e-15	6.64792745024997e-15	6.64792745024997e-15