1.e-9	0	0	0	0	0	0	5.513875054262981e-22	0	0	0	0	0	0	0	6.591151760210972e-14	1.1757916319299907e-55	0	1.0857362047581295e-93	1.0857362047581295e-93	1.0857362047581295e-93	0	0	0
1.0715193052376092e-9	0	0	0	0	0	0	8.673244938600065e-22	0	0	0	0	0	0	0	1.0367785465069167e-13	1.849503066378147e-55	0	1.0132679826215242e-93	1.0132679826215242e-93	1.0132679826215242e-93	0	0	0
1.148153621496884e-9	0	0	0	0	0	0	1.3642887628871404e-21	0	0	0	0	0	0	0	1.630837513082119e-13	2.909241314234522e-55	0	9.456367026414298e-94	9.456367026414298e-94	9.456367026414298e-94	0	0	0
1.2302687708123811e-9	0	0	0	0	0	0	2.1460063006599143e-21	0	0	0	0	0	0	0	2.565283592177705e-13	4.576194102248082e-55	0	8.825195197316007e-94	8.825195197316007e-94	8.825195197316007e-94	0	0	0
1.31825673855641e-9	0	0	0	0	0	0	3.5724498646383756e-21	0	0	0	0	0	0	0	4.270419438571093e-13	7.617975770205343e-55	0	8.236151373268093e-94	8.236151373268093e-94	8.236151373268093e-94	0	0	0
1.4125375446227555e-9	0	0	0	0	0	0	5.947045929655156e-21	0	0	0	0	0	0	0	7.108953659912324e-13	1.268162004031294e-54	0	7.686423691117503e-94	7.686423691117503e-94	7.686423691117503e-94	0	0	0
1.5135612484362133e-9	0	0	0	0	0	0	1.0050087458767033e-20	0	0	0	0	0	0	0	1.2013629433425896e-12	2.1431041904091376e-54	0	7.173387967483273e-94	7.173387967483273e-94	7.173387967483273e-94	0	0	0
1.6218100973589331e-9	0	0	0	0	0	0	1.6983937760629137e-20	0	0	0	0	0	0	0	2.030218497238825e-12	3.62169467019916e-54	0	6.694595171939163e-94	6.694595171939163e-94	6.694595171939163e-94	0	0	0
1.7378008287493762e-9	0	0	0	0	0	0	2.8827433369992965e-20	0	0	0	0	0	0	0	3.4459610769034926e-12	6.14722941540958e-54	0	6.247759736307003e-94	6.247759736307003e-94	6.247759736307003e-94	0	0	0
1.8620871366628732e-9	0	0	0	0	0	0	4.892981394619704e-20	0	0	0	0	0	0	0	5.848950622646682e-12	1.0433908136049095e-53	0	5.83074864425477e-94	5.83074864425477e-94	5.83074864425477e-94	0	0	0
1.9952623149688828e-9	0	0	0	0	0	0	8.315859561270492e-20	0	0	0	0	0	0	0	9.940575701395193e-12	1.7732933713990585e-53	0	5.441571249116998e-94	5.441571249116998e-94	5.441571249116998e-94	0	0	0
2.1379620895022324e-9	0	0	0	0	0	0	1.4133207274978885e-19	0	0	0	0	0	0	0	1.6894491277216054e-11	3.013798224064741e-53	0	5.078369771331699e-94	5.078369771331699e-94	5.078369771331699e-94	0	0	0
2.2908676527677795e-9	0	0	0	0	0	0	2.4029473112353724e-19	0	0	0	0	0	0	0	2.8724246096034432e-11	5.1241011316260955e-53	0	4.739410430132728e-94	4.739410430132728e-94	4.739410430132728e-94	0	0	0
2.4547089156850337e-9	0	0	0	0	0	0	4.085524020294663e-19	0	0	0	0	0	0	0	4.883735770713615e-11	8.712067117657762e-53	0	4.4230751671634924e-94	4.4230751671634924e-94	4.4230751671634924e-94	0	0	0
2.6302679918953816e-9	0	0	0	0	0	0	6.94708198323924e-19	0	0	0	0	0	0	0	8.30437236816896e-11	1.4814120345200073e-52	0	4.127853922503705e-94	4.127853922503705e-94	4.127853922503705e-94	0	0	0
2.818382931264461e-9	0	0	0	0	0	0	1.1812915024390488e-18	0	0	0	0	0	0	0	1.4120870511209405e-10	2.51901366964068e-52	0	3.852337426238302e-94	3.852337426238302e-94	3.852337426238302e-94	0	0	0
3.019951720402019e-9	0	0	0	0	0	0	2.0087557511508638e-18	0	0	0	0	0	0	0	2.4012176327419125e-10	4.283517815603184e-52	0	3.595210471158112e-94	3.595210471158112e-94	3.595210471158112e-94	0	0	0
3.2359365692962944e-9	0	0	0	0	0	0	3.4158373775232656e-18	0	0	0	0	0	0	0	4.0832086911455215e-10	7.284011634287115e-52	0	3.355245634478676e-94	3.355245634478676e-94	3.355245634478676e-94	0	0	0
3.4673685045253237e-9	0	0	0	0	0	0	5.8086054361040236e-18	0	0	0	0	0	0	0	6.94346527039068e-10	1.2386406289119925e-51	0	3.131297418607558e-94	3.131297418607558e-94	3.131297418607558e-94	0	0	0
3.715352290971728e-9	0	0	0	0	0	0	9.87748928984436e-18	0	0	0	0	0	0	0	1.1807309791847595e-9	2.1062989525848015e-51	0	2.9222967829900235e-94	2.9222967829900235e-94	2.9222967829900235e-94	0	0	0
3.9810717055349855e-9	0	0	0	0	0	0	1.6796649300404197e-17	0	0	0	0	0	0	0	2.0078304914873514e-9	3.5817568402479183e-51	0	2.7272460409306436e-94	2.7272460409306436e-94	2.7272460409306436e-94	0	0	0
4.265795188015934e-9	0	0	0	0	0	0	2.8562666021905186e-17	0	0	0	0	0	0	0	3.4143114338626406e-9	6.090769805928626e-51	0	2.545214097030094e-94	2.545214097030094e-94	2.545214097030094e-94	0	0	0
4.570881896148752e-9	0	0	0	0	0	0	4.8570799205914596e-17	0	0	0	0	0	0	0	5.806034876205851e-9	1.0357350991897403e-50	0	2.3753320025024685e-94	2.3753320025024685e-94	2.3753320025024685e-94	0	0	0
4.8977881936844766e-9	0	0	0	0	0	0	8.259461962310998e-17	0	0	0	0	0	0	0	9.873159387098101e-9	1.76126701529477e-50	0	2.2167888071561516e-94	2.2167888071561516e-94	2.2167888071561516e-94	0	0	0
5.248074602497734e-9	0	0	0	0	0	0	1.4045215010743053e-16	0	0	0	0	0	0	0	1.67893074706199e-8	2.9950345475315923e-50	0	2.0688276882371136e-94	2.0688276882371136e-94	2.0688276882371136e-94	0	0	0
5.623413251903491e-9	0	0	0	0	0	0	2.3883888030257895e-16	0	0	0	0	0	0	0	2.8550217239617783e-8	5.093056227710553e-50	0	1.9307423376551857e-94	1.9307423376551857e-94	1.9307423376551857e-94	0	0	0
6.025595860743593e-9	0	0	0	0	0	0	4.0614555001865874e-16	0	0	0	0	0	0	0	4.854964848791185e-8	8.660742841612998e-50	0	1.8018735903475335e-94	1.8018735903475335e-94	1.8018735903475335e-94	0	0	0
6.456542290346562e-9	0	0	0	0	0	0	6.906505657327218e-16	0	0	0	0	0	0	0	8.255868417802632e-8	1.4727594437390337e-49	0	1.6816062776843537e-94	1.6816062776843537e-94	1.6816062776843537e-94	0	0	0
6.918309709189363e-9	0	0	0	0	0	0	1.1744514166148944e-15	0	0	0	0	0	0	0	1.4039105793517607e-7	2.5044277104112626e-49	0	1.5693662908961447e-94	1.5693662908961447e-94	1.5693662908961447e-94	0	0	0
7.413102413009192e-9	0	0	0	0	0	0	1.9971548543154494e-15	0	0	0	0	0	0	0	2.3873502036028257e-7	4.2587797914589924e-49	0	1.464617840504645e-94	1.464617840504645e-94	1.464617840504645e-94	0	0	0
7.943282347242822e-9	0	0	0	0	0	0	3.396162231560725e-15	0	0	0	0	0	0	0	4.059689501525269e-7	7.242055892178057e-49	0	1.3668608986749634e-94	1.3668608986749634e-94	1.3668608986749634e-94	0	0	0
8.511380382023759e-9	0	0	0	0	0	0	5.775174558025596e-15	0	0	0	0	0	0	0	6.903502814091975e-7	1.2315117501641228e-48	0	1.2756288122796515e-94	1.2756288122796515e-94	1.2756288122796515e-94	0	0	0
9.120108393559115e-9	0	0	0	0	0	0	9.82068552137971e-15	0	0	0	0	0	0	0	1.1739407952430105e-6	2.0941859839437918e-48	0	1.1904860752805392e-94	1.1904860752805392e-94	1.1904860752805392e-94	0	0	0
9.772372209558111e-9	0	0	0	0	0	0	1.6700077744976446e-14	0	0	0	0	0	0	0	1.9962865632829775e-6	3.5611636955653704e-48	0	1.1110262497944953e-94	1.1110262497944953e-94	1.1110262497944953e-94	0	0	0
1.0471285480509006e-8	0	0	0	0	0	0	2.8398485653855826e-14	0	0	0	0	0	0	0	3.394685713090776e-6	6.055759599680164e-48	0	1.0368700259190641e-94	1.0368700259190641e-94	1.0368700259190641e-94	0	0	0
1.1220184543019653e-8	0	0	0	0	0	0	4.8291630718597334e-14	0	0	0	0	0	0	0	5.772663756104885e-6	1.0297820449755084e-47	0	9.676634110564538e-95	9.676634110564538e-95	9.676634110564538e-95	0	0	0
1.202264434617413e-8	0	0	0	0	0	0	8.211992802696065e-14	0	0	0	0	0	0	0	9.81641591143486e-6	1.7511445805096508e-47	0	9.030760400923235e-95	9.030760400923235e-95	9.030760400923235e-95	0	0	0
1.288249551693135e-8	0	0	0	0	0	0	1.3964495459782046e-13	0	0	0	0	0	0	0	0.000016692817288095946	2.977821721412171e-47	0	8.427995983628761e-95	8.427995983628761e-95	8.427995983628761e-95	0	0	0
1.3803842646028866e-8	0	0	0	0	0	0	2.3746627419722436e-13	0	0	0	0	0	0	0	0.00002838613925347644	5.063786453609188e-47	0	7.865463498821306e-95	7.865463498821306e-95	7.865463498821306e-95	0	0	0
1.4791083881682102e-8	0	0	0	0	0	0	4.038114484230264e-13	0	0	0	0	0	0	0	0.00004827063567588508	8.610969912462249e-47	0	7.340477638036728e-95	7.340477638036728e-95	7.340477638036728e-95	0	0	0
1.5848931924611173e-8	0	0	0	0	0	0	6.866814516375674e-13	0	0	0	0	0	0	0	0.00008208422595949104	1.4642956118724712e-46	0	6.850532325601911e-95	6.850532325601911e-95	6.850532325601911e-95	0	0	0
1.698243652461746e-8	0	0	0	0	0	0	1.1677019506616398e-12	0	0	0	0	0	0	0	0.00013958424323661268	2.4900349911173194e-46	0	6.393288755616806e-95	6.393288755616806e-95	6.393288755616806e-95	0	0	0
1.8197008586099862e-8	0	0	0	0	0	0	1.9856774088414846e-12	0	0	0	0	0	0	0	0.00023736303452103315	4.234305017889952e-46	0	5.9665642274164235e-95	5.9665642274164235e-95	5.9665642274164235e-95	0	0	0
1.9498445997580494e-8	0	0	0	0	0	0	3.376644844816105e-12	0	0	0	0	0	0	0	0.00040363588934265953	7.200436559520901e-46	0	5.5683217262178506e-95	5.5683217262178506e-95	5.5683217262178506e-95	0	0	0
2.0892961308540408e-8	0	0	0	0	0	0	5.7419852576637306e-12	0	0	0	0	0	0	0	0.0006863829133903932	1.2244343860144196e-45	0	5.1966601992141415e-95	5.1966601992141415e-95	5.1966601992141415e-95	0	0	0
2.2387211385683424e-8	0	0	0	0	0	0	9.76424711939829e-12	0	0	0	0	0	0	0	0.001167194286319577	2.0821509269074263e-45	0	4.849805480697142e-95	4.849805480697142e-95	4.849805480697142e-95	0	0	0
2.3988329190194947e-8	0	0	0	0	0	0	1.6604104248000816e-11	0	0	0	0	0	0	0	0.0019848141255273044	3.540698082267803e-45	0	4.5261018228894255e-95	4.5261018228894255e-95	4.5261018228894255e-95	0	0	0
2.5703957827688646e-8	0	0	0	0	0	0	2.8235282711224742e-11	0	0	0	0	0	0	0	0.003375176831369456	6.020957821916762e-45	0	4.224003992056663e-95	4.224003992056663e-95	4.224003992056663e-95	0	0	0
2.754228703338169e-8	0	0	0	0	0	0	4.801410409591457e-11	0	0	0	0	0	0	0	0.0057394889004978005	1.0238640022672725e-44	0	3.942069892170537e-95	3.942069892170537e-95	3.942069892170537e-95	0	0	0
2.95120922666639e-8	0	0	0	0	0	0	8.164799395533711e-11	0	0	0	0	0	0	0	0.009760002063527885	1.741080947823376e-44	0	3.6789536809104836e-95	3.6789536809104836e-95	3.6789536809104836e-95	0	0	0
3.162277660168386e-8	0	0	0	0	0	0	1.3884243062442533e-10	0	0	0	0	0	0	0	0.016596885529617404	2.9607085122252176e-44	0	3.433399345142628e-95	3.433399345142628e-95	3.433399345142628e-95	0	0	0
3.3884415613920346e-8	0	0	0	0	0	0	2.361015820210349e-10	0	0	0	0	0	0	0	0.028223007279126144	5.034685437987029e-44	0	3.2042347052079275e-95	3.2042347052079275e-95	3.2042347052079275e-95	0	0	0
3.6307805477010175e-8	0	0	0	0	0	0	4.0149078910627667e-10	0	0	0	0	0	0	0	0.047993229721090845	8.561483629614821e-44	0	2.990365819398282e-95	2.990365819398282e-95	2.990365819398282e-95	0	0	0
3.890451449942813e-8	0	0	0	0	0	0	6.827351699948808e-10	0	0	0	0	0	0	0	0.08161249707663576	1.4558804684622923e-43	0	2.7907717619097623e-95	2.7907717619097623e-95	2.7907717619097623e-95	0	0	0
4.1686938347033635e-8	0	0	0	0	0	0	1.1609912979212233e-9	0	0	0	0	0	0	0	0.13878206817484798	2.4757250380274456e-43	0	2.6044997493450806e-95	2.6044997493450806e-95	2.6044997493450806e-95	0	0	0
4.4668359215096346e-8	0	0	0	0	0	0	1.9742659424720923e-9	0	0	0	0	0	0	0	0.2359989356630252	4.209970939708748e-43	0	2.4306605925009857e-95	2.4306605925009857e-95	2.4306605925009857e-95	0	0	0
4.78630092322639e-8	0	0	0	0	0	0	3.357239643901207e-9	0	0	0	0	0	0	0	0.12087412832966773	7.159056454554667e-43	0	2.2684244517293057e-95	2.2684244517293057e-95	2.2684244517293057e-95	0	0	0
5.128613839913659e-8	0	0	0	0	0	0	5.708986709494963e-9	0	0	0	0	0	0	0	0.061909410135303176	1.2173976983091688e-42	0	2.1170168756094297e-95	2.1170168756094297e-95	2.1170168756094297e-95	0	0	0
5.495408738576248e-8	0	0	0	0	0	0	9.708133081413306e-9	0	0	0	0	0	0	0	0.03170881246159101	2.0701850380094997e-42	0	1.975715104022312e-95	1.975715104022312e-95	1.975715104022312e-95	0	0	0
5.888436553555896e-8	0	0	0	0	0	0	1.6508682314793866e-8	0	0	0	0	0	0	0	0.016240645574346704	3.520350085720362e-42	0	1.843844617978396e-95	1.843844617978396e-95	1.843844617978396e-95	0	0	0
6.309573444801943e-8	0	0	0	0	0	0	2.807301769405835e-8	0	0	0	0	0	0	0	0.008318147251390262	5.98635604957681e-42	0	1.7207759197297226e-95	1.7207759197297226e-95	1.7207759197297226e-95	0	0	0
6.760829753919818e-8	0	0	0	0	0	0	4.773817240063207e-8	0	0	0	0	0	0	0	0.004260395523014544	1.0179799701645476e-41	0	1.6059215277956637e-95	1.6059215277956637e-95	1.6059215277956637e-95	0	0	0
7.244359600749906e-8	0	0	0	0	0	0	8.117877205038942e-8	0	0	0	0	0	0	0	0.0021820931270939746	1.7310751500146776e-41	0	1.4987331725577766e-95	1.4987331725577766e-95	1.4987331725577766e-95	0	0	0
7.762471166286928e-8	0	0	0	0	0	0	1.3804451867792334e-7	0	0	0	0	0	0	0	0.001117626377548558	2.9436936509800994e-41	0	1.3986991790366633e-95	1.3986991790366633e-95	1.3986991790366633e-95	0	0	0
8.317637711026726e-8	0	0	0	0	0	0	2.3474473259083016e-7	0	0	0	0	0	0	0	0.0005724275339342634	5.005751662917407e-41	0	1.3053420243571859e-95	1.3053420243571859e-95	1.3053420243571859e-95	0	0	0
8.912509381337478e-8	0	0	0	0	0	0	3.9918346636931577e-7	0	0	0	0	0	0	0	0.0002931867824422786	8.512281739119105e-41	0	1.2182160582423936e-95	1.2182160582423936e-95	1.2182160582423936e-95	0	0	0
9.549925860214369e-8	0	0	0	0	0	0	6.788115672029536e-7	0	0	0	0	0	0	0	0.00015016678568057935	1.44751368596479e-40	0	1.1369053756546732e-95	1.1369053756546732e-95	1.1369053756546732e-95	0	0	0
1.0232929922807557e-7	0	0	0	0	0	0	1.1543192105613e-6	0	0	0	0	0	0	0	0.00007691364301552532	2.461497322658288e-40	0	1.0610218314289418e-95	1.0610218314289418e-95	1.0610218314289418e-95	0	0	0
1.0964781961431874e-7	0	0	0	0	0	0	1.9629200565353212e-6	0	0	0	0	0	0	0	0.000039399877982043805	4.185776706778095e-40	0	9.902031874205593e-96	9.902031874205593e-96	9.902031874205593e-96	0	0	0
1.1748975549395303e-7	0	0	0	0	0	0	3.337945962516702e-6	0	0	0	0	0	0	0	0.000020183030267941246	7.117914156446887e-40	0	9.241113833231273e-96	9.241113833231273e-96	9.241113833231273e-96	0	0	0
1.2589254117941688e-7	0	0	0	0	0	0	5.676177800306266e-6	0	0	0	0	0	0	0	0.000010355232850726078	1.2104014496642017e-39	0	8.62430922901765e-96	8.62430922901765e-96	8.62430922901765e-96	0	0	0
1.3489628825916562e-7	0	0	0	0	0	0	9.652341524545677e-6	0	0	0	0	0	0	0	5.31292110100445e-6	2.0582879157403805e-39	0	8.048673679383898e-96	8.048673679383898e-96	8.048673679383898e-96	0	0	0
1.445439770745928e-7	0	0	0	0	0	0	0.000016413808760789578	0	0	0	0	0	0	0	2.7724185740085234e-6	3.500119026838587e-39	0	7.511459326996577e-96	7.511459326996577e-96	7.511459326996577e-96	0	0	0
1.5488166189124826e-7	0	0	0	0	0	0	0.00002791168519583308	0	0	0	0	0	0	0	1.4467191594571026e-6	5.951953129760063e-39	0	7.010101722181224e-96	7.010101722181224e-96	7.010101722181224e-96	0	0	0
1.659586907437563e-7	0	0	0	0	0	0	0.000047463826453999836	0	0	0	0	0	0	0	8.779038052703162e-7	1.0121297529374728e-38	0	6.542207581250018e-96	6.542207581250018e-96	6.542207581250018e-96	0	0	0
1.7782794100389227e-7	0	0	0	0	0	0	0.0000807122467113443	0	0	0	0	0	0	0	5.327330368648228e-7	1.7211268544088562e-38	0	6.105543361908268e-96	6.105543361908268e-96	6.105543361908268e-96	0	0	0
1.9054607179632522e-7	0	0	0	0	0	0	0.00013725119224229667	0	0	0	0	0	0	0	5.57207975140107e-7	2.9267765722429193e-38	0	5.698024601203395e-96	5.698024601203395e-96	5.698024601203395e-96	0	0	0
2.0417379446695318e-7	0	0	0	0	0	0	0.00023339568082279838	0	0	0	0	0	0	0	5.828073464092798e-7	4.976984167022377e-38	0	5.3177059651201355e-96	5.3177059651201355e-96	5.3177059651201355e-96	0	0	0
2.1877616239495564e-7	0	0	0	0	0	0	0.0003968894035584934	0	0	0	0	0	0	0	9.14214443843182e-7	8.463362606394221e-38	0	4.9627719623221775e-96	4.9627719623221775e-96	4.9627719623221775e-96	0	0	0
2.3442288153199275e-7	0	0	0	0	0	0	0.000674910512918237	0	0	0	0	0	0	0	1.4340726047481305e-6	1.4391949864322075e-37	0	4.6315282777118915e-96	4.6315282777118915e-96	4.6315282777118915e-96	0	0	0
2.5118864315095823e-7	0	0	0	0	0	0	0.001147685466942481	0	0	0	0	0	0	0	2.419184888598216e-6	2.447351372380857e-37	0	4.322393684437511e-96	4.322393684437511e-96	4.322393684437511e-96	0	0	0
2.6915348039269196e-7	0	0	0	0	0	0	0.0019516393741381122	0	0	0	0	0	0	0	4.081003643640365e-6	4.161721515402586e-37	0	4.033892495739056e-96	4.033892495739056e-96	4.033892495739056e-96	0	0	0
2.8840315031266115e-7	0	0	0	0	0	0	0.0033187631597649462	0	0	0	0	0	0	0	6.934662193943997e-6	7.077008298532968e-37	0	3.764647520601182e-96	3.764647520601182e-96	3.764647520601182e-96	0	0	0
3.090295432513592e-7	0	0	0	0	0	0	0.005643557440255365	0	0	0	0	0	0	0	0.000011783753199792914	1.2034454076790191e-36	0	3.513373489585786e-96	3.513373489585786e-96	3.513373489585786e-96	0	0	0
3.3113112148259143e-7	0	0	0	0	0	0	0.009596870595526025	0	0	0	0	0	0	0	0.000020036941165257355	2.0464591649045526e-36	0	3.2788709194620657e-96	3.2788709194620657e-96	3.2788709194620657e-96	0	0	0
3.5481338923357606e-7	0	0	0	0	0	0	0.016319480434507882	0	0	0	0	0	0	0	0.000034070554979633054	3.480004233593492e-36	0	3.060020387346155e-96	3.060020387346155e-96	3.060020387346155e-96	0	0	0
3.8018939632056126e-7	0	0	0	0	0	0	0.015244998391167771	0	0	0	0	0	0	0	0.000057936635967261345	5.917747919682378e-36	0	2.8557771870172785e-96	2.8557771870172785e-96	2.8557771870172785e-96	0	0	0
4.0738027780411303e-7	0	0	0	0	0	0	0.014241260736173152	0	0	0	0	0	0	0	0.00009852066657586055	1.0063131562556368e-35	0	2.665166341901806e-96	2.665166341901806e-96	2.665166341901806e-96	0	0	0
4.365158322401665e-7	0	0	0	0	0	0	0.007394740059098243	0	0	0	0	0	0	0	0.0001675343221385933	1.7112357305471957e-35	0	2.4872779509192432e-96	2.4872779509192432e-96	2.4872779509192432e-96	0	0	0
4.677351412871981e-7	0	0	0	0	0	0	0.003839700821061398	0	0	0	0	0	0	0	0.00028489199342582024	2.9099567140683e-35	0	2.3212628449729142e-96	2.3212628449729142e-96	2.3212628449729142e-96	0	0	0
5.011872336272736e-7	0	0	0	0	0	0	0.002240567851313399	0	0	0	0	0	0	0	0.0004844588697271109	4.948381994714324e-35	0	2.1663285333512254e-96	2.1663285333512254e-96	2.1663285333512254e-96	0	0	0
5.370317963702533e-7	0	0	0	0	0	0	0.0013074311073412392	0	0	0	0	0	0	0	0.0008238223673294423	8.414724606462683e-35	0	2.021735420689272e-96	2.021735420689272e-96	2.021735420689272e-96	0	0	0
5.754399373371578e-7	0	0	0	0	0	0	0.0012582745588096197	0	0	0	0	0	0	0	0.0014009100998822702	1.430924093536909e-34	0	1.886793276431876e-96	1.886793276431876e-96	1.886793276431876e-96	0	0	0
6.165950018614835e-7	0	0	0	0	0	0	0.0012109661889315418	0	0	0	0	0	0	0	0.0023822479041375765	2.4332867173002546e-34	0	1.7608579399448936e-96	1.7608579399448936e-96	1.7608579399448936e-96	0	0	0
6.606934480075964e-7	0	0	0	0	0	0	0.0018504517087431776	0	0	0	0	0	0	0	0.004051013052520029	4.137804566526259e-34	0	1.6433282455461038e-96	1.6433282455461038e-96	1.6433282455461038e-96	0	0	0
7.079457843841387e-7	0	0	0	0	0	0	0.0028276359469720726	0	0	0	0	0	0	0	0.00688874853166423	7.036337522017191e-34	0	1.5336431527770743e-96	1.5336431527770743e-96	1.5336431527770743e-96	0	0	0
7.585775750291852e-7	0	0	0	0	0	0	0.004756114727893831	0	0	0	0	0	0	0	0.011714318303820819	1.1965293412905517e-33	0	1.4312790682170607e-96	1.4312790682170607e-96	1.4312790682170607e-96	0	0	0
8.128305161640995e-7	0	0	0	0	0	0	0.007999837224134457	0	0	0	0	0	0	0	0.019920200700093624	2.034698392578985e-33	0	1.3357473460542839e-96	1.3357473460542839e-96	1.3357473460542839e-96	0	0	0
8.709635899560814e-7	0	0	0	0	0	0	0.008344321017953587	0	0	0	0	0	0	0	0.02163741533845588	3.460005037819231e-33	0	1.2465919554833263e-96	1.2465919554833263e-96	1.2465919554833263e-96	0	0	0
9.332543007969924e-7	0	0	0	0	0	0	0.008703638749124042	0	0	0	0	0	0	0	0.02350266192481894	5.883739283127753e-33	0	1.1633873037937447e-96	1.1633873037937447e-96	1.1633873037937447e-96	0	0	0
1.e-6	0	0	0	0	0	0	0.008779428725380968	0	0	0	0	0	0	0	0.019864676119741447	1.0005299869054694e-32	0	1.0857362047581295e-96	1.0857362047581295e-96	1.0857362047581295e-96	0	0	0
1.0715193052376091e-6	0	0	0	0	0	0	0.008855878669344078	0	0	0	0	0	0	0	0.016789815494283357	1.7014014498699576e-32	0	1.0132679826215243e-96	1.0132679826215243e-96	1.0132679826215243e-96	0	0	0
1.148153621496884e-6	0	0	0	0	0	0	0.009605521086306811	0	0	0	0	0	0	0	0.020164102587325847	2.893233517740737e-32	0	9.456367026414296e-97	9.456367026414296e-97	9.456367026414296e-97	0	0	0
1.2302687708123837e-6	0	0	0	0	0	0	0.010418620081017644	0	0	0	0	0	0	0	0.02421652776891056	4.91994419589683e-32	0	8.82519519731599e-97	8.82519519731599e-97	8.82519519731599e-97	0	0	0
1.3182567385564101e-6	0	0	0	0	0	0	0.013166824715925673	0	0	0	0	0	0	0	0.02313824496872215	8.366366123686521e-32	0	8.236151373268092e-97	8.236151373268092e-97	8.236151373268092e-97	0	0	0
1.4125375446227554e-6	0	0	0	0	0	0	0.016639945765540877	0	0	0	0	0	0	0	0.022107974575939066	1.422700732539672e-31	0	7.686423691117502e-97	7.686423691117502e-97	7.686423691117502e-97	0	0	0
1.5135612484362104e-6	0	0	0	0	0	0	0.02159528173735746	0	0	0	0	0	0	0	0.024218168018762917	2.4193028902219114e-31	0	7.173387967483288e-97	7.173387967483288e-97	7.173387967483288e-97	0	0	0
1.6218100973589331e-6	0	0	0	0	0	0	0.02802630488625766	0	0	0	0	0	0	0	0.026529778210589956	4.114025065684629e-31	0	6.694595171939162e-97	6.694595171939162e-97	6.694595171939162e-97	0	0	0
1.7378008287493763e-6	0	0	0	0	0	0	0.02892252157270733	0	0	0	0	0	0	0	0.022037885796137635	6.995900475912771e-31	0	6.247759736307003e-97	6.247759736307003e-97	6.247759736307003e-97	0	0	0
1.8620871366628694e-6	0	0	0	0	0	0	0.02984739720482735	0	0	0	0	0	0	0	0.018306538656615405	1.189653020763376e-30	0	5.830748644254783e-97	5.830748644254783e-97	5.830748644254783e-97	0	0	0
1.995262314968883e-6	0	0	0	0	0	0	0.03132694333102286	0	0	0	0	0	0	0	0.013646293369048485	2.023005208098964e-30	0	5.441571249116997e-97	5.441571249116997e-97	5.441571249116997e-97	0	0	0
2.1379620895022326e-6	0	0	0	0	0	0	0.03287983108645725	0	0	0	0	0	0	0	0.01017239393023343	3.440120775189982e-30	0	5.078369771331699e-97	5.078369771331699e-97	5.078369771331699e-97	0	0	0
2.2908676527677747e-6	0	0	0	0	0	0	0.03131214624006226	0	0	0	0	0	0	0	0.011379086498550272	5.849926090410223e-30	0	4.739410430132737e-97	4.739410430132737e-97	4.739410430132737e-97	0	0	0
2.4547089156850335e-6	0	0	0	0	0	0	0.02981920739133236	0	0	0	0	0	0	0	0.0127289220639254	9.94780052783809e-30	0	4.4230751671634925e-97	4.4230751671634925e-97	4.4230751671634925e-97	0	0	0
2.6302679918953817e-6	0	0	0	0	0	0	0.02701682657308334	0	0	0	0	0	0	0	0.01443797445398324	1.6916236857056861e-29	0	4.127853922503705e-97	4.127853922503705e-97	4.127853922503705e-97	0	0	0
2.8183829312644606e-6	0	0	0	0	0	0	0.02447781084524165	0	0	0	0	0	0	0	0.016376493255831195	2.8766064277552105e-29	0	3.8523374262383024e-97	3.8523374262383024e-97	3.8523374262383024e-97	0	0	0
3.0199517204020193e-6	0	0	0	0	0	0	0.026252601722332413	0	0	0	0	0	0	0	0.019769407381009255	4.8916698259343086e-29	0	3.5952104711581123e-97	3.5952104711581123e-97	3.5952104711581123e-97	0	0	0
3.2359365692962877e-6	0	0	0	0	0	0	0.0281560757842601	0	0	0	0	0	0	0	0.023865272136764648	8.318285551711273e-29	0	3.3552456344786827e-97	3.3552456344786827e-97	3.3552456344786827e-97	0	0	0
3.4673685045253236e-6	0	0	0	0	0	0	0.02798494114520036	0	0	0	0	0	0	0	0.02568970212267166	1.4145246302799247e-28	0	3.131297418607558e-97	3.131297418607558e-97	3.131297418607558e-97	0	0	0
3.7153522909717276e-6	0	0	0	0	0	0	0.02781484667469633	0	0	0	0	0	0	0	0.027653604424435523	2.4053994266364385e-28	0	2.922296782990024e-97	2.922296782990024e-97	2.922296782990024e-97	0	0	0
3.981071705534978e-6	0	0	0	0	0	0	0.026427028168032222	0	0	0	0	0	0	0	0.0267501870556003	4.090382222979132e-28	0	2.7272460409306495e-97	2.7272460409306495e-97	2.7272460409306495e-97	0	0	0
4.265795188015934e-6	0	0	0	0	0	0	0.02510845470269317	0	0	0	0	0	0	0	0.02587628348647758	6.955695816997458e-28	0	2.545214097030094e-97	2.545214097030094e-97	2.545214097030094e-97	0	0	0
4.570881896148752e-6	0	0	0	0	0	0	0.02634234129838663	0	0	0	0	0	0	0	0.02579649692167809	1.1828162176824338e-27	0	2.3753320025024686e-97	2.3753320025024686e-97	2.3753320025024686e-97	0	0	0
4.897788193684467e-6	0	0	0	0	0	0	0.027636863888969597	0	0	0	0	0	0	0	0.025716956369638774	2.0113792230445143e-27	0	2.2167888071561562e-97	2.2167888071561562e-97	2.2167888071561562e-97	0	0	0
5.248074602497734e-6	0	0	0	0	0	0	0.02976010730968988	0	0	0	0	0	0	0	0.026307202060222263	3.420350785197957e-27	0	2.0688276882371133e-97	2.0688276882371133e-97	2.0688276882371133e-97	0	0	0
5.623413251903491e-6	0	0	0	0	0	0	0.03204647208317098	0	0	0	0	0	0	0	0.026910994842858412	5.8163072183358176e-27	0	1.9307423376551854e-97	1.9307423376551854e-97	1.9307423376551854e-97	0	0	0
6.0255958607435935e-6	0	0	0	0	0	0	0.03431965996291005	0	0	0	0	0	0	0	0.027572787846315092	9.890631628915675e-27	0	1.8018735903475336e-97	1.8018735903475336e-97	1.8018735903475336e-97	0	0	0
6.4565422903465625e-6	0	0	0	0	0	0	0.03675409439494311	0	0	0	0	0	0	0	0.02825085560966041	1.68190211326039e-26	0	1.6816062776843537e-97	1.6816062776843537e-97	1.6816062776843537e-97	0	0	0
6.9183097091893625e-6	0	0	0	0	0	0	0.03738297627202605	0	0	0	0	0	0	0	0.03369421751340754	2.860074891799199e-26	0	1.5693662908961447e-97	1.5693662908961447e-97	1.5693662908961447e-97	0	0	0
7.413102413009192e-6	0	0	0	0	0	0	0.03802261864863529	0	0	0	0	0	0	0	0.040186403892582136	4.8635579456188464e-26	0	1.4646178405046445e-97	1.4646178405046445e-97	1.4646178405046445e-97	0	0	0
7.943282347242822e-6	0	0	0	0	0	0	0.036857112829283424	0	0	0	0	0	0	0	0.03761987563984475	8.270481293414983e-26	0	1.3668608986749632e-97	1.3668608986749632e-97	1.3668608986749632e-97	0	0	0
8.511380382023777e-6	0	0	0	0	0	0	0.035727333213523664	0	0	0	0	0	0	0	0.03521726021916144	1.4063955151669146e-25	0	1.275628812279649e-97	1.275628812279649e-97	1.275628812279649e-97	0	0	0
9.120108393559115e-6	0	0	0	0	0	0	0.03928135694682144	0	0	0	0	0	0	0	0.03797955649788913	2.3915758647039086e-25	0	1.1904860752805392e-97	1.1904860752805392e-97	1.1904860752805392e-97	0	0	0
9.772372209558111e-6	0	0	0	0	0	0	0.04318892189242696	0	0	0	0	0	0	0	0.040958515875449054	4.0668752530508824e-25	0	1.1110262497944955e-97	1.1110262497944955e-97	1.1110262497944955e-97	0	0	0
0.000010471285480509006	0	0	0	0	0	0	0.04511194762908892	0	0	0	0	0	0	0	0.04248243163451572	6.915722209768164e-25	0	1.0368700259190643e-97	1.0368700259190643e-97	1.0368700259190643e-97	0	0	0
0.000011220184543019652	0	0	0	0	0	0	0.04712059782271379	0	0	0	0	0	0	0	0.044063046695084894	1.1760187049455264e-24	0	9.676634110564539e-98	9.676634110564539e-98	9.676634110564539e-98	0	0	0
0.000012022644346174132	0	0	0	0	0	0	0.04752295396810645	0	0	0	0	0	0	0	0.04595474463920282	1.9998200512280863e-24	0	9.030760400923233e-98	9.030760400923233e-98	9.030760400923233e-98	0	0	0
0.000012882495516931348	7.513772509994769e-20	7.513772509994769e-20	0	0	0	0	0.047928745775931314	0	0	0	0	0	0	0	0.04792765623921094	3.400694411131055e-24	0	8.427995983628762e-98	8.427995983628762e-98	8.427995983628762e-98	0	0	0
0.000013803842646028866	1.2777171708803866e-19	1.2777171708803866e-19	0	0	0	0	0.049237105557793155	0	0	0	0	0	0	0	0.05369595180955181	5.782881550165723e-24	0	7.865463498821305e-98	7.865463498821305e-98	7.865463498821305e-98	0	0	0
0.000014791083881682102	2.172758313604638e-19	2.172758313604638e-19	0	0	0	0	0.05058118096899321	0	0	0	0	0	0	0	0.06015848608041893	9.833791273272092e-24	0	7.340477638036727e-98	7.340477638036727e-98	7.340477638036727e-98	0	0	0
0.00001584893192461114	3.6947759621053608e-19	3.6947759621053608e-19	0	0	0	0	0.05220269982571643	0	0	0	0	0	0	0	0.060729043607685364	1.6722364096064334e-23	0	6.850532325601925e-98	6.850532325601925e-98	6.850532325601925e-98	0	0	0
0.00001698243652461746	6.282967288480559e-19	6.282967288480559e-19	0	0	0	0	0.05387620092864938	0	0	0	0	0	0	0	0.06130501243954289	2.8436383607347136e-23	0	6.393288755616806e-98	6.393288755616806e-98	6.393288755616806e-98	0	0	0
0.000018197008586099864	1.0684187174808124e-18	1.0684187174808124e-18	0	0	0	0	0.055214922882359865	0	0	0	0	0	0	0	0.05943983603769371	4.8356076211406463e-23	0	5.966564227416423e-98	5.966564227416423e-98	5.966564227416423e-98	0	0	0
0.000019498445997580493	1.81684625026821e-18	1.81684625026821e-18	0	0	0	0	0.0565869095510738	0	0	0	0	0	0	0	0.05763140675768006	8.222951760853641e-23	0	5.56832172621785e-98	5.56832172621785e-98	5.56832172621785e-98	0	0	0
0.00002089296130854041	3.0895474247181113e-18	3.0895474247181113e-18	0	0	0	0	0.05758840810842522	0	0	0	0	0	0	0	0.05858588209667291	1.3983131171708232e-22	0	5.196660199214141e-98	5.196660199214141e-98	5.196660199214141e-98	0	0	0
0.000022387211385683423	5.25377603535452e-18	5.25377603535452e-18	0	0	0	0	0.05860763160195643	0	0	0	0	0	0	0	0.059556165190916194	2.377831745238296e-22	0	4.849805480697142e-98	4.849805480697142e-98	4.849805480697142e-98	0	0	0
0.000023988329190194948	8.934047235796417e-18	8.934047235796417e-18	0	0	0	0	0.06548864204324799	0	0	0	0	0	0	0	0.06115830853955616	4.043503375054255e-22	0	4.5261018228894244e-98	4.5261018228894244e-98	4.5261018228894244e-98	0	0	0
0.000025703957827688645	1.519234917406532e-17	1.519234917406532e-17	0	0	0	0	0.07317753881945838	0	0	0	0	0	0	0	0.06280355176377375	6.875978326396179e-22	0	4.2240039920566626e-98	4.2240039920566626e-98	4.2240039920566626e-98	0	0	0
0.00002754228703338169	2.583459291573176e-17	2.583459291573176e-17	0	0	0	0	0.07398185999254016	0	0	0	0	0	0	0	0.065863496068828	1.1692602567553032e-21	0	3.9420698921705375e-98	3.9420698921705375e-98	3.9420698921705375e-98	0	0	0
0.0000295120922666639	4.393173060167273e-17	4.393173060167273e-17	0	0	0	0	0.07479502175468677	0	0	0	0	0	0	0	0.06907252842522792	1.9883273086814233e-21	0	3.6789536809104825e-98	3.6789536809104825e-98	3.6789536809104825e-98	0	0	0
0.000031622776601683856	7.470591698322277e-17	7.470591698322277e-17	0	0	0	0	0.07420954219355262	0	0	0	0	0	0	0	0.07065253505626705	3.3811510000512793e-21	0	3.4333993451426274e-98	3.4333993451426274e-98	3.4333993451426274e-98	0	0	0
0.000033884415613920276	1.270374272961458e-16	1.270374272961458e-16	0	0	0	0	0.07362864564220227	0	0	0	0	0	0	0	0.07226868371092991	5.7496479755782694e-21	0	3.204234705207934e-98	3.204234705207934e-98	3.204234705207934e-98	0	0	0
0.000036307805477010174	2.1602717141734074e-16	2.1602717141734074e-16	0	0	0	0	0.07748980282769183	0	0	0	0	0	0	0	0.07548621976335411	9.777277572806268e-21	0	2.9903658193982816e-98	2.9903658193982816e-98	2.9903658193982816e-98	0	0	0
0.00003890451449942813	3.6735424971874453e-16	3.6735424971874453e-16	0	0	0	0	0.08155344281971667	0	0	0	0	0	0	0	0.07884700649805201	1.6626262536722136e-20	0	2.7907717619097628e-98	2.7907717619097628e-98	2.7907717619097628e-98	0	0	0
0.00004168693834703355	6.246859776991641e-16	6.246859776991641e-16	0	0	0	0	0.08669476387945707	0	0	0	0	0	0	0	0.08238552006289607	2.8272962885789644e-20	0	2.604499749345086e-98	2.604499749345086e-98	2.604499749345086e-98	0	0	0
0.00004466835921509635	1.0622786344045976e-15	1.0622786344045976e-15	0	0	0	0	0.09216020592447237	0	0	0	0	0	0	0	0.08608283582968373	4.8078179240565407e-20	0	2.4306605925009858e-98	2.4306605925009858e-98	2.4306605925009858e-98	0	0	0
0.0000478630092322639	1.8064050377259402e-15	1.8064050377259402e-15	0	0	0	0	0.09367999079577935	0	0	0	0	0	0	0	0.09069938025172146	8.175695375208884e-20	0	2.2684244517293064e-98	2.2684244517293064e-98	2.2684244517293064e-98	0	0	0
0.00005128613839913659	3.0717921406284328e-15	3.0717921406284328e-15	0	0	0	0	0.09522483795977367	0	0	0	0	0	0	0	0.0955635057646372	1.3902771678136265e-19	0	2.1170168756094298e-98	2.1170168756094298e-98	2.1170168756094298e-98	0	0	0
0.00005495408738576248	5.223583171083987e-15	5.223583171083987e-15	0	0	0	0	0.09843542443518699	0	0	0	0	0	0	0	0.09833060460775737	2.3641666116926477e-19	0	1.9757151040223123e-98	1.9757151040223123e-98	1.9757151040223123e-98	0	0	0
0.00005888436553555896	8.88270426385384e-15	8.88270426385384e-15	0	0	0	0	0.10175425856674751	0	0	0	0	0	0	0	0.10117782646380345	4.020265812630921e-19	0	1.843844617978396e-98	1.843844617978396e-98	1.843844617978396e-98	0	0	0
0.00006309573444801943	1.5105040439647283e-14	1.5105040439647283e-14	0	0	0	0	0.10736856857702345	0	0	0	0	0	0	0	0.1037754161669209	6.836462846684359e-19	0	1.7207759197297223e-98	1.7207759197297223e-98	1.7207759197297223e-98	0	0	0
0.00006760829753919819	2.5686124394779053e-14	2.5686124394779053e-14	0	0	0	0	0.11329264917907142	0	0	0	0	0	0	0	0.1064396951091892	1.1625406486122507e-18	0	1.6059215277956636e-98	1.6059215277956636e-98	1.6059215277956636e-98	0	0	0
0.00007244359600749906	4.3679259851055586e-14	4.3679259851055586e-14	0	0	0	0	0.11628898790459968	0	0	0	0	0	0	0	0.11203035202241089	1.9769006136430023e-18	0	1.4987331725577767e-98	1.4987331725577767e-98	1.4987331725577767e-98	0	0	0
0.00007762471166286927	7.427659041952962e-14	7.427659041952962e-14	0	0	0	0	0.11936457312867182	0	0	0	0	0	0	0	0.11791465356407095	3.3617199027727773e-18	0	1.3986991790366634e-98	1.3986991790366634e-98	1.3986991790366634e-98	0	0	0
0.00008317637711026725	1.263073573857045e-13	1.263073573857045e-13	0	0	0	0	0.1242701692231728	0	0	0	0	0	0	0	0.12089018781036134	5.716605390633488e-18	0	1.3053420243571858e-98	1.3053420243571858e-98	1.3053420243571858e-98	0	0	0
0.00008912509381337459	2.1478568738348676e-13	2.1478568738348676e-13	0	0	0	0	0.12937737348676195	0	0	0	0	0	0	0	0.1239408086025841	9.72108865026688e-18	0	1.2182160582423961e-98	1.2182160582423961e-98	1.2182160582423961e-98	0	0	0
0.00009549925860214369	3.6524310586215755e-13	3.6524310586215755e-13	0	0	0	0	0.13204719218859393	0	0	0	0	0	0	0	0.1290123609697962	1.653071326231112e-17	0	1.1369053756546731e-98	1.1369053756546731e-98	1.1369053756546731e-98	0	0	0
0.00010232929922807557	6.210959771339668e-13	6.210959771339668e-13	0	0	0	0	0.13477210500548334	0	0	0	0	0	0	0	0.13429143694205345	2.811048132487234e-17	0	1.0610218314289419e-98	1.0610218314289419e-98	1.0610218314289419e-98	0	0	0
0.00010964781961431851	1.056173837700257e-12	1.056173837700257e-12	0	0	0	0	0.13687314065650816	0	0	0	0	0	0	0	0.13872604903728353	4.7801879312588236e-17	0	9.902031874205615e-99	9.902031874205615e-99	9.902031874205615e-99	0	0	0
0.00011748975549395303	1.7960238296663113e-12	1.7960238296663113e-12	0	0	0	0	0.13900693049510512	0	0	0	0	0	0	0	0.14330710222274923	8.12871056673593e-17	0	9.241113833231275e-99	9.241113833231275e-99	9.241113833231275e-99	0	0	0
0.00012589254117941688	3.054138894173914e-12	3.054138894173914e-12	0	0	0	0	0.1444028407068384	0	0	0	0	0	0	0	0.14840525758678658	1.3822874001601204e-16	0	8.624309229017649e-99	8.624309229017649e-99	8.624309229017649e-99	0	0	0
0.0001348962882591656	5.1935638218334445e-12	5.1935638218334445e-12	0	0	0	0	0.15000820700043266	0	0	0	0	0	0	0	0.15368478001297706	2.350580010143754e-16	0	8.048673679383899e-99	8.048673679383899e-99	8.048673679383899e-99	0	0	0
0.0001445439770745928	8.831656354238336e-12	8.831656354238336e-12	0	0	0	0	0.15546341093611873	0	0	0	0	0	0	0	0.159226043791614	3.9971617938842026e-16	0	7.511459326996577e-99	7.511459326996577e-99	7.511459326996577e-99	0	0	0
0.00015488166189124827	1.501823345877792e-11	1.501823345877792e-11	0	0	0	0	0.1611169990174119	0	0	0	0	0	0	0	0.16496710356997027	6.797174458022454e-16	0	7.010101722181225e-99	7.010101722181225e-99	7.010101722181225e-99	0	0	0
0.00016595869074375631	2.553850910583942e-11	2.553850910583942e-11	0	0	0	0	0.16682775823764412	0	0	0	0	0	0	0	0.16829715731463799	1.1558596573069323e-15	0	6.542207581250016e-99	6.542207581250016e-99	6.542207581250016e-99	0	0	0
0.00017782794100389227	4.342824002165271e-11	4.342824002165271e-11	0	0	0	0	0.17274093415549502	0	0	0	0	0	0	0	0.1716944320852092	1.965539586545116e-15	0	6.1055433619082675e-99	6.1055433619082675e-99	6.1055433619082675e-99	0	0	0
0.00019054607179632481	7.384973114766018e-11	7.384973114766018e-11	0	0	0	0	0.17848871000693967	0	0	0	0	0	0	0	0.1785201732526835	3.342400473840721e-15	0	5.698024601203407e-99	5.698024601203407e-99	5.698024601203407e-99	0	0	0
0.00020417379446695317	1.255814831055225e-10	1.255814831055225e-10	0	0	0	0	0.18442773715270014	0	0	0	0	0	0	0	0.1856172729139633	5.683752697735035e-15	0	5.3177059651201345e-99	5.3177059651201345e-99	5.3177059651201345e-99	0	0	0
0.00021877616239495564	2.1355133801976094e-10	2.1355133801976094e-10	0	0	0	0	0.19050572666058319	0	0	0	0	0	0	0	0.19268954582865302	9.665222639191473e-15	0	4.962771962322178e-99	4.962771962322178e-99	4.962771962322178e-99	0	0	0
0.00023442288153199226	3.631440945136013e-10	3.631440945136013e-10	0	0	0	0	0.19678402202824832	0	0	0	0	0	0	0	0.20003128205025747	1.6435713098911832e-14	0	4.631528277711903e-99	4.631528277711903e-99	4.631528277711903e-99	0	0	0
0.0002511886431509582	6.175266079011938e-10	6.175266079011938e-10	0	0	0	0	0.20332938186638802	0	0	0	0	0	0	0	0.20686148165654847	2.794893352734431e-14	0	4.322393684437511e-99	4.322393684437511e-99	4.322393684437511e-99	0	0	0
0.00026915348039269194	1.0501041245809666e-9	1.0501041245809666e-9	0	0	0	0	0.21009245112508515	0	0	0	0	0	0	0	0.2139249029178909	4.752716724944689e-14	0	4.033892495739057e-99	4.033892495739057e-99	4.033892495739057e-99	0	0	0
0.00028840315031266115	1.7857022812503753e-9	1.7857022812503753e-9	0	0	0	0	0.21794176852708314	0	0	0	0	0	0	0	0.21992906445755322	8.081995774711516e-14	0	3.764647520601181e-99	3.764647520601181e-99	3.764647520601181e-99	0	0	0
0.0003090295432513592	3.0365870989556895e-9	3.0365870989556895e-9	0	0	0	0	0.22608434626921808	0	0	0	0	0	0	0	0.22610174287067245	1.3743435488091965e-13	0	3.5133734895857855e-99	3.5133734895857855e-99	3.5133734895857855e-99	0	0	0
0.0003311311214825914	5.163716990431234e-9	5.163716990431234e-9	0	0	0	0	0.23387650309157654	0	0	0	0	0	0	0	0.2337422504254727	2.337071489276979e-13	0	3.278870919462065e-99	3.278870919462065e-99	3.278870919462065e-99	0	0	0
0.000354813389233576	8.780901811259746e-9	8.780901811259746e-9	0	0	0	0	0.2419372221074089	0	0	0	0	0	0	0	0.2416409486291098	3.974190551353576e-13	0	3.0600203873461556e-99	3.0600203873461556e-99	3.0600203873461556e-99	0	0	0
0.00038018939632056124	1.493192534793503e-8	1.493192534793503e-8	0	0	0	0	0.2504566143759571	0	0	0	0	0	0	0	0.24977016820722006	6.758111855343346e-13	0	2.8557771870172784e-99	2.8557771870172784e-99	2.8557771870172784e-99	0	0	0
0.00040738027780411304	2.5391742145482727e-8	2.5391742145482727e-8	0	0	0	0	0.2592760020069109	0	0	0	0	0	0	0	0.2581728687964097	1.1492170609126377e-12	0	2.6651663419018066e-99	2.6651663419018066e-99	2.6651663419018066e-99	0	0	0
0.00043651583224016654	4.3178662775182495e-8	4.3178662775182495e-8	0	0	0	0	0.26639576278284094	0	0	0	0	0	0	0	0.26471422548732376	1.9542438500014857e-12	0	2.487277950919243e-99	2.487277950919243e-99	2.487277950919243e-99	0	0	0
0.00046773514128719906	7.342532498836853e-8	7.342532498836853e-8	0	0	0	0	0.273711033336437	0	0	0	0	0	0	0	0.27142132131092556	3.3231920715097495e-12	0	2.3212628449729097e-99	2.3212628449729097e-99	2.3212628449729097e-99	0	0	0
0.0005011872336272725	1.24859780343781e-7	1.24859780343781e-7	0	0	0	0	0.28366752905183734	0	0	0	0	0	0	0	0.28002734875615626	5.651088805594446e-12	0	2.1663285333512296e-99	2.1663285333512296e-99	2.1663285333512296e-99	0	0	0
0.0005370317963702533	2.1232408232400765e-7	2.1232408232400765e-7	0	0	0	0	0.29398620164305606	0	0	0	0	0	0	0	0.28890624978416346	9.609677683844157e-12	0	2.021735420689272e-99	2.021735420689272e-99	2.021735420689272e-99	0	0	0
0.0005754399373371578	3.610571459489015e-7	3.610571459489015e-7	0	0	0	0	0.300796749796183	0	0	0	0	0	0	0	0.29738510990199685	1.634125889084462e-11	0	1.886793276431876e-99	1.886793276431876e-99	1.886793276431876e-99	0	0	0
0.0006165950018614823	6.139777514348585e-7	6.139777514348585e-7	0	0	0	0	0.30776507258596547	0	0	0	0	0	0	0	0.30611280876579516	2.7788314126970887e-11	0	1.7608579399448968e-99	1.7608579399448968e-99	1.7608579399448968e-99	0	0	0
0.0006606934480075965	1.0440692934252571e-6	1.0440692934252571e-6	0	0	0	0	0.31548262855306064	0	0	0	0	0	0	0	0.3143672227263922	4.725403392585925e-11	0	1.6433282455461037e-99	1.6433282455461037e-99	1.6433282455461037e-99	0	0	0
0.0007079457843841388	1.7754400496207077e-6	1.7754400496207077e-6	0	0	0	0	0.3233937109317296	0	0	0	0	0	0	0	0.32284421917253653	8.035549447380827e-11	0	1.5336431527770741e-99	1.5336431527770741e-99	1.5336431527770741e-99	0	0	0
0.0007585775750291852	3.0191361719449013e-6	3.0191361719449013e-6	0	0	0	0	0.33232187190079543	0	0	0	0	0	0	0	0.3310108644317877	1.3664453498850717e-10	0	1.4312790682170605e-99	1.4312790682170605e-99	1.4312790682170605e-99	0	0	0
0.0008128305161640995	5.134041685436493e-6	5.134041685436493e-6	0	0	0	0	0.3414965189813572	0	0	0	0	0	0	0	0.3393840925902514	2.323640600371308e-10	0	1.3357473460542837e-99	1.3357473460542837e-99	1.3357473460542837e-99	0	0	0
0.0008709635899560814	8.730438948972601e-6	8.730438948972601e-6	0	0	0	0	0.35056341911100414	0	0	0	0	0	0	0	0.3492178845196587	3.951351321988935e-10	0	1.2465919554833264e-99	1.2465919554833264e-99	1.2465919554833264e-99	0	0	0
0.0009332543007969925	0.000014846113240168661	0.000014846113240168661	0	0	0	0	0.359871049887646	0	0	0	0	0	0	0	0.3593366145643818	6.719273741080604e-10	0	1.1633873037937446e-99	1.1633873037937446e-99	1.1633873037937446e-99	0	0	0
0.001	0.00001401307675382723	0.00001401307675382723	0	0	0	0	0.36794144646253985	0	0	0	0	0	0	0	0.36775203237286247	1.1426126387781864e-9	0	1.0857362047581296e-99	1.0857362047581296e-99	1.0857362047581296e-99	0	0	0
0.001071519305237607	0.000013226783127138683	0.000013226783127138683	0	0	0	0	0.37619282814556193	0	0	0	0	0	0	0	0.37636453351218396	1.9430130287945385e-9	0	1.0132679826215263e-99	1.0132679826215263e-99	1.0132679826215263e-99	0	0	0
0.001148153621496884	0.00001607808697165554	0.00001607808697165554	0	0	0	0	0.38424194331282524	0	0	0	0	0	0	0	0.38525089543313956	3.30409405772226e-9	0	9.456367026414297e-100	9.456367026414297e-100	9.456367026414297e-100	0	0	0
0.0012302687708123836	0.00001954404772372169	0.00001954404772372169	0	0	0	0	0.39246327934696495	0	0	0	0	0	0	0	0.3943470736921365	5.6186126291950414e-9	0	8.82519519731599e-100	8.82519519731599e-100	8.82519519731599e-100	0	0	0
0.0013182567385564075	0.00001402815469918812	0.00001402815469918812	0	0	0	0	0.40066638824781187	0	0	0	0	0	0	0	0.40231711309070417	9.554451939153291e-9	0	8.23615137326811e-100	8.23615137326811e-100	8.23615137326811e-100	0	0	0
0.0014125375446227555	0.000010069005512378946	0.000010069005512378946	0	0	0	0	0.40904095521666317	0	0	0	0	0	0	0	0.4104482327463668	1.624734750056449e-8	0	7.686423691117504e-100	7.686423691117504e-100	7.686423691117504e-100	0	0	0
0.0015135612484362103	9.335216114454187e-6	9.335216114454187e-6	0	0	0	0	0.4173782914892594	0	0	0	0	0	0	0	0.41769439833757355	2.76286177883578e-8	0	7.173387967483288e-100	7.173387967483288e-100	7.173387967483288e-100	0	0	0
0.0016218100973589332	8.654902392935035e-6	8.654902392935035e-6	0	0	0	0	0.42588556472106676	0	0	0	0	0	0	0	0.42506848972206196	4.698247026898615e-8	0	6.69459517193916e-100	6.69459517193916e-100	6.69459517193916e-100	0	0	0
0.0017378008287493763	4.713491666883825e-6	4.713491666883825e-6	0	0	0	0	0.4332816707274049	0	0	0	0	0	0	0	0.4327832992576754	7.98937004190738e-8	0	6.247759736307004e-100	6.247759736307004e-100	6.247759736307004e-100	0	0	0
0.0018620871366628695	2.5669848930842674e-6	2.5669848930842674e-6	0	0	0	0	0.44080622058952984	0	0	0	0	0	0	0	0.4406381292549546	1.358592541028279e-7	0	5.830748644254781e-100	5.830748644254781e-100	5.830748644254781e-100	0	0	0
0.001995262314968883	1.9823928836337437e-6	1.9823928836337437e-6	0	0	0	0	0.44707196154884504	0	0	0	0	0	0	0	0.4476184410853856	2.3102868972846184e-7	0	5.441571249116998e-100	5.441571249116998e-100	5.441571249116998e-100	0	0	0
0.0021379620895022326	1.5309328682335698e-6	1.5309328682335698e-6	0	0	0	0	0.4534267654749135	0	0	0	0	0	0	0	0.45470933062122815	3.92864334712537e-7	0	5.0783697713317e-100	5.0783697713317e-100	5.0783697713317e-100	0	0	0
0.0022908676527677745	2.1002750587993585e-6	2.1002750587993585e-6	0	0	0	0	0.4601839682244352	0	0	0	0	0	0	0	0.4613013015527648	6.680658825123857e-7	0	4.739410430132739e-100	4.739410430132739e-100	4.739410430132739e-100	0	0	0
0.0024547089156850338	2.8813512428565074e-6	2.8813512428565074e-6	0	0	0	0	0.4670418703425766	0	0	0	0	0	0	0	0.4679888370083528	1.1360461715203341e-6	0	4.423075167163492e-100	4.423075167163492e-100	4.423075167163492e-100	0	0	0
0.002630267991895387	3.0190880631114166e-6	3.0190880631114166e-6	0	0	0	0	0.4721342422369111	0	0	0	0	0	0	0	0.473408805053275	1.9318467498631333e-6	0	4.127853922503697e-100	4.127853922503697e-100	4.127853922503697e-100	0	0	0
0.002818382931264455	3.163409096832479e-6	3.163409096832479e-6	3.8523374262383097e-100	3.8523374262383097e-100	0	0	0.47728213859951446	0	0	0	0	0	0	0	0.47889154394075756	3.285105798087618e-6	0	3.8523374262383097e-100	3.8523374262383097e-100	3.8523374262383097e-100	0	0	0
0.003019951720402019	3.39486136520843e-6	3.39486136520843e-6	3.595210471158112e-100	3.595210471158112e-100	0	0	0.48132954777904974	0	0	0	0	0	0	0	0.4823935501084051	4.19390596281141e-6	0	3.595210471158112e-100	3.595210471158112e-100	3.595210471158112e-100	0	0	0
0.0032359365692962876	3.6432479442905225e-6	3.6432479442905225e-6	3.3552456344786827e-100	3.3552456344786827e-100	0	0	0.48541127946877705	0	0	0	0	0	0	0	0.4859211655133704	5.3541189556646536e-6	0	3.3552456344786827e-100	3.3552456344786827e-100	3.3552456344786827e-100	0	0	0
0.0034673685045253167	4.467413845153425e-6	4.467413845153425e-6	3.131297418607564e-100	3.131297418607564e-100	0	0	0.48755036227370563	0	0	0	0	0	0	0	0.4883363262194841	3.4509302195250066e-6	0	3.131297418607564e-100	3.131297418607564e-100	3.131297418607564e-100	0	0	0
0.003715352290971728	5.478020373316941e-6	5.478020373316941e-6	2.9222967829900235e-100	2.9222967829900235e-100	0	0	0.48969887146701824	0	0	0	0	0	0	0	0.4907634909329354	2.2242537901462313e-6	0	2.9222967829900235e-100	2.9222967829900235e-100	2.9222967829900235e-100	0	0	0
0.003981071705534978	4.625673274508224e-6	4.625673274508224e-6	2.7272460409306494e-100	2.7272460409306494e-100	0	0	0.49049875155938344	0	0	0	0	0	0	0	0.49190559122721866	2.563222519585297e-6	0	2.7272460409306494e-100	2.7272460409306494e-100	2.7272460409306494e-100	0	0	0
0.004265795188015935	3.905946269700378e-6	3.905946269700378e-6	2.5452140970300934e-100	2.5452140970300934e-100	0	0	0.4912999381856195	0	0	0	0	0	0	0	0.49305034940683007	2.953848933073997e-6	0	2.5452140970300934e-100	2.5452140970300934e-100	2.5452140970300934e-100	0	0	0
0.004570881896148752	5.646948181665659e-6	5.646948181665659e-6	2.375332002502468e-100	2.375332002502468e-100	0	0	0.49046374585711866	0	0	0	0	0	0	0	0.4915166427146366	3.8007257948921384e-6	0	2.375332002502468e-100	2.375332002502468e-100	2.375332002502468e-100	0	0	0
0.004897788193684466	8.163968873249179e-6	8.163968873249179e-6	2.216788807156157e-100	2.216788807156157e-100	0	0	0.4896289767276784	0	0	0	0	0	0	0	0.4899877068459926	4.890404653472105e-6	0	2.216788807156157e-100	2.216788807156157e-100	2.216788807156157e-100	0	0	0
0.005248074602497733	8.609499487235044e-6	8.609499487235044e-6	2.0688276882371137e-100	2.0688276882371137e-100	0	0	0.4875326636201435	0	0	0	0	0	0	0	0.487579993519899	5.4292305224055645e-6	0	2.0688276882371137e-100	2.0688276882371137e-100	2.0688276882371137e-100	0	0	0
0.005623413251903491	9.079343952863482e-6	9.079343952863482e-6	1.9307423376551855e-100	1.9307423376551855e-100	0	0	0.4854453257343662	0	0	0	0	0	0	0	0.48518411127319755	6.02742434503704e-6	0	1.9307423376551855e-100	1.9307423376551855e-100	1.9307423376551855e-100	0	0	0
0.0060255958607435805	0.00001101180164816076	0.00001101180164816076	1.8018735903475375e-100	1.8018735903475375e-100	0	0	0.48084444091134604	0	0	0	0	0	0	0	0.4808938735196777	7.393023581840652e-6	0	1.8018735903475375e-100	1.8018735903475375e-100	1.8018735903475375e-100	0	0	0
0.006456542290346563	0.000013355565795058471	0.000013355565795058471	1.6816062776843535e-100	1.6816062776843535e-100	0	0	0.4762871617016307	0	0	0	0	0	0	0	0.47664157216917274	9.068018867239072e-6	0	1.6816062776843535e-100	1.6816062776843535e-100	1.6816062776843535e-100	0	0	0
0.006918309709189377	0.000010551554070759221	0.000010551554070759221	1.5693662908961415e-100	1.5693662908961415e-100	0	0	0.470905460668578	0	0	0	0	0	0	0	0.4710883933636292	0.000010646630153829246	0	1.5693662908961415e-100	1.5693662908961415e-100	1.5693662908961415e-100	0	0	0
0.007413102413009177	8.336246851432564e-6	8.336246851432564e-6	1.464617840504648e-100	1.464617840504648e-100	0	0	0.4655845689714425	0	0	0	0	0	0	0	0.4655999126386704	0.000012500054895335369	0	1.464617840504648e-100	1.464617840504648e-100	1.464617840504648e-100	0	0	0
0.00794328234724282	7.138691592059788e-6	7.138691592059788e-6	1.3668608986749635e-100	1.3668608986749635e-100	0	0	0.45858679276300035	0	0	0	0	0	0	0	0.4586761203501047	0.000012684588428645523	0	1.3668608986749635e-100	1.3668608986749635e-100	1.3668608986749635e-100	0	0	0
0.008511380382023776	6.113172816827958e-6	6.113172816827958e-6	1.275628812279649e-100	1.275628812279649e-100	0	0	0.45169419373423053	0	0	0	0	0	0	0	0.45185528963510013	0.000012871846159985235	0	1.275628812279649e-100	1.275628812279649e-100	1.275628812279649e-100	0	0	0
0.009120108393559097	5.0705068059104495e-6	5.0705068059104495e-6	1.1904860752805417e-100	1.1904860752805417e-100	0	0	0.4429225526501592	0	0	0	0	0	0	0	0.4432147311683696	0.000013414389557247926	0	1.1904860752805417e-100	1.1904860752805417e-100	1.1904860752805417e-100	0	0	0
0.009772372209558112	4.2056784650371826e-6	4.2056784650371826e-6	1.1110262497944954e-100	1.1110262497944954e-100	0	0	0.43432125178381686	0	0	0	0	0	0	0	0.4347394009336184	0.000013979800951397404	0	1.1110262497944954e-100	1.1110262497944954e-100	1.1110262497944954e-100	0	0	0
0.010471285480509006	4.603150094682907e-6	4.603150094682907e-6	1.0368700259190642e-100	1.0368700259190642e-100	0	0	0.4244082941619809	0	0	0	0	0	0	0	0.42504478317988437	0.000016147516988142407	0	1.0368700259190642e-100	1.0368700259190642e-100	1.0368700259190642e-100	0	0	0
0.011220184543019653	5.038186102510792e-6	5.038186102510792e-6	9.676634110564538e-101	9.676634110564538e-101	0	0	0.4147215900987923	0	0	0	0	0	0	0	0.41556635382128804	0.000018651360329725098	0	9.676634110564538e-101	9.676634110564538e-101	9.676634110564538e-101	0	0	0
0.012022644346174132	5.9823401953231936e-6	5.9823401953231936e-6	9.030760400923234e-101	9.030760400923234e-101	0	0	0.40449443760518244	0	0	0	0	0	0	0	0.40459735992170076	0.000020359442285361966	0	9.030760400923234e-101	9.030760400923234e-101	9.030760400923234e-101	0	0	0
0.01288249551693135	7.1034283935530655e-6	7.1034283935530655e-6	8.427995983628763e-101	8.427995983628763e-101	0	0	0.39451948960399463	0	0	0	0	0	0	0	0.393917895783276	0.000022223949505193875	0	8.427995983628763e-101	8.427995983628763e-101	8.427995983628763e-101	0	0	0
0.013803842646028866	8.070819235078978e-6	8.070819235078978e-6	7.865463498821305e-101	7.865463498821305e-101	0	0	0.3827531286737842	0	0	0	0	0	0	0	0.382710281067834	0.000025432742130382158	0	7.865463498821305e-101	7.865463498821305e-101	7.865463498821305e-101	0	0	0
0.014791083881682071	9.169955620927885e-6	9.169955620927885e-6	7.340477638036743e-101	7.340477638036743e-101	0	0	0.3713376940049841	0	0	0	0	0	0	0	0.37182154150113417	0.000029104834499347148	0	7.340477638036743e-101	7.340477638036743e-101	7.340477638036743e-101	0	0	0
0.01584893192461114	9.192922906234038e-6	9.192922906234038e-6	6.850532325601924e-101	6.850532325601924e-101	0	0	0.3590539546411704	0	0	0	0	0	0	0	0.35959445468453677	0.000031729517074605444	0	6.850532325601924e-101	6.850532325601924e-101	6.850532325601924e-101	0	0	0
0.01698243652461746	9.21594771594007e-6	9.21594771594007e-6	6.393288755616805e-101	6.393288755616805e-101	0	0	0.34717655768534317	0	0	0	0	0	0	0	0.3477694469175207	0.000034590894300060674	0	6.393288755616805e-101	6.393288755616805e-101	6.393288755616805e-101	0	0	0
0.018197008586099864	7.665691012082041e-6	7.665691012082041e-6	5.966564227416423e-101	5.966564227416423e-101	0	0	0.3348615967972437	0	0	0	0	0	0	0	0.33511805856974025	0.000038424055384283467	0	5.966564227416423e-101	5.966564227416423e-101	5.966564227416423e-101	0	0	0
0.019498445997580455	6.376210076699831e-6	6.376210076699831e-6	5.568321726217862e-101	5.568321726217862e-101	0	0	0.32298346915239845	0	0	0	0	0	0	0	0.3229269108455832	0.00004268198501511105	0	5.568321726217862e-101	5.568321726217862e-101	5.568321726217862e-101	0	0	0
0.02089296130854041	5.357961623393001e-6	5.357961623393001e-6	5.1966601992141416e-101	5.1966601992141416e-101	0	0	0.31017109410539545	0	0	0	0	0	0	0	0.31015949045734326	0.0000450470112757381	0	5.1966601992141416e-101	5.1966601992141416e-101	5.1966601992141416e-101	0	0	0
0.022387211385683423	4.502322290580903e-6	4.502322290580903e-6	4.8498054806971434e-101	4.8498054806971434e-101	0	0	0.29786697093510867	0	0	0	0	0	0	0	0.2978968499988502	0.000047543084609538324	0	4.8498054806971434e-101	4.8498054806971434e-101	4.8498054806971434e-101	0	0	0
0.02398832919019495	4.4858725430459445e-6	4.4858725430459445e-6	4.526101822889424e-101	4.526101822889424e-101	0	0	0.2851381074463968	0	0	0	0	0	0	0	0.2852288580690365	0.00005159173736647017	0	4.526101822889424e-101	4.526101822889424e-101	4.526101822889424e-101	0	0	0
0.025703957827688646	4.46948289653808e-6	4.46948289653808e-6	4.2240039920566636e-101	4.2240039920566636e-101	0	0	0.27295319136214446	0	0	0	0	0	0	0	0.27309956945056896	0.00005598516348593881	0	4.2240039920566636e-101	4.2240039920566636e-101	4.2240039920566636e-101	4.224003992056664e-11	4.224003992056664e-11	4.224003992056664e-11
0.02754228703338169	4.939013336557976e-6	4.939013336557976e-6	3.942069892170537e-101	3.942069892170537e-101	0	0	0.26030569500375556	0	0	0	0	0	0	0	0.2606455744597345	0.0000617610874533513	0	3.942069892170537e-101	3.942069892170537e-101	3.942069892170537e-101	3.942069892170537e-11	3.942069892170537e-11	3.942069892170537e-11
0.0295120922666639	5.457869132375956e-6	5.457869132375956e-6	3.6789536809104835e-101	3.6789536809104835e-101	0	0	0.2482442301306086	0	0	0	0	0	0	0	0.2487595114929006	0.0000681329067544571	0	3.6789536809104835e-101	3.6789536809104835e-101	3.6789536809104835e-101	3.6789536809104836e-11	3.6789536809104836e-11	3.6789536809104836e-11
0.03162277660168379	4.860438493726329e-6	4.860438493726329e-6	3.433399345142635e-101	3.433399345142635e-101	0	0	0.2358159868273122	0	0	0	0	0	0	0	0.23633511824400455	0.00007442633949318158	0	3.433399345142635e-101	3.433399345142635e-101	3.433399345142635e-101	3.4333993451426346e-11	3.4333993451426346e-11	3.4333993451426346e-11
0.03388441561392028	4.328403957354051e-6	4.328403957354051e-6	3.204234705207933e-101	3.204234705207933e-101	0	0	0.22400995831436385	0.22439782098771321	0	0	0	0	0	0	0.22453126628286343	0.00008130109625760177	0	3.204234705207933e-101	3.204234705207933e-101	3.204234705207933e-101	3.2042347052079334e-11	3.2042347052079334e-11	3.2042347052079334e-11
0.03630780547701017	4.135840624163845e-6	4.135840624163845e-6	2.990365819398281e-101	2.990365819398281e-101	0	0	0.21202959337220895	0.2124800874748354	0	0	0	0	0	0	0.21264239900301235	0.00008728076834745098	0	2.990365819398281e-101	2.990365819398281e-101	2.990365819398281e-101	2.990365819398282e-11	2.990365819398282e-11	2.990365819398282e-11
0.038904514499428125	3.9518441062835465e-6	3.9518441062835465e-6	2.7907717619097634e-101	2.7907717619097634e-101	0	0	0.20068995505322404	0.20119530294274005	0	0	0	0	0	0	0.2013830438955099	0.00009370024358815616	0	2.7907717619097634e-101	2.7907717619097634e-101	2.7907717619097634e-101	2.7907717619097634e-11	2.7907717619097634e-11	2.7907717619097634e-11
0.04168693834703355	3.7853326152359383e-6	3.7853326152359383e-6	2.6044997493450867e-101	2.6044997493450867e-101	0	0	0.18919556073033447	0.18961285159482122	0	0	0	0	0	0	0.189772898769297	0.00010441620402979459	0	2.6044997493450867e-101	2.6044997493450867e-101	2.6044997493450867e-101	2.6044997493450866e-11	2.6044997493450866e-11	2.6044997493450866e-11
0.04466835921509635	3.6258371086009762e-6	3.6258371086009762e-6	2.4306605925009856e-101	2.4306605925009856e-101	3.3659207356395465e-6	3.3659207356395465e-6	0.17835950080597007	0.17869718111735353	0	0	0	0	0	0	0.1788321022994765	0.0001163576875201404	0	2.4306605925009856e-101	2.4306605925009856e-101	2.4306605925009856e-101	2.4306605925009858e-11	2.4306605925009858e-11	2.4306605925009858e-11
0.0478630092322639	3.3399162965056903e-6	3.3399162965056903e-6	2.2684244517293063e-101	2.2684244517293063e-101	3.119130200213728e-6	3.119130200213728e-6	0.1674746872864342	0.16778096416513769	0	0	0	0	0	0	0.16791995228861126	0.00012729535386604363	0	2.2684244517293063e-101	2.2684244517293063e-101	2.2684244517293063e-101	2.2684244517293064e-11	2.2684244517293064e-11	2.2684244517293064e-11
0.05128613839913648	3.076542197994241e-6	3.076542197994241e-6	2.1170168756094343e-101	2.1170168756094343e-101	2.8904344368159344e-6	2.8904344368159344e-6	0.15725414544751945	0.15753159484757837	0	0	0	0	0	0	0.15767365039074466	0.00013926116495806466	0	2.1170168756094343e-101	2.1170168756094343e-101	2.1170168756094343e-101	2.1170168756094345e-11	2.1170168756094345e-11	2.1170168756094345e-11
0.05495408738576248	2.6503526711052333e-6	2.6503526711052333e-6	1.975715104022312e-101	1.975715104022312e-101	2.773859746947062e-6	2.773859746947062e-6	0.1468385842188114	0.1473843985185144	0	0	0	0	0	0	0.14746305284156438	0.00014742369301226104	0	1.975715104022312e-101	1.975715104022312e-101	1.975715104022312e-101	1.975715104022312e-11	1.975715104022312e-11	1.975715104022312e-11
0.05888436553555896	2.283202644128928e-6	2.283202644128928e-6	1.8438446179783964e-101	1.8438446179783964e-101	2.6619866542308243e-6	2.6619866542308243e-6	0.13711288662072652	0.13789082087108812	0	0	0	0	0	0	0.13791367105071126	0.00015606465210827447	0	1.8438446179783964e-101	1.8438446179783964e-101	1.8438446179783964e-101	1.8438446179783962e-11	1.8438446179783962e-11	1.8438446179783962e-11
0.06309573444801943	2.440988106592718e-6	2.440988106592718e-6	1.7207759197297222e-101	1.7207759197297222e-101	2.4930282668667975e-6	2.4930282668667975e-6	0.12749986690858758	0.1284338955724924	0	0	0	0	0	0	0.12841732835627254	0.0001640418349692034	0	1.7207759197297222e-101	1.7207759197297222e-101	1.7207759197297222e-101	1.7207759197297223e-11	1.7207759197297223e-11	1.7207759197297223e-11
0.06760829753919818	2.609677661266153e-6	2.609677661266153e-6	1.605921527795664e-101	1.605921527795664e-101	2.3347938012832507e-6	2.3347938012832507e-6	0.11856081847853267	0.11962555177872986	0	0	0	0	0	0	0.11957487677997465	0.00017242676837157138	0	1.605921527795664e-101	1.605921527795664e-101	1.605921527795664e-101	1.6059215277956638e-11	1.6059215277956638e-11	1.6059215277956638e-11
0.07244359600749906	2.325566933567363e-6	2.325566933567363e-6	1.4987331725577767e-101	1.4987331725577767e-101	2.3279696496252864e-6	2.3279696496252864e-6	0.10974119800816676	0.11080905248149552	0	0	0	0	0	0	0.11081408787820966	0.0001804007384689311	0	1.4987331725577767e-101	1.4987331725577767e-101	1.4987331725577767e-101	1.4987331725577768e-11	1.4987331725577768e-11	1.4987331725577768e-11
0.07762471166286927	2.072386809594695e-6	2.072386809594695e-6	1.3986991790366632e-101	1.3986991790366632e-101	2.3211654436455293e-6	2.3211654436455293e-6	0.10157766026596943	0.10264233626740975	0	0	0	0	0	0	0.1026951681068851	0.0001887434691694968	0	1.3986991790366632e-101	1.3986991790366632e-101	1.3986991790366632e-101	1.3986991790366632e-11	1.3986991790366632e-11	1.3986991790366632e-11
0.08317637711026708	2.295554669091665e-6	2.295554669091665e-6	1.3053420243571884e-101	1.3053420243571884e-101	1.916779542799254e-6	1.916779542799254e-6	0.09352716969285668	0.09464190222162683	0	0	0	0	0	0	0.09465217588168312	0.00019085543288107766	0	1.3053420243571884e-101	1.3053420243571884e-101	1.3053420243571884e-101	1.3053420243571884e-11	1.3053420243571884e-11	1.3053420243571884e-11
0.08912509381337459	2.542754670311353e-6	2.542754670311353e-6	1.218216058242396e-101	1.218216058242396e-101	1.5828444395257742e-6	1.5828444395257742e-6	0.08611471703377009	0.0872650602261471	0	0	0	0	0	0	0.08723910349718203	0.00019299102861944424	0	1.218216058242396e-101	1.218216058242396e-101	1.218216058242396e-101	1.218216058242396e-11	1.218216058242396e-11	1.218216058242396e-11
0.09549925860214369	2.2777808919459413e-6	2.2777808919459413e-6	1.1369053756546732e-101	1.1369053756546732e-101	1.5466950508637798e-6	1.5466950508637798e-6	0.07879161524776328	0.0799584582581815	0	0	0	0	0	0	0.07996884100128672	0.00019414111282842265	0	1.1369053756546732e-101	1.1369053756546732e-101	1.1369053756546732e-101	1.136905375654673e-11	1.136905375654673e-11	1.136905375654673e-11
0.10232929922807536	2.040419334311464e-6	2.040419334311464e-6	1.061021831428944e-101	1.061021831428944e-101	1.5113712507864938e-6	1.5113712507864938e-6	0.0720912620651944	0.073263629572443	0	0	0	0	0	0	0.07330446181505823	0.00019529805069115445	0	1.061021831428944e-101	1.061021831428944e-101	1.061021831428944e-101	1.061021831428944e-11	1.061021831428944e-11	1.061021831428944e-11
0.10964781961431873	1.7381463663778944e-6	1.7381463663778944e-6	9.902031874205595e-102	9.902031874205595e-102	1.438718625316695e-6	1.438718625316695e-6	0.06557335418729097	0.0667453761784003	0	0	0	0	0	0	0.06674312910121839	0.0001936851722226691	0	9.902031874205595e-102	9.902031874205595e-102	9.902031874205595e-102	9.902031874205595e-12	9.902031874205595e-12	9.902031874205595e-12
0.11748975549395303	1.4806528933289999e-6	1.4806528933289999e-6	9.241113833231273e-102	9.241113833231273e-102	1.3695584600779025e-6	1.3695584600779025e-6	0.059644742735720575	0.060807050745297055	0	0	0	0	0	0	0.06076908788254486	0.00019208561378961106	0	9.241113833231273e-102	9.241113833231273e-102	9.241113833231273e-102	9.241113833231274e-12	9.241113833231274e-12	9.241113833231274e-12
0.12589254117941662	1.4496073544756423e-6	1.4496073544756423e-6	8.624309229017666e-102	8.624309229017666e-102	1.2805565065992208e-6	1.2805565065992208e-6	0.053816993499505486	0.055038882741951595	0	0	0	0	0	0	0.05499329625252848	0.0001881948652076807	0	8.624309229017666e-102	8.624309229017666e-102	8.624309229017666e-102	8.624309229017667e-12	8.624309229017667e-12	8.624309229017667e-12
0.1348962882591656	1.4192127618953955e-6	1.4192127618953955e-6	8.0486736793839e-102	8.0486736793839e-102	1.1973384228522197e-6	1.1973384228522197e-6	0.04855866010117361	0.04981788421495792	0.04070121029043673	0	0	0	0	0	0.04976646413656351	0.00018438292484167598	0	8.0486736793839e-102	8.0486736793839e-102	8.0486736793839e-102	8.0486736793839e-12	8.0486736793839e-12	8.0486736793839e-12
0.1445439770745928	1.2688846697816626e-6	1.2688846697816626e-6	7.511459326996577e-102	7.511459326996577e-102	9.518286817401429e-7	9.518286817401429e-7	0.04350386523704814	0.04478903233674803	0.03490000793809964	0	0	0	0	0	0.044740158987651095	0.00017733356059699383	0	7.511459326996577e-102	7.511459326996577e-102	7.511459326996577e-102	7.511459326996577e-12	7.511459326996577e-12	7.511459326996577e-12
0.15488166189124797	1.134479866892282e-6	1.134479866892282e-6	7.010101722181238e-102	7.010101722181238e-102	7.566597898236812e-7	7.566597898236812e-7	0.03897525769080074	0.040267816453351875	0.029925659344965598	0	0	0	0	0	0.040221499778395106	0.0001705537090324955	0	7.010101722181238e-102	7.010101722181238e-102	7.010101722181238e-102	7.0101017221812374e-12	7.0101017221812374e-12	7.0101017221812374e-12
0.1659586907437563	1.0410278671117838e-6	1.0410278671117838e-6	6.5422075812500174e-102	6.5422075812500174e-102	6.25085978442803e-7	6.25085978442803e-7	0.03467054824952627	0.03596474079499081	0.024924389877867038	0	0	0	0	0	0.035906718112643184	0.00016194733077125564	0	6.5422075812500174e-102	6.5422075812500174e-102	6.5422075812500174e-102	6.542207581250018e-12	6.542207581250018e-12	6.542207581250018e-12
0.1778279410038923	9.552739116226365e-7	9.552739116226365e-7	6.105543361908267e-102	6.105543361908267e-102	5.163912311725333e-7	5.163912311725333e-7	0.03084128206306774	0.032121497870372266	0.02075894815291465	0	0	0	0	0	0.03205480682531302	0.00015377524237211127	0	6.105543361908267e-102	6.105543361908267e-102	6.105543361908267e-102	6.105543361908267e-12	6.105543361908267e-12	6.105543361908267e-12
0.1905460717963252	7.980257725696463e-7	7.980257725696463e-7	5.698024601203395e-102	5.698024601203395e-102	5.1034027243411e-7	5.1034027243411e-7	0.027254142167349265	0.0284691562346535	0.016906887224742363	0	0	0	0	0	0.028433790013300573	0.00014222153604333179	0	5.698024601203395e-102	5.698024601203395e-102	5.698024601203395e-102	5.698024601203395e-12	5.698024601203395e-12	5.698024601203395e-12
0.20417379446695316	6.666623320672894e-7	6.666623320672894e-7	5.3177059651201364e-102	5.3177059651201364e-102	5.043602174977739e-7	5.043602174977739e-7	0.024084221393882187	0.025232100320598257	0.01376962038368146	0	0	0	0	0	0.025221815215621165	0.00013153590267527487	0	5.3177059651201364e-102	5.3177059651201364e-102	5.3177059651201364e-102	5.317705965120137e-12	5.317705965120137e-12	5.317705965120137e-12
0.21877616239495518	4.7210526034353154e-7	4.7210526034353154e-7	4.962771962322189e-102	4.962771962322189e-102	3.9693457086254795e-7	3.9693457086254795e-7	0.021131006626335276	0.02221402929895326	0.010949393131434122	0	0	0	0	0	0.022207625263670688	0.00012119367341778943	0	4.962771962322189e-102	4.962771962322189e-102	4.962771962322189e-102	4.9627719623221895e-12	4.9627719623221895e-12	4.9627719623221895e-12
0.23442288153199276	3.343272390280081e-7	3.343272390280081e-7	4.6315282777118936e-102	4.6315282777118936e-102	3.123899310050728e-7	3.123899310050728e-7	0.018539915978170063	0.019556956869417278	0.008706791226341801	0	0	0	0	0	0.019553652884831612	0.00011166461914780812	0	4.6315282777118936e-102	4.6315282777118936e-102	4.6315282777118936e-102	4.6315282777118934e-12	4.6315282777118934e-12	4.6315282777118934e-12
0.25118864315095824	2.7790560144774575e-7	2.7790560144774575e-7	4.322393684437511e-102	4.322393684437511e-102	2.709852608020519e-7	2.709852608020519e-7	0.016124209738685745	0.017084770999928292	0.0067403458229842615	0	0	0	0	0	0.017095596479983093	0.00010072692894477001	0	4.322393684437511e-102	4.322393684437511e-102	4.322393684437511e-102	4.322393684437511e-12	4.322393684437511e-12	4.322393684437511e-12
0.2691534803926914	2.3100577607905716e-7	2.3100577607905716e-7	4.033892495739066e-102	4.033892495739066e-102	2.3506843301797606e-7	2.3506843301797606e-7	0.014023264183249558	0.014925093002400643	0.005218025864220707	0	0	0	0	0	0.014946538159789333	0.00009086059928449506	0	4.033892495739066e-102	4.033892495739066e-102	4.033892495739066e-102	4.033892495739066e-12	4.033892495739066e-12	4.033892495739066e-12
0.28840315031266117	1.6826403366695723e-7	1.6826403366695723e-7	3.764647520601181e-102	3.764647520601181e-102	1.7121195995647968e-7	1.7121195995647968e-7	0.01207823296892475	0.012915268021274766	0.003903813924548099	0	0	0	0	0	0.012941580523012437	0.0000808533469339774	0	3.764647520601181e-102	3.764647520601181e-102	3.764647520601181e-102	3.7646475206011814e-12	3.7646475206011814e-12	3.7646475206011814e-12
0.30902954325135923	1.2256310429305401e-7	1.2256310429305401e-7	3.5133734895857852e-102	3.5133734895857852e-102	1.247021339947332e-7	1.247021339947332e-7	0.010402978204309705	0.0111760876823035	0.002920599390277626	0	0	0	0	0	0.011205571794825356	0.00007194827859276197	0	3.5133734895857852e-102	3.5133734895857852e-102	3.5133734895857852e-102	3.5133734895857856e-12	3.5133734895857856e-12	3.5133734895857856e-12
0.3311311214825908	1.0949881272982159e-7	1.0949881272982159e-7	3.2788709194620723e-102	3.2788709194620723e-102	7.866649240303411e-8	7.866649240303411e-8	0.008840067009410105	0.00954749754988637	0.002094078559587261	0	0	0	0	0	0.009571361214245783	0.00006244043334807756	0	3.2788709194620723e-102	3.2788709194620723e-102	3.2788709194620723e-102	3.278870919462072e-12	3.278870919462072e-12	3.278870919462072e-12
0.354813389233576	9.782707494558635e-8	9.782707494558635e-8	3.0600203873461548e-102	3.0600203873461548e-102	4.962559042700784e-8	4.962559042700784e-8	0.007511962747214612	0.008156227121358574	0.0015014606345261593	0	0	0	0	0	0.008175482444891635	0.00005418903402489328	0	3.0600203873461548e-102	3.0600203873461548e-102	3.0600203873461548e-102	3.060020387346155e-12	3.060020387346155e-12	3.060020387346155e-12
0.38018939632056126	6.143583742562973e-8	6.143583742562973e-8	2.855777187017278e-102	2.855777187017278e-102	3.7917161470342906e-8	3.7917161470342906e-8	0.006249610324820261	0.006830684776597741	0.001017609143730487	0	0	0	0	0	0.006846259608288358	0.000046384561889644196	0	2.855777187017278e-102	2.855777187017278e-102	2.855777187017278e-102	2.855777187017278e-12	2.855777187017278e-12	2.855777187017278e-12
0.40738027780411384	3.858197868317861e-8	3.858197868317861e-8	2.665166341901801e-102	2.665166341901801e-102	2.897116430448747e-8	2.897116430448747e-8	0.005199390695405388	0.005720568324422994	0.0006896806653413648	0	0	0	0	0	0.005733150421400166	0.000039704113948697535	0	2.665166341901801e-102	2.665166341901801e-102	2.665166341901801e-102	2.6651663419018008e-12	2.6651663419018008e-12	2.6651663419018008e-12
0.43651583224016655	2.691298447973707e-8	2.691298447973707e-8	2.487277950919243e-102	2.487277950919243e-102	2.6929483287072933e-8	2.6929483287072933e-8	0.004188612763681505	0.004649147581745372	0.00043774003988279015	0	0	0	0	0	0.00465954789810818	0.000033824603687028935	0	2.487277950919243e-102	2.487277950919243e-102	2.487277950919243e-102	2.487277950919243e-12	2.487277950919243e-12	2.487277950919243e-12
0.4677351412871981	1.877323969188656e-8	1.877323969188656e-8	2.3212628449729147e-102	2.3212628449729147e-102	2.5031685385057625e-8	2.5031685385057625e-8	0.0033743332463127607	0.0037783961332249288	0.00027783342660728976	0	0	0	0	0	0.0037869905756740914	0.000028815749825393204	0	2.3212628449729147e-102	2.3212628449729147e-102	2.3212628449729147e-102	2.3212628449729146e-12	2.3212628449729146e-12	2.3212628449729146e-12
0.5011872336272735	9.620677201425969e-9	9.620677201425969e-9	2.1663285333512256e-102	2.1663285333512256e-102	2.8299380474938325e-8	2.8299380474938325e-8	0.0025997116526827067	0.002952060734896811	0.0001641093365027715	0	0	0	0	0	0.002955170851754106	0.000023886162265967462	0	2.1663285333512256e-102	2.1663285333512256e-102	2.1663285333512256e-102	2.1663285333512256e-12	2.1663285333512256e-12	2.1663285333512256e-12
0.5370317963702532	4.9302854133397905e-9	4.9302854133397905e-9	2.0217354206892723e-102	2.0217354206892723e-102	3.199364816814851e-8	3.199364816814851e-8	0.0020029144081959204	0.0023064449240481023	0.00009693532796342797	0	0	0	0	0	0.0023060619213457387	0.00001979989246343855	0	2.0217354206892723e-102	2.0217354206892723e-102	2.0217354206892723e-102	2.0217354206892722e-12	2.0217354206892722e-12	2.0217354206892722e-12
0.5754399373371566	2.528529837613783e-9	2.528529837613783e-9	1.8867932764318803e-102	1.8867932764318803e-102	1.640815636928433e-8	1.640815636928433e-8	0.0014735321888138344	0.0017247657140971155	0.00005437284632015902	0	0	0	0	0	0.0017336357902602566	0.000016068861049761063	0	1.8867932764318803e-102	1.8867932764318803e-102	1.8867932764318803e-102	1.8867932764318805e-12	1.8867932764318805e-12	1.8867932764318805e-12
0.6165950018614835	1.2981858960878762e-9	1.2981858960878762e-9	1.7608579399448932e-102	1.7608579399448932e-102	8.424198466058558e-9	8.424198466058558e-9	0.0010437674409918603	0.0012506411637445525	0.00002977254176606287	0	0	0	0	0	0.0012616332031728126	0.000012841791443662978	0	1.7608579399448932e-102	1.7608579399448932e-102	1.7608579399448932e-102	1.7608579399448933e-12	1.7608579399448933e-12	1.7608579399448933e-12
0.6606934480075964	6.67838888846547e-10	6.67838888846547e-10	1.6433282455461038e-102	1.6433282455461038e-102	4.3337455444166385e-9	4.3337455444166385e-9	0.0007105688336740436	0.0008725247592699766	0.000016025348680888057	0	0	0	0	0	0.0008790416083613773	9.54915621548971e-6	0	1.6433282455461038e-102	1.6433282455461038e-102	1.6433282455461038e-102	1.6433282455461038e-12	1.6433282455461038e-12	1.6433282455461038e-12
0.7079457843841374	3.448258293969598e-10	3.448258293969598e-10	1.5336431527770776e-102	1.5336431527770776e-102	2.2376465742057447e-9	2.2376465742057447e-9	0.00046138437262809777	0.0005808780410003093	8.660052919216601e-6	0	0	0	0	0	0.0005820149829225248	6.696289191902708e-6	0	1.5336431527770776e-102	1.5336431527770776e-102	1.5336431527770776e-102	1.5336431527770775e-12	1.5336431527770775e-12	1.5336431527770775e-12
0.7585775750291851	1.7925977892355418e-10	1.7925977892355418e-10	1.4312790682170605e-102	1.4312790682170605e-102	1.1632540140703976e-9	1.1632540140703976e-9	0.0002844607475114961	0.0003656777074325137	4.600823013401049e-6	0	0	0	0	0	0.00036399585972155554	4.610344569463771e-6	0	1.4312790682170605e-102	1.4312790682170605e-102	1.4312790682170605e-102	1.4312790682170606e-12	1.4312790682170606e-12	1.4312790682170606e-12
0.8128305161640995	9.439076145469026e-11	9.439076145469026e-11	1.3357473460542837e-102	1.3357473460542837e-102	6.125212962588475e-10	6.125212962588475e-10	0.00016658444905123156	0.0002169527306342736	2.4375142461909163e-6	0	0	0	0	0	0.00021586507944663236	2.771498485237231e-6	0	1.3357473460542837e-102	1.3357473460542837e-102	1.3357473460542837e-102	1.3357473460542838e-12	1.3357473460542838e-12	1.3357473460542838e-12
0.8709635899560796	5.095127587440408e-11	5.095127587440408e-11	1.2465919554833288e-102	1.2465919554833288e-102	3.30633433438432e-10	3.30633433438432e-10	0.00009414808093954366	0.00012373093897813655	1.3252176702549779e-6	0	0	0	0	0	0.00012340280170796656	1.5433425609758153e-6	0	1.2465919554833288e-102	1.2465919554833288e-102	1.2465919554833288e-102	1.2465919554833287e-12	1.2465919554833287e-12	1.2465919554833287e-12
0.9332543007969925	2.8938772670934684e-11	2.8938772670934684e-11	1.1633873037937447e-102	1.1633873037937447e-102	1.8778971877506985e-10	1.8778971877506985e-10	0.000054034797785972536	0.00007104942553540851	7.526832692776552e-7	0	0	0	0	0	0.00007103000101066385	8.765715629094532e-7	0	1.1633873037937447e-102	1.1633873037937447e-102	1.1633873037937447e-102	1.1633873037937447e-12	1.1633873037937447e-12	1.1633873037937447e-12