1.e-9	0	0	0	0	0	0	7.392171626530236e-11	0	0	0	0	0	0	0	4.8855806795784554e-11	1.9607730780409575e-18	0	1.0194175464430498e-18	1.0194175464430498e-18	1.0194175464430498e-18	0	0	0
1.0715193052376092e-9	0	0	0	0	0	0	1.2570314572392789e-10	0	0	0	0	0	0	0	7.684947062504741e-11	3.3340312707842226e-18	0	1.733379102414867e-18	1.733379102414867e-18	1.733379102414867e-18	0	0	0
1.148153621496884e-9	0	0	0	0	0	0	2.137569532095266e-10	0	0	0	0	0	0	0	1.2088309502360397e-10	5.6690723873424056e-18	0	2.9473723727554442e-18	2.9473723727554442e-18	2.9473723727554442e-18	0	0	0
1.2302687708123811e-9	0	0	0	0	0	0	3.634915799623092e-10	0	0	0	0	0	0	0	1.9014734315845672e-10	9.639496190259332e-18	0	5.011600688839666e-18	5.011600688839666e-18	5.011600688839666e-18	0	0	0
1.31825673855641e-9	0	0	0	0	0	0	6.181164003731692e-10	0	0	0	0	0	0	0	3.1653767750769523e-10	1.6391574857051187e-17	0	8.522019839358767e-18	8.522019839358767e-18	8.522019839358767e-18	0	0	0
1.4125375446227555e-9	0	0	0	0	0	0	1.051105185022097e-9	0	0	0	0	0	0	0	5.269392651911102e-10	2.787321256123276e-17	0	1.4491342517401188e-17	1.4491342517401188e-17	1.4491342517401188e-17	0	0	0
1.5135612484362133e-9	0	0	0	0	0	0	1.7874036212154985e-9	0	0	0	0	0	0	0	8.904901295988734e-10	4.739806374996156e-17	0	2.4642349674518903e-17	2.4642349674518903e-17	2.4642349674518903e-17	0	0	0
1.6218100973589331e-9	0	0	0	0	0	0	3.0394785894497694e-9	0	0	0	0	0	0	0	1.5048654053620951e-9	8.059983908600693e-17	0	4.19040124648275e-17	4.19040124648275e-17	4.19040124648275e-17	0	0	0
1.7378008287493762e-9	0	0	0	0	0	0	5.168633131494209e-9	0	0	0	0	0	0	0	2.5542608442929365e-9	1.3705974695477533e-16	0	7.125762399485168e-17	7.125762399485168e-17	7.125762399485168e-17	0	0	0
1.8620871366628732e-9	0	0	0	0	0	0	8.789260283230237e-9	0	0	0	0	0	0	0	4.335436536344722e-9	2.330696245591905e-16	0	1.2117333588647556e-16	1.2117333588647556e-16	1.2117333588647556e-16	0	0	0
1.9952623149688828e-9	0	0	0	0	0	0	1.494613820042608e-8	0	0	0	0	0	0	0	7.368284991372904e-9	3.9633468692827973e-16	0	2.060551452583318e-16	2.060551452583318e-16	2.060551452583318e-16	0	0	0
2.1379620895022324e-9	0	0	0	0	0	0	2.5415909861318222e-8	0	0	0	0	0	0	0	1.2522758264123358e-8	6.739667786380727e-16	0	3.5039658334744986e-16	3.5039658334744986e-16	3.5039658334744986e-16	0	0	0
2.2908676527677795e-9	0	0	0	0	0	0	4.32197593444483e-8	0	0	0	0	0	0	0	2.129136558642231e-8	1.146080421994966e-15	0	5.958493427646921e-16	5.958493427646921e-16	5.958493427646921e-16	0	0	0
2.4547089156850337e-9	0	0	0	0	0	0	7.349520863051334e-8	0	0	0	0	0	0	0	3.619987218258348e-8	1.94890961292536e-15	0	1.0132417270776955e-15	1.0132417270776955e-15	1.0132417270776955e-15	0	0	0
2.6302679918953816e-9	0	0	0	0	0	0	1.2497861693733559e-7	0	0	0	0	0	0	0	6.155476716963526e-8	3.3141210046316533e-15	0	1.7230176623586178e-15	1.7230176623586178e-15	1.7230176623586178e-15	0	0	0
2.818382931264461e-9	0	0	0	0	0	0	2.125261630332228e-7	0	0	0	0	0	0	0	1.0466858397171226e-7	5.635663121828631e-15	0	2.9299917141806774e-15	2.9299917141806774e-15	2.9299917141806774e-15	0	0	0
3.019951720402019e-9	0	0	0	0	0	0	3.6140078375389927e-7	0	0	0	0	0	0	0	1.7798622912623695e-7	9.583446135023622e-15	0	4.982451425706252e-15	4.982451425706252e-15	4.982451425706252e-15	0	0	0
3.2359365692962944e-9	0	0	0	0	0	0	6.145621067723494e-7	0	0	0	0	0	0	0	3.026609948897464e-7	1.6296651846908882e-14	0	8.472659526433519e-15	8.472659526433519e-15	8.472659526433519e-15	0	0	0
3.4673685045253237e-9	0	0	0	0	0	0	7.432351756423374e-7	0	0	0	0	0	0	0	5.146727159148134e-7	2.7712459691126563e-14	0	1.440775919964974e-14	1.440775919964974e-14	1.440775919964974e-14	0	0	0
3.715352290971728e-9	0	0	0	0	0	0	8.98848985683867e-7	0	0	0	0	0	0	0	8.751970322558914e-7	4.712504318965114e-14	0	2.45003973672556e-14	2.45003973672556e-14	2.45003973672556e-14	0	0	0
3.9810717055349855e-9	0	0	0	0	0	0	5.427727344429306e-7	0	0	0	0	0	0	0	1.4882706716443772e-6	8.013614557093247e-14	0	4.166293072635954e-14	4.166293072635954e-14	4.166293072635954e-14	0	0	0
4.265795188015934e-9	0	0	0	0	0	0	3.2775499104615176e-7	0	0	0	0	0	0	0	2.530801077292963e-6	1.3627153191396772e-13	0	7.084782220835775e-14	7.084782220835775e-14	7.084782220835775e-14	0	0	0
4.570881896148752e-9	0	0	0	0	0	0	1.982140158291474e-7	0	0	0	0	0	0	0	4.303625959181721e-6	2.31729768119092e-13	0	1.204767362727412e-13	1.204767362727412e-13	1.204767362727412e-13	0	0	0
4.8977881936844766e-9	0	0	0	0	0	0	1.198724570012298e-7	0	0	0	0	0	0	0	7.318313779269071e-6	3.940565184695163e-13	0	2.048707148717229e-13	2.048707148717229e-13	2.048707148717229e-13	0	0	0
5.248074602497734e-9	0	0	0	0	0	0	7.330201727244672e-8	0	0	0	0	0	0	0	0.000012444792531880344	6.700931911398896e-13	0	3.483826930009533e-13	3.483826930009533e-13	3.483826930009533e-13	0	0	0
5.623413251903491e-9	0	0	0	0	0	0	4.482418956470409e-8	0	0	0	0	0	0	0	0.00002116236961583492	1.139493610094388e-12	0	5.924248414840304e-13	5.924248414840304e-13	5.924248414840304e-13	0	0	0
6.025595860743593e-9	0	0	0	0	0	0	2.958343918164929e-8	0	0	0	0	0	0	0	0.00003598661254998585	1.9377091197866915e-12	0	1.0074185655463276e-12	1.0074185655463276e-12	1.0074185655463276e-12	0	0	0
6.456542290346562e-9	0	0	0	0	0	0	1.9524722751563684e-8	0	0	0	0	0	0	0	0.00006119523977379603	3.295074759210985e-12	0	1.7131154791973708e-12	1.7131154791973708e-12	1.7131154791973708e-12	0	0	0
6.918309709189363e-9	0	0	0	0	0	0	1.7798505980599333e-8	0	0	0	0	0	0	0	0.00010406251671737068	5.603275310134856e-12	0	2.9131532269974273e-12	2.9131532269974273e-12	2.9131532269974273e-12	0	0	0
7.413102413009192e-9	0	0	0	0	0	0	1.622490722005597e-8	0	0	0	0	0	0	0	0.00017695832920309546	9.528370824790356e-12	0	4.953817665544762e-12	4.953817665544762e-12	4.953817665544762e-12	0	0	0
7.943282347242822e-9	0	0	0	0	0	0	2.2832016415779613e-8	0	0	0	0	0	0	0	0.00030091767441119664	1.6202996560125365e-11	0	8.423967965800444e-12	8.423967965800444e-12	8.423967965800444e-12	0	0	0
8.511380382023759e-9	0	0	0	0	0	0	3.212967362710392e-8	0	0	0	0	0	0	0	0.0005117105658763345	2.7553199004848703e-11	0	1.4324959269777787e-11	1.4324959269777787e-11	1.4324959269777787e-11	0	0	0
9.120108393559115e-9	0	0	0	0	0	0	5.288529123797946e-8	0	0	0	0	0	0	0	0.0008701639223103988	4.685422061195914e-11	0	2.4359596203887927e-11	2.4359596203887927e-11	2.4359596203887927e-11	0	0	0
9.772372209558111e-9	0	0	0	0	0	0	8.70489399234529e-8	0	0	0	0	0	0	0	0.001479713928505462	7.967561185065408e-11	0	4.1423498387767357e-11	4.1423498387767357e-11	4.1423498387767357e-11	0	0	0
1.0471285480509006e-8	0	0	0	0	0	0	1.4722016505197556e-7	0	0	0	0	0	0	0	0.0025162538409806826	1.354883944470297e-10	0	7.044066758417469e-11	7.044066758417469e-11	7.044066758417469e-11	0	0	0
1.1220184543019653e-8	0	0	0	0	0	0	2.4898381320887167e-7	0	0	0	0	0	0	0	0.004278890176187718	2.3039804280691595e-10	0	1.1978436981000093e-10	1.1978436981000093e-10	1.1978436981000093e-10	0	0	0
1.202264434617413e-8	0	0	0	0	0	0	4.229015770040968e-7	0	0	0	0	0	0	0	0.00727625362977197	3.917919194918445e-10	0	2.0369334566054002e-10	2.0369334566054002e-10	2.0369334566054002e-10	0	0	0
1.288249551693135e-8	0	0	0	0	0	0	7.183026941696035e-7	0	0	0	0	0	0	0	0.012373270802650315	6.662422402075104e-10	0	3.463805764658332e-10	3.463805764658332e-10	3.463805764658332e-10	0	0	0
1.3803842646028866e-8	0	0	0	0	0	0	1.2152919368007223e-6	0	0	0	0	0	0	0	0.021040749560918875	1.1329450674032872e-9	0	5.890202419904283e-10	5.890202419904283e-10	5.890202419904283e-10	0	0	0
1.4791083881682102e-8	0	0	0	0	0	0	2.0561449979806695e-6	0	0	0	0	0	0	0	0.03577979898334475	1.9265733216700224e-9	0	1.0016290434480842e-9	1.0016290434480842e-9	1.0016290434480842e-9	0	0	0
1.5848931924611173e-8	0	0	0	0	0	0	3.4406363966784184e-6	0	0	0	0	0	0	0	0.06084355557806302	3.276138332353562e-9	0	1.703270395748233e-9	1.703270395748233e-9	1.703270395748233e-9	0	0	0
1.698243652461746e-8	0	0	0	0	0	0	5.757365762518533e-6	0	0	0	0	0	0	0	0.10346447885590103	5.571073912417728e-9	0	2.896411660593549e-9	2.896411660593549e-9	2.896411660593549e-9	0	0	0
1.8197008586099862e-8	0	0	0	0	0	0	9.693203089622996e-6	0	0	0	0	0	0	0	0.05299260818318186	9.473612341432018e-9	0	4.925348628476302e-9	4.925348628476302e-9	4.925348628476302e-9	0	0	0
1.9498445997580494e-8	0	0	0	0	0	0	0.000016319648605332208	0	0	0	0	0	0	0	0.027141841848615476	1.6109879747903445e-8	0	8.375556362406609e-9	8.375556362406609e-9	8.375556362406609e-9	0	0	0
2.0892961308540408e-8	0	0	0	0	0	0	0.000012585897446795202	0	0	0	0	0	0	0	0.013901781202080209	2.7394853846497802e-8	0	1.4242635328242863e-8	1.4242635328242863e-8	1.4242635328242863e-8	0	0	0
2.2387211385683424e-8	0	0	0	0	0	0	9.706386355003491e-6	0	0	0	0	0	0	0	0.007120353941653069	4.6584954637456146e-8	0	2.4219604324293414e-8	2.4219604324293414e-8	2.4219604324293414e-8	0	0	0
2.3988329190194947e-8	0	0	0	0	0	0	0.000010132443387627571	0	0	0	0	0	0	0	0.003647632722235166	7.921785556134469e-8	0	4.11854941233885e-8	4.11854941233885e-8	4.11854941233885e-8	0	0	0
2.5703957827688646e-8	0	0	0	0	0	0	0.000010577201983161745	0	0	0	0	0	0	0	0.0018686184121392202	1.347102017931821e-7	0	7.003602963431634e-8	7.003602963431634e-8	7.003602963431634e-8	0	0	0
2.754228703338169e-8	0	0	0	0	0	0	9.75078823332779e-6	0	0	0	0	0	0	0	0.0009591620348898802	1.8135512880381639e-7	0	9.653366333960341e-8	9.653366333960341e-8	9.653366333960341e-8	0	0	0
2.95120922666639e-8	0	0	0	0	0	0	8.988943514793737e-6	0	0	0	0	0	0	0	0.0004923379771907932	2.441513879842872e-7	0	1.3305648830209924e-7	1.3305648830209924e-7	1.3305648830209924e-7	0	0	0
3.162277660168386e-8	0	0	0	0	0	0	0.000013412984763826276	0	0	0	0	0	0	0	0.00025814974789897886	3.4998711104170497e-7	0	1.9535752555645416e-7	1.9535752555645416e-7	1.9535752555645416e-7	0	0	0
3.3884415613920346e-8	0	0	0	0	0	0	0.000020014383222962016	0	0	0	0	0	0	0	0.00013535679843458342	5.017009278817016e-7	0	2.868297764246628e-7	2.868297764246628e-7	2.868297764246628e-7	0	0	0
3.6307805477010175e-8	0	0	0	0	0	0	0.00003346167241687707	0	0	0	0	0	0	0	0.00008505208000461148	8.175237244309256e-7	0	4.706270950978414e-7	4.706270950978414e-7	4.706270950978414e-7	0	0	0
3.890451449942813e-8	0	0	0	0	0	0	0.00005594394333620463	0	0	0	0	0	0	0	0.00005344287392115569	1.332158269727266e-6	0	7.721996837327035e-7	7.721996837327035e-7	7.721996837327035e-7	0	0	0
4.1686938347033635e-8	0	0	0	0	0	0	0.00009481885439917862	0	0	0	0	0	0	0	0.00005933728102568822	2.0754371111999664e-6	0	1.2229818426132971e-6	1.2229818426132971e-6	1.2229818426132971e-6	0	0	0
4.4668359215096346e-8	0	0	0	0	0	0	0.00016070756928130556	0	0	0	0	0	0	0	0.0000658818035256842	3.2334290154786555e-6	0	1.9369142708423124e-6	1.9369142708423124e-6	1.9369142708423124e-6	0	0	0
4.78630092322639e-8	0	0	0	0	0	0	0.0002728549092986334	0	0	0	0	0	0	0	0.00010497097133671639	4.227880393662656e-6	0	2.6766514365230286e-6	2.6766514365230286e-6	2.6766514365230286e-6	0	0	0
5.128613839913659e-8	0	0	0	0	0	0	0.0004632625697800585	0	0	0	0	0	0	0	0.00016725262870312597	5.528178456229582e-6	0	3.698905532625893e-6	3.698905532625893e-6	3.698905532625893e-6	0	0	0
5.495408738576248e-8	0	0	0	0	0	0	0.0007860337988190541	0	0	0	0	0	0	0	0.0002826134898670414	5.445109045928285e-6	0	4.454436190877815e-6	4.454436190877815e-6	4.454436190877815e-6	0	0	0
5.888436553555896e-8	0	0	0	0	0	0	0.001333691027918049	0	0	0	0	0	0	0	0.00047754337420071087	5.363287881678149e-6	0	5.364289951064581e-6	5.364289951064581e-6	5.364289951064581e-6	0	0	0
6.309573444801943e-8	0	0	0	0	0	0	0.002263047384705485	0	0	0	0	0	0	0	0.0008115918657927284	7.466141159255058e-6	0	6.590989273393067e-6	6.590989273393067e-6	6.590989273393067e-6	0	0	0
6.760829753919818e-8	0	0	0	0	0	0	0.0038400074366676737	0	0	0	0	0	0	0	0.001379312104839441	0.000010393487174229457	0	8.098208709497704e-6	8.098208709497704e-6	8.098208709497704e-6	0	0	0
7.244359600749906e-8	0	0	0	0	0	0	0.006524868439424986	0	0	0	0	0	0	0	0.0023453970632983314	0.000013924243720054174	0	0.000010130466761468213	0.000010130466761468213	0.000010130466761468213	0	0	0
7.762471166286928e-8	0	0	0	0	0	0	0.011086933776552458	0	0	0	0	0	0	0	0.003988138264884339	0.000018654428482502048	0	0.000012672723127628168	0.000012672723127628168	0.000012672723127628168	0	0	0
8.317637711026726e-8	0	0	0	0	0	0	0.018844549760235235	0	0	0	0	0	0	0	0.006781797559611848	0.000020453616117091243	0	0.000013033864049688676	0.000013033864049688676	0.000013033864049688676	0	0	0
8.912509381337478e-8	0	0	0	0	0	0	0.03203023151603784	0	0	0	0	0	0	0	0.011532393082888226	0.000022426332313410068	0	0.000013405296585025446	0.000013405296585025446	0.000013405296585025446	0	0	0
9.549925860214369e-8	0	0	0	0	0	0	0.024678033297563035	0	0	0	0	0	0	0	0.011508406677204503	0.000032163951239404286	0	0.00001859211078972124	0.00001859211078972124	0.00001859211078972124	0	0	0
1.0232929922807557e-7	0	0	0	0	0	0	0.01901345380943271	0	0	0	0	0	0	0	0.011484470161223047	0.000046129690083661606	0	0.000025785821404608984	0.000025785821404608984	0.000025785821404608984	0	0	0
1.0964781961431874e-7	0	0	0	0	0	0	0.017769561753295197	0	0	0	0	0	0	0	0.009840368875466354	0.0000577155485816372	0	0.000034684671504190396	0.000034684671504190396	0.000034684671504190396	0	0	0
1.1748975549395303e-7	0	0	0	0	0	0	0.016607047202940293	0	0	0	0	0	0	0	0.008431634916184644	0.00007221129259784731	0	0.000046654571071315735	0.000046654571071315735	0.000046654571071315735	0	0	0
1.2589254117941688e-7	0	0	0	0	0	0	0.018822468195340364	0	0	0	0	0	0	0	0.01227894740589865	0.0000828384845119622	0	0.00005921219888340497	0.00005921219888340497	0.00005921219888340497	0	0	0
1.3489628825916562e-7	0	0	0	0	0	0	0.021333431803690298	0	0	0	0	0	0	0	0.017881769181847945	0.00009502965906530763	0	0.00007514986026232018	0.00007514986026232018	0.00007514986026232018	0	0	0
1.445439770745928e-7	0	0	0	0	0	0	0.011323992330545412	0	0	0	0	0	0	0	0.01943037605791793	0.00010108701465417531	0	0.00007270691668672209	0.00007270691668672209	0.00007270691668672209	0	0	0
1.5488166189124826e-7	0	0	0	0	0	0	0.006010884862887535	0	0	0	0	0	0	0	0.02111309624415455	0.00010753047661331619	0	0.00007034338740800611	0.00007034338740800611	0.00007034338740800611	0	0	0
1.659586907437563e-7	0	0	0	0	0	0	0.0040067755756279825	0	0	0	0	0	0	0	0.017962940208256957	0.00008829369564746632	0	0.00005967202095322009	0.00005967202095322009	0.00005967202095322009	0	0	0
1.7782794100389227e-7	0	0	0	0	0	0	0.00267086308915538	0	0	0	0	0	0	0	0.015282799699013928	0.00007249829942743875	0	0.000050619542445240274	0.000050619542445240274	0.000050619542445240274	0	0	0
1.9054607179632522e-7	0	0	0	0	0	0	0.0031823139954204396	0	0	0	0	0	0	0	0.018012036155867408	0.00006316147165135708	0	0.00005179142527908034	0.00005179142527908034	0.00005179142527908034	0	0	0
2.0417379446695318e-7	0	0	0	0	0	0	0.0037917040400043396	0	0	0	0	0	0	0	0.021228665746447353	0.00005502710453447306	0	0.000052990438136423815	0.000052990438136423815	0.000052990438136423815	0	0	0
2.1877616239495564e-7	0	0	0	0	0	0	0.0061167186673827395	0	0	0	0	0	0	0	0.017020837279817097	0.000051261266738956575	0	0.00006027300677059766	0.00006027300677059766	0.00006027300677059766	0	0	0
2.3442288153199275e-7	0	0	0	0	0	0	0.009867396521766901	0	0	0	0	0	0	0	0.013647061250398903	0.000047753148015197844	0	0.00006855643155498643	0.00006855643155498643	0.00006855643155498643	0	0	0
2.5118864315095823e-7	0	0	0	0	0	0	0.013992976744566885	0	0	0	0	0	0	0	0.011864577288126194	0.00004532090623272664	0	0.00006354395834023776	0.00006354395834023776	0.00006354395834023776	0	0	0
2.6915348039269196e-7	0	0	0	0	0	0	0.019843471146827683	0	0	0	0	0	0	0	0.010314908949485738	0.00004301254738435025	0	0.000058897969890793935	0.000058897969890793935	0.000058897969890793935	0	0	0
2.8840315031266115e-7	0	0	0	0	0	0	0.021570304774472148	0	0	0	0	0	0	0	0.012414481583892918	0.00004173272766200389	0	0.00005581604799360457	0.00005581604799360457	0.00005581604799360457	0	0	0
3.090295432513592e-7	0	0	0	0	0	0	0.02344741223049546	0	0	0	0	0	0	0	0.014941416715510294	0.00004049098842131497	0	0.00005289539214001556	0.00005289539214001556	0.00005289539214001556	0	0	0
3.3113112148259143e-7	0	0	0	0	0	0	0.024212989486350787	0	0	0	0	0	0	0	0.013244223703526693	0.0000412638212536976	0	0.000054112211053090924	0.000054112211053090924	0.000054112211053090924	0	0	0
3.5481338923357606e-7	0	0	0	0	0	0	0.025003563468024674	0	0	0	0	0	0	0	0.011739814560353617	0.00004205140479012792	0	0.00005535702197468173	0.00005535702197468173	0.00005535702197468173	0	0	0
3.8018939632056126e-7	0	0	0	0	0	0	0.021527061642901354	0	0	0	0	0	0	0	0.013141107643332872	0.000048528977192185006	0	0.000059624269677191965	0.000059624269677191965	0.000059624269677191965	0	0	0
4.0738027780411303e-7	0	0	0	0	0	0	0.018533933515912804	0	0	0	0	0	0	0	0.014709662508371	0.00005600435084329184	0	0.00006422046215138624	0.00006422046215138624	0.00006422046215138624	0	0	0
4.365158322401665e-7	0	0	0	0	0	0	0.01852970421416853	0	0	0	0	0	0	0	0.01643203855658101	0.00006252112541985806	0	0.00006683993267647558	0.00006683993267647558	0.00006683993267647558	0	0	0
4.677351412871981e-7	0	0	0	0	0	0	0.01852547587751862	0	0	0	0	0	0	0	0.018356090153074926	0.0000697962044895986	0	0.00006956624805446638	0.00006956624805446638	0.00006956624805446638	0	0	0
5.011872336272736e-7	0	0	0	0	0	0	0.02084969298302307	0	0	0	0	0	0	0	0.01997694662770214	0.00007809676015544627	0	0.00007805470147377366	0.00007805470147377366	0.00007805470147377366	0	0	0
5.370317963702533e-7	0	0	0	0	0	0	0.023465507734344086	0	0	0	0	0	0	0	0.021740925940004985	0.0000873844644043097	0	0.00008757891351837417	0.00008757891351837417	0.00008757891351837417	0	0	0
5.754399373371578e-7	0	0	0	0	0	0	0.02464998399739521	0	0	0	0	0	0	0	0.020483530245954066	0.00009224350924220012	0	0.0000950988248148717	0.0000950988248148717	0.0000950988248148717	0	0	0
6.165950018614835e-7	0	0	0	0	0	0	0.025894249463970936	0	0	0	0	0	0	0	0.019298856566401634	0.00009737274303069692	0	0.00010326442882021293	0.00010326442882021293	0.00010326442882021293	0	0	0
6.606934480075964e-7	0	0	0	0	0	0	0.027793109479000773	0	0	0	0	0	0	0	0.020171135640275464	0.00010228018678612861	0	0.00010560811361054604	0.00010560811361054604	0.00010560811361054604	0	0	0
7.079457843841387e-7	0	0	0	0	0	0	0.029831215443664943	0	0	0	0	0	0	0	0.02108284040655242	0.00010743495852537993	0	0.00010800499056452342	0.00010800499056452342	0.00010800499056452342	0	0	0
7.585775750291852e-7	0	0	0	0	0	0	0.02889714802718777	0	0	0	0	0	0	0	0.021175447124837793	0.0001152577826017345	0	0.00011299867580041909	0.00011299867580041909	0.00011299867580041909	0	0	0
8.128305161640995e-7	0	0	0	0	0	0	0.027992327891639263	0	0	0	0	0	0	0	0.021268460619634555	0.00012365022179563996	0	0.00011822324751762277	0.00011822324751762277	0.00011822324751762277	0	0	0
8.709635899560814e-7	0	0	0	0	0	0	0.026534998140520683	0	0	0	0	0	0	0	0.02428707838827686	0.00012422145797776077	0	0.0001251585824686821	0.0001251585824686821	0.0001251585824686821	0	0	0
9.332543007969924e-7	0	0	0	0	0	0	0.02515353953565744	0	0	0	0	0	0	0	0.027734126469583353	0.0001247953331424158	0	0.0001325007652427645	0.0001325007652427645	0.0001325007652427645	0	0	0
1.e-6	0	0	0	0	0	0	0.028080598625045	0	0	0	0	0	0	0	0.02841376311656443	0.00012942292828618622	0	0.00013650995237353923	0.00013650995237353894	0.00013650995237353894	0	0	0
1.0715193052376091e-6	0	0	0	0	0	0	0.03134827279568647	0	0	0	0	0	0	0	0.029110054550651306	0.00013422212148795536	0	0.00014064044885237696	0.00014064044885237666	0.00014064044885237666	0	0	0
1.148153621496884e-6	0	0	0	0	0	0	0.032552821242750545	0	0	0	0	0	0	0	0.03176808609356187	0.00013630279637119827	0	0.00014088375061167529	0.00014088375061167472	0.00014088375061167472	0	0	0
1.2302687708123837e-6	0	0	0	0	0	0	0.03380365412056385	0	0	0	0	0	0	0	0.03466882180835257	0.00013841572531153438	0	0.00014112747327226082	0.00014112747327226023	0.00014112747327226023	0	0	0
1.3182567385564101e-6	0	0	0	0	0	0	0.032110146727976206	0	0	0	0	0	0	0	0.03667762093791532	0.00013815703812623933	0	0.000141529214749568	0.00014152921474956713	0.00014152921474956713	0	0	0
1.4125375446227554e-6	0	0	0	0	0	0	0.030501481266338473	0	0	0	0	0	0	0	0.03880281496446164	0.00013789883440523052	0	0.00014193209984697134	0.00014193209984697018	0.00014193209984697018	0	0	0
1.5135612484362104e-6	0	0	0	0	0	0	0.031484533704478096	0	0	0	0	0	0	0	0.04159009086307958	0.0001435669931495222	0	0.0001438093873130174	0.00014380938731301565	0.00014380938731301565	0	0	0
1.6218100973589331e-6	0	0	0	0	0	0	0.03249926959063461	0	0	0	0	0	0	0	0.04457758179615167	0.00014946813445446594	0	0.00014571150501996113	0.00014571150501995844	0.00014571150501995844	0	0	0
1.7378008287493763e-6	0	0	0	0	0	0	0.035531864595777674	0	0	0	0	0	0	0	0.04327002336161595	0.00015437653728428367	0	0.0001507259420529996	0.00015072594205299466	0.00015072594205299466	0	0	0
1.8620871366628694e-6	0	0	0	0	0	0	0.03884743926726629	0	0	0	0	0	0	0	0.042000818489360645	0.00015944612777077377	0	0.00015591294321372966	0.00015591294321372234	0.00015591294321372234	0	0	0
1.995262314968883e-6	0	0	0	0	0	0	0.038560975157336384	0	0	0	0	0	0	0	0.04091241574204686	0.00016244502372065797	0	0.0001599513593689009	0.00015995135936888684	0.00015995135936888684	0	0	0
2.1379620895022326e-6	0.00010815518568331104	0.000016709109249919226	0	0	0	0	0.038276623456559605	0	0	0	0	0	0	0	0.03985221769604543	0.00016550032352960145	0	0.00016409437751994452	0.00016409437751992308	0.0001640943775199234	0	0	0
2.2908676527677747e-6	0.00011059880492189032	0.000017905403750298367	0	0	0	0	0.037757374918650236	0	0	0	0	0	0	0	0.039238501974211	0.00016731376288290132	0	0.00017058556879998496	0.00017058556879994378	0.0001705855687999445	0	0	0
2.4547089156850335e-6	0.00011309763441178995	0.000019187347372377046	0	0	0	0	0.03724517034177441	0	0	0	0	0	0	0	0.03863423734466227	0.00016914707266435476	0	0.00017733353648437838	0.00017733353648431564	0.00017733353648431672	0	0	0
2.6302679918953817e-6	0.00011948107151780968	0.000019993103136356612	0	0	0	0	0.039102926761763024	0	0	0	0	0	0	0	0.04288525918512452	0.0001784172579288928	0	0.00018641857113686902	0.00018641857113674967	0.00018641857113675195	0	0	0
2.8183829312644606e-6	0.0001262248014760937	0.00002083269590440907	0	0	0	0	0.041053346442097745	0	0	0	0	0	0	0	0.047604031599433556	0.0001881955000783966	0	0.00019596904428606664	0.00019596904428588553	0.0001959690442858887	0	0	0
3.0199517204020193e-6	0.0001320128101245644	0.00002125556683174772	0	0	0	0	0.042775420133968844	0	0	0	0	0	0	0	0.05038432174450921	0.00019813085817886803	0	0.00020318690071349836	0.0002031869007131514	0.00020318690071315765	0	0	0
3.2359365692962877e-6	0.00013806622655124456	0.00002168702137313272	0	0	0	0	0.04456973002720331	0	0	0	0	0	0	0	0.05332699337348614	0.00020859073116170064	0	0.00021067060245132923	0.0002106706024508049	0.00021067060245081397	0	0	0
3.4673685045253236e-6	0.00014427176502702162	0.000022971156239461185	0	0	0	0	0.04913150681356118	0	0	0	0	0	0	0	0.055220429032664886	0.00021753102392218888	0	0.00022117981309482016	0.00022117981309382274	0.00022117981309383993	0	0	0
3.7153522909717276e-6	0.00015075621825795727	0.000024331327474571844	0	0	0	0	0.05416018809846154	0	0	0	0	0	0	0	0.05718109328225597	0.00022685450166025353	0	0.00023221327110393137	0.00023221327110241503	0.0002322132711024416	0	0	0
3.981071705534978e-6	0.0001586516804751042	0.00002529323354849663	0	0	0	0	0.05478404839331772	0	0	0	0	0	0	0	0.05933310898346088	0.00023988074301990812	0	0.00024333318687110313	0.0002433331868682168	0.00024333318686826656	0	0	0
4.265795188015934e-6	0.00016696064685375498	0.000026293167276112528	0	0	0	0	0.05541509480921866	0	0	0	0	0	0	0	0.06156611599337251	0.0002536549658510247	0	0.0002549855981587965	0.0002549855981544125	0.00025498559815448807	0	0	0
4.570881896148752e-6	0.00017371911183078107	0.000027527272332008208	0	0	0	0	0.05867997448049054	0	0	0	0	0	0	0	0.06411871185322827	0.0002652448827082149	0	0.0002658767845261798	0.0002658767845178148	0.00026587678451795896	0	0	0
4.897788193684467e-6	0.00018075115534087164	0.00002881930176319868	0	0	0	0	0.06213721039160278	0	0	0	0	0	0	0	0.0667771410195812	0.000277364362124159	0	0.0002772331655608145	0.00027723316554813704	0.00027723316554835475	0	0	0
5.248074602497734e-6	0.00018700312930618797	0.000030148470154792553	0	0	0	0	0.06383165740557448	0	0	0	0	0	0	0	0.06593311681945975	0.00028616022786293066	0	0.00028793899131625164	0.0002879389912920198	0.0002879389912924367	0	0	0
5.623413251903491e-6	0.0001934713518392624	0.000031538940816223926	0	0	0	0	0.06557231104300229	0	0	0	0	0	0	0	0.06509976059403043	0.00029523503085774396	0	0.00029905824056982713	0.0002990582405331681	0.00029905824053379866	0	0	0
6.0255958607435935e-6	0.0001978135090182128	0.000032477084489877674	0	0	0	0	0.06876329222799062	0	0	0	0	0	0	0	0.06615185030579232	0.0003002411562088812	0	0.0003065429162088064	0.0003065429161383082	0.00030654291613952067	0	0	0
6.4565422903465625e-6	0.00020225311901789203	0.000033443133778927624	0	0	0	0	0.07210955787315737	0	0	0	0	0	0	0	0.06722094304109093	0.00030533216745908963	0	0.0003142149144552959	0.0003142149143492883	0.0003142149143511107	0	0	0
6.9183097091893625e-6	0.0002095989293503462	0.000034150938587516746	0	0	0	0	0.0740123291166337	0	0	0	0	0	0	0	0.06872283064810121	0.0003177874223090987	0	0.0003239383601181597	0.000323938359914846	0.0003239383599183413	0	0	0
7.413102413009192e-6	0.00021721153868052597	0.000034873723680261675	0	0	0	0	0.07596530921607647	0	0	0	0	0	0	0	0.07025827426135126	0.0003307507578329218	0	0.00033396269982268107	0.00033396269951613977	0.00033396269952140975	0	0	0
7.943282347242822e-6	0.00022588590007976015	0.000036241539909464834	0	0	0	0	0.08090575189727763	0	0	0	0	0	0	0	0.07396659702159485	0.0003453869307849873	0	0.00034721628996966033	0.0003472162893840122	0.00034721628939407995	0	0	0
8.511380382023777e-6	0.00023490667284434624	0.00003766300458911811	0	0	0	0	0.08616749879139024	0	0	0	0	0	0	0	0.07787064986258305	0.00036067077438816893	0	0.00036099585996971184	0.0003609958590832866	0.00036099585909852455	0	0	0
9.120108393559115e-6	0.0002444495419344143	0.00003946757879557891	0	0	0	0	0.08983025742686769	0	0	0	0	0	0	0	0.08204365292357889	0.0003739900676266141	0	0.00037658221746244885	0.0003765822157715083	0.000376582215797152	0	0	0
9.772372209558111e-6	0.00025438008136763357	0.00004135861684373636	0	0	0	0	0.0936487105064209	0	0	0	0	0	0	0	0.08644028266006523	0.0003878012320810514	0	0.00039284153153676957	0.00039284152897349473	0.0003928415290104143	0	0	0
0.000010471285480509006	0.00026296829162762334	0.00004247551138998808	0	0	0	0	0.09572151101118655	0	0	0	0	0	0	0	0.0897636435030294	0.0004005771987444493	0	0.0004051708888292978	0.0004051708839141016	0.0004051708839658164	0	0	0
0.000011220184543019652	0.00027184645130139113	0.00004362256781114359	0	0	0	0	0.09784019043846241	0	0	0	0	0	0	0	0.09321477726566256	0.0004137740648549884	0	0.0004178872038109772	0.00041788719639875417	0.00041788719646615664	0	0	0
0.000012022644346174132	0.00028009332289508895	0.00004463051854829196	0	0	0	0	0.0997215524789829	0	0	0	0	0	0	0	0.09869819292400225	0.00042727318852217355	0	0.00042951091869444856	0.00042951090445831274	0.00042951090456337676	0	0	0
0.000012882495516931348	0.0002885903757611811	0.000045661759172750694	0	0	0	0	0.1016390910959348	0	0	0	0	0	0	0	0.10450417382536539	0.00044121271277329743	0	0.0004414579522784194	0.00044145793084448545	0.000441457930989254	0	0	0
0.000013803842646028866	0.0002976793046064147	0.000046788548231770785	0	0	0	0	0.10532716208419829	0	0	0	0	0	0	0	0.10807022315363163	0.00045629765935473025	0	0.000454321383609528	0.0004543213424674637	0.000454321342714309	0	0	0
0.000014791083881682102	0.0003070544821781877	0.0000479431429120922	0	0	0	0	0.10914905823232632	0	0	0	0	0	0	0	0.11175795860548579	0.0004718983562914341	0	0.0004675596362905632	0.0004675595743100364	0.00046755957466478325	0	0	0
0.00001584893192461114	0.000316494731599625	0.000049428545841553714	0	0	0	0	0.1136675404128716	0	0	0	0	0	0	0	0.11498190361795521	0.00048613479530593075	0	0.00048197262114423777	0.00048197250241503243	0.00048197250305596917	0	0	0
0.00001698243652461746	0.00032622521716582534	0.00005095997040682891	0	0	0	0	0.11837307579888287	0	0	0	0	0	0	0	0.11829885159480569	0.0005008007255299482	0	0.000496829900407159	0.0004968297214895094	0.000496829722433944	0	0	0
0.000018197008586099864	0.00033827276044231565	0.0000528602367241794	0	0	0	0	0.12160910587125608	0	0	0	0	0	0	0	0.1211076605342767	0.0005198823980704153	0	0.0005152388143152516	0.0005152384731958668	0.0005152384749523127	0	0	0
0.000019498445997580493	0.00035076522119103755	0.00005483136281731179	0	0	0	0	0.12493360108284057	0	0	0	0	0	0	0	0.12398315995765508	0.0005396911267199945	0	0.0005343298291013309	0.0005343293140058565	0.000534329316633192	0	0	0
0.00002089296130854041	0.000364200544532031	0.00005721328819950989	0	0	0	0	0.1302223668249148	0	0	0	0	0	0	0	0.12817113201704322	0.0005598769086024947	0	0.0005557398075311477	0.0005557388245384636	0.0005557388294936521	0	0	0
0.000022387211385683423	0.0003781504796485732	0.00005969868663499135	0	0	0	0	0.13573501983856576	0	0	0	0	0	0	0	0.1325005677234003	0.0005808176886126962	0	0.0005780076590412293	0.0005780061714824993	0.0005780061789478688	0	0	0
0.000023988329190194948	0.0003906435260193522	0.00006198375652693077	0	0	0	0	0.1386924866478881	0	0	0	0	0	0	0	0.13718240286226852	0.0005995544512139449	0	0.0005981491259525806	0.000598146278689768	0.000598146292901569	0	0	0
0.000025703957827688645	0.0004035493081025584	0.00006435629139851008	0	0	0	0	0.1417143923171207	0	0	0	0	0	0	0	0.14202966808679002	0.0006188956483557705	0	0.0006189924498082063	0.0006189881498890715	0.0006189881713083871	0	0	0
0.00002754228703338169	0.0004161799933901926	0.00006660669131878278	0	0	0	0	0.1471076687608099	0	0	0	0	0	0	0	0.14672098893113986	0.0006371470953849495	0	0.0006391483473300132	0.000639140107052329	0.0006391401479995043	0	0	0
0.0000295120922666639	0.0004292060063555896	0.00006893578284311012	0	0	0	0	0.15270619909806962	0	0	0	0	0	0	0	0.1515672667753976	0.0006559367839085438	0	0.0006599605698280563	0.0006599481371591196	0.0006599481988829622	0	0	0
0.000031622776601683856	0.00044394675624158766	0.00007106634196458981	0	0	0	0	0.1581753224712951	0	0	0	0	0	0	0	0.15619676623099543	0.0006784837196067613	0	0.0006818070266610338	0.0006817832052430068	0.0006817833233791196	0	0	0
0.000033884415613920276	0.0004591937658350055	0.0000732627490678126	0	0	0	0	0.1638403207379306	0	0	0	0	0	0	0	0.16096766999944506	0.0007018056755841399	0	0.0007043766595411464	0.0007043407091841697	0.0007043408873979046	0	0	0
0.000036307805477010174	0.0004749039165964572	0.00007535136402228602	0	0	0	0	0.16902532800960715	0	0	0	0	0	0	0	0.16707117845776526	0.0007267925024739968	0	0.0007269853865346002	0.0007269607725135761	0.0007269611139663785	0	0	0
0.00003890451449942813	0.0004911515503450707	0.0000774995223665929	0	0	0	0	0.17437442370766176	0	0	0	0	0	0	0	0.1734061173362482	0.0007526689510066268	0	0.0007503197970516896	0.000750307284361934	0.0007503077993549505	0	0	0
0.00004168693834703355	0.0005089107503712143	0.00008014282491835492	0	0	0	0	0.1810529063209217	0	0	0	0	0	0	0	0.1795694896133129	0.0007801817680036639	0	0.000776661082323622	0.0007766527926198661	0.0007766537782895751	0	0	0
0.00004466835921509635	0.0005273120926960965	0.00008287628348871893	0	0	0	0	0.18798717260398287	0	0	0	0	0	0	0	0.18595192658318693	0.0008087002796000288	0	0.000803927124362601	0.0008039233696060814	0.0008039248583715117	0	0	0
0.0000478630092322639	0.0005463414038389205	0.00008638144722028458	0	0	0	0	0.1941535685876907	0	0	0	0	0	0	0	0.1903667358738072	0.0008364710858282003	0	0.0008339265194546897	0.0008339235428652082	0.0008339263898660419	0	0	0
0.00005128613839913659	0.0005660574329379297	0.00009003485810130998	0	0	0	0	0.20052223602907826	0	0	0	0	0	0	0	0.19488636011004515	0.0008651955428686866	0	0.0008650453738592134	0.0008650432387425331	0.0008650475432787637	0	0	0
0.00005495408738576248	0.000585394865152341	0.00009366602925569694	0	0	0	0	0.20737337139796935	0	0	0	0	0	0	0	0.2006307317432517	0.0008938617367579294	0	0.000894317733276234	0.00089431478171682	0.0008943230133781119	0	0	0
0.00005888436553555896	0.0006053928951486892	0.00009744364817743274	0	0	0	0	0.2144585858234903	0	0	0	0	0	0	0	0.2065444215649753	0.0009234777167144634	0	0.0009245806430756233	0.0009245768222636262	0.0009245892419117204	0	0	0
0.00006309573444801943	0.0006267355263668277	0.00010194865229765049	0	0	0	0	0.22130397381374145	0	0	0	0	0	0	0	0.21379853554388326	0.0009537243538473063	0	0.0009545872368394243	0.0009545807987215549	0.0009545941687657129	0	0	0
0.00006760829753919819	0.0006488305745871565	0.00010666193127726479	0	0	0	0	0.22836786243691154	0	0	0	0	0	0	0	0.22130742362523614	0.0009849616581519617	0	0.0009855676728267792	0.0009855584515486206	0.0009855728205936797	0	0	0
0.00007244359600749906	0.0006747501604581033	0.00011433977339400878	0	0	0	0	0.23451453615930706	0	0	0	0	0	0	0	0.2282988466872529	0.0010181766695752617	0	0.0010188228450049251	0.0010188152641094417	0.001018828311362232	0	0	0
0.00007762471166286927	0.0007017051860232273	0.00012257028935477396	0	0	0	0	0.24082665171509718	0	0	0	0	0	0	0	0.2355111389620224	0.001052511762145607	0	0.0010532001181885074	0.001053194298878364	0.0010532059187751918	0	0	0
0.00008317637711026725	0.0007260177252984842	0.0001265945894343482	0	0	0	0	0.2472928205056537	0	0	0	0	0	0	0	0.24278989636024062	0.0010893076579885322	0	0.0010898409292680275	0.0010898336497912736	0.0010898472843253815	0	0	0
0.00008912509381337459	0.0007511726405142138	0.00013075101770922804	0	0	0	0	0.2539326052084454	0	0	0	0	0	0	0	0.25029361258416777	0.001127389941309093	0	0.0011277564734332923	0.0011277476392364595	0.0011277634145207902	0	0	0
0.00009549925860214369	0.000774957404489544	0.00013335972918279598	0	0	0	0	0.2608862847192882	0	0	0	0	0	0	0	0.2570394707311653	0.001165647164551346	0	0.0011640943395962865	0.0011640851136197063	0.0011640972173569634	0	0	0
0.00010232929922807557	0.0007994952776262716	0.00013602048901263338	0	0	0	0	0.2680303834899965	0	0	0	0	0	0	0	0.26396714175652425	0.0012052026210637233	0	0.0012016030618336065	0.0012015934280017405	0.0012016016072254343	0	0	0
0.00010964781961431851	0.0008230227063898638	0.00013824795282021805	0	0	0	0	0.27706412861428115	0	0	0	0	0	0	0	0.27198300583927576	0.0012429791502814212	0	0.0012395705131967585	0.0012395631798676468	0.001239569452236015	0	0	0
0.00011748975549395303	0.0008472424968467836	0.00014051189344868554	0	0	0	0	0.2864023487384067	0	0	0	0	0	0	0	0.28024228687371855	0.0012819397676638769	0	0.0012787376347411859	0.0012787327569183133	0.001278736993756718	0	0	0
0.00012589254117941688	0.0008712482375000672	0.00014163542305273603	0	0	0	0	0.2943533869122875	0	0	0	0	0	0	0	0.2894198252262501	0.00132295646394777	0	0.0013204873234181655	0.001320480912421031	0.0013204848386921453	0	0	0
0.0001348962882591656	0.0008959341560085174	0.00014276793637154684	0	0	0	0	0.302525160035867	0	0	0	0	0	0	0	0.2988979149736179	0.0013652855224942867	0	0.001363600103676456	0.0013635920645924794	0.0013635956555015825	0	0	0
0.0001445439770745928	0.000924310631265137	0.00014610813282211438	0	0	0	0	0.3119652126998156	0	0	0	0	0	0	0	0.307734414012199	0.0014107622078770705	0	0.0014067256578759813	0.0014067166851319955	0.0014067207554785818	0	0	0
0.00015488166189124827	0.0009535858604565044	0.00014952647645763065	0	0	0	0	0.32169983456352	0	0	0	0	0	0	0	0.31683215179266105	0.0014577536891610193	0	0.0014512151115208007	0.0014512051541016686	0.0014512097306193894	0	0	0
0.00016595869074375631	0.0009833880667109718	0.00015356866962048979	0	0	0	0	0.3313638533555331	0	0	0	0	0	0	0	0.3256651496868462	0.001503463414022495	0	0.0014952462804022216	0.0014952349491567968	0.0014952403709064662	0	0	0
0.00017782794100389227	0.0010141216746718431	0.00015772013657855166	0	0	0	0	0.34131818395121455	0	0	0	0	0	0	0	0.33474440368653363	0.0015506064255650033	0	0.0015406133944634171	0.001540600615192748	0.001540606929250853	0	0	0
0.00019054607179632481	0.0010466541089607742	0.00016265019789430988	0	0	0	0	0.34920550763897673	0	0	0	0	0	0	0	0.343939521190591	0.0015994105550739977	0	0.0015891408601344486	0.0015891249552152202	0.0015891327281770842	0	0	0
0.00020417379446695317	0.0010802301648458114	0.00016773436448225788	0	0	0	0	0.35727509490917025	0	0	0	0	0	0	0	0.3533872200223199	0.0016497507565467534	0	0.0016391968825043403	0.0016391776677123	0.0016391869852172775	0	0	0
0.00021877616239495564	0.0011142215952796661	0.00017308632329663813	0	0	0	0	0.3650691425821375	0	0	0	0	0	0	0	0.3636363588304321	0.0017008684567046805	0	0.0016889668431674483	0.0016889491659409285	0.0016889613216732558	0	0	0
0.00023442288153199226	0.0011492826286375504	0.00017860904892579276	0	0	0	0	0.37303321940069706	0	0	0	0	0	0	0	0.37418274903971727	0.0017535700441613873	0	0.0017402479395646803	0.0017402319109884486	0.0017402470687199615	0	0	0
0.0002511886431509582	0.0011854148837828044	0.00018500903807680547	0	0	0	0	0.38174174082292944	0	0	0	0	0	0	0	0.382342551248988	0.0018062287683652865	0	0.0017914544776984054	0.0017914385582273047	0.0017914558537169413	0	0	0
0.00026915348039269194	0.0012226830995954812	0.00019163835413694985	0	0	0	0	0.390653564099842	0	0	0	0	0	0	0	0.3906802942432507	0.00186046880450139	0	0.0018441677606401729	0.0018441519705730942	0.0018441715165061633	0	0	0
0.00028840315031266115	0.001262347113139262	0.00020101456078539697	0	0	0	0	0.39932640691057253	0	0	0	0	0	0	0	0.39997419741834006	0.001913249952016235	0	0.0018968913319992418	0.0018968751290860022	0.0018968935584579287	0	0	0
0.0003090295432513592	0.0013032978329202665	0.00021084951303051823	0	0	0	0	0.40819179423985236	0	0	0	0	0	0	0	0.40948919348575186	0.001967528490686597	0	0.0019511222363874287	0.001951105609928048	0.0019511228429208603	0	0	0
0.0003311311214825914	0.0013414050882297793	0.00021785044813093864	0	0	0	0	0.41645364540291524	0	0	0	0	0	0	0	0.4172106316665874	0.002021776066852058	0	0.002004133033311669	0.002004115967088537	0.002004134240568068	0	0	0
0.000354813389233576	0.001380626565377571	0.00022508383855731994	0	0	0	0	0.4248827174302959	0	0	0	0	0	0	0	0.42507766735897795	0.002077519326324648	0	0.002058584101141611	0.0020585665835317524	0.0020585859413159774	0	0	0
0.00038018939632056124	0.0014175022734037172	0.0002291384482220482	0	0	0	0	0.4322246372810316	0	0	0	0	0	0	0	0.4323410095443459	0.0021342590897162938	0	0.0021135841145615616	0.0021135644147356734	0.002113582678640023	0	0	0
0.00040738027780411304	0.0014553629094882798	0.00023326609671372542	0	0	0	0	0.43969342458220373	0	0	0	0	0	0	0	0.43972846114254155	0.002192548490075913	0	0.0021700535853014877	0.002170031599159133	0.0021700486969183377	0	0	0
0.00043651583224016654	0.0014914622718723318	0.00023538546996376296	0	0	0	0	0.4468279204880973	0	0	0	0	0	0	0	0.4471907591616758	0.0022508363505307537	0	0.0022261122491995136	0.0022260883019093306	0.0022261032901411872	0	0	0
0.00046773514128719906	0.001528457056254594	0.0002375240990895422	0.0015192642458076021	0.00022830601329885576	0	0	0.45407818121781	0	0	0	0	0	0	0	0.4547796941776096	0.0023106737660772035	0	0.002283619068027589	0.0022835930729385536	0.002283605831249188	0	0	0
0.0005011872336272725	0.0015648920876700173	0.000239811204901114	0.0015584969565988769	0.00023342502345848997	0	0	0.46087719763646035	0	0	0	0	0	0	0	0.4612386727328734	0.0023685463928568616	0	0.00233999198465807	0.002339966210849538	0.002339979885370139	0	0	0
0.0005370317963702533	0.0016021956495481094	0.00024212033312225764	0.0015987427930529703	0.00023865881055560304	0	0	0.467778017282337	0	0	0	0	0	0	0	0.46778938450426666	0.00242786848471443	0	0.0023977565106746857	0.0023977309849130325	0.0023977456131041687	0	0	0
0.0005754399373371578	0.0016408103207828438	0.000247263600672159	0.0016371335082126911	0.00024357692414903536	0	0	0.47386996054930874	0	0	0	0	0	0	0	0.4735165687686103	0.0024839298314679186	0	0.0024526133559593837	0.002452589709664176	0.0024526059707840678	0	0	0
0.0006165950018614823	0.0016803556479177992	0.00025251612464323263	0.0016764461021241874	0.0002485963867823867	0	0	0.4800412401069927	0	0	0	0	0	0	0	0.47931387142529935	0.002541285677746238	0	0.0025087252383845025	0.002508703570917393	0.002508721532030316	0	0	0
0.0006606934480075965	0.0017178416800301029	0.000256207140002676	0.0017147480906343035	0.00025311126903553244	0	0	0.48455818805712475	0	0	0	0	0	0	0	0.4837834955144236	0.002597406933058838	0	0.002562149997547376	0.002562126577997326	0.002562147837346075	0	0	0
0.0007079457843841388	0.0017561639652327924	0.000259952106746027	0.0017539251698031433	0.0002577081483040953	0	0	0.4891176382280646	0	0	0	0	0	0	0	0.48829479905554923	0.002654767559184971	0	0.0026167124679461915	0.0026166872315168534	0.00261671192143211	0	0	0
0.0007585775750291852	0.0017944711823148936	0.0002651457441750625	0.0017913265681223911	0.0002619905867293363	0	0	0.4929076050305149	0	0	0	0	0	0	0	0.4913275673161629	0.0027085870017784664	0	0.0026684573038441217	0.0026684317710173253	0.0026684587141029715	0	0	0
0.0008128305161640995	0.0018336139949960567	0.0002704431463709315	0.0018295255287437942	0.00026634418813093906	0	0	0.4967269386912452	0	0	0	0	0	0	0	0.49437917190954234	0.0027634975125489314	0	0.0027212253809559433	0.002721199549877805	0.0027212288255923076	0	0	0
0.0008709635899560814	0.0018719541451441308	0.0002768035211984742	0.001865555752881565	0.00027038587743091134	0	0	0.4991392010801737	0	0	0	0	0	0	0	0.4969525963024505	0.0028140737919523187	0	0.002770792390190818	0.002770766658803784	0.0027707959082203084	0	0	0
0.0009332543007969925	0.001911095972808515	0.0002833134815063283	0.0019022955473593096	0.0002744888980950562	0	0	0.5015631781746671	0	0	0	0	0	0	0	0.49953941631047	0.002865575695506505	0	0.002821262260475599	0.002821236640981885	0.0028212658534290435	0	0	0
0.001	0.0019454398708160076	0.0002880158854159681	0.0019353660123086337	0.00027791064028231	0	0	0.5025907608129146	0	0	0	0	0	0	0	0.5004125305176227	0.002911115804857418	0	0.0028657947929238534	0.002865769882466416	0.0028657998786015154	0	0	0
0.001071519305237607	0.001980400955687548	0.00029279633927371416	0.0019690113908950534	0.0002813750374537077	0	0	0.5036204487214936	0	0	0	0	0	0	0	0.5012871707873718	0.0029573796436714686	0	0.0029110302541547404	0.0029110060815009447	0.0029110368787862995	0	0	0
0.001148153621496884	0.002010211014957234	0.000295658200577273	0.001998725141555589	0.0002841404870953178	0	0	0.50318373526386	0	0	0	0	0	0	0	0.5007880774103364	0.0029971470200114408	0	0.0029500097930747764	0.002949986782390197	0.0029500205890350723	0	0	0
0.0012302687708123836	0.0020404697912562208	0.00029854803439627076	0.00202888729336931	0.0002869331165173002	0	0	0.5027474005014214	0	0	0	0	0	0	0	0.5002894809424849	0.0030374491414337157	0	0.002989511279319904	0.0029894894660576618	0.0029895263571374647	0	0	0
0.0013182567385564075	0.002066877180232418	0.0003010079154392166	0.0020548374563363787	0.0002889326898356698	0	0	0.5004428950971149	0	0	0	0	0	0	0	0.49872066412596217	0.003070686889186783	0	0.0030221668751139446	0.003022144780633398	0.0030221789834208443	0	0	0
0.0014125375446227555	0.002093626328834527	0.00030348806462681055	0.002081119530770498	0.00029094619773748566	0	0	0.4981489531390905	0	0	0	0	0	0	0	0.4971567668336304	0.0031042883460339838	0	0.0030551791806966593	0.0030551568014568617	0.003055188252822849	0	0	0
0.0015135612484362103	0.0021124011029588093	0.00030309554187051766	0.0021014497697508534	0.0002921268185919438	0	0	0.4946129969285204	0	0	0	0	0	0	0	0.49349401844714774	0.0031278251025307407	0	0.003079475486449562	0.0030794502886538526	0.0030794810285943446	0	0	0
0.0016218100973589332	0.0021313442414844005	0.0003027035267918973	0.002121978612708964	0.0002933122302483192	0	0	0.49110213960904364	0	0	0	0	0	0	0	0.489858254960877	0.0031515403150356477	0	0.003103965008520827	0.0031039369487576855	0.0031039669639703698	0	0	0
0.0017378008287493763	0.0021473106378775437	0.00030396478080170155	0.0021370258131273067	0.00029364762759810095	0	0	0.4860812511360507	0	0	0	0	0	0	0	0.48496033601480004	0.003166205462118106	0	0.0031201476161665854	0.0031201188131463045	0.003120149052360486	0	0	0
0.0018620871366628695	0.00216339664226681	0.0003052312899920252	0.0021521797150171303	0.00029398340846882234	0	0	0.4811116947975056	0	0	0	0	0	0	0	0.4801113896230471	0.003180938850922847	0	0.0031364145922860476	0.003136385039021447	0.0031364155037569416	0	0	0
0.001995262314968883	0.002170331808717443	0.00030370903162929607	0.0021598991641017273	0.0002932533492266256	0	0	0.4747044273518421	0	0	0	0	0	0	0	0.4736003492097379	0.0031835948427688136	0	0.0031417026986579775	0.003141672798158845	0.0031417042081610803	0	0	0
0.0021379620895022326	0.0021772892071216404	0.0003021943651177266	0.0021676463013453333	0.00029252510296598445	0	0	0.4683824895220751	0	0	0	0	0	0	0	0.4671776084039368	0.0031862530522910725	0	0.0031469997209650235	0.0031469694721444983	0.003147001830514462	0	0	0
0.0022908676527677745	0.0021766546932228967	0.0003004624070309816	0.002166840659251954	0.0002906203910390838	0	0	0.4604682221261523	0	0	0	0	0	0	0	0.45963805085753434	0.0031754848555498984	0	0.0031398311461571043	0.003139799928576213	0.0031398325091361637	0	0	0
0.0024547089156850338	0.002176020364236608	0.0002987403752670291	0.0021660353165889688	0.00028872808121883274	0	0	0.45268768224954437	0	0	0	0	0	0	0	0.45222017064962816	0.003164753050789893	0	0.0031326789007007404	0.003132646718930275	0.003132679520499882	0	0	0
0.002630267991895387	0.002166694072594293	0.00029587160251927613	0.00215653250342972	0.00028568090187925147	0	0	0.443874772525843	0	0	0	0	0	0	0	0.443166130567054	0.003140861868787485	0	0.0031129887918932807	0.003112955267461377	0.003112988348781101	0	0	0
0.002818382931264455	0.002157407752873765	0.0002930303782978012	0.002147071380937864	0.0002826658818706521	0	0	0.43523343225464467	0	0	0	0	0	0	0	0.434293364224878	0.0031171510447998495	0	0.0030934224430999055	0.003093387594157	0.0030934209504138973	0	0	0
0.003019951720402019	0.002138574197963074	0.0002889854698199924	0.0021280812255323853	0.0002784624215640031	0	0	0.4257685043698544	0	0	0	0	0	0	0	0.42462592779417035	0.003079109507846862	0	0.0030603730298319645	0.003060337039380109	0.0030603697269056445	0	0	0
0.0032359365692962876	0.00211990505461997	0.00028499639611497706	0.00210925903194016	0.0002743214699635077	0	0	0.4165094082370051	0	0	0	0	0	0	0	0.4151736899707648	0.0030415322276825117	0	0.003027676708887318	0.003027639605296252	0.0030276716345725213	0	0	0
0.0034673685045253167	0.0020905276053474454	0.0002791141867135938	0.0020803282630383994	0.0002688889257973914	0	0	0.4058877303112113	0	0	0	0	0	0	0	0.40436949603053773	0.0029893777397499875	0	0.0029805696246394406	0.002980533665510558	0.0029805659836284336	0	0	0
0.003715352290971728	0.002061557266065002	0.0002733533837156364	0.0020517943109223326	0.00026356396539466316	0	0	0.39553692271806307	0	0	0	0	0	0	0	0.3938464629863832	0.0029381175677108636	0	0.002934195471149934	0.0029341606298522943	0.002934193220070656	0	0	0
0.003981071705534978	0.0020223245488812966	0.00026670566683871126	0.0020126531906059764	0.00025700737917526536	0	0	0.3842478355046245	0	0	0	0	0	0	0	0.38261705646498173	0.0028716717365272373	0	0.002873113887386511	0.0028730797984734585	0.0028731116501852687	0	0	0
0.004265795188015935	0.0019838384547106644	0.0002602196166625057	0.001974258747133135	0.00025061389879921795	0	0	0.37328095206735146	0	0	0	0	0	0	0	0.3717078243838094	0.002806728584654407	0	0.0028133038480418994	0.0028132704952870376	0.0028133016251164064	4.242023495050156e-11	4.242023495050156e-11	4.242023495050156e-11
0.004570881896148752	0.001935598675766202	0.00025242801929434576	0.001926293429222435	0.00024309767095678306	0	0	0.3611529016060496	0	0	0	0	0	0	0	0.35976211271571706	0.0027289097953786218	0	0.00274018584453599	0.002740151959787005	0.0027401824254001503	3.958886670837447e-11	3.958886670837447e-11	3.958886670837447e-11
0.004897788193684466	0.0018885319138418936	0.00024486972097691114	0.00187949344575719	0.0002358068642950968	0	0	0.34941889645345486	0	0	0	0	0	0	0	0.348200304796473	0.002653248594120949	0	0.002668968184087731	0.002668933817527729	0.002668963632422869	3.694648011926928e-11	3.694648011926928e-11	3.694648011926928e-11
0.005248074602497733	0.0018331927850462858	0.00023746704956640404	0.001823279325551904	0.0002275229372927381	0	0	0.3370311135775151	0	0	0	0	0	0	0	0.3359306564316203	0.002565083229187505	0	0.0025850274131582114	0.002584994373341974	0.0025850229849075264	3.448046147061857e-11	3.448046147061857e-11	3.448046147061857e-11
0.005623413251903491	0.0017794752434493971	0.00023028816876501492	0.001768746523958071	0.00021953002576520698	0	0	0.32508250890899093	0.32503147202800603	0	0	0	0	0	0	0.32409335769117487	0.0024798475300196743	0	0.0025037266336179714	0.0025036948710850685	0.0025037223255208	3.217903896091976e-11	3.217903896091976e-11	3.217903896091976e-11
0.0060255958607435805	0.0017150029461206484	0.00022021824088479372	0.001705416518508292	0.0002106102850255497	0	0	0.31266149425362794	0.31249627376415845	0	0	0	0	0	0	0.31165070767097347	0.0023833414531687	0	0.002410539432203871	0.0024105094050254515	0.002410535799577112	3.003122650579229e-11	3.003122650579229e-11	3.003122650579229e-11
0.006456542290346563	0.0016528665492986081	0.00021058864586255926	0.0016443540451983334	0.00020205296293266024	0	0	0.30071507174284534	0.30044450928761	0	0	0	0	0	0	0.29968575809063325	0.0022905910196612876	0	0.002320820602452551	0.0023207922254511533	0.0023208176009830443	2.8026771294739228e-11	2.8026771294739228e-11	2.8026771294739228e-11
0.006918309709189377	0.0015840772183048784	0.00020082267734465277	0.0015760423014372594	0.0001927664177627149	0	0	0.28811908954857485	0.2880384734989136	0	0	0	0	0	0	0.2870677952637512	0.0021889469808744036	0	0.002221423049488605	0.0022213956296713096	0.002221420383653473	2.615610484826902e-11	2.615610484826902e-11	2.615610484826902e-11
0.007413102413009177	0.0015181507754617857	0.00019150960190985697	0.0015105684467240528	0.00018390669098702504	0.001519440215683416	0.0001928029023705291	0.27605071232773976	0.2761447110892695	0	0	0	0	0	0	0.27498109887714	0.0020918133546981694	0	0.002126282556947506	0.0021262560643762664	0.0021262802035028187	2.4410297341744135e-11	2.4410297341744135e-11	2.4410297341744135e-11
0.00794328234724282	0.0014457978661442839	0.00018124711269726064	0.0014390533672775793	0.00017448681903816095	0.0014479087475324243	0.00018336782662980888	0.26356894664437064	0.2636533130961336	0	0	0	0	0	0	0.2626544473739355	0.001987573188834923	0	0.0020232342961347457	0.002023208348057296	0.0020232328432769108	2.2781014977916057e-11	2.2781014977916057e-11	2.2781014977916057e-11
0.008511380382023776	0.0013768931937024078	0.0001715345629330698	0.001370924037480072	0.00016554944170141128	0.0013797448030806363	0.00017439446932350337	0.251651549997621	0.2517269631287498	0	0	0	0	0	0	0.25088036598519303	0.0018885275649009536	0	0.0019251801712244984	0.0019251547770891447	0.0019251795371893223	2.126048020466082e-11	2.126048020466082e-11	2.126048020466082e-11
0.009120108393559097	0.0013042296217626477	0.00016207918160315437	0.0012984306710449693	0.00015626427958193606	0.0013067415064790702	0.0001645978310902188	0.2393794439276599	0.2395059966449444	0	0	0	0	0	0	0.238710183846859	0.0017843620214386508	0	0.001821603314728634	0.001821578448668151	0.0018216026011666632	1.984143458800903e-11	1.984143458800903e-11	1.984143458800903e-11
0.009772372209558112	0.0012354007660602773	0.0001531450027327629	0.0012297706958360871	0.0001474998938220718	0.0012376008671622382	0.0001553515206342204	0.2277058026292995	0.2278783397531743	0	0	0	0	0	0	0.22713037605965644	0.0016859419384326589	0	0.001723599009499353	0.001723574688196934	0.0017235982268031117	1.851710416324159e-11	1.851710416324159e-11	1.851710416324159e-11
0.010471285480509006	0.0011646893261178172	0.00014492688195515764	0.0011583134763718534	0.000138534356891509	0.0011655723996251046	0.00014581281086750099	0.21592834654318474	0.21611552468739303	0	0	0	0	0	0	0.2154108774889424	0.001584393416374211	0	0.001622127626245996	0.0016221037519525332	0.0016221261702988373	1.728116709865107e-11	1.728116709865107e-11	1.728116709865107e-11
0.011220184543019653	0.0010980252430138027	0.0001371497648532202	0.0010910083595970458	0.00013011377528511912	0.0010977359945480132	0.00013685978564150725	0.20476004696629682	0.20495989246497293	0	0	0	0	0	0	0.2042960829174542	0.001488961417131396	0	0.0015266300463904138	0.0015266066507689654	0.0015266279991763688	1.612772351760756e-11	1.612772351760756e-11	1.612772351760756e-11
0.012022644346174132	0.0010291403357926708	0.0001285739665012587	0.0010221971122249267	0.00012161138085040088	0.0010290683032802145	0.0001285016284510319	0.19342889916559658	0.19369221227486744	0	0	0	0	0	0	0.1930420036639692	0.0013922368126704358	0	0.0014293538766072058	0.001429331725636149	0.0014293522958091745	1.5051267334872058e-11	1.5051267334872058e-11	1.5051267334872058e-11
0.01288249551693135	0.0009645769416451705	0.0001205344017874094	0.0009577258753790824	0.00011366458255425511	0.0009646960453838875	0.00012065391186437036	0.18272480196575105	0.1830439733585621	0	0	0	0	0	0	0.1824078790275036	0.0013017955470525666	0	0.0013382760999645384	0.0013382551300172413	0.0013382749344550218	1.4046659972714604e-11	1.4046659972714604e-11	1.4046659972714604e-11
0.013803842646028866	0.0008991647175520466	0.00011225027273631166	0.0008926730302137499	0.0001057406421681216	0.0008993385302266791	0.00011242467243158148	0.17217612975720076	0.1723653018350353	0	0	0	0	0	0	0.171841382157839	0.0012111310552311747	0	0.0012466943751918399	0.0012466747783641352	0.0012466936703187412	1.3109105831368842e-11	1.3109105831368842e-11	1.3109105831368842e-11
0.014791083881682071	0.00083818838537804	0.00010453549810285412	0.0008320388530335873	0.00009836910632025367	0.0008384089432318865	0.00010475671095982824	0.16223643062820187	0.16230961736437402	0	0	0	0	0	0	0.1618869797694652	0.0011267809574756153	0	0.0011613798267608314	0.0011613615133231323	0.0011613795249372622	1.2234129396727906e-11	1.2234129396727906e-11	1.2234129396727906e-11
0.01584893192461114	0.0007768676711314148	0.00009641624470739427	0.0007715352051506055	0.0000910704028406056	0.0007776502445078487	0.00009720238663129749	0.15228271104180982	0.15234289403335263	0	0	0	0	0	0	0.15195139903073407	0.0010429992236242272	0	0.0010764404804212582	0.0010764233542345963	0.0010764404966799083	1.1417553876003207e-11	1.1417553876003207e-11	1.1417553876003207e-11
0.01698243652461746	0.0007200330963509435	0.00008892761226745743	0.0007154312212902857	0.00008431324207163738	0.0007212946708941038	0.00009019282755491864	0.14293968372238203	0.14298818356743534	0	0	0	0	0	0	0.14262560028161334	0.0009654470758166712	0	0.0009977133072143255	0.0009976972925735933	0.000997713596642823	1.0655481259361343e-11	1.0655481259361343e-11	1.0655481259361343e-11
0.018197008586099864	0.000664516796114868	0.00008213501992370112	0.0006600544043810548	0.00007766040214432397	0.0006658026181668999	0.00008342438975906189	0.13368846293389225	0.13374751424039846	0	0	0	0	0	0	0.13338960084198714	0.0008893068528509082	0	0.000920063299296261	0.0009200481724587626	0.000920063440699277	9.944273712360705e-12	9.944273712360705e-12	9.944273712360705e-12
0.019498445997580455	0.0006132809374411631	0.00007586126879890961	0.0006089639419944416	0.00007153251272313473	0.0006145797886020732	0.00007716388315283894	0.12503599179874333	0.12510402691456804	0	0	0	0	0	0	0.12475169659340926	0.0008191714474442795	0	0.0008484566343767108	0.000848442354154501	0.0008484566490421841	9.280536210363103e-12	9.280536210363103e-12	9.280536210363103e-12
0.02089296130854041	0.0005633980882722289	0.00007000545564374678	0.0005589466579278692	0.00006554252337423514	0.0005641388112557849	0.00007074908045792168	0.11654354474218516	0.11664723284789139	0	0	0	0	0	0	0.11631155411941167	0.0007507029419633313	0	0.0007783852214925201	0.0007783718681867577	0.0007783852454518054	8.661100332023568e-12	8.661100332023568e-12	8.661100332023568e-12
0.022387211385683423	0.0005175725943695341	0.00006460165902154072	0.0005130375460089009	0.00006005412373655966	0.0005178377230546253	0.00006486755436772402	0.10862790485907298	0.1087621019614497	0.10422155322983455	0	0	0	0	0	0.10844243397959169	0.000687957214366575	0	0.0007141007901753885	0.0007140883080834701	0.000714100821793365	8.083009134495239e-12	8.083009134495239e-12	8.083009134495239e-12
0.02398832919019495	0.0004727746333843445	0.00005905947012743173	0.00046846954940569634	0.000054742452215428554	0.00047293192139456715	0.00005921723083109573	0.10099451762948079	0.1010955973973218	0.09614440630991164	0	0	0	0	0	0.1007825012306475	0.0006274176986614465	0	0.0006517495924199408	0.0006517379558531137	0.0006517496034464347	7.543503038149042e-12	7.543503038149042e-12	7.543503038149042e-12
0.025703957827688646	0.00043185411361274136	0.000053992746696643896	0.0004277732115859003	0.00004990058780483284	0.0004319202567062958	0.00005405908179341029	0.09389753585364856	0.09396949515322857	0.0886932364584956	0	0	0	0	0	0.0936636349956605	0.000572205597053119	0	0.0005948425447270984	0.0005948317011933847	0.0005948425385169233	7.040006653427771e-12	7.040006653427771e-12	7.040006653427771e-12
0.02754228703338169	0.0003922979983976734	0.00004902961778174632	0.00038852720287501513	0.00004524836055785145	0.0003923273467457364	0.00004905903350905223	0.08698313291594945	0.08708690218611527	0.08132981057567992	0	0	0	0	0	0.08683128058944761	0.000519352973766453	0	0.0005400210996385641	0.0005400109906610156	0.0005400210641041943	6.570116486950896e-12	6.570116486950896e-12	6.570116486950896e-12
0.0295120922666639	0.0003563650656453548	0.000044522710306448586	0.0003528818151427663	0.00004102986003253128	0.00035636380700990097	0.000044521451141918815	0.08057789102864657	0.0807084098941595	0.074577705723607	0	0	0	0	0	0.08049731669236089	0.00047138216184735963	0	0.0004902520686186531	0.0004902426509038496	0.0004902520092179487	6.131589468184139e-12	6.131589468184139e-12	6.131589468184139e-12
0.03162277660168379	0.0003217467492801982	0.0000400359049097009	0.00031870037793086656	0.00003698146288381616	0.00032198463937625684	0.00004027483253552461	0.07439937738846734	0.0745196307209204	0.06800076992276637	0	0	0	0	0	0.07437194295084819	0.0004260997641323383	0	0.000442517010847868	0.0004425080627139112	0.00044251682026819257	5.72233224190439e-12	5.72233224190439e-12	5.72233224190439e-12
0.03388441561392028	0.00029049135465875265	0.00003600126027607201	0.0002878298810954157	0.00003333251919316129	0.0002909221025113181	0.000036433271920854115	0.06869461691202257	0.06880541160536716	0.062003847734689324	0	0	0	0	0	0.06871267423015988	0.0003851673306475824	0	0.0003994298391059985	0.00039942135839425997	0.00039942954345591794	5.340391175346557e-12	5.340391175346557e-12	5.340391175346557e-12
0.03630780547701017	0.00026108361663812696	0.000032518009932985094	0.00025842978402901826	0.00002985725642335303	0.00026127741150097324	0.0000327128320102287	0.06320537948225179	0.06330882486244224	0.05621823120766842	0	0	0	0	0	0.06324713452887212	0.00034654211829043385	0	0.00035839459197236777	0.0003583868866878399	0.0003583944482638402	4.98394303233047e-12	4.98394303233047e-12	4.98394303233047e-12
0.038904514499428125	0.00023465295535875436	0.000029371776484850573	0.00023203273065017685	0.000026744326042801844	0.00023465348686593172	0.00002937231057518361	0.058154775076652086	0.05825133825884619	0.05097247405745533	0	0	0	0	0	0.058216334481673376	0.0003117903056505627	0	0.0003215750827292437	0.00032156808305433966	0.00032157506286341613	4.651286269849605e-12	4.651286269849605e-12	4.651286269849605e-12
0.04168693834703355	0.0002094014734006484	0.00002614824402347648	0.00020706752512539316	0.000023807869295151203	0.00020953341840126543	0.000026280601261705357	0.05334521120952865	0.05343751776013802	0.045985592539743075	0	0	0	0	0	0.05341569487082178	0.0002799962772963054	0	0.00028677865939685473	0.00028677230696617576	0.0002867785755088076	4.3408329155751435e-12	4.3408329155751435e-12	4.3408329155751435e-12
0.04466835921509635	0.00018686735479347705	0.000023278492053891525	0.00018478841257183856	0.000021193827784924034	0.00018710249744553813	0.000023514323155097207	0.048933411834855625	0.04902150559487629	0.04148660154984123	0	0	0	0	0	0.0490109259529374	0.00025144436462259126	0	0.00025574742541449423	0.0002557416621126711	0.0002557472915920461	4.051100987501643e-12	4.051100987501643e-12	4.051100987501643e-12
0.0478630092322639	0.0001657013078763692	0.00002060712122032951	0.00016383591702377623	0.000018736538015898137	0.00016593917450537075	0.000020845711290819207	0.044733038851316256	0.044845995699693615	0.03724019905649779	0	0	0	0	0	0.04481051521156142	0.00022560094928174184	0	0.00022656788935877293	0.00022656277699410963	0.00022656783124766654	3.7807074195488435e-12	3.7807074195488435e-12	3.7807074195488435e-12
0.05128613839913648	0.0001469326917068228	0.000018242308995198256	0.0001452591498213482	0.000016564155393907587	0.0001471696530589558	0.000018479956933227456	0.04089321978256207	0.041026143646374455	0.03342844132705035	0	0	0	0	0	0.04097009461632581	0.0002024137164227799	0	0.00020071759629757018	0.00020071306135747367	0.00020071759836328917	3.5283614593490576e-12	3.5283614593490576e-12	3.5283614593490576e-12
0.05495408738576248	0.00012955683705567102	0.000016196960845885456	0.0001278955375895698	0.000014531399563272334	0.00012965132326907833	0.000016292164487349488	0.037243571374795725	0.03739909756307915	0.029944194466098705	0	0	0	0	0	0.03733488199020677	0.00018167454399882022	0	0.00017654846565497262	0.00017654436751659433	0.0001765483953154883	3.292858506703853e-12	3.292858506703853e-12	3.292858506703853e-12
0.05888436553555896	0.00011423580302578985	0.000014380939425606722	0.0001126074918891003	0.00001274810385714796	0.00011421828669181702	0.00001436337891056409	0.033919647709936315	0.03409271196895245	0.026823110699390057	0	0	0	0	0	0.03402221611338985	0.0001630602931485171	0	0.00015528962731755475	0.00015528592654129135	0.0001552895019800852	3.073074363297327e-12	3.073074363297327e-12	3.073074363297327e-12
0.06309573444801943	0.00009997645468224301	0.00001265001539961783	0.00009841811190596603	0.000011087369423714957	0.00009989313835698813	0.000012566652073106641	0.030777095969574977	0.030955147554723315	0.024016349700549527	0	0	0	0	0	0.03090500009141531	0.00014668964556584314	0	0.00013554035465339852	0.0001355370190913666	0.00013554019630999053	2.8679598662162036e-12	2.8679598662162036e-12	2.8679598662162036e-12
0.06760829753919818	0.00008749701254845732	0.00001112742950058131	0.00008601669914355716	9.642983938274265e-6	0.00008736463643280439	0.000010994679268007578	0.027925692047885066	0.028106334310022876	0.0215032871989826	0	0	0	0	0	0.028073392616963747	0.0001319625501754376	0	0.00011830273571332326	0.00011829973232821451	0.00011830255478639387	2.676535879659439e-12	2.676535879659439e-12	2.676535879659439e-12
0.07244359600749906	0.00007591195311049554	9.642619773401037e-6	0.00007458165717538351	8.308427784851083e-6	0.00007582450478503752	9.55492422199103e-6	0.02523760848570862	0.025430354818656117	0.019316735796746334	0	0	0	0	0	0.025413011667569	0.00011920097717963636	0	0.00010239985125821185	0.00010239723220897963	0.00010239970242960143	2.497888620929628e-12	2.497888620929628e-12	2.497888620929628e-12
0.07762471166286927	0.0000658608157833805	8.355938457262491e-6	0.00006466678729141939	7.158569660382453e-6	0.00006580872719957157	8.303705334419951e-6	0.022808275654753185	0.023009152992680672	0.017352522820741362	0	0	0	0	0	0.02300474227777341	0.00010767352511519518	0	0.0000886347173163723	0.00008863243354574328	0.00008863459522580734	2.3311652983944386e-12	2.3311652983944386e-12	2.3311652983944386e-12
0.08317637711026708	0.00005666693278748277	7.177554009322414e-6	0.00005559838521427312	6.10581171173957e-6	0.00005661864034937146	7.1291223986242e-6	0.020529294910563333	0.020749056356772624	0.0156899275607303	0	0	0	0	0	0.02072920016199848	0.00009778664563461263	0	0.00007604212496391163	0.00007604005630402168	0.00007604198368564656	2.175570040595314e-12	2.175570040595314e-12	2.175570040595314e-12
0.08912509381337459	0.00004875647580957206	6.165349567882975e-6	0.00004780167019128934	5.207875096269464e-6	0.00004871193489717465	6.120687587972473e-6	0.018478027708203826	0.018710959931183765	0.014186630347877333	0	0	0	0	0	0.018678746067560217	0.00008880760664461458	0	0.00006523859887077253	0.00006523673029619141	0.00006523844632129016	2.03036009707066e-12	2.03036009707066e-12	2.03036009707066e-12
0.09549925860214369	0.000041607253162967915	5.290779162078206e-6	0.00004071264065386798	4.393529238098436e-6	0.00004148121798188878	5.164228625463563e-6	0.016558981203408953	0.016793295119962522	0.012888744524457006	0	0	0	0	0	0.016766359632510497	0.00008138402971125553	0	0.00005542349419363022	0.000055421901792440266	0.00005542336344681193	1.894842292757789e-12	1.894842292757789e-12	1.894842292757789e-12
0.10232929922807536	0.00003550632991869037	4.5402687769240196e-6	0.000034674920402949284	3.706521145227394e-6	0.00003532381640953425	4.357232241107045e-6	0.01483923840925475	0.015072169574589853	0.011709597793360168	0	0	0	0	0	0.01504976909637899	0.00007458100203676847	0	0.000047085065617611754	0.00004708370858479752	0.000047084953566022874	1.76836971904824e-12	1.76836971904824e-12	1.76836971904824e-12
0.10964781961431873	0.000029996694065619385	3.869357106198966e-6	0.000029220945005676472	3.0914029321941914e-6	0.00002981195363459148	3.6842472650076598e-6	0.013222621989602747	0.013459518378986086	0.010599521154495738	0	0	0	0	0	0.013441353553522753	0.00006848670225666254	0	0.000039571948120734055	0.000039570832772904606	0.00003957186628016857	1.6503386457009326e-12	1.6503386457009326e-12	1.6503386457009326e-12
0.11748975549395303	0.00002534200681757094	3.297585484671655e-6	0.000024624818661505933	2.578367076492865e-6	0.000025160151700685406	3.1152064334922585e-6	0.011782123007801175	0.0120194132701161	0.009594680422611133	0	0	0	0	0	0.012004834372792443	0.00006289039109021874	0	0.00003325765946228941	0.0000332567432219386	0.0000332576010444567	1.5401856388718793e-12	1.5401856388718793e-12	1.5401856388718793e-12
0.12589254117941662	0.000021148563175319504	2.7617340451002484e-6	0.000020514039144400914	2.1252974905534575e-6	0.000020977780573559937	2.5904681822648337e-6	0.010430681258984874	0.010670834287994937	0.008528233314299513	0	0	0	0	0	0.010665225955458341	0.00005807985486120943	0	0.000027630210699102217	0.00002762946226890762	0.00002763017300315012	1.437384871502945e-12	1.437384871502945e-12	1.437384871502945e-12
0.1348962882591656	0.000017649025493528217	2.312957456696577e-6	0.000017089498517845025	1.7518411030506638e-6	0.000017490644850938455	2.1541190115621523e-6	0.00923425357675348	0.009473565958910383	0.007580321621940406	0	0	0	0	0	0.009475103208318798	0.000053637280389305315	0	0.000022954969039310177	0.00002295435786284072	0.000022954946725216164	1.3414456132306499e-12	1.3414456132306499e-12	1.3414456132306499e-12
0.1445439770745928	0.000014542448847328912	1.9135557723106526e-6	0.000014055718951743632	1.4253679834261837e-6	0.00001444318157198117	1.8136306138432703e-6	0.00812617879672198	0.008365566823230869	0.006500392827543936	0	0	0	0	0	0.008367912611674246	0.00004890360952070665	0	0.000018828327471034976	0.00001882781092822695	0.000018828296475919542	1.2519098878327629e-12	1.2519098878327629e-12	1.2519098878327629e-12
0.15488166189124797	0.000011982690973772313	1.5831228037255548e-6	0.000011560505127994679	1.1597363965478704e-6	0.000011926689707499452	1.5269611315876965e-6	0.007151068712530413	0.007387155858467275	0.005574315843021999	0	0	0	0	0	0.007390100132644476	0.00004458770106902369	0	0.000015443537072493623	0.000015443100890350583	0.000015443501238698077	1.1683502870302062e-12	1.1683502870302062e-12	1.1683502870302062e-12
0.1659586907437563	9.73841222229631e-6	1.3076773198980296e-6	9.361416568425493e-6	9.29754934951811e-7	9.702047447472203e-6	1.271021974915848e-6	0.00625771329503664	0.0064852912717570915	0.004603998765122107	0	0	0	0	0	0.006493473500551753	0.00004034239780871785	0	0.000012474546281166263	0.000012474191871623473	0.000012474509732258587	1.0903679302083362e-12	1.0903679302083362e-12	1.0903679302083362e-12
0.1778279410038923	7.914472034616389e-6	1.080156238638929e-6	7.580648007791156e-6	7.453799343026627e-7	7.892359655656556e-6	1.0579816521192294e-6	0.005475961322293349	0.005693531270403661	0.0038025840706138922	0	0	0	0	0	0.005705632852809499	0.000036501300177764266	0	0.000010076338353739212	0.000010076050396543546	0.000010076302689074322	1.0175905603180446e-12	1.0175905603180446e-12	1.0175905603180446e-12
0.1905460717963252	6.277702262534038e-6	8.370706844347016e-7	6.028305510950761e-6	5.871960820932396e-7	6.288655122218747e-6	8.482992759677389e-7	0.004759176145103294	0.004967136397419713	0.0030518251213778862	0	0	0	0	0	0.0049804695113994865	0.00003295973899441963	0	7.994437066913965e-6	7.994201401423262e-6	7.994399766615532e-6	9.496707668672325e-13	9.496707668672325e-13	9.496707668672325e-13
0.20417379446695316	4.979428258089193e-6	6.48690722392999e-7	4.7938470822032905e-6	4.625818632322471e-7	5.010818686888489e-6	6.801740466537904e-7	0.004136215770537012	0.004333416788070556	0.0024492914288071687	0	0	0	0	0	0.004347471559051654	0.00002976179997122536	0	6.342683400774473e-6	6.342490711285158e-6	6.342646663221134e-6	8.862843275200228e-13	8.862843275200228e-13	8.862843275200228e-13
0.21877616239495518	3.8824570843103675e-6	5.099783620717671e-7	3.7297976847863637e-6	3.568905861017959e-7	3.936072299241966e-6	5.628776985116004e-7	0.0035740049806948257	0.0037530340196887998	0.0019181708732790561	0	0	0	0	0	0.003769404668813125	0.00002697049723659231	0	4.924789199402254e-6	4.9246373393674965e-6	4.924769129343154e-6	8.271286603870314e-13	8.271286603870314e-13	8.271286603870314e-13
0.23442288153199276	3.02714934933028e-6	4.009274694448838e-7	2.9019262673359424e-6	2.7534778289423025e-7	3.0918430925067085e-6	4.658091631699378e-7	0.0030882121027194136	0.003250383021480096	0.0015022220123833844	0	0	0	0	0	0.0032682011519287414	0.000024440985487850494	0	3.8238624137517645e-6	3.823742757894885e-6	3.8238533951399065e-6	7.719213796186488e-13	7.719213796186488e-13	7.719213796186488e-13
0.25118864315095824	2.3029030367619845e-6	3.1218989473137624e-7	2.197735145989798e-6	2.0681144910096863e-7	2.369051976783358e-6	3.778949769715203e-7	0.0026456924432935085	0.002797018084105034	0.0011459479224677392	0	0	0	0	0	0.00281181431711971	0.000021534849401778437	0	2.890201817191654e-6	2.8901219587362253e-6	2.8902026350486724e-6	7.203989474062518e-13	7.203989474062518e-13	7.203989474062518e-13
0.2691534803926914	1.7519328532306754e-6	2.43092673363919e-7	1.6644253943615618e-6	1.553343739676023e-7	1.8152303014028094e-6	3.0657321691245427e-7	0.002266582822577699	0.0024068886993041743	0.0008741694837267409	0	0	0	0	0	0.002419159466146523	0.000018974265132958955	0	2.184510225592083e-6	2.184457863731361e-6	2.1845166141200004e-6	6.723154159565108e-13	6.723154159565108e-13	6.723154159565108e-13
0.28840315031266117	1.3024727288815167e-6	1.9523205576195682e-7	1.2196303559647043e-6	1.1283125840075095e-7	1.3320369609317474e-6	2.2556532767522194e-7	0.0019236257423763026	0.002054099806586175	0.0006451995700453424	0	0	0	0	0	0.002063612116610326	0.00001641993997918718	0	1.5974156555968367e-6	1.597380838473877e-6	1.5974205737700918e-6	6.274412534335301e-13	6.274412534335301e-13	6.274412534335301e-13
0.30902954325135923	9.683220486171944e-7	1.567943413085922e-7	8.937007391437868e-7	8.195798873823308e-8	9.7746410685031e-7	1.659626942028677e-7	0.001632561563545498	0.0017530208258641938	0.0004762034055593148	0	0	0	0	0	0.0017603200729071169	0.000014209479367492445	0	1.1681047526588256e-6	1.168081831876132e-6	1.1681085293699853e-6	5.855622482642976e-13	5.855622482642976e-13	5.855622482642976e-13
0.3311311214825908	6.839859463329042e-7	1.1321368192221233e-7	6.279959061906861e-7	5.7092474241458817e-8	6.79646855187593e-7	1.0866070899459426e-7	0.0013672831923240147	0.0014764811717097725	0.00033744813098953135	0	0	0	0	0	0.0014835924118179779	0.000012286898696396991	0	8.191511608731308e-7	8.191371228673078e-7	8.191532252275589e-7	5.46478486577012e-13	5.46478486577012e-13	5.46478486577012e-13
0.354813389233576	4.831417145246233e-7	8.174617570641403e-8	4.4128738057225665e-7	3.977099322705786e-8	4.7256962637208365e-7	7.114339602594581e-8	0.001145110463063787	0.0012435657456258426	0.0002391231137345186	0	0.00041743997075542827	0.0004237053127813676	0	0	0.0012503671794010134	0.000010624448346847624	0	5.744421661091945e-7	5.744337492019723e-7	5.744432041452544e-7	5.100033978910259e-13	5.100033978910259e-13	5.100033978910259e-13
0.38018939632056126	3.3167708723661986e-7	6.33258458139686e-8	2.9416022129784727e-7	2.627155325499527e-8	3.12976609518216e-7	4.509244646152156e-8	0.0009406606638227518	0.0010269994108621633	0.00016079534683048914	0	0.0003201042458824399	0.00032450741029781225	0.00025856421317861384	0.00026524307103387363	0.001032367179160821	9.10423751313544e-6	0	3.8212084661785514e-7	3.821156034008356e-7	3.8212318843782795e-7	4.759628645028796e-13	4.759628645028796e-13	4.759628645028796e-13
0.40738027780411384	2.2769652648603797e-7	4.905627343909878e-8	1.9608590592775333e-7	1.7354218600717968e-8	2.072802665239206e-7	2.8580709404757592e-8	0.0007727136490361102	0.0008481479918702731	0.0001081248197154281	0	0.00024546458271960123	0.00024853372417477435	0.0001960240009757659	0.00020082762912594065	0.0008523752143902391	7.801547712373706e-6	0	2.541880628452802e-7	2.5418481167798306e-7	2.5419071909668854e-7	4.441943903169668e-13	4.441943903169668e-13	4.441943903169668e-13
0.43651583224016655	1.4973453269603422e-7	3.722617534125195e-8	1.2284764251407847e-7	1.0770402461773971e-8	1.3177268079291795e-7	1.9650705580719797e-8	0.000614065340521656	0.0006806413916084183	0.00006812012859677024	0	0.00018002246775082026	0.00018201819838271072	0.00014303735025408124	0.00014631325229285124	0.0006836966359611499	6.55291438315741e-6	0	1.5890813289207677e-7	1.5890631516350625e-7	1.589095493362852e-7	4.1454632515320717e-13	4.1454632515320717e-13	4.1454632515320717e-13
0.4677351412871981	9.846628153580803e-8	2.824894826668873e-8	7.696393680036974e-8	6.684344127357467e-9	8.377082726950468e-8	1.351086931928477e-8	0.0004879896231939812	0.0005462168258502505	0.000042916621107469906	0	0.00013202755581287066	0.0001333043419056872	0.00010437335972056869	0.0001065967262058683	0.000548398266553287	5.504124116921677e-6	0	9.934296054892361e-8	9.93419584441317e-8	9.934369342830284e-8	3.8687714082881907e-13	3.8687714082881907e-13	3.8687714082881907e-13
0.5011872336272735	6.110306561631286e-8	1.985545816150506e-8	4.493543052164612e-8	3.869685710800876e-9	5.088245034506159e-8	9.67222221792114e-9	0.00036941053048750194	0.0004200448449905448	0.00002535011838465347	0	0.00009196989098541154	0.00009270101383170812	0.00007234084564549828	0.0000737462672945704	0.00042108750690653997	4.5840850344279486e-6	0	5.7891329566859496e-8	5.789082723260902e-8	5.789180346943184e-8	3.610547555585376e-13	3.610547555585376e-13	3.610547555585376e-13
0.5370317963702532	3.7917392324333846e-8	1.3955890147888218e-8	2.623557214079579e-8	2.2402298886872023e-9	3.090603062553528e-8	6.924194174487185e-9	0.00027964557758805813	0.00032301764327469657	0.000014973883906347692	0	0.00006406587470162102	0.0000644651017556997	0.000050139211410999664	0.00005101950250685033	0.00032333196380652406	3.817834619365199e-6	3.86283445889985e-6	3.373571736236272e-8	3.3735472202922514e-8	3.373602081104633e-8	3.369559034482121e-13	3.369559034482121e-13	3.369559034482121e-13
0.5754399373371566	2.5108101398900665e-8	1.1869293172140282e-8	1.4498400934022561e-8	1.2288498818390862e-9	1.9026758574924742e-8	5.770318709942294e-9	0.0002029653016245428	0.0002386959291833589	8.460422797644683e-6	0	0.00004261485142095878	0.00004280055972164595	0.000033009546999795084	0.00003352582846004837	0.0002385171106719326	3.040073462388221e-6	2.1118298981357397e-6	1.861243770191895e-8	1.8612376625396882e-8	1.8612597925850475e-8	3.1446554607198e-13	3.1446554607198e-13	3.1446554607198e-13
0.6165950018614835	1.3785302021547007e-8	6.719968458794686e-9	7.737105571112895e-9	6.542462148295628e-10	1.0062034159267294e-8	2.985906147774174e-9	0.000142059818782553	0.00017071084389287425	4.662945974610337e-6	0	0.00002721353260389321	0.000027282301323350522	0.000020898511780002846	0.000021185345811814966	0.00017020530975220553	2.362400413453766e-6	1.1461450456334254e-6	9.927434365850794e-9	9.927408116411854e-9	9.92752441645542e-9	2.9347632332414887e-13	2.9347632332414887e-13	2.9347632332414887e-13
0.6606934480075964	8.129531308960593e-9	4.488243900744125e-9	3.991564732892152e-9	3.3828586048966863e-10	5.187590748545995e-9	1.5377776282268096e-9	0.0000955119977664958	0.00011749581391261157	2.519210977181301e-6	0	0.00001661779081135376	0.000016630109368818647	0.0000126614037473792	0.000012811216987701697	0.00011655617186605202	1.7473865112568836e-6	5.991866161168532e-7	5.124087335925677e-9	5.1240869614880015e-9	5.124091382429496e-9	2.738880409243506e-13	2.738880409243506e-13	2.738880409243506e-13
0.7079457843841374	5.8494672893341115e-9	4.0738259843623645e-9	1.9531415479281237e-9	1.6620901420540156e-10	2.57068625977319e-9	7.855433193925468e-10	0.00006119724266839766	0.00007717206698950369	1.3537174801065048e-6	0	9.722024704267474e-6	9.71015757423241e-6	7.408846917420873e-6	7.4800339563206844e-6	0.00007635727146621138	1.2810542681647776e-6	3.109279072088328e-7	2.5095804215722906e-9	2.5095804215722906e-9	2.5095804215722906e-9	2.556071921295129e-13	2.556071921295129e-13	2.556071921295129e-13
0.7585775750291851	2.853181107378043e-9	2.1025260393810864e-9	8.276527638659715e-10	7.112788277173459e-11	1.1486870921654306e-9	3.930925419209025e-10	0.000037303130871367723	0.000048051515543454326	7.195225902097043e-7	2.7092909120910024e-7	5.415554959530759e-6	5.394254316058333e-6	4.140079516487651e-6	4.167051895398215e-6	0.00004734011540802309	8.998169333527559e-7	1.6149666445413518e-7	1.0657765453191691e-9	1.0657765453191691e-9	1.0657765453191691e-9	2.3854651136951015e-13	2.3854651136951015e-13	2.3854651136951015e-13
0.8128305161640995	1.23470367636993e-9	1.0843234979114357e-9	1.6814449705900546e-10	1.467351858293685e-11	3.371878534842422e-10	1.8420674863087678e-10	0.00002171654638285936	0.000028318097825844016	3.832955392282255e-7	1.4216812973276029e-7	2.952645466192114e-6	2.923493278072958e-6	2.2464984663791702e-6	2.2462294964934653e-6	0.000027908073857060504	5.76096261000271e-7	8.485062424084256e-8	2.1726888535840346e-10	2.1726888535840346e-10	2.1726888535840346e-10	2.2262455767571394e-13	2.2262455767571394e-13	2.2262455767571394e-13
0.8709635899560796	5.757189596095626e-10	5.773873453916185e-10	2.0708681939341137e-103	2.0768693981563368e-103	9.124806872218384e-11	9.151249805520191e-11	0.000012297408024556107	0.000016127839002853727	2.0677469834158823e-7	7.656440399013255e-8	1.6084726421061726e-6	1.5865841379760544e-6	1.2243978742890504e-6	1.2191128053813447e-6	0.000015934826995235527	3.2510431677255917e-7	4.5738507659747976e-8	2.0682439636433053e-103	2.0682439636433053e-103	2.0682439636433053e-103	2.0776532591388815e-13	2.0776532591388815e-13	2.0776532591388815e-13
0.9332543007969925	3.269908320952892e-10	3.279384243988339e-10	1.9326466483601823e-103	1.9382472980106235e-103	5.182612352872565e-11	5.1976311335104587e-11	7.100687827797057e-6	9.31918992347681e-6	1.1744173009834915e-7	4.348624923971947e-8	9.135634650654847e-7	9.011314614648348e-7	6.954206962386644e-7	6.924189380874588e-7	9.245281169925332e-6	1.8464934893115877e-7	2.5978079111031234e-8	1.9301975741550195e-103	1.9301975741550195e-103	1.9301975741550195e-103	1.938978839656241e-13	1.938978839656241e-13	1.938978839656241e-13