1.e-9	0	0	0	0	0	0	1.3849090536084147e-26	0	0	0	0	0	0	0	1.5856466417333993e-30	5.178230139871638e-43	0	7.238241365054196e-93	7.238241365054196e-93	7.238241365054196e-93	0	0	0
1.0715193052376092e-9	0	0	0	0	0	0	2.1784417168365166e-26	0	0	0	0	0	0	0	2.494199011490075e-30	8.145280389845696e-43	0	6.755119884143494e-93	6.755119884143494e-93	6.755119884143494e-93	0	0	0
1.148153621496884e-9	0	0	0	0	0	0	3.426657007756964e-26	0	0	0	0	0	0	0	3.923338621092133e-30	1.2812407103799644e-42	0	6.304244684276198e-93	6.304244684276198e-93	6.304244684276198e-93	0	0	0
1.2302687708123811e-9	0	0	0	0	0	0	5.390081432089957e-26	0	0	0	0	0	0	0	6.171354356586946e-30	2.0153729268565885e-42	0	5.883463464877338e-93	5.883463464877338e-93	5.883463464877338e-93	0	0	0
1.31825673855641e-9	0	0	0	0	0	0	8.972851420118589e-26	0	0	0	0	0	0	0	1.0273433973164347e-29	3.3549849026681445e-42	0	5.490767582178729e-93	5.490767582178729e-93	5.490767582178729e-93	0	0	0
1.4125375446227555e-9	0	0	0	0	0	0	1.4937077226363915e-25	0	0	0	0	0	0	0	1.710215286670554e-29	5.5850326989786237e-42	0	5.124282460745002e-93	5.124282460745002e-93	5.124282460745002e-93	0	0	0
1.5135612484362133e-9	0	0	0	0	0	0	2.524260519911891e-25	0	0	0	0	0	0	0	2.8901430067408833e-29	9.43831067537486e-42	0	4.782258644988849e-93	4.782258644988849e-93	4.782258644988849e-93	0	0	0
1.6218100973589331e-9	0	0	0	0	0	0	4.265821938136263e-25	0	0	0	0	0	0	0	4.8841374910609075e-29	1.595007821909171e-41	0	4.4630634479594414e-93	4.4630634479594414e-93	4.4630634479594414e-93	0	0	0
1.7378008287493762e-9	0	0	0	0	0	0	7.2405292237318085e-25	0	0	0	0	0	0	0	8.290017902669534e-29	2.707262730159758e-41	0	4.165173157538002e-93	4.165173157538002e-93	4.165173157538002e-93	0	0	0
1.8620871366628732e-9	0	0	0	0	0	0	1.2289604254465972e-24	0	0	0	0	0	0	0	1.4070938206052252e-28	4.59513200464373e-41	0	3.887165762836514e-93	3.887165762836514e-93	3.887165762836514e-93	0	0	0
1.9952623149688828e-9	0	0	0	0	0	0	2.088677940940212e-24	0	0	0	0	0	0	0	2.3914242990073818e-28	7.809650054695783e-41	0	3.6277141660779984e-93	3.6277141660779984e-93	3.6277141660779984e-93	0	0	0
2.1379620895022324e-9	0	0	0	0	0	0	3.5498096200982944e-24	0	0	0	0	0	0	0	4.064341761818904e-28	1.3272879628958469e-40	0	3.385579847554467e-93	3.385579847554467e-93	3.385579847554467e-93	0	0	0
2.2908676527677795e-9	0	0	0	0	0	0	6.035435068665542e-24	0	0	0	0	0	0	0	6.910249682529304e-28	2.2566732232973737e-40	0	3.1596069534218184e-93	3.1596069534218184e-93	3.1596069534218184e-93	0	0	0
2.4547089156850337e-9	0	0	0	0	0	0	1.0261529593541122e-23	0	0	0	0	0	0	0	1.1748901414610199e-27	3.836826807075158e-40	0	2.948716778108995e-93	2.948716778108995e-93	2.948716778108995e-93	0	0	0
2.6302679918953816e-9	0	0	0	0	0	0	1.744884793374052e-23	0	0	0	0	0	0	0	1.997799570748946e-27	6.524193775837586e-40	0	2.7519026150024698e-93	2.7519026150024698e-93	2.7519026150024698e-93	0	0	0
2.818382931264461e-9	0	0	0	0	0	0	2.967026420763225e-23	0	0	0	0	0	0	0	3.39708623303405e-27	1.1093830022816544e-39	0	2.5682249508255347e-93	2.5682249508255347e-93	2.5682249508255347e-93	0	0	0
3.019951720402019e-9	0	0	0	0	0	0	5.045351950995017e-23	0	0	0	0	0	0	0	5.7766575766210765e-27	1.8864772001331537e-39	0	2.396806980772075e-93	2.396806980772075e-93	2.396806980772075e-93	0	0	0
3.2359365692962944e-9	0	0	0	0	0	0	8.579490944628298e-23	0	0	0	0	0	0	0	9.823057311009922e-27	3.207905853346455e-39	0	2.236830422985784e-93	2.236830422985784e-93	2.236830422985784e-93	0	0	0
3.4673685045253237e-9	0	0	0	0	0	0	1.4589358986435924e-22	0	0	0	0	0	0	0	1.6704034118060114e-26	5.455019463417331e-39	0	2.0875316124050386e-93	2.0875316124050386e-93	2.0875316124050386e-93	0	0	0
3.715352290971728e-9	0	0	0	0	0	0	2.4809093803911165e-22	0	0	0	0	0	0	0	2.840508275407951e-26	9.276219037169837e-39	0	1.9481978553266822e-93	1.9481978553266822e-93	1.9481978553266822e-93	0	0	0
3.9810717055349855e-9	0	0	0	0	0	0	4.218781067305982e-22	0	0	0	0	0	0	0	4.830278215130907e-26	1.5774190528485245e-38	0	1.8181640272870957e-93	1.8181640272870957e-93	1.8181640272870957e-93	0	0	0
4.265795188015934e-9	0	0	0	0	0	0	7.174028134414806e-22	0	0	0	0	0	0	0	8.213877719549004e-26	2.68239770785821e-38	0	1.6968093980200626e-93	1.6968093980200626e-93	1.6968093980200626e-93	0	0	0
4.570881896148752e-9	0	0	0	0	0	0	1.219943123471092e-21	0	0	0	0	0	0	0	1.3967694931285078e-25	4.561415953219109e-38	0	1.583554668334979e-93	1.583554668334979e-93	1.583554668334979e-93	0	0	0
4.8977881936844766e-9	0	0	0	0	0	0	2.0745126679458565e-21	0	0	0	0	0	0	0	2.375205820621208e-25	7.756685534485573e-38	0	1.4778592047707679e-93	1.4778592047707679e-93	1.4778592047707679e-93	0	0	0
5.248074602497734e-9	0	0	0	0	0	0	3.527708777734626e-21	0	0	0	0	0	0	0	4.039037481814291e-25	1.319024369864484e-37	0	1.3792184588247425e-93	1.3792184588247425e-93	1.3792184588247425e-93	0	0	0
5.623413251903491e-9	0	0	0	0	0	0	5.9988687525484074e-21	0	0	0	0	0	0	0	6.868383210358768e-25	2.243000931984888e-37	0	1.2871615584367904e-93	1.2871615584367904e-93	1.2871615584367904e-93	0	0	0
6.025595860743593e-9	0	0	0	0	0	0	1.0201077169290387e-20	0	0	0	0	0	0	0	1.1679686628810321e-24	3.814223404745754e-37	0	1.201249060231689e-93	1.201249060231689e-93	1.201249060231689e-93	0	0	0
6.456542290346562e-9	0	0	0	0	0	0	1.7346933181293965e-20	0	0	0	0	0	0	0	1.986130877809224e-24	6.4860874437689185e-37	0	1.1210708517895692e-93	1.1210708517895692e-93	1.1210708517895692e-93	0	0	0
6.918309709189363e-9	0	0	0	0	0	0	2.949846312958606e-20	0	0	0	0	0	0	0	3.377415930371246e-24	1.1029592915110027e-36	0	1.046244193930763e-93	1.046244193930763e-93	1.046244193930763e-93	0	0	0
7.413102413009192e-9	0	0	0	0	0	0	5.0162142086644814e-20	0	0	0	0	0	0	0	5.743296423299422e-24	1.8755824821622445e-36	0	9.764118936697632e-94	9.764118936697632e-94	9.764118936697632e-94	0	0	0
7.943282347242822e-9	0	0	0	0	0	0	8.530073271020333e-20	0	0	0	0	0	0	0	9.76647672328491e-24	3.1894283882557066e-36	0	9.112405991166422e-94	9.112405991166422e-94	9.112405991166422e-94	0	0	0
8.511380382023759e-9	0	0	0	0	0	0	1.4505391313492197e-19	0	0	0	0	0	0	0	1.6607895632813703e-23	5.42362361589364e-36	0	8.504192081864344e-94	8.504192081864344e-94	8.504192081864344e-94	0	0	0
9.120108393559115e-9	0	0	0	0	0	0	2.466642090608296e-19	0	0	0	0	0	0	0	2.824172993266581e-23	9.222873072122241e-36	0	7.936573835203595e-94	7.936573835203595e-94	7.936573835203595e-94	0	0	0
9.772372209558111e-9	0	0	0	0	0	0	4.194525381401572e-19	0	0	0	0	0	0	0	4.8025067547615624e-23	1.568349755230275e-35	0	7.406841665296635e-94	7.406841665296635e-94	7.406841665296635e-94	0	0	0
1.0471285480509006e-8	0	0	0	0	0	0	7.132791277232086e-19	0	0	0	0	0	0	0	8.166663728177408e-23	2.666979082629321e-35	0	6.912466839460429e-94	6.912466839460429e-94	6.912466839460429e-94	0	0	0
1.1220184543019653e-8	0	0	0	0	0	0	1.2129313039836529e-18	0	0	0	0	0	0	0	1.388741335616121e-22	4.5351984807355607e-35	0	6.451089407043024e-94	6.451089407043024e-94	6.451089407043024e-94	0	0	0
1.202264434617413e-8	0	0	0	0	0	0	2.0625899333406942e-18	0	0	0	0	0	0	0	2.3615549285011306e-22	7.712105954677459e-35	0	6.020506933948823e-94	6.020506933948823e-94	6.020506933948823e-94	0	0	0
1.288249551693135e-8	0	0	0	0	0	0	3.507434608329419e-18	0	0	0	0	0	0	0	4.01582464444599e-22	1.311443777131578e-34	0	5.618663989085841e-94	5.618663989085841e-94	5.618663989085841e-94	0	0	0
1.3803842646028866e-8	0	0	0	0	0	0	5.964393277430834e-18	0	0	0	0	0	0	0	6.828910639073321e-22	2.230110414454111e-34	0	5.243642332547537e-94	5.243642332547537e-94	5.243642332547537e-94	0	0	0
1.4791083881682102e-8	0	0	0	0	0	0	1.0142452002777749e-17	0	0	0	0	0	0	0	1.1612563955188092e-21	3.7923032213662204e-34	0	4.893651758691151e-94	4.893651758691151e-94	4.893651758691151e-94	0	0	0
1.5848931924611173e-8	0	0	0	0	0	0	1.7247241730343618e-17	0	0	0	0	0	0	0	1.9747167409749623e-21	6.44881241298951e-34	0	4.5670215504012743e-94	4.5670215504012743e-94	4.5670215504012743e-94	0	0	0
1.698243652461746e-8	0	0	0	0	0	0	2.9328938132852026e-17	0	0	0	0	0	0	0	3.3580062268198975e-21	1.0966206843276283e-33	0	4.262192503744537e-94	4.262192503744537e-94	4.262192503744537e-94	0	0	0
1.8197008586099862e-8	0	0	0	0	0	0	4.987386536668478e-17	0	0	0	0	0	0	0	5.710290283892349e-21	1.8648037007250287e-33	0	3.977709484944282e-94	3.977709484944282e-94	3.977709484944282e-94	0	0	0
1.9498445997580494e-8	0	0	0	0	0	0	8.48105183810914e-17	0	0	0	0	0	0	0	9.710349809921131e-21	3.171099079140392e-33	0	3.7122144841452336e-94	3.7122144841452336e-94	3.7122144841452336e-94	0	0	0
2.0892961308540408e-8	0	0	0	0	0	0	1.4422030406504038e-16	0	0	0	0	0	0	0	1.6512451862067144e-20	5.392454640578602e-33	0	3.4644401328094276e-94	3.4644401328094276e-94	3.4644401328094276e-94	0	0	0
2.2387211385683424e-8	0	0	0	0	0	0	2.452466569199859e-16	0	0	0	0	0	0	0	2.807942780995571e-20	9.169870232683501e-33	0	3.2332036537980955e-94	3.2332036537980955e-94	3.2332036537980955e-94	0	0	0
2.3988329190194947e-8	0	0	0	0	0	0	4.170419908651398e-16	0	0	0	0	0	0	0	4.774907280403254e-20	1.5593366229090176e-32	0	3.0174012152596163e-94	3.0174012152596163e-94	3.0174012152596163e-94	0	0	0
2.5703957827688646e-8	0	0	0	0	0	0	7.091799918051478e-16	0	0	0	0	0	0	0	8.119730818860818e-20	2.6516522500816837e-32	0	2.8160026613711085e-94	2.8160026613711085e-94	2.8160026613711085e-94	0	0	0
2.754228703338169e-8	0	0	0	0	0	0	1.2059607228843469e-15	0	0	0	0	0	0	0	1.3807603938479508e-19	4.5091352002285126e-32	0	2.628046594780359e-94	2.628046594780359e-94	2.628046594780359e-94	0	0	0
2.95120922666639e-8	0	0	0	0	0	0	2.0507364589317334e-15	0	0	0	0	0	0	0	2.3479833355936423e-19	7.667785341503016e-32	0	2.4526357872736546e-94	2.4526357872736546e-94	2.4526357872736546e-94	0	0	0
3.162277660168386e-8	0	0	0	0	0	0	3.487277772972117e-15	0	0	0	0	0	0	0	3.9927461482739835e-19	1.3039070560668006e-31	0	2.2889328967617512e-94	2.2889328967617512e-94	2.2889328967617512e-94	0	0	0
3.3884415613920346e-8	0	0	0	0	0	0	5.930116574901443e-15	0	0	0	0	0	0	0	6.789665651748115e-19	2.217294218786197e-31	0	2.1361564701386184e-94	2.1361564701386184e-94	2.1361564701386184e-94	0	0	0
3.6307805477010175e-8	0	0	0	0	0	0	1.0084164463316733e-14	0	0	0	0	0	0	0	1.154582784644474e-18	3.7705092780866653e-31	0	1.9935772129321876e-94	1.9935772129321876e-94	1.9935772129321876e-94	0	0	0
3.890451449942813e-8	0	0	0	0	0	0	1.7148123757569903e-14	0	0	0	0	0	0	0	1.963368264318366e-18	6.411751807985649e-31	0	1.8605145079398416e-94	1.8605145079398416e-94	1.8605145079398416e-94	0	0	0
4.1686938347033635e-8	0	0	0	0	0	0	2.916038799988061e-14	0	0	0	0	0	0	0	3.3387081399445545e-18	1.090318527688829e-30	0	1.736333166230054e-94	1.736333166230054e-94	1.736333166230054e-94	0	0	0
4.4668359215096346e-8	0	0	0	0	0	0	4.958724583079775e-14	0	0	0	0	0	0	0	5.6774738831799016e-18	1.854086882060703e-30	0	1.6204403950006574e-94	1.6204403950006574e-94	1.6204403950006574e-94	0	0	0
4.78630092322639e-8	0	0	0	0	0	0	8.43231218011966e-14	0	0	0	0	0	0	0	9.654545513740896e-18	3.1528751267913304e-30	0	1.5122829678195375e-94	1.5122829678195375e-94	1.5122829678195375e-94	0	0	0
5.128613839913659e-8	0	0	0	0	0	0	1.4339148608014007e-13	0	0	0	0	0	0	0	1.641755664487283e-17	5.361464805840562e-30	0	1.41134458373962e-94	1.41134458373962e-94	1.41134458373962e-94	0	0	0
5.495408738576248e-8	0	0	0	0	0	0	2.438372517652559e-13	0	0	0	0	0	0	0	2.791805847349159e-17	9.117172012302487e-30	0	1.3171434026815415e-94	1.3171434026815415e-94	1.3171434026815415e-94	0	0	0
5.888436553555896e-8	0	0	0	0	0	0	4.1464529710783475e-13	0	0	0	0	0	0	0	4.7474664213977973e-17	1.55037528944256e-29	0	1.2292297453189309e-94	1.2292297453189309e-94	1.2292297453189309e-94	0	0	0
6.309573444801943e-8	0	0	0	0	0	0	7.051044135748531e-13	0	0	0	0	0	0	0	8.073067632443135e-17	2.636413500667375e-29	0	1.1471839464864814e-94	1.1471839464864814e-94	1.1471839464864814e-94	0	0	0
6.760829753919818e-8	0	0	0	0	0	0	1.1990302012600163e-12	0	0	0	0	0	0	0	1.3728253180316378e-16	4.4832217036948716e-29	0	1.0706143518637756e-94	1.0706143518637756e-94	1.0706143518637756e-94	0	0	0
7.244359600749906e-8	0	0	0	0	0	0	2.0389511054749014e-12	0	0	0	0	0	0	0	2.3344897375253965e-16	7.623719435283382e-29	0	9.99155448371851e-95	9.99155448371851e-95	9.99155448371851e-95	0	0	0
7.762471166286928e-8	0	0	0	0	0	0	3.4672367769789672e-12	0	0	0	0	0	0	0	3.9698002819654504e-16	1.2964136478018663e-28	0	9.324661193577753e-95	9.324661193577753e-95	9.324661193577753e-95	0	0	0
8.317637711026726e-8	0	0	0	0	0	0	5.896036857066344e-12	0	0	0	0	0	0	0	6.750646201340306e-16	2.204551676480479e-28	0	8.702280162381238e-95	8.702280162381238e-95	8.702280162381238e-95	0	0	0
8.912509381337478e-8	0	0	0	0	0	0	1.0026211896083018e-11	0	0	0	0	0	0	0	1.1479475262948423e-15	3.7488405822578507e-28	0	8.121440388282623e-95	8.121440388282623e-95	8.121440388282623e-95	0	0	0
9.549925860214369e-8	0	0	0	0	0	0	1.7049575404990115e-11	0	0	0	0	0	0	0	1.9520850061210446e-15	6.37490418624233e-28	0	7.579369171031155e-95	7.579369171031155e-95	7.579369171031155e-95	0	0	0
1.0232929922807557e-7	0	0	0	0	0	0	2.899280650591694e-11	0	0	0	0	0	0	0	3.3195209570442007e-15	1.084052588848566e-27	0	7.073478876192945e-95	7.073478876192945e-95	7.073478876192945e-95	0	0	0
1.0964781961431874e-7	0	0	0	0	0	0	4.930227346562046e-11	0	0	0	0	0	0	0	5.644846074685794e-15	1.8434316517656707e-27	0	6.601354582803729e-95	6.601354582803729e-95	6.601354582803729e-95	0	0	0
1.1748975549395303e-7	0	0	0	0	0	0	8.383852623521294e-11	0	0	0	0	0	0	0	9.59906191864136e-15	3.1347559054685033e-27	0	6.160742555487517e-95	6.160742555487517e-95	6.160742555487517e-95	0	0	0
1.2589254117941688e-7	0	0	0	0	0	0	1.4256743121985732e-10	0	0	0	0	0	0	0	1.6323206779919174e-14	5.330653066229831e-27	0	5.749539486011766e-95	5.749539486011766e-95	5.749539486011766e-95	0	0	0
1.3489628825916562e-7	0	0	0	0	0	0	2.4243594630474943e-10	0	0	0	0	0	0	0	2.7757616508605734e-14	9.064776642715984e-27	0	5.365782452922598e-95	5.365782452922598e-95	5.365782452922598e-95	0	0	0
1.445439770745928e-7	0	0	0	0	0	0	4.12262376882124e-10	0	0	0	0	0	0	0	4.720183261947263e-14	1.5414654557595877e-26	0	5.0076395513310526e-95	5.0076395513310526e-95	5.0076395513310526e-95	0	0	0
1.5488166189124826e-7	0	0	0	0	0	0	7.010522572377191e-10	0	0	0	0	0	0	0	8.026672614149201e-14	2.621262326644943e-26	0	4.673401148120816e-95	4.673401148120816e-95	4.673401148120816e-95	0	0	0
1.659586907437563e-7	0	0	0	0	0	0	1.1921395085698193e-9	0	0	0	0	0	0	0	1.3649358442102473e-13	4.4574571291330436e-26	0	4.361471720833344e-95	4.361471720833344e-95	4.361471720833344e-95	0	0	0
1.7782794100389227e-7	0	0	0	0	0	0	2.0272334811286466e-9	0	0	0	0	0	0	0	2.32107368565877e-13	7.579906770906973e-26	0	4.070362241272178e-95	4.070362241272178e-95	4.070362241272178e-95	0	0	0
1.9054607179632522e-7	0	0	0	0	0	0	3.4473109543523395e-9	0	0	0	0	0	0	0	3.946986282988849e-13	1.2889633033176546e-25	0	3.798683067468929e-95	3.798683067468929e-95	3.798683067468929e-95	0	0	0
2.0417379446695318e-7	0	0	0	0	0	0	5.862152991564342e-9	0	0	0	0	0	0	0	6.711850991357262e-13	2.1918823641425297e-25	0	3.54513731008009e-95	3.54513731008009e-95	3.54513731008009e-95	0	0	0
2.1877616239495564e-7	0	0	0	0	0	0	9.968592375782055e-9	0	0	0	0	0	0	0	1.1413504000340863e-12	3.7272964140043326e-25	0	3.308514641548119e-95	3.308514641548119e-95	3.308514641548119e-95	0	0	0
2.3442288153199275e-7	0	0	0	0	0	0	1.6951593398790164e-8	0	0	0	0	0	0	0	1.940866591548886e-12	6.338268323667233e-25	0	3.087685518474595e-95	3.087685518474595e-95	3.087685518474595e-95	0	0	0
2.5118864315095823e-7	0	0	0	0	0	0	2.8826188084088296e-8	0	0	0	0	0	0	0	3.3004440407415955e-12	1.0778226596591747e-24	0	2.8815957896250073e-95	2.8815957896250073e-95	2.8815957896250073e-95	0	0	0
2.6915348039269196e-7	0	0	0	0	0	0	4.9018938804805057e-8	0	0	0	0	0	0	0	5.6124057745636314e-12	1.8328376558893146e-24	0	2.689261663826038e-95	2.689261663826038e-95	2.689261663826038e-95	0	0	0
2.8840315031266115e-7	0	0	0	0	0	0	8.335671558584082e-8	0	0	0	0	0	0	0	9.543897181568037e-12	3.1167408132876826e-24	0	2.5097650137341203e-95	2.5097650137341203e-95	2.5097650137341203e-95	0	0	0
3.090295432513592e-7	0	0	0	0	0	0	1.4174811211085e-7	0	0	0	0	0	0	0	1.6229399133105145e-11	5.3000183982466504e-24	0	2.3422489930571906e-95	2.3422489930571906e-95	2.3422489930571906e-95	0	0	0
3.3113112148259143e-7	0	0	0	0	0	0	2.410426939902629e-7	0	0	0	0	0	0	0	2.759809658577771e-11	9.012682383468071e-24	0	2.1859139463080434e-95	2.1859139463080434e-95	2.1859139463080434e-95	0	0	0
3.5481338923357606e-7	0	0	0	0	0	0	4.098931510329038e-7	0	0	0	0	0	0	0	4.693056895767923e-11	1.5326068258960202e-23	0	2.0400135915641033e-95	2.0400135915641033e-95	2.0400135915641033e-95	0	0	0
3.8018939632056126e-7	0	0	0	0	0	0	6.970233881906125e-7	0	0	0	0	0	0	0	7.980544222845247e-11	2.6061982247279717e-23	0	1.9038514580115186e-95	1.9038514580115186e-95	1.9038514580115186e-95	0	0	0
4.0738027780411303e-7	0	0	0	0	0	0	1.1852884159211476e-6	0	0	0	0	0	0	0	1.357091710314048e-10	4.4318406207046606e-23	0	1.776777561267871e-95	1.776777561267871e-95	1.776777561267871e-95	0	0	0
4.365158322401665e-7	0	0	0	0	0	0	2.015583196661203e-6	0	0	0	0	0	0	0	2.3077347343443552e-10	7.53634589302117e-23	0	1.658185300612829e-95	1.658185300612829e-95	1.658185300612829e-95	0	0	0
4.677351412871981e-7	0	0	0	0	0	0	3.4274996432034674e-6	0	0	0	0	0	0	0	3.9243033935170606e-10	1.281555775131318e-22	0	1.5475085633152762e-95	1.5475085633152762e-95	1.5475085633152762e-95	0	0	0
5.011872336272736e-7	0	0	0	0	0	0	5.8284638528543165e-6	0	0	0	0	0	0	0	6.673278733114614e-10	2.179285860928128e-22	0	1.4442190222341503e-95	1.4442190222341503e-95	1.4442190222341503e-95	0	0	0
5.370317963702533e-7	0	0	0	0	0	0	9.911303988430974e-6	0	0	0	0	0	0	0	1.1347911867213417e-9	3.7058760576803062e-22	0	1.3478236137928479e-95	1.3478236137928479e-95	1.3478236137928479e-95	0	0	0
5.754399373371578e-7	0	0	0	0	0	0	0.000016854174484239037	0	0	0	0	0	0	0	1.9297126479526026e-9	6.301843003303573e-22	0	1.2578621842879174e-95	1.2578621842879174e-95	1.2578621842879174e-95	0	0	0
6.165950018614835e-7	0	0	0	0	0	0	0.000028660527199726478	0	0	0	0	0	0	0	3.281476757347044e-9	1.0716285331772805e-21	0	1.1739052932965956e-95	1.1739052932965956e-95	1.1739052932965956e-95	0	0	0
6.606934480075964e-7	0	0	0	0	0	0	0.00004873723243665174	0	0	0	0	0	0	0	5.580151905224505e-9	1.8223045425245033e-21	0	1.0955521636974028e-95	1.0955521636974028e-95	1.0955521636974028e-95	0	0	0
7.079457843841387e-7	0	0	0	0	0	0	0.00008287767384847376	0	0	0	0	0	0	0	9.48904947007918e-9	3.0988292518300495e-21	0	1.0224287685180497e-95	1.0224287685180497e-95	1.0224287685180497e-95	0	0	0
7.585775750291852e-7	0	0	0	0	0	0	0.00014093350153728798	0	0	0	0	0	0	0	1.613613058836392e-8	5.269559784279921e-21	0	9.541860454780404e-96	9.541860454780404e-96	9.541860454780404e-96	0	0	0
8.128305161640995e-7	0	0	0	0	0	0	0.00023965744854126167	0	0	0	0	0	0	0	2.7439493406134702e-8	8.960887504111604e-21	0	8.904982307028558e-96	8.904982307028558e-96	8.904982307028558e-96	0	0	0
8.709635899560814e-7	0	0	0	0	0	0	0.0004075375408601051	0	0	0	0	0	0	0	4.666086421786279e-8	1.523799105589219e-20	0	8.31061303655551e-96	8.31061303655551e-96	8.31061303655551e-96	0	0	0
9.332543007969924e-7	0	0	0	0	0	0	0.0006930176726040735	0	0	0	0	0	0	0	7.934680926255653e-8	2.5912206945227465e-20	0	7.755915358624965e-96	7.755915358624965e-96	7.755915358624965e-96	0	0	0
1.e-6	0	0	0	0	0	0	0.0011784766957369517	0	0	0	0	0	0	0	1.3492926557794994e-7	4.406371327489887e-20	0	7.238241365054196e-96	7.238241365054196e-96	7.238241365054196e-96	0	0	0
1.0715193052376091e-6	0	0	0	0	0	0	0.0020039998650777818	0	0	0	0	0	0	0	2.2944724404937224e-7	7.493035354636587e-20	0	6.755119884143495e-96	6.755119884143495e-96	6.755119884143495e-96	0	0	0
1.148153621496884e-6	0	0	0	0	0	0	0.0034078021854478608	0	0	0	0	0	0	0	3.9017508600784806e-7	1.2741908171823937e-19	0	6.304244684276198e-96	6.304244684276198e-96	6.304244684276198e-96	0	0	0
1.2302687708123837e-6	0	0	0	0	0	0	0.005794968321862767	0	0	0	0	0	0	0	6.634928145333055e-7	2.1667617484111667e-19	0	5.883463464877327e-96	5.883463464877327e-96	5.883463464877327e-96	0	0	0
1.3182567385564101e-6	0	0	0	0	0	0	0.009854344831045633	0	0	0	0	0	0	0	1.1282696684751691e-6	3.684578801752552e-19	0	5.4907675821787296e-96	5.4907675821787296e-96	5.4907675821787296e-96	0	0	0
1.4125375446227554e-6	0	0	0	0	0	0	0.01675731542531322	0	0	0	0	0	0	0	1.9186228048248486e-6	6.26562701518927e-19	0	5.124282460745003e-96	5.124282460745003e-96	5.124282460745003e-96	0	0	0
1.5135612484362104e-6	0	0	0	0	0	0	0.02849581834997022	0	0	0	0	0	0	0	3.2626184768123283e-6	1.0654700036486462e-18	0	4.782258644988859e-96	4.782258644988859e-96	4.782258644988859e-96	0	0	0
1.6218100973589331e-6	0	0	0	0	0	0	0.04845714500354128	0	0	0	0	0	0	0	5.548083395271097e-6	1.811831961786102e-18	0	4.4630634479594415e-96	4.4630634479594415e-96	4.4630634479594415e-96	0	0	0
1.7378008287493763e-6	0	0	0	0	0	0	0.03562374799477804	0	0	0	0	0	0	0	9.434516962264054e-6	3.0810206261162164e-18	0	4.165173157538002e-96	4.165173157538002e-96	4.165173157538002e-96	0	0	0
1.8620871366628694e-6	0	0	0	0	0	0	0.026189149631137054	0	0	0	0	0	0	0	0.000016043398047534836	5.239276212566717e-18	0	3.887165762836522e-96	3.887165762836522e-96	3.887165762836522e-96	0	0	0
1.995262314968883e-6	0	0	0	0	0	0	0.03464946784484437	0	0	0	0	0	0	0	0.000027281801701257276	8.909390284143823e-18	0	3.6277141660779984e-96	3.6277141660779984e-96	3.6277141660779984e-96	0	0	0
2.1379620895022326e-6	0	0	0	0	0	0	0.04584286388984139	0	0	0	0	0	0	0	0.00004639270944107134	1.5150420022675414e-17	0	3.385579847554466e-96	3.385579847554466e-96	3.385579847554466e-96	0	0	0
2.2908676527677747e-6	0	0	0	0	0	0	0.041899409196807604	0	0	0	0	0	0	0	0.00007889081200910857	2.5763292385113152e-17	0	3.159606953421825e-96	3.159606953421825e-96	3.159606953421825e-96	0	0	0
2.4547089156850335e-6	0	0	0	0	0	0	0.038295174910102564	0	0	0	0	0	0	0	0.00013415384215405686	4.381048403459499e-17	0	2.948716778108995e-96	2.948716778108995e-96	2.948716778108995e-96	0	0	0
2.6302679918953817e-6	0	0	0	0	0	0	0.02027371895659328	0	0	0	0	0	0	0	0.00022812863635650622	7.44997371708034e-17	0	2.7519026150024705e-96	2.7519026150024705e-96	2.7519026150024705e-96	0	0	0
2.8183829312644606e-6	0	0	0	0	0	0	0.010733040945648961	0	0	0	0	0	0	0	0.00038793279335314686	1.2668681848244747e-16	0	2.5682249508255346e-96	2.5682249508255346e-96	2.5682249508255346e-96	0	0	0
3.0199517204020193e-6	0	0	0	0	0	0	0.007179494951995735	0	0	0	0	0	0	0	0.0006596797954097739	2.154309610570544e-16	0	2.3968069807720744e-96	2.3968069807720744e-96	2.3968069807720744e-96	0	0	0
3.2359365692962877e-6	0	0	0	0	0	0	0.004802473784154143	0	0	0	0	0	0	0	0.0011217856286661625	3.6634039387764576e-16	0	2.2368304229857886e-96	2.2368304229857886e-96	2.2368304229857886e-96	0	0	0
3.4673685045253236e-6	0	0	0	0	0	0	0.005800239961834043	0	0	0	0	0	0	0	0.0019075966937873211	6.229619156314887e-16	0	2.0875316124050386e-96	2.0875316124050386e-96	2.0875316124050386e-96	0	0	0
3.7153522909717276e-6	0	0	0	0	0	0	0.007005302918229543	0	0	0	0	0	0	0	0.0032438685727102052	1.0593468665015718e-15	0	1.9481978553266827e-96	1.9481978553266827e-96	1.9481978553266827e-96	0	0	0
3.981071705534978e-6	0	0	0	0	0	0	0.01136930352048159	0	0	0	0	0	0	0	0.005516199179463813	1.801419565799873e-15	0	1.8181640272870995e-96	1.8181640272870995e-96	1.8181640272870995e-96	0	0	0
4.265795188015934e-6	0	0	0	0	0	0	0.018451887669905236	0	0	0	0	0	0	0	0.009380297846682978	3.0633143445860023e-15	0	1.6968093980200625e-96	1.6968093980200625e-96	1.6968093980200625e-96	0	0	0
4.570881896148752e-6	0	0	0	0	0	0	0.025272332422481388	0	0	0	0	0	0	0	0.009114263830365411	5.209166677158782e-15	0	1.583554668334979e-96	1.583554668334979e-96	1.583554668334979e-96	0	0	0
4.897788193684467e-6	0	0	0	0	0	0	0.03461384534191065	0	0	0	0	0	0	0	0.00885577478745853	8.85818901294949e-15	0	1.4778592047707712e-96	1.4778592047707712e-96	1.4778592047707712e-96	0	0	0
5.248074602497734e-6	0	0	0	0	0	0	0.02978154152117013	0	0	0	0	0	0	0	0.006589948195218178	1.5063352250409105e-14	0	1.3792184588247423e-96	1.3792184588247423e-96	1.3792184588247423e-96	0	0	0
5.623413251903491e-6	0	0	0	0	0	0	0.02562385677222795	0	0	0	0	0	0	0	0.00490385293866793	2.561523362034872e-14	0	1.2871615584367904e-96	1.2871615584367904e-96	1.2871615584367904e-96	0	0	0
6.0255958607435935e-6	0	0	0	0	0	0	0.014176267857235024	0	0	0	0	0	0	0	0.006550140317638243	4.355871007446109e-14	0	1.201249060231689e-96	1.201249060231689e-96	1.201249060231689e-96	0	0	0
6.4565422903465625e-6	0	0	0	0	0	0	0.007842947771152568	0	0	0	0	0	0	0	0.00874910783772493	7.407159549947218e-14	0	1.1210708517895692e-96	1.1210708517895692e-96	1.1210708517895692e-96	0	0	0
6.9183097091893625e-6	0	0	0	0	0	0	0.0064468156282236995	0	0	0	0	0	0	0	0.01016267538811949	1.2595876348170495e-13	0	1.0462441939307631e-96	1.0462441939307631e-96	1.0462441939307631e-96	0	0	0
7.413102413009192e-6	0	0	0	0	0	0	0.005299210571971224	0	0	0	0	0	0	0	0.01180462887872564	2.1419290337757398e-13	0	9.764118936697633e-97	9.764118936697633e-97	9.764118936697633e-97	0	0	0
7.943282347242822e-6	0	0	0	0	0	0	0.007552664823662609	0	0	0	0	0	0	0	0.015396934757938307	3.642350765373841e-13	0	9.112405991166423e-97	9.112405991166423e-97	9.112405991166423e-97	0	0	0
8.511380382023777e-6	0	0	0	0	0	0	0.01076438559363971	0	0	0	0	0	0	0	0.020082427188155744	6.193818230584895e-13	0	8.504192081864327e-97	8.504192081864327e-97	8.504192081864327e-97	0	0	0
9.120108393559115e-6	0	0	0	0	0	0	0.011183063943164947	0	0	0	0	0	0	0	0.0256170067457357	1.0532589183400547e-12	0	7.936573835203596e-97	7.936573835203596e-97	7.936573835203596e-97	0	0	0
9.772372209558111e-6	0	0	0	0	0	0	0.011618026692652939	0	0	0	0	0	0	0	0.03267687856964249	1.7910670086907637e-12	0	7.406841665296636e-97	7.406841665296636e-97	7.406841665296636e-97	0	0	0
0.000010471285480509006	0	0	0	0	0	0	0.0120643217129377	0	0	0	0	0	0	0	0.03336353469965068	3.0457098190788346e-12	0	6.912466839460428e-97	6.912466839460428e-97	6.912466839460428e-97	0	0	0
0.000011220184543019652	0	0	0	0	0	0	0.012527760715621469	0	0	0	0	0	0	0	0.03406461988963985	5.17923017788919e-12	0	6.451089407043025e-97	6.451089407043025e-97	6.451089407043025e-97	0	0	0
0.000012022644346174132	0	0	0	0	0	0	0.013352355301933868	0	0	0	0	0	0	0	0.02733436523250798	8.807281989743635e-12	0	6.020506933948822e-97	6.020506933948822e-97	6.020506933948822e-97	0	0	0
0.000012882495516931348	0	0	0	0	0	0	0.014231225847630386	0	0	0	0	0	0	0	0.021933828267708937	1.497678484690834e-11	0	5.618663989085843e-97	5.618663989085843e-97	5.618663989085843e-97	0	0	0
0.000013803842646028866	0	0	0	0	0	0	0.009761343862857812	0	0	0	0	0	0	0	0.026176675101634427	2.5468025732774506e-11	0	5.243642332547537e-97	5.243642332547537e-97	5.243642332547537e-97	0	0	0
0.000014791083881682102	0	0	0	0	0	0	0.006695405935450088	0	0	0	0	0	0	0	0.03124025186179164	4.3308383031164095e-11	0	4.893651758691153e-97	4.893651758691153e-97	4.893651758691153e-97	0	0	0
0.00001584893192461114	0	0	0	0	0	0	0.008313250659334666	0	0	0	0	0	0	0	0.028857512530135257	7.364591431052014e-11	0	4.5670215504012833e-97	4.5670215504012833e-97	4.5670215504012833e-97	0	0	0
0.00001698243652461746	0	0	0	0	0	0	0.01032202336814447	0	0	0	0	0	0	0	0.026656508184090964	1.2523489253177123e-10	0	4.2621925037445374e-97	4.2621925037445374e-97	4.2621925037445374e-97	0	0	0
0.000018197008586099864	0	0	0	0	0	0	0.01113274545774352	0	0	0	0	0	0	0	0.024840083413233516	2.1296196067734044e-10	0	3.977709484944282e-97	3.977709484944282e-97	3.977709484944282e-97	0	0	0
0.000019498445997580493	0	0	0	0	0	0	0.012007144045943984	0	0	0	0	0	0	0	0.023147433254017122	3.6214185822080767e-10	0	3.7122144841452343e-97	3.7122144841452343e-97	3.7122144841452343e-97	0	0	0
0.00002089296130854041	0	0	0	0	0	0	0.016270191406737657	0	0	0	0	0	0	0	0.030729847898602686	6.158223048777861e-10	0	3.4644401328094273e-97	3.4644401328094273e-97	3.4644401328094273e-97	0	0	0
0.000022387211385683423	0	0	0	0	0	0	0.02204680208707164	0	0	0	0	0	0	0	0.04079603736225903	1.0472059569368418e-9	0	3.233203653798095e-97	3.233203653798095e-97	3.233203653798095e-97	0	0	0
0.000023988329190194948	0	0	0	0	0	0	0.02854470524541446	0	0	0	0	0	0	0	0.043073052260265414	1.780773946571511e-9	0	3.0174012152596164e-97	3.0174012152596164e-97	3.0174012152596164e-97	0	0	0
0.000025703957827688645	0	0	0	0	0	0	0.036957749896317005	0	0	0	0	0	0	0	0.04547715785582428	3.0282064648139937e-9	0	2.816002661371109e-97	2.816002661371109e-97	2.816002661371109e-97	0	0	0
0.00002754228703338169	0	0	0	0	0	0	0.04244085219556215	0	0	0	0	0	0	0	0.03982897460891426	5.1494657203382155e-9	0	2.628046594780358e-97	2.628046594780358e-97	2.628046594780358e-97	0	0	0
0.0000295120922666639	0	0	0	0	0	0	0.04873743504782601	0	0	0	0	0	0	0	0.03488228581536939	8.756667523516194e-9	0	2.452635787273655e-97	2.452635787273655e-97	2.452635787273655e-97	0	0	0
0.000031622776601683856	0	0	0	0	0	0	0.04896148755609264	0	0	0	0	0	0	0	0.035727292427270955	1.4890714936610601e-8	0	2.2889328967617516e-97	2.2889328967617516e-97	2.2889328967617516e-97	0	0	0
0.000033884415613920276	0	0	0	0	0	0	0.04918657006370987	0	0	0	0	0	0	0	0.03659276891829487	2.532166383249306e-8	0	2.1361564701386223e-97	2.1361564701386223e-97	2.1361564701386223e-97	0	0	0
0.000036307805477010174	0	0	0	0	0	0	0.051175391558936426	0	0	0	0	0	0	0	0.03487390137238296	4.3059494589435975e-8	0	1.993577212932188e-97	1.993577212932188e-97	1.993577212932188e-97	0	0	0
0.00003890451449942813	0	0	0	0	0	0	0.05324462953644116	0	0	0	0	0	0	0	0.033235773976170856	7.322267946383396e-8	0	1.8605145079398417e-97	1.8605145079398417e-97	1.8605145079398417e-97	0	0	0
0.00004168693834703355	0	0	0	0	0	0	0.05252671535268414	0	0	0	0	0	0	0	0.03771066587090744	1.2451518158735837e-7	0	1.7363331662300575e-97	1.7363331662300575e-97	1.7363331662300575e-97	0	0	0
0.00004466835921509635	0	0	0	0	0	0	0.05181848103297567	0	0	0	0	0	0	0	0.042788060884239205	2.1173809206736554e-7	0	1.620440395000657e-97	1.620440395000657e-97	1.620440395000657e-97	0	0	0
0.0000478630092322639	0	0	0	0	0	0	0.049473616267349974	0	0	0	0	0	0	0	0.04453022945424412	3.6006066939617076e-7	0	1.512282967819537e-97	1.512282967819537e-97	1.512282967819537e-97	0	0	0
0.00005128613839913659	0	0	0	0	0	0	0.04723486018456224	0	0	0	0	0	0	0	0.04634333256214531	6.12283242850642e-7	0	1.41134458373962e-97	1.41134458373962e-97	1.41134458373962e-97	0	0	0
0.00005495408738576248	0	0	0	0	0	0	0.050002100569239594	0	0	0	0	0	0	0	0.04653483523814157	1.0411877812269721e-6	0	1.3171434026815417e-97	1.3171434026815417e-97	1.3171434026815417e-97	0	0	0
0.00005888436553555896	0	0	0	0	0	0	0.05293145891757097	0	0	0	0	0	0	0	0.04672712925288917	1.7705400375310076e-6	0	1.229229745318931e-97	1.229229745318931e-97	1.229229745318931e-97	0	0	0
0.00006309573444801943	0	0	0	0	0	0	0.05737237029050374	0	0	0	0	0	0	0	0.05161850566766441	3.010803700371911e-6	0	1.1471839464864815e-97	1.1471839464864815e-97	1.1471839464864815e-97	0	0	0
0.00006760829753919819	0	0	0	0	0	0	0.062185870936914904	0	0	0	0	0	0	0	0.05702190932685988	5.119872315801592e-6	0	1.0706143518637755e-97	1.0706143518637755e-97	1.0706143518637755e-97	0	0	0
0.00007244359600749906	0	0	0	0	0	0	0.0625185722666548	0	0	0	0	0	0	0	0.057243867869678826	8.70634393297484e-6	0	9.991554483718509e-98	9.991554483718509e-98	9.991554483718509e-98	0	0	0
0.00007762471166286927	0	0	0	0	0	0	0.0628530535855332	0	0	0	0	0	0	0	0.05746669038908736	0.000014805139660476658	0	9.324661193577755e-98	9.324661193577755e-98	9.324661193577755e-98	0	0	0
0.00008317637711026725	0	0	0	0	0	0	0.06583117157182895	0	0	0	0	0	0	0	0.05704513818175085	0.000025176143057711227	0	8.702280162381238e-98	8.702280162381238e-98	8.702280162381238e-98	0	0	0
0.00008912509381337459	6.855285029304217e-24	6.855285029304217e-24	0	0	0	0	0.06895039943639399	0	0	0	0	0	0	0	0.05662667830950982	0.00004281203648179126	0	8.121440388282641e-98	8.121440388282641e-98	8.121440388282641e-98	0	0	0
0.00009549925860214369	1.1657413611564257e-23	1.1657413611564257e-23	0	0	0	0	0.07181016170310361	0	0	0	0	0	0	0	0.062478272795380825	0.00007280187690055499	0	7.579369171031154e-98	7.579369171031154e-98	7.579369171031154e-98	0	0	0
0.00010232929922807557	1.982343425987024e-23	1.982343425987024e-23	0	0	0	0	0.07478853445342096	0	0	0	0	0	0	0	0.06893454972156621	0.00012379960674138447	0	7.073478876192944e-98	7.073478876192944e-98	7.073478876192944e-98	0	0	0
0.00010964781961431851	3.370975406290549e-23	3.370975406290549e-23	0	0	0	0	0.07529926640014499	0	0	0	0	0	0	0	0.07065872438778492	0.0002105212568936472	0	6.601354582803742e-98	6.601354582803742e-98	6.601354582803742e-98	0	0	0
0.00011748975549395303	5.732344376281697e-23	5.732344376281697e-23	0	0	0	0	0.07581348614246887	0	0	0	0	0	0	0	0.07242602370327789	0.00035799144093133484	0	6.160742555487517e-98	6.160742555487517e-98	6.160742555487517e-98	0	0	0
0.00012589254117941688	9.747852798620042e-23	9.747852798620042e-23	0	0	0	0	0.07496318846518377	0	0	0	0	0	0	0	0.07731269694595669	0.00036491698161902376	0	5.749539486011767e-98	5.749539486011767e-98	5.749539486011767e-98	0	0	0
0.0001348962882591656	1.657622570212686e-22	1.657622570212686e-22	0	0	0	0	0.0741224274307412	0	0	0	0	0	0	0	0.08252908006582724	0.0003719765006881281	0	5.365782452922599e-98	5.365782452922599e-98	5.365782452922599e-98	0	0	0
0.0001445439770745928	2.8187875238201387e-22	2.8187875238201387e-22	0	0	0	0	0.07646335163226772	0	0	0	0	0	0	0	0.08559305955214938	0.00034716777313978955	0	5.0076395513310516e-98	5.0076395513310516e-98	5.0076395513310516e-98	0	0	0
0.00015488166189124827	4.7933487678226475e-22	4.7933487678226475e-22	0	0	0	0	0.07887820657658311	0	0	0	0	0	0	0	0.08877079252130562	0.0003240136473241643	0	4.673401148120816e-98	4.673401148120816e-98	4.673401148120816e-98	0	0	0
0.00016595869074375631	8.151090572037367e-22	8.151090572037367e-22	0	0	0	0	0.08507376316662353	0	0	0	0	0	0	0	0.09257706814557208	0.00027691705399397965	0	4.361471720833345e-98	4.361471720833345e-98	4.361471720833345e-98	0	0	0
0.00017782794100389227	1.3860931205249377e-21	1.3860931205249377e-21	0	0	0	0	0.09175595507871756	0	0	0	0	0	0	0	0.0965465476088088	0.0002366661263375307	0	4.070362241272179e-98	4.070362241272179e-98	4.070362241272179e-98	0	0	0
0.00019054607179632481	2.357051638412034e-21	2.357051638412034e-21	0	0	0	0	0.09574343810639513	0	0	0	0	0	0	0	0.09997281203604054	0.00012159402021969772	0	3.798683067468938e-98	3.798683067468938e-98	3.798683067468938e-98	0	0	0
0.00020417379446695317	4.008166799094208e-21	4.008166799094208e-21	0	0	0	0	0.0999042071173357	0	0	0	0	0	0	0	0.1035206684643961	0.00006247242045995907	0	3.5451373100800904e-98	3.5451373100800904e-98	3.5451373100800904e-98	0	0	0
0.00021877616239495564	6.815888471660405e-21	6.815888471660405e-21	0	0	0	0	0.10399223578632324	0	0	0	0	0	0	0	0.10625825102051342	0.00003307430499925065	0	3.308514641548118e-98	3.308514641548118e-98	3.308514641548118e-98	0	0	0
0.00023442288153199226	1.1590419757134814e-20	1.1590419757134814e-20	0	0	0	0	0.10824754448165502	0	0	0	0	0	0	0	0.10906822837819805	0.00001751028122697101	0	3.0876855184746015e-98	3.0876855184746015e-98	3.0876855184746015e-98	0	0	0
0.0002511886431509582	1.9709511196543404e-20	1.9709511196543404e-20	0	0	0	0	0.11217816227477664	0	0	0	0	0	0	0	0.11065919021421107	0.000011715019874417047	0	2.8815957896250075e-98	2.8815957896250075e-98	2.8815957896250075e-98	0	0	0
0.00026915348039269194	3.351602787013293e-20	3.351602787013293e-20	0	0	0	0	0.116251506226811	0	0	0	0	0	0	0	0.11227335917113627	7.837777639264632e-6	0	2.689261663826038e-98	2.689261663826038e-98	2.689261663826038e-98	0	0	0
0.00028840315031266115	5.699401233190104e-20	5.699401233190104e-20	0	0	0	0	0.11928835393186467	0	0	0	0	0	0	0	0.11717179212952293	9.468156882936395e-6	0	2.5097650137341207e-98	2.5097650137341207e-98	2.5097650137341207e-98	0	0	0
0.0003090295432513592	9.691832976972353e-20	9.691832976972353e-20	0	0	0	0	0.1224045334605049	0	0	0	0	0	0	0	0.12228394137488012	0.000011437680282073677	0	2.3422489930571905e-98	2.3422489930571905e-98	2.3422489930571905e-98	0	0	0
0.0003311311214825914	1.648096398381746e-19	1.648096398381746e-19	0	0	0	0	0.1252174815347201	0	0	0	0	0	0	0	0.12674307610276345	0.000018563632585903583	0	2.185913946308044e-98	2.185913946308044e-98	2.185913946308044e-98	0	0	0
0.000354813389233576	2.802588266649417e-19	2.802588266649417e-19	0	0	0	0	0.12809507326750336	0	0	0	0	0	0	0	0.13136481503114766	0.000030129226056836545	0	2.0400135915641036e-98	2.0400135915641036e-98	2.0400135915641036e-98	0	0	0
0.00038018939632056124	4.7658019276501125e-19	4.7658019276501125e-19	0	0	0	0	0.13336066399842092	0	0	0	0	0	0	0	0.13524427794746657	0.00005100708312247192	0	1.9038514580115184e-98	1.9038514580115184e-98	1.9038514580115184e-98	0	0	0
0.00040738027780411304	8.104247164621151e-19	8.104247164621151e-19	0	0	0	0	0.138842706814796	0	0	0	0	0	0	0	0.13923830907990628	0.00008635211949204645	0	1.7767775612678708e-98	1.7767775612678708e-98	1.7767775612678708e-98	0	0	0
0.00043651583224016654	1.3781273981240312e-18	1.3781273981240312e-18	0	0	0	0	0.14504384228991637	0	0	0	0	0	0	0	0.1441007918656562	0.00014678219265830498	0	1.6581853006128286e-98	1.6581853006128286e-98	1.6581853006128286e-98	0	0	0
0.00046773514128719906	2.343505925820169e-18	2.343505925820169e-18	0	0	0	0	0.15152193924225768	0	0	0	0	0	0	0	0.14913308236451311	0.00024950183282489	0	1.547508563315273e-98	1.547508563315273e-98	1.547508563315273e-98	0	0	0
0.0005011872336272725	3.985132312027384e-18	3.985132312027384e-18	0	0	0	0	0.15348510463144896	0	0	0	0	0	0	0	0.15529519534023525	0.00019970725250751558	0	1.4442190222341534e-98	1.4442190222341534e-98	1.4442190222341534e-98	0	0	0
0.0005370317963702533	6.776718321634609e-18	6.776718321634609e-18	0	0	0	0	0.15547370540223968	0	0	0	0	0	0	0	0.16171192409753676	0.00015985047585639176	0	1.347823613792848e-98	1.347823613792848e-98	1.347823613792848e-98	0	0	0
0.0005754399373371578	1.152381090890672e-17	1.152381090890672e-17	0	0	0	0	0.16136172807409163	0	0	0	0	0	0	0	0.168707329395315	0.00016475418062464475	0	1.2578621842879174e-98	1.2578621842879174e-98	1.2578621842879174e-98	0	0	0
0.0006165950018614823	1.9596242836341218e-17	1.9596242836341218e-17	0	0	0	0	0.16747273900556306	0	0	0	0	0	0	0	0.176005345001846	0.00016980831547654495	0	1.1739052932965978e-98	1.1739052932965978e-98	1.1739052932965978e-98	0	0	0
0.0006606934480075965	3.3323415000159454e-17	3.3323415000159454e-17	0	0	0	0	0.17654941045532518	0	0	0	0	0	0	0	0.18227623261765352	0.0001395565459161406	0	1.0955521636974027e-98	1.0955521636974027e-98	1.0955521636974027e-98	0	0	0
0.0007079457843841388	5.666647410663451e-17	5.666647410663451e-17	0	0	0	0	0.18611801847396484	0	0	0	0	0	0	0	0.18877054544529065	0.00011469420359884656	0	1.0224287685180496e-98	1.0224287685180496e-98	1.0224287685180496e-98	0	0	0
0.0007585775750291852	9.636135094985057e-17	9.636135094985057e-17	0	0	0	0	0.1920680372247963	0	0	0	0	0	0	0	0.19628771645696355	0.00016345161804074974	0	9.541860454780404e-99	9.541860454780404e-99	9.541860454780404e-99	0	0	0
0.0008128305161640995	1.638624972396697e-16	1.638624972396697e-16	0	0	0	0	0.19820827250289108	0	0	0	0	0	0	0	0.20410423427555197	0.00023293619556906416	0	8.90498230702856e-99	8.90498230702856e-99	8.90498230702856e-99	0	0	0
0.0008709635899560814	2.786482104801018e-16	2.786482104801018e-16	0	0	0	0	0.2044052157889499	0	0	0	0	0	0	0	0.20982817492127223	0.0003129292016443928	0	8.31061303655551e-99	8.31061303655551e-99	8.31061303655551e-99	0	0	0
0.0009332543007969925	4.738413396092561e-16	4.738413396092561e-16	0	0	0	0	0.21079590530772518	0	0	0	0	0	0	0	0.215712638922287	0.00042039273888957107	0	7.755915358624965e-99	7.755915358624965e-99	7.755915358624965e-99	0	0	0
0.001	8.057672961037174e-16	8.057672961037174e-16	0	0	0	0	0.21646877983684712	0	0	0	0	0	0	0	0.2215469239641809	0.0003393246477409974	0	7.238241365054197e-99	7.238241365054197e-99	7.238241365054197e-99	0	0	0
0.001071519305237607	1.3702074538403503e-15	1.3702074538403503e-15	0	0	0	0	0.22229432101941363	0	0	0	0	0	0	0	0.2275390063522116	0.0002738896415496778	0	6.755119884143507e-99	6.755119884143507e-99	6.755119884143507e-99	0	0	0
0.001148153621496884	2.3300380589261235e-15	2.3300380589261235e-15	0	0	0	0	0.22945809924432112	0	0	0	0	0	0	0	0.2338471770380381	0.0002991733350028635	0	6.304244684276198e-99	6.304244684276198e-99	6.304244684276198e-99	0	0	0
0.0012302687708123836	3.962230201585864e-15	3.962230201585864e-15	0	0	0	0	0.23685274129975928	0	0	0	0	0	0	0	0.24033023210100762	0.0003267910530325817	0	5.883463464877327e-99	5.883463464877327e-99	5.883463464877327e-99	0	0	0
0.0013182567385564075	6.737773278087259e-15	6.737773278087259e-15	0	0	0	0	0.24283839450519365	0	0	0	0	0	0	0	0.2474248635856945	0.0003093007545675722	0	5.490767582178739e-99	5.490767582178739e-99	5.490767582178739e-99	0	0	0
0.0014125375446227555	1.145758485429185e-14	1.145758485429185e-14	0	0	0	0	0.2489753148823707	0	0	0	0	0	0	0	0.25472893104297467	0.000292746560495741	0	5.124282460745002e-99	5.124282460745002e-99	5.124282460745002e-99	0	0	0
0.0015135612484362103	1.9483625416758542e-14	1.9483625416758542e-14	0	0	0	0	0.25773313937785197	0	0	0	0	0	0	0	0.26251526081994353	0.00034203035481942406	0	4.782258644988858e-99	4.782258644988858e-99	4.782258644988858e-99	0	0	0
0.0016218100973589332	3.313190905484421e-14	3.313190905484421e-14	0	0	0	0	0.2667990244934387	0	0	0	0	0	0	0	0.2705395962727791	0.0003996110609115187	0	4.4630634479594405e-99	4.4630634479594405e-99	4.4630634479594405e-99	0	0	0
0.0017378008287493763	5.634081820697859e-14	5.634081820697859e-14	0	0	0	0	0.27469249541140756	0	0	0	0	0	0	0	0.27895029809621835	0.00041861110181295124	0	4.165173157538002e-99	4.165173157538002e-99	4.165173157538002e-99	0	0	0
0.0018620871366628695	9.580757302506556e-14	9.580757302506556e-14	0	0	0	0	0.2828195012279803	0	0	0	0	0	0	0	0.28762247700522	0.00043851452500173255	0	3.8871657628365206e-99	3.8871657628365206e-99	3.8871657628365206e-99	0	0	0
0.001995262314968883	1.6292079776392652e-13	1.6292079776392652e-13	0	0	0	0	0.2904788038682515	0	0	0	0	0	0	0	0.2959946122706571	0.0004136314000282736	0	3.627714166077998e-99	3.627714166077998e-99	3.627714166077998e-99	0	0	0
0.0021379620895022326	2.7704685032663776e-13	2.7704685032663776e-13	0	0	0	0	0.29834553533390584	0	0	0	0	0	0	0	0.304610444237522	0.0003901602463194888	0	3.385579847554466e-99	3.385579847554466e-99	3.385579847554466e-99	0	0	0
0.0022908676527677745	4.71118226336761e-13	4.71118226336761e-13	0	0	0	0	0.3071766543355107	0	0	0	0	0	0	0	0.31374661216942545	0.00034815115138930484	0	3.1596069534218252e-99	3.1596069534218252e-99	3.1596069534218252e-99	0	0	0
0.0024547089156850338	8.01136641420095e-13	8.01136641420095e-13	0	0	0	0	0.31626917715780056	0	0	0	0	0	0	0	0.3231568007925404	0.0003106652339829737	0	2.9487167781089948e-99	2.9487167781089948e-99	2.9487167781089948e-99	0	0	0
0.002630267991895387	1.3623330245921947e-12	1.3623330245921947e-12	0	0	0	0	0.32562422827341386	0	0	0	0	0	0	0	0.3316044270053086	0.0003167337300570439	0	2.7519026150024646e-99	2.7519026150024646e-99	2.7519026150024646e-99	0	0	0
0.002818382931264455	2.3166475903594164e-12	2.3166475903594164e-12	0	0	0	0	0.33525599614708207	0	0	0	0	0	0	0	0.3402728822040543	0.0003229207673792895	0	2.5682249508255408e-99	2.5682249508255408e-99	2.5682249508255408e-99	0	0	0
0.003019951720402019	3.939459707015951e-12	3.939459707015951e-12	0	0	0	0	0.3464596070631629	0	0	0	0	0	0	0	0.3495383525408959	0.00032500229275560574	0	2.3968069807720747e-99	2.3968069807720747e-99	2.3968069807720747e-99	0	0	0
0.0032359365692962876	6.699052047357099e-12	6.699052047357099e-12	0	0	0	0	0.3580376211189382	0	0	0	0	0	0	0	0.3590561172715982	0.00032709723550339493	0	2.2368304229857886e-99	2.2368304229857886e-99	2.2368304229857886e-99	0	0	0
0.0034673685045253167	1.139173939341864e-11	1.139173939341864e-11	0	0	0	0	0.36648237100813413	0	0	0	0	0	0	0	0.36875159706025246	0.0003373069492313463	0	2.0875316124050426e-99	2.0875316124050426e-99	2.0875316124050426e-99	0	0	0
0.003715352290971728	1.937165519691183e-11	1.937165519691183e-11	0	0	0	0	0.3751263005267452	0	0	0	0	0	0	0	0.37870888085059523	0.00034783533961899596	0	1.9481978553266826e-99	1.9481978553266826e-99	1.9481978553266826e-99	0	0	0
0.003981071705534978	3.2941503672814086e-11	3.2941503672814086e-11	0	0	0	0	0.38368568903799294	0	0	0	0	0	0	0	0.3882502528249565	0.0003509349776225134	0	1.8181640272870994e-99	1.8181640272870994e-99	1.8181640272870994e-99	0	0	0
0.004265795188015935	5.6017033815417126e-11	5.6017033815417126e-11	0	0	0	0	0.3924403801222236	0	0	0	0	0	0	0	0.3980320146706842	0.0003540622371890479	0	1.6968093980200625e-99	1.6968093980200625e-99	1.6968093980200625e-99	0	0	0
0.004570881896148752	9.525697760018201e-11	9.525697760018201e-11	0	0	0	0	0.40232879480693645	0	0	0	0	0	0	0	0.4072491763518258	0.0004037557690850061	0	1.5835546683349786e-99	1.5835546683349786e-99	1.5835546683349786e-99	0	0	0
0.004897788193684466	1.619845101299237e-10	1.619845101299237e-10	0	0	0	0	0.41246637025575456	0	0	0	0	0	0	0	0.4166797783250172	0.0004604239140656599	0	1.4778592047707712e-99	1.4778592047707712e-99	1.4778592047707712e-99	0	0	0
0.005248074602497733	2.754546930111838e-10	2.754546930111838e-10	0	0	0	0	0.42241532916805	0	0	0	0	0	0	0	0.42680744644610535	0.0004817738740908603	0	1.3792184588247426e-99	1.3792184588247426e-99	1.3792184588247426e-99	0	0	0
0.005623413251903491	4.684107624922121e-10	4.684107624922121e-10	0	0	0	0	0.4326042634833761	0	0	0	0	0	0	0	0.43718127400882373	0.000504113836544589	0	1.2871615584367905e-99	1.2871615584367905e-99	1.2871615584367905e-99	0	0	0
0.0060255958607435805	7.965325985919169e-10	7.965325985919169e-10	0	0	0	0	0.44129155055414904	0	0	0	0	0	0	0	0.4466530052240528	0.000506440550902091	0	1.2012490602316917e-99	1.2012490602316917e-99	1.2012490602316917e-99	0	0	0
0.006456542290346563	1.3545038488097086e-9	1.3545038488097086e-9	0	0	0	0	0.4501532902667944	0	0	0	0	0	0	0	0.4563299458056181	0.0005087780041033003	0	1.121070851789569e-99	1.121070851789569e-99	1.121070851789569e-99	0	0	0
0.006918309709189377	2.3033340753204583e-9	2.3033340753204583e-9	0	0	0	0	0.4588505974219109	0	0	0	0	0	0	0	0.4643113582897608	0.0005383352063250244	0	1.0462441939307612e-99	1.0462441939307612e-99	1.0462441939307612e-99	0	0	0
0.007413102413009177	3.9168200719358514e-9	3.9168200719358514e-9	0	0	0	0	0.46771594322827215	0	0	0	0	0	0	0	0.4724323692066318	0.0005696095193418876	0	9.764118936697653e-100	9.764118936697653e-100	9.764118936697653e-100	0	0	0
0.00794328234724282	6.66055334321639e-9	6.66055334321639e-9	0	0	0	0	0.47525810662369705	0	0	0	0	0	0	0	0.48160591882692666	0.0005424802080623855	0	9.112405991166423e-100	9.112405991166423e-100	9.112405991166423e-100	0	0	0
0.008511380382023776	1.1326272339057238e-8	1.1326272339057238e-8	0	0	0	0	0.4829218913354503	0	0	0	0	0	0	0	0.49095759767400843	0.0005166430091958742	0	8.504192081864327e-100	8.504192081864327e-100	8.504192081864327e-100	0	0	0
0.009120108393559097	1.926032845741643e-8	1.926032845741643e-8	0	0	0	0	0.4900936737411162	0	0	0	0	0	0	0	0.49842113396254656	0.000528132039838642	0	7.936573835203613e-100	7.936573835203613e-100	7.936573835203613e-100	0	0	0
0.009772372209558112	3.275219252925432e-8	3.275219252925432e-8	0	0	0	0	0.49737196294176683	0	0	0	0	0	0	0	0.5059981309128492	0.0005398765618415203	0	7.406841665296635e-100	7.406841665296635e-100	7.406841665296635e-100	0	0	0
0.010471285480509006	5.5695110176602034e-8	5.5695110176602034e-8	0	0	0	0	0.5030505548103543	0	0	0	0	0	0	0	0.5112915280163548	0.0005350283914133991	0	6.912466839460427e-100	6.912466839460427e-100	6.912466839460427e-100	0	0	0
0.011220184543019653	9.47095463857313e-8	9.47095463857313e-8	0	0	0	0	0.5087939802602701	0	0	0	0	0	0	0	0.5166403009230172	0.0005302237582642822	0	6.451089407043025e-100	6.451089407043025e-100	6.451089407043025e-100	0	0	0
0.012022644346174132	1.6105360323641489e-7	1.6105360323641489e-7	0	0	0	0	0.5129229898200942	0	0	0	0	0	0	0	0.5211689960120436	0.0005640973856314154	0	6.020506933948822e-100	6.020506933948822e-100	6.020506933948822e-100	0	0	0
0.01288249551693135	2.73871685646046e-7	2.73871685646046e-7	0	0	0	0	0.5170855074806553	0	0	0	0	0	0	0	0.5257373881188453	0.0006001350477350588	0	5.618663989085842e-100	5.618663989085842e-100	5.618663989085842e-100	0	0	0
0.013803842646028866	4.657188581400721e-7	4.657188581400721e-7	0	0	0	0	0.5186622914430381	0	0	0	0	0	0	0	0.5282615319532633	0.0006335331176907592	0	5.243642332547537e-100	5.243642332547537e-100	5.243642332547537e-100	0	0	0
0.014791083881682071	7.919550146837963e-7	7.919550146837963e-7	0	0	0	0	0.5202438835998648	0	0	0	0	0	0	0	0.5307977945797645	0.0006687898211006722	0	4.893651758691161e-100	4.893651758691161e-100	4.893651758691161e-100	0	0	0
0.01584893192461114	1.346719666426267e-6	1.346719666426267e-6	0	0	0	0	0.5205794628043181	0	0	0	0	0	0	0	0.5318052269269362	0.0006963603843913751	0	4.567021550401283e-100	4.567021550401283e-100	4.567021550401283e-100	0	0	0
0.01698243652461746	2.2900970715658523e-6	2.2900970715658523e-6	0	0	0	0	0.5209152584714843	0	0	0	0	0	0	0	0.5328145713392003	0.0007250675319065734	0	4.2621925037445373e-100	4.2621925037445373e-100	4.2621925037445373e-100	0	0	0
0.018197008586099864	2.1573881773440695e-6	2.1573881773440695e-6	3.9777094849442817e-100	3.9777094849442817e-100	0	0	0.5201295494979363	0	0	0	0	0	0	0	0.5299582813652913	0.0007248330823863437	0	3.9777094849442817e-100	3.9777094849442817e-100	3.9777094849442817e-100	0	0	0
0.019498445997580455	2.0323696342537905e-6	2.0323696342537905e-6	3.7122144841452405e-100	3.7122144841452405e-100	0	0	0.5193450256280708	0	0	0	0	0	0	0	0.5271173032706999	0.0007245987086750215	0	3.7122144841452405e-100	3.7122144841452405e-100	3.7122144841452405e-100	0	0	0
0.02089296130854041	1.171517948724129e-6	1.171517948724129e-6	3.464440132809427e-100	3.464440132809427e-100	0	0	0.5156802197451559	0	0	0	0	0	0	0	0.5231330734782256	0.0007360673518525479	0	3.464440132809427e-100	3.464440132809427e-100	3.464440132809427e-100	0	0	0
0.022387211385683423	6.752975841851306e-7	6.752975841851306e-7	3.2332036537980953e-100	3.2332036537980953e-100	0	0	0.5120412749016201	0	0	0	0	0	0	0	0.519178958589854	0.0007477175158839735	0	3.2332036537980953e-100	3.2332036537980953e-100	3.2332036537980953e-100	0	0	0
0.02398832919019495	6.302454304243539e-7	6.302454304243539e-7	3.0174012152596165e-100	3.0174012152596165e-100	0	0	0.5061675154711481	0	0	0	0	0	0	0	0.5129498594155207	0.0007518143157474863	0	3.0174012152596165e-100	3.0174012152596165e-100	3.0174012152596165e-100	0	0	0
0.025703957827688646	5.881989094483216e-7	5.881989094483216e-7	2.8160026613711085e-100	2.8160026613711085e-100	0	0	0.5003611354718629	0	0	0	0	0	0	0	0.506795496853451	0.0007559335622820539	0	2.8160026613711085e-100	2.8160026613711085e-100	2.8160026613711085e-100	0	0	0
0.02754228703338169	8.887692822152809e-7	8.887692822152809e-7	2.628046594780358e-100	2.628046594780358e-100	0	0	0.4915168644731011	0	0	0	0	0	0	0	0.498285821703447	0.0007545995445193491	0	2.628046594780358e-100	2.628046594780358e-100	2.628046594780358e-100	0	0	0
0.0295120922666639	1.3429314885169262e-6	1.3429314885169262e-6	2.4526357872736554e-100	2.4526357872736554e-100	0	0	0.48282892282119344	0	0	0	0	0	0	0	0.4899190337172165	0.0007532678809362705	0	2.4526357872736554e-100	2.4526357872736554e-100	2.4526357872736554e-100	0	0	0
0.03162277660168379	1.2417741311596875e-6	1.2417741311596875e-6	2.2889328967617566e-100	2.2889328967617566e-100	0	0	0.47161275774682593	0	0	0	0	0	0	0	0.47970576902168915	0.0007578421700262342	0	2.2889328967617566e-100	2.2889328967617566e-100	2.2889328967617566e-100	0	0	0
0.03388441561392028	1.1482365303090057e-6	1.1482365303090057e-6	2.136156470138623e-100	2.136156470138623e-100	0	0	0.4606571453299922	0	0	0	0	0	0	0	0.46970541864171544	0.0007624442369110666	0	2.136156470138623e-100	2.136156470138623e-100	2.136156470138623e-100	0	0	0
0.03630780547701017	5.89310624141791e-7	5.89310624141791e-7	1.9935772129321878e-100	1.9935772129321878e-100	0	0	0.44784962698377384	0	0	0	0	0	0	0	0.4575104261185896	0.0007728458849918003	0	1.9935772129321878e-100	1.9935772129321878e-100	1.9935772129321878e-100	0	0	0
0.038904514499428125	3.0245250221478864e-7	3.0245250221478864e-7	1.860514507939842e-100	1.860514507939842e-100	0	0	0.4353981923927988	0	0	0	0	0	0	0	0.44563205298441855	0.0007833894375916558	0	1.860514507939842e-100	1.860514507939842e-100	1.860514507939842e-100	0	0	0
0.04168693834703355	1.5836257218799164e-7	1.5836257218799164e-7	1.7363331662300577e-100	1.7363331662300577e-100	0	0	0.4209904198113127	0	0	0	0	0	0	0	0.4312972204004705	0.00078289574514125	0	1.7363331662300577e-100	1.7363331662300577e-100	1.7363331662300577e-100	0	0	0
0.04466835921509635	8.291782705168941e-8	8.291782705168941e-8	1.620440395000657e-100	1.620440395000657e-100	0	0	0.4070594151962226	0	0	0	0	0	0	0	0.41742350237018483	0.0007824023638160961	0	1.620440395000657e-100	1.620440395000657e-100	1.620440395000657e-100	0	0	0
0.0478630092322639	5.1584581955852604e-8	5.1584581955852604e-8	1.512282967819537e-100	1.512282967819537e-100	0	0	0.39143611544185375	0	0	0	0	0	0	0	0.40151753798398	0.0007874157152595951	0	1.512282967819537e-100	1.512282967819537e-100	1.512282967819537e-100	0	0	0
0.05128613839913648	3.209164048523999e-8	3.209164048523999e-8	1.411344583739623e-100	1.411344583739623e-100	0	0	0.37641245172611437	0	0	0	0	0	0	0	0.3862176719645869	0.0007924611904463987	0	1.411344583739623e-100	1.411344583739623e-100	1.411344583739623e-100	0	0	0
0.05495408738576248	3.506708188641687e-8	3.506708188641687e-8	1.3171434026815413e-100	1.3171434026815413e-100	0	0	0.3599308304990713	0	0	0	0	0	0	0	0.3699361555310465	0.0007890625585311774	0	1.3171434026815413e-100	1.3171434026815413e-100	1.3171434026815413e-100	0	0	0
0.05888436553555896	3.831839735940778e-8	3.831839735940778e-8	1.2292297453189308e-100	1.2292297453189308e-100	0	0	0.34417087466068896	0	0	0	0	0	0	0	0.35434100794237816	0.0007856785023441223	0	1.2292297453189308e-100	1.2292297453189308e-100	1.2292297453189308e-100	0	0	0
0.06309573444801943	6.0813140906986e-8	6.0813140906986e-8	1.1471839464864813e-100	1.1471839464864813e-100	0	0	0.3275152739289053	0	0	0	0	0	0	0	0.33740718934706565	0.0007562486230422932	0	1.1471839464864813e-100	1.1471839464864813e-100	1.1471839464864813e-100	0	0	0
0.06760829753919818	9.651338160845335e-8	9.651338160845335e-8	1.0706143518637756e-100	1.0706143518637756e-100	0	0	0.3116656944387804	0	0	0	0	0	0	0	0.32128263133912993	0.0007279211256856705	0	1.0706143518637756e-100	1.0706143518637756e-100	1.0706143518637756e-100	0	0	0
0.07244359600749906	1.6301491667104877e-7	1.6301491667104877e-7	9.991554483718511e-101	9.991554483718511e-101	0	0	0.29515464340661	0	0	0	0	0	0	0	0.30441507971560233	0.0007056037304074349	0	9.991554483718511e-101	9.991554483718511e-101	9.991554483718511e-101	0	0	0
0.07762471166286927	2.753386381701648e-7	2.753386381701648e-7	9.324661193577756e-101	9.324661193577756e-101	0	0	0.27951829501592823	0	0	0	0	0	0	0	0.2884330857600586	0.0006839705660361351	0	9.324661193577756e-101	9.324661193577756e-101	9.324661193577756e-101	0	0	0
0.08317637711026708	4.679241350767363e-7	4.679241350767363e-7	8.702280162381257e-101	8.702280162381257e-101	0	0	0.2633134293422604	0	0	0	0	0	0	0	0.2720833981799453	0.0006589678950835179	0	8.702280162381257e-101	8.702280162381257e-101	8.702280162381257e-101	0	0	0
0.08912509381337459	7.952134783640411e-7	7.952134783640411e-7	8.12144038828264e-101	8.12144038828264e-101	0	0	0.24804802872753082	0	0	0	0	0	0	0	0.25666048459756113	0.0006348792014068334	0	8.12144038828264e-101	8.12144038828264e-101	8.12144038828264e-101	0	0	0
0.09549925860214369	4.2362491477702855e-7	4.2362491477702855e-7	7.579369171031155e-101	7.579369171031155e-101	0	0	0.23257331297160297	0	0	0	0	0	0	0	0.24098602512906847	0.0006146386199930865	0	7.579369171031155e-101	7.579369171031155e-101	7.579369171031155e-101	0	0	0
0.10232929922807536	2.256728203212046e-7	2.256728203212046e-7	7.073478876192961e-101	7.073478876192961e-101	0	0	0.2180640022985347	0	0	0	0	0	0	0	0.22626881733885712	0.0005950433284786758	0	7.073478876192961e-101	7.073478876192961e-101	7.073478876192961e-101	0	0	0
0.10964781961431873	1.5651287663695606e-7	1.5651287663695606e-7	6.60135458280373e-101	6.60135458280373e-101	0	0	0.20325416953949307	0	0	0	0	0	0	0	0.21120476732182128	0.0005849872281641546	0	6.60135458280373e-101	6.60135458280373e-101	6.60135458280373e-101	0	0	0
0.11748975549395303	1.0854776626759763e-7	1.0854776626759763e-7	6.160742555487516e-101	6.160742555487516e-101	0	0	0.18945014766183976	0	0	0	0	0	0	0	0.1971436199830457	0.0005751010737152472	0	6.160742555487516e-101	6.160742555487516e-101	6.160742555487516e-101	0	0	0
0.12589254117941662	1.3630994820789148e-7	1.3630994820789148e-7	5.749539486011778e-101	5.749539486011778e-101	0	0	0.17565622781884624	0	0	0	0	0	0	0	0.18306128715392472	0.0005525221864118038	0	5.749539486011778e-101	5.749539486011778e-101	5.749539486011778e-101	0	0	0
0.1348962882591656	1.7117258714134227e-7	1.7117258714134227e-7	5.365782452922599e-101	5.365782452922599e-101	0	0	0.16286664725446032	0	0	0	0	0	0	0	0.16998488136381754	0.0005308297626800023	0	5.365782452922599e-101	5.365782452922599e-101	5.365782452922599e-101	0	0	0
0.1445439770745928	2.7985457092918166e-7	2.7985457092918166e-7	5.007639551331051e-101	5.007639551331051e-101	0	0	0.14999413763671232	0	0	0	0	0	0	0	0.15696910935645844	0.0005042009687256551	0	5.007639551331051e-101	5.007639551331051e-101	5.007639551331051e-101	0	0	0
0.15488166189124797	4.5754160860632764e-7	4.5754160860632764e-7	4.673401148120826e-101	4.673401148120826e-101	0	0	0.1381390340173829	0	0	0	0	0	0	0	0.1449499572813448	0.0004789079941192721	0	4.673401148120826e-101	4.673401148120826e-101	4.673401148120826e-101	0	0	0
0.1659586907437563	2.343440450238213e-7	2.343440450238213e-7	4.361471720833345e-101	4.361471720833345e-101	0	0	0.12653315886821406	0	0	0	0	0	0	0	0.13316618972556188	0.0004486020677260769	0	4.361471720833345e-101	4.361471720833345e-101	4.361471720833345e-101	0	0	0
0.1778279410038923	1.2002652962078135e-7	1.2002652962078135e-7	4.070362241272178e-101	4.070362241272178e-101	0	0	0.11590236175499867	0	0	0	0	0	0	0	0.12234038849424834	0.0004202139401289519	0	4.070362241272178e-101	4.070362241272178e-101	4.070362241272178e-101	4.070362241272178e-11	4.070362241272178e-11	4.070362241272178e-11
0.1905460717963252	6.147529405853096e-8	6.147529405853096e-8	3.79868306746893e-101	3.79868306746893e-101	0	0	0.10543363087180162	0	0	0	0	0	0	0	0.11164118075163854	0.0003841319063802608	0	3.79868306746893e-101	3.79868306746893e-101	3.79868306746893e-101	3.79868306746893e-11	3.79868306746893e-11	3.79868306746893e-11
0.20417379446695316	3.148647046218259e-8	3.148647046218259e-8	3.5451373100800903e-101	3.5451373100800903e-101	0	0	0.09591047456228356	0	0	0	0	0	0	0	0.10187766601874132	0.0003511480876956461	0	3.5451373100800903e-101	3.5451373100800903e-101	3.5451373100800903e-101	3.5451373100800903e-11	3.5451373100800903e-11	3.5451373100800903e-11
0.21877616239495518	1.6126772983851793e-8	1.6126772983851793e-8	3.3085146415481255e-101	3.3085146415481255e-101	0	0	0.08644467295368306	0.09210930881828787	0	0	0	0	0	0	0.09211410479247055	0.00031269414594779684	0	3.3085146415481255e-101	3.3085146415481255e-101	3.3085146415481255e-101	3.3085146415481256e-11	3.3085146415481256e-11	3.3085146415481256e-11
0.23442288153199276	8.259827254536094e-9	8.259827254536094e-9	3.087685518474595e-101	3.087685518474595e-101	0	0	0.07791309047497694	0.08327054535956299	0	0	0	0	0	0	0.08328624548737991	0.00027845126411387214	0	3.087685518474595e-101	3.087685518474595e-101	3.087685518474595e-101	3.087685518474595e-11	3.087685518474595e-11	3.087685518474595e-11
0.25118864315095824	4.230530957853319e-9	4.230530957853319e-9	2.881595789625007e-101	2.881595789625007e-101	0	0	0.06953708808146485	0.07458676206148723	0	0	0	0	0	0	0.0746291153111707	0.0002495509506436052	0	2.881595789625007e-101	2.881595789625007e-101	2.881595789625007e-101	2.8815957896250074e-11	2.8815957896250074e-11	2.8815957896250074e-11
0.2691534803926914	2.1667998172148916e-9	2.1667998172148916e-9	2.6892616638260437e-101	2.6892616638260437e-101	0	0	0.062061543052285575	0.06680855818579104	0	0	0	0	0	0	0.06687184443885089	0.00022365018584243025	0	2.6892616638260437e-101	2.6892616638260437e-101	2.6892616638260437e-101	2.6892616638260437e-11	2.6892616638260437e-11	2.6892616638260437e-11
0.28840315031266117	1.1097984138679207e-9	1.1097984138679207e-9	2.5097650137341204e-101	2.5097650137341204e-101	0	0	0.05455706552713361	0.05896783581666425	0	0	0	0	0	0	0.05902971223287369	0.00019988327837091915	0	2.5097650137341204e-101	2.5097650137341204e-101	2.5097650137341204e-101	2.5097650137341204e-11	2.5097650137341204e-11	2.5097650137341204e-11
0.30902954325135923	5.684200772210301e-10	5.684200772210301e-10	2.3422489930571905e-101	2.3422489930571905e-101	8.454203618718907e-12	8.454203618718907e-12	0.04796002890911613	0.05204730883775657	0	0	0	0	0	0	0.05210723519794964	0.00017864203788525007	0	2.3422489930571905e-101	2.3422489930571905e-101	2.3422489930571905e-101	2.3422489930571905e-11	2.3422489930571905e-11	2.3422489930571905e-11
0.3311311214825908	2.9113830954756023e-10	2.9113830954756023e-10	2.1859139463080476e-101	2.1859139463080476e-101	4.3301471020482725e-12	4.3301471020482725e-12	0.041284274004860254	0.045023563666777906	0	0	0	0	0	0	0.04509877387705386	0.00015938325033071406	0	2.1859139463080476e-101	2.1859139463080476e-101	2.1859139463080476e-101	2.1859139463080477e-11	2.1859139463080477e-11	2.1859139463080477e-11
0.354813389233576	1.4911773648214818e-10	1.4911773648214818e-10	2.0400135915641035e-101	2.0400135915641035e-101	2.2178521799333766e-12	2.2178521799333766e-12	0.03553774505303515	0.03894766762245842	0	0	0	0	0	0	0.039032955739967	0.00014220068684113633	0	2.0400135915641035e-101	2.0400135915641035e-101	2.0400135915641035e-101	2.0400135915641035e-11	2.0400135915641035e-11	2.0400135915641035e-11
0.38018939632056126	7.637911939080703e-11	7.637911939080703e-11	1.9038514580115187e-101	1.9038514580115187e-101	1.1359989793204193e-12	1.1359989793204193e-12	0.029727494339607412	0.03286423878156146	0	0	0	0	0	0	0.03292397429202114	0.00012516039889734216	0	1.9038514580115187e-101	1.9038514580115187e-101	1.9038514580115187e-101	1.9038514580115187e-11	1.9038514580115187e-11	1.9038514580115187e-11
0.40738027780411384	3.912190472132945e-11	3.912190472132945e-11	1.7767775612678672e-101	1.7767775612678672e-101	5.818664078215339e-13	5.818664078215339e-13	0.024867191725095262	0.027731010779928743	0	0	0	0	0	0	0.027771099129747158	0.00011016209415108108	0	1.7767775612678672e-101	1.7767775612678672e-101	1.7767775612678672e-101	1.776777561267867e-11	1.776777561267867e-11	1.776777561267867e-11
0.43651583224016655	2.004086539445296e-11	2.004086539445296e-11	1.6581853006128285e-101	1.6581853006128285e-101	2.9807102797700924e-13	2.9807102797700924e-13	0.01992837461873049	0.022595145079999702	0	0	0	0	0	0	0.022628126296217507	0.00009307769520185908	0	1.6581853006128285e-101	1.6581853006128285e-101	1.6581853006128285e-101	1.6581853006128287e-11	1.6581853006128287e-11	1.6581853006128287e-11
0.4677351412871981	1.0266276364085359e-11	1.0266276364085359e-11	1.5475085633152764e-101	1.5475085633152764e-101	1.5269198655393317e-13	1.5269198655393317e-13	0.015970444887175562	0.018410456987588645	0	0	0	0	0	0	0.018437588562316025	0.00007864281639570814	0	1.5475085633152764e-101	1.5475085633152764e-101	1.5475085633152764e-101	1.5475085633152764e-11	1.5475085633152764e-11	1.5475085633152764e-11
0.5011872336272735	5.261134070651609e-12	5.261134070651609e-12	1.4442190222341502e-101	1.4442190222341502e-101	7.824969680191786e-14	7.824969680191786e-14	0.012109286808046243	0.014278968076452568	0	0	0	0	0	0	0.014306662263476893	0.00006224460873181973	0	1.4442190222341502e-101	1.4442190222341502e-101	1.4442190222341502e-101	1.4442190222341504e-11	1.4442190222341504e-11	1.4442190222341504e-11
0.5370317963702532	2.6961607819368507e-12	2.6961607819368507e-12	1.347823613792848e-101	1.347823613792848e-101	4.0100434788891537e-14	4.0100434788891537e-14	0.009181636957231804	0.011074626201066341	0	0	0	0	0	0	0.01110126654738008	0.00004926567350643381	0	1.347823613792848e-101	1.347823613792848e-101	1.347823613792848e-101	1.347823613792848e-11	1.347823613792848e-11	1.347823613792848e-11
0.5754399373371566	1.3827440832706863e-12	1.3827440832706863e-12	1.2578621842879202e-101	1.2578621842879202e-101	2.056577608887588e-14	2.056577608887588e-14	0.006599631079816013	0.008140755281878928	0	0	0	0	0	0	0.008178592827042473	0.00003650435591442331	0	1.2578621842879202e-101	1.2578621842879202e-101	1.2578621842879202e-101	1.25786218428792e-11	1.25786218428792e-11	1.25786218428792e-11
0.6165950018614835	7.099219633868383e-13	7.099219633868383e-13	1.1739052932965956e-101	1.1739052932965956e-101	1.0558784026798685e-14	1.0558784026798685e-14	0.004502829477781144	0.005703109527011127	0	0	0	0	0	0	0.0057409878399956715	0.00002622848282783197	0	1.1739052932965956e-101	1.1739052932965956e-101	1.1739052932965956e-101	1.1739052932965956e-11	1.1739052932965956e-11	1.1739052932965956e-11
0.6606934480075964	3.652123294705172e-13	3.652123294705172e-13	1.0955521636974028e-101	1.0955521636974028e-101	5.4318619646677534e-15	5.4318619646677534e-15	0.0028978997193282773	0.0037546994714774415	0	0	0	0	0	0	0.003789017812232601	0.00001752888381610211	0	1.0955521636974028e-101	1.0955521636974028e-101	1.0955521636974028e-101	1.0955521636974028e-11	1.0955521636974028e-11	1.0955521636974028e-11
0.7079457843841374	1.8857039702071508e-13	1.8857039702071508e-13	1.0224287685180517e-101	1.0224287685180517e-101	2.8046379724477854e-15	2.8046379724477854e-15	0.0017478261955127875	0.002291088154325263	0	0	0	0	0	0	0.0023042558565516255	0.000010180333658241413	0	1.0224287685180517e-101	1.0224287685180517e-101	1.0224287685180517e-101	1.0224287685180516e-11	1.0224287685180516e-11	1.0224287685180516e-11
0.7585775750291851	9.802945371167774e-14	9.802945371167774e-14	9.541860454780404e-102	9.541860454780404e-102	1.458007898598627e-15	1.458007898598627e-15	0.000984712501572788	0.0013012103506807341	0	0	0	0	0	0	0.0013069015031386484	5.29230760971658e-6	0	9.541860454780404e-102	9.541860454780404e-102	9.541860454780404e-102	9.541860454780404e-12	9.541860454780404e-12	9.541860454780404e-12
0.8128305161640995	5.161824273351678e-14	5.161824273351678e-14	8.904982307028558e-102	8.904982307028558e-102	7.677264614633291e-16	7.677264614633291e-16	0.0005272366821151916	0.0006959445806018014	0	0	0	0	0	0	0.000699262169156766	2.7867095905916015e-6	0	8.904982307028558e-102	8.904982307028558e-102	8.904982307028558e-102	8.904982307028557e-12	8.904982307028557e-12	8.904982307028557e-12
0.8709635899560796	2.7863058684295438e-14	2.7863058684295438e-14	8.310613036555526e-102	8.310613036555526e-102	4.144117722037327e-16	4.144117722037327e-16	0.0002845975731899548	0.00037566456476315546	1.650060044786301e-7	0	0	0	0	0	0.0003774553689382322	1.5042405309998324e-6	0	8.310613036555526e-102	8.310613036555526e-102	8.310613036555526e-102	8.310613036555525e-12	8.310613036555525e-12	8.310613036555525e-12
0.9332543007969925	1.582536859664404e-14	1.582536859664404e-14	7.755915358624964e-102	7.755915358624964e-102	2.3537326322357095e-16	2.3537326322357095e-16	0.00016164275245129128	0.0002133660296751827	9.371838429948104e-8	0	0	0	0	0	0.00021438315189697878	8.543628009691917e-7	0	7.755915358624964e-102	7.755915358624964e-102	7.755915358624964e-102	7.755915358624964e-12	7.755915358624964e-12	7.755915358624964e-12