1.e-9	0	0	0	0	0	0	0.00008479086042171854	0	0	0	0	0	0	0	3.385682094115443e-8	1.1808173594126033e-8	0	1.2622774684165797e-8	1.2622774684165797e-8	1.2622774684165797e-8	0	0	0
1.0715193052376092e-9	0	0	0	0	0	0	0.00006766270634180371	0	0	0	0	0	0	0	5.325628491308091e-8	2.007980164142796e-8	0	2.1465030963685227e-8	2.1465030963685227e-8	2.1465030963685227e-8	0	0	0
1.148153621496884e-9	0	0	0	0	0	0	0.000053994520243417395	0	0	0	0	0	0	0	8.37713584412621e-8	3.414570684831685e-8	0	3.6501289597595575e-8	3.6501289597595575e-8	3.6501289597595575e-8	0	0	0
1.2302687708123811e-9	0	0	0	0	0	0	0.00004308737226071569	0	0	0	0	0	0	0	1.3177112347487806e-7	5.80647815646633e-8	0	6.207045051748168e-8	6.207045051748168e-8	6.207045051748168e-8	0	0	0
1.31825673855641e-9	0	0	0	0	0	0	0.00004066912227082951	0	0	0	0	0	0	0	2.1935897023056874e-7	9.873917307171848e-8	0	1.0555081395526987e-7	1.0555081395526987e-7	1.0555081395526987e-7	0	0	0
1.4125375446227555e-9	0	0	0	0	0	0	0.00003838659494646596	0	0	0	0	0	0	0	3.651661802047689e-7	1.6790598425017366e-7	0	1.7948918098284932e-7	1.7948918098284932e-7	1.7948918098284932e-7	0	0	0
1.5135612484362133e-9	0	0	0	0	0	0	0.00004826954403082001	0	0	0	0	0	0	0	6.171050453371227e-7	2.855241609785787e-7	0	3.05221389420534e-7	3.05221389420534e-7	3.05221389420534e-7	0	0	0
1.6218100973589331e-9	0	0	0	0	0	0	0.00006069694079906317	0	0	0	0	0	0	0	1.0428639277793678e-6	4.855338948554319e-7	0	5.190290358988452e-7	5.190290358988452e-7	5.190290358988452e-7	0	0	0
1.7378008287493762e-9	0	0	0	0	0	0	0.00007126023600482136	0	0	0	0	0	0	0	1.7700895290442503e-6	8.256504887205193e-7	0	8.826089829992583e-7	8.826089829992583e-7	8.826089829992583e-7	0	0	0
1.8620871366628732e-9	0	0	0	0	0	0	0.00008366189743027598	0	0	0	0	0	0	0	3.004435053673616e-6	1.4040188270015753e-6	0	1.500876758314544e-6	1.500876758314544e-6	1.500876758314544e-6	0	0	0
1.9952623149688828e-9	0	0	0	0	0	0	0.0000833029484724289	0	0	0	0	0	0	0	5.106183316940554e-6	2.3875343059866463e-6	0	2.5522412382366015e-6	2.5522412382366015e-6	2.5522412382366015e-6	0	0	0
2.1379620895022324e-9	0	0	0	0	0	0	0.0000829455395747322	0	0	0	0	0	0	0	8.678206584736355e-6	4.0600025816156464e-6	0	4.34008675400555e-6	4.34008675400555e-6	4.34008675400555e-6	0	0	0
2.2908676527677795e-9	0	0	0	0	0	0	0.00009950914311525108	0	0	0	0	0	0	0	0.000014754806020609055	5.166795926873471e-6	0	5.5239541813055516e-6	5.5239541813055516e-6	5.5239541813055516e-6	0	0	0
2.4547089156850337e-9	0	0	0	0	0	0	0.00011938037433115589	0	0	0	0	0	0	0	0.000025086323836620202	6.5753111268545405e-6	0	7.0307511178203846e-6	7.0307511178203846e-6	7.0307511178203846e-6	0	0	0
2.6302679918953816e-9	0	0	0	0	0	0	0.00017189059843768036	0	0	0	0	0	0	0	0.00004265713467486126	5.977670726656923e-6	0	6.396448996361715e-6	6.396448996361715e-6	6.396448996361715e-6	0	0	0
2.818382931264461e-9	0	0	0	0	0	0	0.00024749778174847667	0	0	0	0	0	0	0	0.00007253478630507847	5.434350805149822e-6	0	5.81937250763362e-6	5.81937250763362e-6	5.81937250763362e-6	0	0	0
3.019951720402019e-9	0	0	0	0	0	0	0.0003591213972947664	0	0	0	0	0	0	0	0.0001233435344688282	7.212763579599146e-6	0	7.728916170921195e-6	7.728916170921195e-6	7.728916170921195e-6	0	0	0
3.2359365692962944e-9	0	0	0	0	0	0	0.0005210882177765014	0	0	0	0	0	0	0	0.0002097425010845972	9.573168961763324e-6	0	0.000010265049212568812	0.000010265049212568812	0.000010265049212568812	0	0	0
3.4673685045253237e-9	0	0	0	0	0	0	0.000678650547127645	0	0	0	0	0	0	0	0.00035666552512093425	0.000011656590625489178	0	0.000012519201834882168	0.000012519201834882168	0.000012519201834882168	0	0	0
3.715352290971728e-9	0	0	0	0	0	0	0.0008838552655860919	0	0	0	0	0	0	0	0.0006065070081264734	0.000014193430153896567	0	0.00001526835491354561	0.00001526835491354561	0.00001526835491354561	0	0	0
3.9810717055349855e-9	0	0	0	0	0	0	0.0013246660088309147	0	0	0	0	0	0	0	0.0010313638633060657	0.000011597211320946577	0	0.000012611974636530528	0.000012611974636530528	0.000012611974636530528	0	0	0
4.265795188015934e-9	0	0	0	0	0	0	0.0019853250902888524	0	0	0	0	0	0	0	0.001753832032080604	9.475884896349014e-6	0	0.000010417749988990398	0.000010417749988990398	0.000010417749988990398	0	0	0
4.570881896148752e-9	0	0	0	0	0	0	0.0032039907774324707	0	0	0	0	0	0	0	0.0029823904885404795	0.000010332045883261754	0	0.0000115059706674803	0.0000115059706674803	0.0000115059706674803	0	0	0
4.8977881936844766e-9	0	0	0	0	0	0	0.005170718363499045	0	0	0	0	0	0	0	0.0050715535259009265	0.000011265562351327717	0	0.00001270786505155374	0.00001270786505155374	0.00001270786505155374	0	0	0
5.248074602497734e-9	0	0	0	0	0	0	0.008664733388869847	0	0	0	0	0	0	0	0.008624176736306435	0.000017217474378394847	0	0.000019360672478697224	0.000019360672478697224	0.000019360672478697224	0	0	0
5.623413251903491e-9	0	0	0	0	0	0	0.014519762907641896	0	0	0	0	0	0	0	0.014665412481442182	0.00002631394818348763	0	0.000029496350276521113	0.000029496350276521113	0.000029496350276521113	0	0	0
6.025595860743593e-9	0	0	0	0	0	0	0.014870943063293023	0	0	0	0	0	0	0	0.014675571687259243	0.000033384906510116644	0	0.000037330756918925395	0.000037330756918925395	0.000037330756918925395	0	0	0
6.456542290346562e-9	0	0	0	0	0	0	0.015230616987231292	0	0	0	0	0	0	0	0.014685737930686844	0.000042355938946044935	0	0.00004724602871458063	0.00004724602871458063	0.00004724602871458063	0	0	0
6.918309709189363e-9	0	0	0	0	0	0	0.014409570675481955	0	0	0	0	0	0	0	0.012738434827539585	0.00004085042055096626	0	0.00004622410006726933	0.00004622410006726933	0.00004622410006726933	0	0	0
7.413102413009192e-9	0	0	0	0	0	0	0.01363278501624598	0	0	0	0	0	0	0	0.01104934070193413	0.000039398414973554906	0	0.00004522427567270992	0.00004522427567270992	0.00004522427567270992	0	0	0
7.943282347242822e-9	0	0	0	0	0	0	0.012252943596322702	0	0	0	0	0	0	0	0.016185683723479425	0.000050461011521645295	0	0.000058704695479302274	0.000058704695479302274	0.000058704695479302274	0	0	0
8.511380382023759e-9	0	0	0	0	0	0	0.011012762733055044	0	0	0	0	0	0	0	0.023709682293592074	0.00006462985085813262	0	0.00007620334919807828	0.00007620334919807828	0.00007620334919807828	0	0	0
9.120108393559115e-9	0	0	0	0	0	0	0.008411666173545688	0	0	0	0	0	0	0	0.02333870488437213	0.00008192860356313958	0	0.0000998747256065924	0.0000998747256065924	0.0000998747256065924	0	0	0
9.772372209558111e-9	0	0	0	0	0	0	0.006424920751520145	0	0	0	0	0	0	0	0.022973532033663282	0.00010385752083104925	0	0.00013089924419284915	0.00013089924419284915	0.00013089924419284915	0	0	0
1.0471285480509006e-8	0	0	0	0	0	0	0.008555020243539173	0	0	0	0	0	0	0	0.02277014437607769	0.00007557702565203552	0	0.00011284448281134104	0.00011284448281134104	0.00011284448281134104	0	0	0
1.1220184543019653e-8	0	0	0	0	0	0	0.01139132671014645	0	0	0	0	0	0	0	0.022568557335793438	0.00005499733443185355	0	0.0000972799910303434	0.0000972799910303434	0.0000972799910303434	0	0	0
1.202264434617413e-8	0	0	0	0	0	0	0.014079603989475257	0	0	0	0	0	0	0	0.016506367708627994	0.000050294478079104716	0	0.00009753680738429462	0.00009753680738429462	0.00009753680738429462	0	0	0
1.288249551693135e-8	0	0	0	0	0	0	0.017402296812703402	0	0	0	0	0	0	0	0.01207255611772391	0.000045993765904852376	0	0.0000977943017259695	0.0000977943017259695	0.0000977943017259695	0	0	0
1.3803842646028866e-8	0	0	0	0	0	0	0.010890710166373574	0	0	0	0	0	0	0	0.010339952774681535	0.00004478748950649358	0	0.000094437484932973	0.000094437484932973	0.000094437484932973	0	0	0
1.4791083881682102e-8	0	0	0	0	0	0	0.006815627224641494	0	0	0	0	0	0	0	0.008856005500416068	0.00004361285006415702	0	0.00009119589181643691	0.00009119589181643691	0.00009119589181643691	0	0	0
1.5848931924611173e-8	0	0	0	0	0	0	0.007111455166702298	0	0	0	0	0	0	0	0.008539566470321747	0.00003462483572691001	0	0.00008714701993369324	0.00008714701993369324	0.00008714701993369324	0	0	0
1.698243652461746e-8	0	0	0	0	0	0	0.007420123331448289	0	0	0	0	0	0	0	0.008234434305355523	0.00002748912871669486	0	0.00008327790794140481	0.00008327790794140481	0.00008327790794140481	0	0	0
1.8197008586099862e-8	0	0	0	0	0	0	0.01135564440069243	0	0	0	0	0	0	0	0.009107886594990006	0.000029227685244376802	0	0.00010005311581482702	0.00010005311581482702	0.00010005311581482702	0	0	0
1.9498445997580494e-8	0	0	0	0	0	0	0.017378506258575056	0	0	0	0	0	0	0	0.010073988710219738	0.00003107619719593169	0	0.00012020746235962876	0.00012020746235962876	0.00012020746235962876	0	0	0
2.0892961308540408e-8	0	0	0	0	0	0	0.014436273793484907	0	0	0	0	0	0	0	0.008136217701945801	0.00003392141936545117	0	0.00011664950928354138	0.00011664950928354138	0.00011664950928354138	0	0	0
2.2387211385683424e-8	0	0	0	0	0	0	0.011992169979374894	0	0	0	0	0	0	0	0.006571184502748234	0.00003702713959858085	0	0.00011319686605963058	0.00011319686605963058	0.00011319686605963058	0	0	0
2.3988329190194947e-8	0	0	0	0	0	0	0.01683445798695095	0	0	0	0	0	0	0	0.006341735841317494	0.00003672633992223723	0	0.00011059414742062079	0.00011059414742062079	0.00011059414742062079	0	0	0
2.5703957827688646e-8	0	0	0	0	0	0	0.023632001230955192	0	0	0	0	0	0	0	0.00612029893000739	0.000036427983870928286	0	0.00010805127270264637	0.00010805127270264637	0.00010805127270264637	0	0	0
2.754228703338169e-8	0	0	0	0	0	0	0.024458373089797845	0	0	0	0	0	0	0	0.00710747916438982	0.000034670257185924865	0	0.00011300713431686796	0.00011300713431686796	0.00011300713431686796	0	0	0
2.95120922666639e-8	0	0	0	0	0	0	0.02531364180093886	0	0	0	0	0	0	0	0.008253887702209717	0.00003299734450298438	0	0.00011819030065157099	0.00011819030065157099	0.00011819030065157099	0	0	0
3.162277660168386e-8	0	0	0	0	0	0	0.024485904703158624	0	0	0	0	0	0	0	0.009452662040286096	0.00003943647436803514	0	0.00012970076828874782	0.00012970076828874782	0.00012970076828874782	0	0	0
3.3884415613920346e-8	0	0	0	0	0	0	0.02368523398754608	0	0	0	0	0	0	0	0.010825543413190048	0.000047132141510358636	0	0.00014233223201863432	0.00014233223201863432	0.00014233223201863432	0	0	0
3.6307805477010175e-8	0	0	0	0	0	0	0.019331776834242444	0	0	0	0	0	0	0	0.012346269106227922	0.00005425252605018483	0	0.00014952424618034092	0.00014952424618034092	0.0001495242461803412	0	0	0
3.890451449942813e-8	0	0	0	0	0	0	0.015778505534944396	0	0	0	0	0	0	0	0.014080619792044531	0.00006244860701224765	0	0.00015707967112377146	0.00015707967112377146	0.0001570796711237721	0	0	0
4.1686938347033635e-8	0	0	0	0	0	0	0.014686057181351294	0	0	0	0	0	0	0	0.01621981251309254	0.00006567144271742319	0	0.0001556651185341456	0.0001556651185341456	0.00015566511853414624	0	0	0
4.4668359215096346e-8	0	0	0	0	0	0	0.013669246118160987	0	0	0	0	0	0	0	0.018684001261685353	0.00006906060190809309	0	0.00015426330444221647	0.00015426330444221647	0.00015426330444221742	0	0	0
4.78630092322639e-8	0	0	0	0	0	0	0.012811410427576858	0	0	0	0	0	0	0	0.023478762782520448	0.00006460085332689184	0	0.00015699729758893613	0.00015699729758893613	0.0001569972975889384	0	0	0
5.128613839913659e-8	0	0	0	0	0	0	0.012007409605842076	0	0	0	0	0	0	0	0.029503974768418137	0.00006042910335644692	0	0.00015977974502329921	0.00015977974502329921	0.00015977974502330314	0	0	0
5.495408738576248e-8	0	0	0	0	0	0	0.012718735729094545	0	0	0	0	0	0	0	0.026946419684420225	0.00005739275473633185	0	0.00017014100722907133	0.00017014100722907133	0.00017014100722907794	0	0	0
5.888436553555896e-8	0	0	0	0	0	0	0.013472201237129569	0	0	0	0	0	0	0	0.02461056652563844	0.000054508971890500926	0	0.0001811741678314841	0.0001811741678314841	0.0001811741678314941	0	0	0
6.309573444801943e-8	0	0	0	0	0	0	0.015328635581883231	0	0	0	0	0	0	0	0.02614960439542742	0.000059077627796832075	0	0.00019151594769527085	0.00019151594769527085	0.00019151594769529004	0	0	0
6.760829753919818e-8	0	0	0	0	0	0	0.0174408817584022	0	0	0	0	0	0	0	0.027784887004734107	0.0000640292044603623	0	0.0002024480568098061	0.0002024480568098061	0.00020244805680983593	0	0	0
7.244359600749906e-8	0	0	0	0	0	0	0.021418575456903538	0	0	0	0	0	0	0	0.029730268366486467	0.00007815003540656299	0	0.00021991133231778211	0.00021991133231778211	0.00021991133231783746	0	0	0
7.762471166286928e-8	0	0	0	0	0	0	0.02630345076343746	0	0	0	0	0	0	0	0.0318118571795056	0.0000953850369611863	0	0.00023888099912569387	0.00023888099912569387	0.0002388809991257794	0	0	0
8.317637711026726e-8	0	0	0	0	0	0	0.030675946239592623	0	0	0	0	0	0	0	0.02710318216683937	0.00011534491137194815	0	0.0002666866211791934	0.0002666866211791934	0.00026668662117935153	0	0	0
8.912509381337478e-8	0	0	0	0	0	0	0.03577529374976118	0	0	0	0	0	0	0	0.023091468046767705	0.00013948150572941527	0	0.0002977288029448941	0.0002977288029448941	0.00029772880294514134	0	0	0
9.549925860214369e-8	0	0	0	0	0	0	0.0368672098914793	0	0	0	0	0	0	0	0.02550060065983451	0.00014044315579726856	0	0.00030505206448864277	0.00030505206448864277	0.0003050520644891182	0	0	0
1.0232929922807557e-7	0	0	0	0	0	0	0.037992452967391024	0	0	0	0	0	0	0	0.028161078052522853	0.0001414114359258474	0	0.00031255545694048047	0.0003125554569404798	0.00031255545694119447	0	0	0
1.0964781961431874e-7	0	0	0	0	0	0	0.04027226913923915	0	0	0	0	0	0	0	0.03360372722930316	0.00014110558813380694	0	0.00030460556265265933	0.0003046055626526581	0.00030460556265406657	0	0	0
1.1748975549395303e-7	0	0	0	0	0	0	0.042688890422930795	0	0	0	0	0	0	0	0.04009826902206392	0.0001408004018361595	0	0.00029685787510218574	0.00029685787510218395	0.00029685787510424984	0	0	0
1.2589254117941688e-7	0	0	0	0	0	0	0.04228423448720075	0	0	0	0	0	0	0	0.04070082731513886	0.000154735158958181	0	0.0003120371380913824	0.00031203713809137854	0.000312037138095307	0	0	0
1.3489628825916562e-7	0	0	0	0	0	0	0.04188341436038255	0	0	0	0	0	0	0	0.04131244027579443	0.00017004901339468057	0	0.00032799256383124237	0.0003279925638312363	0.0003279925638372116	0	0	0
1.445439770745928e-7	0	0	0	0	0	0	0.03885176943718932	0	0	0	0	0	0	0	0.04049621899104345	0.00018014342564361312	0	0.0003489771611585703	0.00034897716115855887	0.0003489771611698567	0	0	0
1.5488166189124826e-7	0	0	0	0	0	0	0.036039563904997865	0	0	0	0	0	0	0	0.03969612401549231	0.0001908370601792113	0	0.00037130432954862947	0.000371304329548612	0.0003713043295658889	0	0	0
1.659586907437563e-7	0	0	0	0	0	0	0.03378095521445509	0	0	0	0	0	0	0	0.039506049673862065	0.00019333306384924597	0	0.0003796077894805184	0.00037960778948048425	0.00037960778951375034	0	0	0
1.7782794100389227e-7	0.00025974541405428026	0.000038338767271228816	0	0	0	0	0.03166389410840715	0	0	0	0	0	0	0	0.03931688545270954	0.00019586171334978636	0	0.0003880969392666702	0.0003880969392666186	0.0003880969393165796	0	0	0
1.9054607179632522e-7	0.0002526755486104823	0.000039878563145701	0	0	0	0	0.03390469783940256	0	0	0	0	0	0	0	0.03961912024440313	0.00018708307457083944	0	0.0003863779703647677	0.0003863779703646674	0.0003863779704620955	0	0	0
2.0417379446695318e-7	0.0002457981138880348	0.000041480201679804756	0	0	0	0	0.0363040797081236	0	0	0	0	0	0	0	0.039923678360242694	0.0001786978996164119	0	0.0003846666151639479	0.0003846666151637992	0.00038466661530827377	0	0	0
2.1877616239495564e-7	0.0002644961886667186	0.000044016263982285237	0	0	0	0	0.04080912154058635	0	0	0	0	0	0	0	0.04287067904337794	0.00019305886298919152	0	0.0004118642244812018	0.0004118642244809222	0.0004118642247533602	0	0	0
2.3442288153199275e-7	0.0002846166421402549	0.00004670737885783926	0	0	0	0	0.04587320252444504	0	0	0	0	0	0	0	0.04603521511861897	0.0002085739376830161	0	0.0004409848235340187	0.00044098482353358947	0.00044098482395136385	0	0	0
2.5118864315095823e-7	0.000301026956308428	0.00004609969396988871	0	0	0	0	0.05002756284062473	0	0	0	0	0	0	0	0.047883087802444366	0.000224767381291549	0	0.00045560469386442606	0.00045560469386360234	0.0004556046946640719	0	0	0
2.6915348039269196e-7	0.0003183834499026279	0.000045499915347116686	0	0	0	0	0.05455814955232241	0	0	0	0	0	0	0	0.04980513486444591	0.000242218065468178	0	0.0004707092534563916	0.00047070925345514883	0.000470709254663229	0	0	0
2.8840315031266115e-7	0.00032119554242874177	0.00004630320454173651	0	0	0	0	0.0551567053806597	0	0	0	0	0	0	0	0.04887074213369613	0.00024424906405329493	0	0.0004762145818311075	0.0004762145818287039	0.00047621458416631946	0	0	0
3.090295432513592e-7	0.0003240324725033446	0.00004712067559856986	0	0	0	0	0.05576182794710231	0	0	0	0	0	0	0	0.047953879518619166	0.0002462970925624373	0	0.0004817842995083281	0.00048178429950473673	0.00048178430299814304	0	0	0
3.3113112148259143e-7	0.000330942299054336	0.000050209360246854937	0	0	0	0	0.056318890123325735	0	0	0	0	0	0	0	0.047380156960868024	0.00024839285967494544	0	0.000499134660183489	0.000499134660176616	0.0004991346668615913	0	0	0
3.5481338923357606e-7	0.00033799947411825715	0.000053500503215937635	0	0	0	0	0.056881517365824516	0	0	0	0	0	0	0	0.046813298447831705	0.0002505064598838324	0	0.0005171098544529861	0.0005171098544425988	0.0005171098645444866	0	0	0
3.8018939632056126e-7	0.000355312597105397	0.0000571633303672058	0	0	0	0	0.059090838594171344	0	0	0	0	0	0	0	0.048474650920424946	0.00026198037547565673	0	0.0005467019442804404	0.0005467019442607457	0.0005467019634159657	0	0	0
4.0738027780411303e-7	0.0003735125387136295	0.00006107692717359124	0	0	0	0	0.06138597153282507	0	0	0	0	0	0	0	0.05019496296497109	0.0002739798293672488	0	0.0005779874688255187	0.0005779874687954854	0.0005779874980071267	0	0	0
4.365158322401665e-7	0.00038189133285354803	0.00006518913529959553	0	0	0	0	0.06173899837257743	0	0	0	0	0	0	0	0.05251220961328932	0.0002766694876766449	0	0.0006002614639281098	0.0006002614638707024	0.000600261519707808	0	0	0
4.677351412871981e-7	0.00039045808371235264	0.000069578211572937	0	0	0	0	0.062094055447357244	0	0	0	0	0	0	0	0.05493643177691782	0.00027938555034521644	0	0.0006233938355260249	0.0006233938354391783	0.0006233939199105074	0	0	0
5.011872336272736e-7	0.0003995161839472611	0.00006886943865048423	0	0	0	0	0.0651814782148203	0	0	0	0	0	0	0	0.058487394451500606	0.00028866542247314936	0	0.0006301595268958382	0.0006301595267277242	0.0006301596902429598	0	0	0
5.370317963702533e-7	0.00040878441987480423	0.00006816788579081056	0	0	0	0	0.06842241292922199	0	0	0	0	0	0	0	0.06226788306194088	0.0002982535282466816	0	0.000636998646293173	0.0006369986460420378	0.0006369988903069666	0	0	0
5.754399373371578e-7	0.0004238720872592891	0.00006931485126474936	0	0	0	0	0.06985613732107261	0	0	0	0	0	0	0	0.06472529386072873	0.0003109985808988373	0	0.0006559548360958295	0.000655954835613914	0.0006559553043437563	0	0	0
6.165950018614835e-7	0.0004395166195731546	0.0000704811151191963	0	0	0	0	0.07131990399795558	0	0	0	0	0	0	0	0.0672796867237376	0.0003242882586827114	0	0.0006754751356245069	0.0006754751348982979	0.0006754758412363387	0	0	0
6.606934480075964e-7	0.0004546533896857445	0.00007285154836968699	0	0	0	0	0.07430868699450863	0	0	0	0	0	0	0	0.07089060054332873	0.00033566368007306355	0	0.0006985477526014437	0.0006985477512106287	0.0006985491039683591	0	0	0
7.079457843841387e-7	0.0004703114638838634	0.00007530170444785326	0	0	0	0	0.07742272007273227	0	0	0	0	0	0	0	0.07469531280710787	0.0003474381298227338	0	0.0007224084750556802	0.0007224084729557037	0.000722410515469886	0	0	0
7.585775750291852e-7	0.0004957476357530991	0.00007774972324953886	0	0	0	0	0.0807019636282802	0	0	0	0	0	0	0	0.07937480246447702	0.0003688335262421012	0	0.0007560766840302067	0.0007560766800302356	0.000756080570543753	0	0	0
8.128305161640995e-7	0.0005225594892483308	0.0000802773258547693	0	0	0	0	0.08412009972449923	0	0	0	0	0	0	0	0.0843474513928962	0.0003915464608032232	0	0.0007913140167549253	0.0007913140106824222	0.000791319917016898	0	0	0
8.709635899560814e-7	0.0005505642822579302	0.00008326853648459556	0	0	0	0	0.08764737322502845	0	0	0	0	0	0	0	0.08816324154502846	0.00041420903992749134	0	0.000829355444819064	0.000829355433259639	0.000829366676350542	0	0	0
9.332543007969924e-7	0.0005800698966048973	0.00008637120250903884	0	0	0	0	0.09132255023956007	0	0	0	0	0	0	0	0.09215165403778412	0.00043818332160554843	0	0.0008692256667861437	0.0008692256492262793	0.0008692427285714987	0	0	0
1.e-6	0.0006026793142514631	0.00009033876903041517	0	0	0	0	0.09319973660422418	0	0	0	0	0	0	0	0.09448050483753993	0.00045430378588553425	0	0.0009051222992663132	0.000905122265741767	0.000905154872775568	0	0	0
1.0715193052376091e-6	0.000626169980467049	0.00009448859055860218	0	0	0	0	0.09511550959002844	0	0	0	0	0	0	0	0.09686821020810217	0.00047101731100509945	0	0.0009425013640683203	0.0009425013132904435	0.0009425507016386393	0	0	0
1.148153621496884e-6	0.0006453120932283965	0.00009920631794505749	0	0	0	0	0.0974036657503486	0	0	0	0	0	0	0	0.10122639325446678	0.00048272147963865505	0	0.000977475594015932	0.0009774754968945266	0.0009775699596270805	0	0	0
1.2302687708123837e-6	0.0006650393833256043	0.00010415959706914897	0	0	0	0	0.09974686717759253	0	0	0	0	0	0	0	0.10578065465744357	0.0004947164816666542	0	0.0010137476435816972	0.0010137474967472659	0.0010138903130663267	0	0	0
1.3182567385564101e-6	0.0006916343820044063	0.00010813798355116007	0	0	0	0	0.1027954177968682	0	0	0	0	0	0	0	0.10760230497958613	0.0005149571973037685	0	0.001053661982943102	0.0010536617023768607	0.001053879559888432	0	0	0
1.4125375446227554e-6	0.0007192929176292245	0.00011226832491246755	0	0	0	0	0.10593714087500121	0	0	0	0	0	0	0	0.10945532597065569	0.0005360260368960837	0	0.0010951478716903322	0.0010951474470890638	0.0010954460383309466	0	0	0
1.5135612484362104e-6	0.0007428909289477755	0.00011597093298232129	0	0	0	0	0.10942034987010871	0	0	0	0	0	0	0	0.1133518955571984	0.0005531157968542671	0	0.0011311415246499262	0.0011311411853841362	0.0011313333054328591	0	0	0
1.6218100973589331e-6	0.0007672631257539665	0.00011979565302391474	0	0	0	0	0.11301808663898281	0	0	0	0	0	0	0	0.11738718159639537	0.0005707504182097046	0	0.0011683181621971416	0.0011683179143348512	0.0011683962543072937	0	0	0
1.7378008287493763e-6	0.0007934236237823374	0.0001246448454955409	0	0	0	0	0.11911739517039827	0	0	0	0	0	0	0	0.12119723938176506	0.0005893622893364303	0	0.0012107180186022185	0.0012107178133174202	0.001210768335047444	0	0	0
1.8620871366628694e-6	0.0008204760865541236	0.0001296903277909913	0	0	0	0	0.1255458684016227	0	0	0	0	0	0	0	0.1251309609277816	0.0006085810837973982	0	0.0012546566235103567	0.0012546564642198928	0.0012546770462069747	0	0	0
1.995262314968883e-6	0.0008478648599747384	0.00013414601553125814	0	0	0	0	0.12842121918037738	0	0	0	0	0	0	0	0.13014579034113113	0.0006290734059651527	0	0.0012969622321720598	0.0012969620635720923	0.0012969753564340673	0	0	0
2.1379620895022326e-6	0.0008761679134356619	0.00013875478448873666	0	0	0	0	0.1313624235169292	0	0	0	0	0	0	0	0.13536159730518912	0.0006502557516630627	0	0.0013406943383237556	0.0013406941599675795	0.0013406996487921648	0	0	0
2.2908676527677747e-6	0.0009014953681960957	0.00014328003909245534	0	0	0	0	0.13554450069708077	0	0	0	0	0	0	0	0.1391945596506006	0.0006685676863892474	0	0.001381173139217292	0.0013811728498081199	0.0013811764970047757	0	0	0
2.4547089156850335e-6	0.0009275549656826022	0.00014795287728620223	0	0	0	0	0.13985971922064327	0	0	0	0	0	0	0	0.1431360579518064	0.000687395305832649	0	0.0014228740928975906	0.001422873685892098	0.00142287537525424	0	0	0
2.6302679918953817e-6	0.0009583510322472802	0.0001526376931841076	0	0	0	0	0.14409970486724577	0	0	0	0	0	0	0	0.14782766448347248	0.0007108040391147488	0	0.001469353211912513	0.0014693524481187497	0.0014693538498819622	0	0	0
2.8183829312644606e-6	0.0009901695694481414	0.00015747085023224832	0	0	0	0	0.14846822987016653	0	0	0	0	0	0	0	0.15267304898110315	0.0007350099393097208	0	0.0015173506019502834	0.0015173494584931784	0.0015173505520658637	0	0	0
3.0199517204020193e-6	0.0010190815808592268	0.00016201552392467337	0	0	0	0	0.15520014298553708	0	0	0	0	0	0	0	0.15734566251949808	0.000756337271298573	0	0.0015614734993624065	0.001561471998483785	0.0015614735551728028	0	0	0
3.2359365692962877e-6	0.0010488377955559156	0.00016669135877448146	0	0	0	0	0.16223729752685107	0	0	0	0	0	0	0	0.16216128307468394	0.0007782834453811657	0	0.00160687944241575	0.0016068775642957148	0.0016068796101101305	0	0	0
3.4673685045253236e-6	0.0010855539932410577	0.00017171920298755613	0	0	0	0	0.167743082021846	0	0	0	0	0	0	0	0.16720193884529105	0.0008060831947724503	0	0.001660420648080528	0.0016604183478824567	0.0016604220963718271	0	0	0
3.7153522909717276e-6	0.00112355549850966	0.00017689870003744626	0	0	0	0	0.173435714198399	0	0	0	0	0	0	0	0.17239927943064437	0.0008348759320922327	0	0.0017157458461397272	0.0017157430978215556	0.0017157486601817298	0	0	0
3.981071705534978e-6	0.0011611980044657013	0.0001832483472153417	0	0	0	0	0.17881597860937512	0	0	0	0	0	0	0	0.1780815559926264	0.0008621963032450103	0	0.0017746139884109438	0.0017746094416798955	0.001774619536654755	0	0	0
4.265795188015934e-6	0.0012001016481728588	0.0001898259102528502	0	0	0	0	0.18436314777388255	0	0	0	0	0	0	0	0.18395112026853228	0.0008904107026614248	0	0.0018355019276015245	0.0018354954622856624	0.001835510394362282	0	0	0
4.570881896148752e-6	0.0012416535682427984	0.00019627018898225177	0	0	0	0	0.19047116624854804	0	0	0	0	0	0	0	0.19123117633039324	0.0009214559014557555	0	0.0018985331055243041	0.001898521098629822	0.0018985477881048114	0	0	0
4.897788193684467e-6	0.0012846441681646772	0.00020293324041916757	0	0	0	0	0.1967815456078992	0	0	0	0	0	0	0	0.19879934814923708	0.000953583527005852	0	0.001963728775529929	0.0019637108541005165	0.0019637500908677797	0	0	0
5.248074602497734e-6	0.0013268563443854036	0.0002102154147511246	0	0	0	0	0.2036505999868507	0	0	0	0	0	0	0	0.20404952792639974	0.0009843811082544918	0	0.0020300471457514605	0.002030012970605716	0.0020300503068274092	0	0	0
5.623413251903491e-6	0.001370455572262498	0.00021775890685877885	0	0	0	0	0.21075943248074422	0	0	0	0	0	0	0	0.2094383620198335	0.001016173349104424	0	0.0020986051970754193	0.002098553690948083	0.0020985889535612805	0	0	0
6.0255958607435935e-6	0.0014183185404129336	0.00022575377966011395	0	0	0	0	0.21701425448656966	0	0	0	0	0	0	0	0.21664168771973968	0.001051264859806618	0	0.0021724396382062612	0.002172341085355508	0.0021723874804225564	0	0	0
6.4565422903465625e-6	0.0014678531159956305	0.00023404217887573847	0	0	0	0	0.22345470423803998	0	0	0	0	0	0	0	0.22409276125647346	0.001087568185524876	0	0.0022488717688428357	0.0022487229235443537	0.0022487811903746805	0	0	0
6.9183097091893625e-6	0.0015201176030616185	0.0002428249041315812	0	0	0	0	0.23048200035547892	0	0	0	0	0	0	0	0.2314031383825556	0.00112600815197687	0	0.002328230403887678	0.0023279815711907126	0.00232803464856671	0	0	0
7.413102413009192e-6	0.0015742430233357876	0.00025193721212883705	0	0	0	0	0.2377302937926698	0	0	0	0	0	0	0	0.23895199538378528	0.0011658067744106306	0	0.0024103894622574404	0.002410033774753189	0.002410081224498394	0	0	0
7.943282347242822e-6	0.0016305619189477324	0.0002607156414574044	0	0	0	0	0.24580788956476535	0	0	0	0	0	0	0	0.2466653628974361	0.0012086216831753923	0	0.00248933725304063	0.00248889254811064	0.0024889420634979396	0	0	0
8.511380382023777e-6	0.0016888956356234685	0.00026979994390739553	0	0	0	0	0.2541599457449834	0	0	0	0	0	0	0	0.25462771782090177	0.0012530089935188448	0	0.0025708708307960685	0.0025703316612959363	0.002570383326702488	0	0	0
9.120108393559115e-6	0.0017454778679270725	0.0002822353648629567	0	0	0	0	0.2625768089211321	0	0	0	0	0	0	0	0.26311637787055986	0.0012925343123621788	0	0.0026494650019419376	0.002649009505247611	0.002649051810157015	0	0	0
9.772372209558111e-6	0.001803955746678519	0.0002952439501124101	0	0	0	0	0.2712724083297665	0	0	0	0	0	0	0	0.2718880289082183	0.0013333064305802505	0	0.002730461877908326	0.0027300956777516153	0.0027301280007518453	0	0	0
0.000010471285480509006	0.001858729644607545	0.00029927592776580905	0	0	0	0	0.2801316143330164	0	0	0	0	0	0	0	0.27909918717350785	0.0013776589984896429	0	0.0028196761285605	0.002819391205405047	0.002819432704060763	0	0	0
0.000011220184543019652	0.0019151666542286659	0.00030336296783044724	0	0	0	0	0.289280144014597	0	0	0	0	0	0	0	0.28650160359655963	0.0014234869588782362	0	0.0029118053375147067	0.002911607396727465	0.002911658636715286	0	0	0
0.000012022644346174132	0.001979093091905402	0.0003126226225478432	0	0	0	0	0.29701876206780187	0	0	0	0	0	0	0	0.2936253059287853	0.0014718989377064296	0	0.002933534676006826	0.0029333325813104614	0.0029334471985675097	0	0	0
0.000012882495516931348	0.0020451533331469597	0.0003221649129676067	0	0	0	0	0.3049643981642844	0	0	0	0	0	0	0	0.30092613514016536	0.0015219573802970295	0	0.0029554261696214676	0.0029552198700444694	0.0029553988088697	0	0	0
0.000013803842646028866	0.00211365617300632	0.00033306822090960604	0	0	0	0	0.3136181153300317	0	0	0	0	0	0	0	0.30970575586299487	0.0015734051768664888	0	0.003045850343559358	0.0030455644812370157	0.003045766734545285	0	0	0
0.000014791083881682102	0.0021844535298550477	0.00034434053900538834	0	0	0	0	0.32251739171919996	0	0	0	0	0	0	0	0.3187415249592461	0.0016265920995153687	0	0.003139041134141694	0.003138671035408564	0.003138897861575064	0	0	0
0.00001584893192461114	0.0022030463408843157	0.0003596863366864367	0	0	0	0	0.3316216945370346	0	0	0	0	0	0	0	0.3276965521355928	0.001681120039956493	0	0.003239486053903288	0.003239089809502198	0.0032393244232604593	0	0	0
0.00001698243652461746	0.0022217974032186635	0.0003757160314977742	0	0	0	0	0.34098300157209105	0	0	0	0	0	0	0	0.3369031703518573	0.0017374759102699226	0	0.0033431450704144374	0.003342721386108982	0.003342964053588656	0	0	0
0.000018197008586099864	0.0022869692515243203	0.0003817683526188198	0	0	0	0	0.3504061452653598	0	0	0	0	0	0	0	0.34595279137247625	0.001794281945328501	0	0.003448502933768086	0.0034480852368132657	0.003448335838724255	0	0	0
0.000019498445997580493	0.0023540527816986526	0.00038791816915630247	0	0	0	0	0.3600896997024349	0	0	0	0	0	0	0	0.35524549600828365	0.0018529452295149803	0	0.003557181107529068	0.0035567701962050543	0.0035570289916414806	0	0	0
0.00002089296130854041	0.002429417953631597	0.000399959715008484	0	0	0	0	0.3692589822833832	0	0	0	0	0	0	0	0.3648305963218144	0.0018650507454448272	0	0.0036682368677804626	0.003667874102646703	0.0036681810623496536	0	0	0
0.000022387211385683423	0.002507195947054647	0.0004123750480097091	0	0	0	0	0.37866175041840205	0	0	0	0	0	0	0	0.37467431820564995	0.0018772353481785423	0	0.0037827598065398585	0.003782448595419698	0.003782806476359731	0	0	0
0.000023988329190194948	0.0025789147913113947	0.0004216691369661781	0	0	0	0	0.3874908473733617	0	0	0	0	0	0	0	0.3844892908238898	0.0019330246819643374	0	0.003894573431505943	0.003894310728877873	0.0038947078936139145	0	0	0
0.000025703957827688645	0.0026526851675306067	0.0004311726956515932	0	0	0	0	0.3965258086728297	0	0	0	0	0	0	0	0.3945613765742984	0.001990472012317952	0	0.004009692126676714	0.00400948107303242	0.0040099195323298085	0	0	0
0.00002754228703338169	0.002732694270731775	0.00044238886426196684	0	0	0	0	0.4054772607162034	0	0	0	0	0	0	0	0.4043246904142895	0.002052921718009521	0	0.004126999693159566	0.0041267771180697535	0.004127205994595743	0	0	0
0.0000295120922666639	0.00281511657270731	0.00045389680097260537	0	0	0	0	0.41463078912366813	0	0	0	0	0	0	0	0.41432959479709003	0.002117330740745908	0	0.004247739210206044	0.004247504620178665	0.0042479229781277415	0	0	0
0.000031622776601683856	0.0029003803592308605	0.0004658592836455684	0	0	0	0	0.4240299697100843	0	0	0	0	0	0	0	0.42325087896784047	0.002182909125215082	0	0.004373224730594942	0.004372954217478922	0.004373382163555437	0	0	0
0.000033884415613920276	0.002988226601260077	0.00047813703840547493	0	0	0	0	0.43364221839952716	0	0	0	0	0	0	0	0.4323642549231357	0.0022505186163162046	0	0.004502417309032349	0.0045021089552957794	0.004502546690932382	0	0	0
0.000036307805477010174	0.0030744880041495984	0.0004907513973341031	0.0030728953910200613	0.000489057951566662	0	0	0.44299188364610853	0	0	0	0	0	0	0	0.4412258558378693	0.002316467933204719	0	0.004628980322297038	0.004628638496676852	0.00462906328680903	0	0	0
0.00003890451449942813	0.0031632395226231505	0.0005036985521735221	0.0031609538737083203	0.0005012635524893045	0	0	0.4525431349848944	0	0	0	0	0	0	0	0.45026908132002913	0.0023843498323729362	0	0.004759101023627286	0.004758724088122676	0.004759134859486772	0	0	0
0.00004168693834703355	0.0032510855926099025	0.0005164236404823006	0.0032485989960590734	0.0005137729499118237	0	0	0.46169717589824755	0	0	0	0	0	0	0	0.45921407901995015	0.0024531563860044005	0	0.004886071259083589	0.004885681668707567	0.004886120779882291	0	0	0
0.00004466835921509635	0.0033413712287303234	0.0005294702065316172	0.003338674292268331	0.0005265945284675931	0	0	0.4710363847184017	0	0	0	0	0	0	0	0.46833677709320354	0.002523948529903843	0	0.005016428991592732	0.005016026339396737	0.005016495010223773	0	0	0
0.0000478630092322639	0.003432151131889877	0.0005419758769742763	0.003429081247241225	0.000538700009742357	0	0	0.4791455607074525	0	0	0	0	0	0	0	0.4762166750000368	0.0025946706257941217	0	0.00514768578493402	0.005147234656941845	0.005147720873207353	0	0	0
0.00005128613839913659	0.0035253973850158118	0.0005547769215310802	0.0035219363049015856	0.0005510837747230309	0	0	0.48739434106116514	0	0	0	0	0	0	0	0.48422915440390185	0.0026673743844591574	0	0.005282376962740247	0.00528187509812989	0.0052823794570609215	0	0	0
0.00005495408738576248	0.003620717042380854	0.0005689289946244542	0.0036146860116447934	0.0005624714616671034	0	0	0.4946650760443665	0	0	0	0	0	0	0	0.4917527011487084	0.002739994121956485	0	0.0054165595813316396	0.005416026591572973	0.005416568251096732	0	0	0
0.00005888436553555896	0.0037186139516377976	0.0005834420798022683	0.0037098782691203994	0.0005740944656716395	0	0	0.5020442726627224	0	0	0	0	0	0	0	0.4993931424569817	0.0028145909445997635	0	0.005554150698646073	0.0055535853263572015	0.005554165855989708	0	0	0
0.00006309573444801943	0.0038118043394400817	0.0005947515486801445	0.0038032833837441495	0.0005856363389834623	0	0	0.5088396086844573	0	0	0	0	0	0	0	0.5060329816221131	0.002888457948293398	0	0.005674226531402051	0.005673690949980462	0.005674265269674739	0	0	0
0.00006760829753919819	0.003907330126531396	0.0006062802408378112	0.003899040196942645	0.0005974102557088933	0	0	0.5157269218368238	0	0	0	0	0	0	0	0.5127611028648138	0.0029642635406992566	0	0.005796898297612942	0.005796394059728162	0.005796961629425416	0	0	0
0.00007244359600749906	0.003995111110811056	0.0006175369268821538	0.003986975762692595	0.0006088339516606949	0	0	0.5212621761089363	0	0	0	0	0	0	0	0.5181461130269494	0.0030399557202170926	0	0.0059357592535012535	0.0059352481487964385	0.005935778878444375	0	0	0
0.00007762471166286927	0.004084864158098365	0.0006290026136033583	0.004076894550808379	0.0006204760918523712	0	0	0.5268568398060004	0	0	0	0	0	0	0	0.5235876764929249	0.003117580692133971	0	0.006077946533930817	0.006077428522767449	0.006077920322077218	0	0	0
0.00008317637711026725	0.004179039343151136	0.0006393300126454224	0.004171584000906712	0.0006313606095817696	0	0	0.5316583247170689	0	0	0	0	0	0	0	0.5286742748279016	0.0031882497528116127	0	0.006213282418347738	0.006212742877339262	0.006213240545423374	0	0	0
0.00008912509381337459	0.0042753857057844825	0.0006498269740528372	0.004268472696496489	0.0006424360657337078	0	0	0.5365035677339641	0	0	0	0	0	0	0	0.5338102889222316	0.0032605207338981383	0	0.006351631787912766	0.006351070015111187	0.0063515735695099445	0	0	0
0.00009549925860214369	0.004369648810148348	0.0006591487128101497	0.004363503593994963	0.0006525944944178996	0	0	0.5402940754050995	0	0	0	0	0	0	0	0.5379250767258961	0.0033378520169812342	0	0.00648473220810672	0.0064841237534202225	0.006484663951240481	0	0	0
0.00010232929922807557	0.004465990214215622	0.0006686041714912718	0.004460650206439149	0.0006629135518071646	0	0	0.5441113637898572	0	0	0	0	0	0	0	0.5420715826867791	0.00341701740198587	0	0.00662062178901517	0.006619964942857308	0.0066205430985446624	0	0	0
0.00010964781961431851	0.004559725405447104	0.0006777656797659585	0.0045544168264997015	0.0006721094497806454	0	0	0.5461065912669164	0	0	0	0	0	0	0	0.5440784084863617	0.003493798805688217	0	0.006751328730465604	0.006750656517589655	0.006751288713660169	0	0	0
0.00011748975549395303	0.004655427973599208	0.0006870527230544018	0.004650154499799274	0.0006814329127123425	0	0	0.5481091351371801	0	0	0	0	0	0	0	0.5460926638393797	0.003572305510511664	0	0.006884616140199483	0.006883928209868442	0.006884616354995791	0	0	0
0.00012589254117941688	0.004746712891360168	0.0006960282604713173	0.004741167426129011	0.0006901171043535539	0	0	0.5495064669027564	0	0	0	0	0	0	0	0.5469246662789852	0.0036477176147826215	0	0.007010490801284487	0.007009788281191317	0.0070104939928741965	0	0	0
0.0001348962882591656	0.0048397877490058885	0.0007051210527497851	0.004833961659458206	0.0006989119674681462	0	0	0.5509073609809039	0	0	0	0	0	0	0	0.5477579363204186	0.0037247216840895513	0	0.00713866688774754	0.00713794947435485	0.007138673164912338	0	0	0
0.0001445439770745928	0.0049266317550603735	0.0007138426914814862	0.00492003234526226	0.0007068011968110065	0	0	0.5505406350864414	0	0	0	0	0	0	0	0.5470940597972586	0.0037970830166996817	0	0.007256597453940402	0.007255854120224177	0.007256569106377234	0	0	0
0.00015488166189124827	0.005015034069408241	0.0007226722081185024	0.005007635555210395	0.0007147794787706766	0	0	0.550174153312661	0	0	0	0	0	0	0	0.546430987885055	0.0038708501355406173	0	0.007376476229604452	0.0073757063149753445	0.007376412111770207	0	0	0
0.00016595869074375631	0.005095182547140904	0.0007315090597518408	0.00508649977258362	0.0007222302598098888	0	0	0.5483784602653979	0	0	0	0	0	0	0	0.5446158979356839	0.003938297438851868	0	0.007481546094225341	0.007480766248736942	0.007481495075888796	0	0	0
0.00017782794100389227	0.005176611929129421	0.0007404539686010384	0.005166606006216458	0.000729758706954161	0	0	0.5465886281141806	0	0	0	0	0	0	0	0.5428068372042687	0.004006919972038891	0	0.0075881125645570965	0.0075873226615081986	0.007588075031929801	0	0	0
0.00019054607179632481	0.005248903554182825	0.000748179832048172	0.0052379647795779355	0.0007364776275664136	0	0	0.54353080750607	0	0	0	0	0	0	0	0.5396584998500615	0.0040695164087016095	0	0.007685006391807986	0.007684212306847846	0.007684999429473043	0	0	0
0.00020417379446695317	0.005322204735124222	0.0007559863068074677	0.00531030912732414	0.000743258409577186	0	0	0.5404900934867005	0	0	0	0	0	0	0	0.5365284231871664	0.004133090732097844	0	0.007783137471890799	0.007782339227019867	0.0077831618668089434	0	0	0
0.00021877616239495564	0.005385032080977678	0.0007614387272400781	0.0053734635597516055	0.0007490648501662191	0	0	0.5360444045709908	0	0	0	0	0	0	0	0.5320235305510572	0.0041901434563548	0	0.007893508292576167	0.007892742413552558	0.007893588128781838	0	0	0
0.00023442288153199226	0.005448601088526515	0.0007669304723116491	0.00543736907507079	0.0007549166514963896	0	0	0.531635282745361	0	0	0	0	0	0	0	0.5275564626727546	0.004247983730064729	0	0.008005444255609704	0.008004711821145673	0.00800558110098666	0	0	0
0.0002511886431509582	0.005502701075587815	0.0007722262372275754	0.005490884748919735	0.0007595811108397013	0	0	0.5256994845743128	0	0	0	0	0	0	0	0.5216046748384412	0.004308927853254001	0	0.00804745668259922	0.008046733557633952	0.008047598591429108	0	0	0
0.00026915348039269194	0.0055573382296305925	0.0007775585701598432	0.00554492713473323	0.0007642743908229105	0	0	0.5198299605973804	0	0	0	0	0	0	0	0.5157200338991639	0.0043707463173982605	0	0.008089689590047428	0.008088975892486912	0.008089836611709533	0	0	0
0.00028840315031266115	0.005597531945581752	0.0007779713075665437	0.005585909144084911	0.0007655391245737072	0	0	0.512382164780389	0	0	0	0	0	0	0	0.5078629383155198	0.004402502378369079	0	0.008139313462695348	0.008138604104397696	0.008139428588334375	0	0	0
0.0003090295432513592	0.005638016364516096	0.000778384264059204	0.005627194047424133	0.00076680595122658	0	0	0.505041076284514	0	0	0	0	0	0	0	0.5001255471198237	0.004434489165933282	0	0.008189241738708702	0.00818853679977463	0.008189324571611459	0	0	0
0.0003311311214825914	0.005664367150596367	0.0007785147272850019	0.0056542770262216525	0.0007677241980441691	0	0	0.49629790556801673	0	0	0	0	0	0	0	0.4915207833696126	0.004467065925581555	0	0.008219696319207295	0.008219021768175074	0.008219768052199962	0	0	0
0.000354813389233576	0.0056908410941636164	0.0007786452123774441	0.005681490351997494	0.0007686435444583578	0	0	0.4877060948849248	0	0	0	0	0	0	0	0.48306406636411003	0.004499882001468847	0	0.008250264155792693	0.008249620228560834	0.008250324705187747	4.080027183128207e-11	4.080027183128207e-11	4.080027183128207e-11
0.00038018939632056124	0.005702220126464957	0.0007770656860481357	0.005693390842928373	0.0007676248736905798	0	0	0.4779318116341159	0	0	0	0	0	0	0	0.4736213337390447	0.0045225393886852904	0	0.008260479449778238	0.008259855096468902	0.008260533197626088	3.8077029160230374e-11	3.8077029160230374e-11	3.8077029160230374e-11
0.00040738027780411304	0.005713621911532363	0.0007754893638782893	0.005705316260713944	0.0007666075529505765	0	0	0.4683534181088386	0	0	0	0	0	0	0	0.4643631836686281	0.004545310858269968	0	0.008270707392114107	0.008270102662236784	0.008270754321484605	3.5535551225357414e-11	3.5535551225357414e-11	3.5535551225357414e-11
0.00043651583224016654	0.00571122523641139	0.0007725934436884044	0.005702821405341481	0.0007636061915878841	0	0	0.4575722657597941	0.4571565360120471	0	0	0	0	0	0	0.45375248486152414	0.004557411775990836	0	0.008258640600595654	0.00825802918744969	0.00825867547701659	3.316370601225657e-11	3.316370601225657e-11	3.316370601225657e-11
0.00046773514128719906	0.005708829566616237	0.0007697083377715926	0.00570032764093454	0.0007606165809182224	0	0	0.44703928763448575	0.446875437416936	0	0	0	0	0	0	0.44338424052353986	0.0045695449098162215	0	0.008246591414277174	0.008245973338658235	0.00824661427283603	3.095017126630546e-11	3.095017126630546e-11	3.095017126630546e-11
0.0005011872336272725	0.005689724803988167	0.0007650855057963629	0.005680728984756567	0.0007554621384703613	0	0	0.4355895968157359	0.4353812612846372	0	0	0	0	0	0	0.43189366430188153	0.004569441731153072	0	0.008209730351403367	0.008209103102225878	0.00820971638596255	2.8884380444683062e-11	2.8884380444683062e-11	2.8884380444683062e-11
0.0005370317963702533	0.005670683975998679	0.000760490438331951	0.0056611977119551595	0.000750342625943323	0	0	0.42443315856666164	0.42418272924887623	0	0	0	0	0	0	0.4207008734542582	0.004569338554819656	0	0.00817303405211343	0.008172397723752514	0.00817298359157559	2.695647227585696e-11	2.695647227585696e-11	2.695647227585696e-11
0.0005754399373371578	0.005634355057866746	0.0007525881949426886	0.005625628086703082	0.000743257822219678	0	0	0.4122012130978914	0.4119333282244652	0	0	0	0	0	0	0.4086606970599096	0.004558172999762382	0	0.008113927436425276	0.008113304414923866	0.008113868156213013	2.5157243685758346e-11	2.5157243685758346e-11	2.5157243685758346e-11
0.0006165950018614823	0.0055982588789067035	0.0007447680636319422	0.005590281947417217	0.0007362399138609862	0.005596871472487979	0.0007432825058898959	0.40032178601023993	0.40003766113383	0	0	0	0	0	0	0.3969651024260334	0.00454703472865841	0	0.008055248274237967	0.008054638400417688	0.008055180304566832	2.3478105865931957e-11	2.3478105865931957e-11	2.3478105865931957e-11
0.0006606934480075965	0.005545908044420513	0.0007353989561008942	0.005538310658585494	0.0007272784741017694	0.0055454947818622535	0.0007349618558678295	0.3877160336799465	0.3874892622259271	0	0	0	0	0	0	0.3844510041094352	0.004524774519718167	0	0.007972904847556065	0.007972310513767957	0.007972847868233658	2.191104327394805e-11	2.191104327394805e-11	2.191104327394805e-11
0.0007079457843841388	0.005494046756761408	0.0007261477110027486	0.00548682253230053	0.0007184261121051752	0.005494589705486133	0.000726734351071489	0.37550722450230106	0.3753344820455848	0	0	0	0	0	0	0.3723314056008059	0.004502623286611982	0	0.007891403162765516	0.007890824115039006	0.007891356956213565	2.044857537036099e-11	2.044857537036099e-11	2.044857537036099e-11
0.0007585775750291852	0.005425826122144904	0.0007148379872971966	0.0054189896262149895	0.0007075326470446723	0.005426974152840071	0.0007160758950063194	0.36261185160800663	0.3623183254067784	0	0	0	0	0	0	0.35939106154505773	0.004469396645928383	0	0.007787133832157721	0.007786571325102978	0.007787094846125551	1.9083720909560808e-11	1.9083720909560808e-11	1.9083720909560808e-11
0.0008128305161640995	0.0053584525962614635	0.0007037044121194968	0.005351995329929738	0.000696804359138821	0.00536019066650009	0.0007055737583521239	0.3501593214374534	0.3497535537106045	0	0	0	0	0	0	0.3469004579671806	0.004436415197787189	0	0.007684242215130287	0.007683695912745144	0.007684210266880509	1.7809964614057114e-11	1.7809964614057114e-11	1.7809964614057114e-11
0.0008709635899560814	0.005275779460341969	0.0006911637461711394	0.005269211756426726	0.0006841434746746924	0.005277576248839847	0.0006930959837479719	0.3370890329578677	0.33667088941836854	0	0	0	0	0	0	0.3339182525146079	0.004392735605265985	0	0.0075591142103289865	0.007558581379985705	0.00755908702038291	1.6621226073111018e-11	1.6621226073111018e-11	1.6621226073111018e-11
0.0009332543007969925	0.005194381850757731	0.0006788465665328283	0.005187708662374732	0.000671712637559308	0.005196235133274619	0.000680838873329851	0.3245066150859763	0.3240775871445238	0	0	0	0	0	0	0.32142188573575836	0.004349486068706124	0	0.007436023754208116	0.007435504102016846	0.007436001176073738	1.5511830717249928e-11	1.5511830717249928e-11	1.5511830717249928e-11
0.001	0.005097769657556475	0.0006643257305863515	0.0050914283524955365	0.0006575478632746721	0.005099262969603404	0.0006659303025784409	0.31150768473165535	0.3111179884149452	0	0	0	0	0	0	0.30845383977525775	0.004297058940767417	0	0.007292411236328366	0.007291907271814913	0.007292388957570632	1.4476482730108392e-11	1.4476482730108392e-11	1.4476482730108392e-11
0.001071519305237607	0.005002954389599321	0.0006501155019066402	0.00499693493904282	0.0006436817893855851	0.005004100500891304	0.0006513481900986661	0.2990294592952036	0.29867663348220364	0	0	0	0	0	0	0.29600900092508986	0.004245263750418688	0	0.007151572318422664	0.007151083629464277	0.00715155033589934	1.3510239768287016e-11	1.3510239768287016e-11	1.3510239768287016e-11
0.001148153621496884	0.004894241301721599	0.0006345846189769629	0.004888171274748336	0.0006280951646556422	0.004894984189714518	0.0006353829896087329	0.2860134078245121	0.28575057575099444	0	0	0	0	0	0	0.2831521099441975	0.004184512841103727	0	0.006990693832978932	0.006990221305992881	0.006990676112029753	1.2608489368552395e-11	1.2608489368552395e-11	1.2608489368552395e-11
0.0012302687708123836	0.004787890525101487	0.0006194247598482381	0.00478177496860741	0.0006128859669004532	0.004788247201127813	0.0006198091122706237	0.27356391456613516	0.2733839289335971	0	0	0	0	0	0	0.27085364673130513	0.004124631294259406	0	0.006833434396036172	0.006832977551182312	0.006833420756054541	1.1766926929754654e-11	1.1766926929754654e-11	1.1766926929754654e-11
0.0013182567385564075	0.0046690603863851635	0.0006026948072828887	0.004662867742617597	0.0005960711909377603	0.004668897802214052	0.000602519227663673	0.26091862170543156	0.2607742173638933	0	0	0	0	0	0	0.25831367234974517	0.00405780774917805	0	0.006658348259066743	0.006657912317547331	0.006658345623284363	1.098153516435748e-11	1.098153516435748e-11	1.098153516435748e-11
0.0014125375446227555	0.004553179480069476	0.0005864167115546917	0.0045469173534687865	0.0005797177351976611	0.0045525232453296855	0.000585711653019263	0.24885784830441796	0.2487461231061187	0	0	0	0	0	0	0.24635427334307058	0.003992066818725413	0	0.0064877481760464975	0.006487332366616421	0.00648775598953564	1.0248564921490003e-11	1.0248564921490003e-11	1.0248564921490003e-11
0.0015135612484362103	0.00442529322166511	0.0005684607074989632	0.004419296310802972	0.0005620456372303037	0.004424573140128277	0.0005676866816698586	0.2367298234167605	0.2366320467747896	0	0	0	0	0	0	0.2343857075537504	0.003919685080709195	0	0.006300809641099499	0.006300411568200733	0.006300818202206197	9.564517289977719e-12	9.564517289977719e-12	9.564517289977719e-12
0.0016218100973589332	0.004300998935674803	0.0005510545139709641	0.004295257284097635	0.0005449122549647542	0.004300219113088103	0.0005502164194345241	0.22519285478341775	0.2251079327855012	0	0	0	0	0	0	0.22299860749307124	0.003848615724533296	0	0.006119257569205603	0.006118876555945797	0.006119266828359005	8.92612689591888e-12	8.92612689591888e-12	8.92612689591888e-12
0.0017378008287493763	0.004165939877458322	0.0005321815746893167	0.004160712415147722	0.0005265915603034829	0.004165582266699916	0.0005317981061135181	0.21368751083544943	0.21360136174816208	0.21368654952584057	0	0	0	0	0	0.21153522828533422	0.0037716173000377764	0	0.005923229719339705	0.005922863039438539	0.005923237103033476	8.330346315076005e-12	8.330346315076005e-12	8.330346315076005e-12
0.0018620871366628695	0.004035121915200968	0.0005139550103634997	0.00403038203687052	0.0005088868324328508	0.004035160805604574	0.0005139963397613197	0.20276998722258135	0.20268295824183308	0.20276471565196139	0	0	0	0	0	0.20066113106611533	0.0036961593664093955	0	0.005733481539431868	0.0057331286655650905	0.0057334871583236665	7.774331525673042e-12	7.774331525673042e-12	7.774331525673042e-12
0.001995262314968883	0.0038961539067367793	0.0004952225796993763	0.0038913649829271247	0.0004901008160806391	0.0038961171019679824	0.0004951827840352196	0.1918105924994753	0.1917126547222814	0.19184546163423344	0	0	0	0	0	0.18987578936804994	0.003615271382164973	0	0.005531709810886799	0.005531363639572229	0.005531709655676019	7.255428332155996e-12	7.255428332155996e-12	7.255428332155996e-12
0.0021379620895022326	0.003761971901714957	0.0004771729013219526	0.0037571429437268282	0.0004720083024639937	0.0037618645708403383	0.00047705785165461545	0.18144353559885515	0.1813361236656694	0.18151422959025165	0	0	0	0	0	0.17967014935374392	0.0035361535775439152	0	0.005337038799447055	0.0053366992959621735	0.005337033269582829	6.771159695108933e-12	6.771159695108933e-12	6.771159695108933e-12
0.0022908676527677745	0.003620235705279146	0.00045817383490853275	0.0036154627710518515	0.00045306865583511353	0.003619813432594737	0.00045772035838838755	0.1711389657106305	0.17105879534050136	0.17120579007436712	0	0	0	0	0	0.16945058591609388	0.003454641900652742	0	0.005132228392279906	0.005131895494412495	0.005132210322472376	6.319213906843652e-12	6.319213906843652e-12	6.319213906843652e-12
0.0024547089156850338	0.0034838395671704415	0.00043993123333957847	0.003479125294044797	0.00043488897510631235	0.0034831262635981303	0.0004391667085166754	0.1614196145805768	0.16136394046501418	0.16148278083297143	0	0	0	0	0	0.1598123070002846	0.003375009144833271	0	0.004935277643710014	0.004934951344457004	0.004935248004581175	5.89743355621799e-12	5.89743355621799e-12	5.89743355621799e-12
0.002630267991895387	0.0033411186363132774	0.00042097768214836764	0.003336473657315094	0.0004160084282932189	0.0033401872399508314	0.0004199778329789166	0.1518915584162195	0.15182704924462298	0.15195385986169496	0	0	0	0	0	0.1502947634736851	0.003292788390800913	0	0.00472953412815379	0.004729224978429591	0.004729510483603753	5.503805230004929e-12	5.503805230004929e-12	5.503805230004929e-12
0.002818382931264455	0.0032042444913691925	0.00040284070653882496	0.003199671045194109	0.00039794757355871745	0.003203114085908891	0.0004016273929082898	0.14292591131538956	0.1428538049820807	0.14298723001773567	0	0	0	0	0	0.14134403258173836	0.003212570669087451	0	0.004532367717524467	0.00453207485454212	0.00453234961926014	5.136449901651081e-12	5.136449901651081e-12	5.136449901651081e-12
0.003019951720402019	0.0030621204679264756	0.000383875026574717	0.00305794126358876	0.00037940474879606445	0.0030614413347727193	0.00038314700530794497	0.1341451203469726	0.13407216566990673	0.1341650053782662	0	0	0	0	0	0.13265941697119424	0.0031303125267052243	0	0.004328373697597393	0.004328098594286515	0.004328363774117916	4.7936139615441505e-12	4.7936139615441505e-12	4.7936139615441505e-12
0.0032359365692962876	0.0029263003448552673	0.0003658022479750001	0.002922489418280665	0.0003617259482743531	0.0029260347258582026	0.00036551696987951267	0.1259037857257039	0.1258303592940609	0.12588710660327848	0	0	0	0	0	0.12450841107112229	0.0030501606109823148	0	0.004133561095145585	0.004133302746112177	0.004133558647259549	4.473660845971577e-12	4.473660845971577e-12	4.473660845971577e-12
0.0034673685045253167	0.002786528144738533	0.00034724262649557525	0.0027831167016847927	0.00034359501156555524	0.0027864790989929828	0.0003471904663405985	0.11785902347004022	0.1178109479258077	0.1178242660908156	0	0	0	0	0	0.11653467731409155	0.002967532504017612	0	0.003933269402455187	0.003933027194018425	0.003933269753519438	4.175063224810086e-12	4.175063224810086e-12	4.175063224810086e-12
0.003715352290971728	0.002653432042637441	0.000329624660108119	0.0026503906316121873	0.0003263728591657255	0.0026535795014693215	0.0003297828277508888	0.11032829023564142	0.11030262910353499	0.1102778358675673	0	0	0	0	0	0.10907159524300729	0.0028871427723161586	0	0.003742682843241073	0.0037424558177932693	0.003742685727758449	3.896395710653365e-12	3.896395710653365e-12	3.896395710653365e-12
0.003981071705534978	0.0025175843469543934	0.0003119627892597421	0.0025146498927832925	0.00030882459333858575	0.0025176739715049514	0.00031205856879464874	0.10302929190500393	0.10302200792238493	0.10295169357566404	0	0	0	0	0	0.10183802138557763	0.002804456100800102	0	0.0035481202060984257	0.003547908440502565	0.003548123352809281	3.6363280545741987e-12	3.6363280545741987e-12	3.6363280545741987e-12
0.004265795188015935	0.0023886916424397083	0.0002952472726124202	0.002385861166219324	0.0002922198545998413	0.002388728969033604	0.0002952869044828608	0.09621317404425193	0.09622195048857454	0.09611225253663692	0	0	0	0	0	0.09508417454263156	0.002724137544124768	0	0.003363671869674649	0.003363474390891173	0.0033636752435237008	3.3936187960401244e-12	3.3936187960401244e-12	3.3936187960401244e-12
0.004570881896148752	0.0022577962045754745	0.00027830956378483996	0.0022551238316596664	0.0002754512655779713	0.0022578110691923274	0.00027832510937698756	0.08962830983256694	0.08965818452180577	0.08956778142464152	0	0	0	0	0	0.08859804051967385	0.002640612917027549	0	0.0031770720247332094	0.0031768852827389438	0.003177074985905089	3.167109336669958e-12	3.167109336669958e-12	3.167109336669958e-12
0.004897788193684466	0.00213407357016115	0.0002623435353314402	0.0021315504724770187	0.0002596449163675247	0.002134068322631742	0.00026233762938243735	0.0834941160942037	0.08354216486913411	0.08346893614083485	0	0	0	0	0	0.08255435588186477	0.0025596492337955816	0	0.0030008238143986025	0.0030006472256829614	0.0030008263982969395	2.955718409541542e-12	2.955718409541542e-12	2.955718409541542e-12
0.005248074602497733	0.0020092018871654504	0.0002463422038352925	0.002006741072768752	0.00024370964999072	0.0020092123185179275	0.000246353192209473	0.07759977012467267	0.07761781048324157	0.07754041829937325	0	0	0	0	0	0.07673260640222221	0.0024753802748633588	0	0.002822727014833224	0.0028225589995171008	0.002822729668857684	2.758436917649485e-12	2.758436917649485e-12	2.758436917649485e-12
0.005623413251903491	0.0018916368581821563	0.00023131685449676183	0.0018892396802865324	0.00022875238356112148	0.0018916611516475868	0.00023134269930953584	0.07212154107491763	0.07211357897715034	0.07203298314353782	0	0	0	0	0	0.07132140784556464	0.0023938856247488326	0	0.002655200136055349	0.0026550402984948356	0.002655202842780707	2.574323116873581e-12	2.574323116873581e-12	2.574323116873581e-12
0.0060255958607435805	0.0017730147428930926	0.0002161364186502471	0.0017708169657004755	0.00021378573531062906	0.0017730995292052829	0.00021622748187764718	0.06688221248546727	0.06686967476841821	0.06676157830769197	0	0	0	0	0	0.06610728155160528	0.0023071352316879675	0	0.0024865689991909303	0.002486417697075506	0.002486571550892502	2.4024981204633833e-12	2.4024981204633833e-12	2.4024981204633833e-12
0.006456542290346563	0.0016618312679407231	0.00020195221644607328	0.0016598173110237908	0.0001997983142767751	0.00166196886674432	0.00020209984606685621	0.06202349922479525	0.062007093075367496	0.06187593715579639	0	0	0	0	0	0.06127434673760416	0.002223528527121829	0	0.0023286475862128748	0.002328504380078541	0.0023286499916641574	2.2421417035791384e-12	2.2421417035791384e-12	2.2421417035791384e-12
0.006918309709189377	0.0015507116935998993	0.0001877780816482456	0.001548839051840402	0.0001857754102080441	0.0015508524061421483	0.00018792894695217726	0.05737413084813125	0.057365016673975644	0.057216651231364234	0	0	0	0	0	0.05668185380272926	0.0021336289381784054	0	0.0021708253198491254	0.0021706910505053375	0.00217083022317124	2.092488387861522e-12	2.092488387861522e-12	2.092488387861522e-12
0.007413102413009177	0.0014470222116155585	0.00017459876681725253	0.0014452809912111442	0.00017273670782906562	0.00144716500637488	0.00017475168729654114	0.05307328563723681	0.05307046298728636	0.05290821163465652	0	0	0	0	0	0.05243356676281399	0.0020473640838442387	0	0.0020236993339821205	0.002023573447856277	0.0020237063855465627	1.952823787339531e-12	1.952823787339531e-12	1.952823787339531e-12
0.00794328234724282	0.0013434881749881744	0.00016161726468057305	0.0013418333295473345	0.0001598478404123082	0.0013436266579259907	0.0001617656289531052	0.04898598641706541	0.04898191576282975	0.04881838043383583	0	0	0	0	0	0.04840061260426039	0.0019538650498124427	0	0.001877121048905636	0.001877000139746185	0.0018771270286223247	1.8224811982332844e-12	1.8224811982332844e-12	1.8224811982332844e-12
0.008511380382023776	0.001247361969874582	0.00014960094346009678	0.001245790054136985	0.0001479206846396742	0.001247496027016083	0.00014974458396037278	0.04521345977437116	0.045208350120701096	0.04504469522877678	0	0	0	0	0	0.044677855143150015	0.0018646359301714777	0	0.0017411595552147008	0.0017410435624857174	0.0017411645813593766	1.7008384163728654e-12	1.7008384163728654e-12	1.7008384163728654e-12
0.009120108393559097	0.0011523383715135878	0.000137868301356255	0.0011507518990696121	0.00013617143605520077	0.0011523081066079164	0.0001378349734449744	0.04164671644169867	0.041635031221847675	0.04145243306460863	0	0	0	0	0	0.041153642463611126	0.0017678027650569743	0	0.001606846916052645	0.0016067378287503438	0.0016068504014039916	1.5873147670407225e-12	1.5873147670407225e-12	1.5873147670407225e-12
0.009772372209558112	0.0010645536376230058	0.0001270558064624039	0.0010629639631612486	0.00012535542302622764	0.0010643833277211704	0.00012687256795614304	0.03836134193292606	0.0383441514723728	0.0381466496387374	0	0	0	0	0	0.03790742153123251	0.0016759982823326173	0	0.0014828951223309977	0.001482792565311553	0.0014828972746943581	1.4813683330593272e-12	1.4813683330593272e-12	1.4813683330593272e-12
0.010471285480509006	0.0009783333297449556	0.00011635262772122878	0.0009768826663239753	0.00011480112740438357	0.0009782239118311146	0.00011623509983034354	0.03524088723421628	0.03522717123511116	0.035011937695716	0	0	0	0	0	0.034848382194402616	0.001577822115680149	0	0.0013615432341632123	0.0013614468816279639	0.0013615437130987831	1.3824933678920859e-12	1.3824933678920859e-12	1.3824933678920859e-12
0.011220184543019653	0.0008990961753951618	0.00010655108455543723	0.0008977724333439842	0.00010513545034713044	0.0008990389052099531	0.0001064895166088245	0.03237426196472002	0.0323635690340405	0.0321348216112767	0	0	0	0	0	0.03203620010310081	0.0014853968855293323	0	0.0012501221094999542	0.0012500316327827392	0.0012501211744831821	1.290217881408605e-12	1.290217881408605e-12	1.290217881408605e-12
0.012022644346174132	0.0008219581998054113	0.0000971539844592066	0.0008207116281965547	0.00009582067766909864	0.0008219023212644066	0.0000970938833409356	0.029682057260360398	0.029674781093029387	0.02941358025004957	0	0	0	0	0	0.029384415777598448	0.0013880851462406028	0	0.0011418248103566126	0.001141739881724572	0.0011418231019899752	1.2041013867897646e-12	1.2041013867897646e-12	1.2041013867897646e-12
0.01288249551693135	0.0007514382784805097	0.00008858564636560601	0.0007502653808918615	0.00008733117363030226	0.0007513839743587762	0.00008852723237398922	0.027213733062622748	0.027209379533913315	0.02692277908343838	0	0	0	0	0	0.026952131894918505	0.0012971485210346116	0	0.0010429092387362166	0.0010428295759352206	0.0010429068980269045	1.1237327978171682e-12	1.1237327978171682e-12	1.1237327978171682e-12
0.013803842646028866	0.0006834211374080726	0.00008042459668780962	0.0006823119370857081	0.00007923790005326224	0.000683389610047374	0.00008039073338189641	0.02489094697635512	0.02489729566735566	0.02458508621283915	0	0	0	0	0	0.024676956436325243	0.001203457857889895	0	0.0009477482541436332	0.0009476755889347055	0.0009477470723142698	1.0487284665095074e-12	1.0487284665095074e-12	1.0487284665095074e-12
0.014791083881682071	0.0006215606317003172	0.00007301539264839803	0.0006205132095209303	0.00007189465735832294	0.0006215482031264429	0.00007300205643363143	0.022766418703160922	0.022781678309684562	0.022450374169008035	0	0	0	0	0	0.02259384086329384	0.0011165342998361966	0	0.0008612703003003071	0.0008612040189379237	0.000861270085354349	9.787303517382324e-13	9.787303517382324e-13	9.787303517382324e-13
0.01584893192461114	0.0005626532489213732	0.00006596319807233779	0.0005616864883367961	0.00006492875258668454	0.0005626775967842362	0.00006598937909891614	0.020772881022279373	0.020797269228779468	0.02043438377642798	0	0	0	0	0	0.02064422273398651	0.0010290312444732523	0	0.0007789726426679995	0.0007789099505197272	0.0007789733886543886	9.134043100802566e-13	9.134043100802566e-13	9.134043100802566e-13
0.01698243652461746	0.0005093287160992743	0.00005959213998729251	0.0005084367364615785	0.00005863777737268618	0.0005093829832188825	0.00005965034913529293	0.018953907138054293	0.01898571305830743	0.01859942454316756	0	0	0	0	0	0.018862836773486696	0.0009483858241144217	0	0.0007045388396808624	0.0007044796560132811	0.0007045403649217046	8.524385007489074e-13	8.524385007489074e-13	8.524385007489074e-13
0.018197008586099864	0.0004588402302312288	0.00005358583124215953	0.0004580213754508644	0.00005270988919850785	0.0004588984589310125	0.00005364826684167302	0.017269701162289777	0.017300201466682832	0.016883189738640142	0	0	0	0	0	0.017190508258293064	0.0008688013497063306	0	0.0006343678026538689	0.0006343126976175466	0.0006343693683389679	7.955418969888564e-13	7.955418969888564e-13	7.955418969888564e-13
0.019498445997580455	0.0004133565420992523	0.00004818490006442995	0.00041260508009290006	0.00004738127097929788	0.00041341741390440014	0.00004825012052465044	0.01573515033404399	0.015764326041831478	0.015325318000531045	0	0	0	0	0	0.01566644390380412	0.0007958952633611658	0	0.000571185698188316	0.0005711344464307214	0.000571187281131158	7.424428968290481e-13	7.424428968290481e-13	7.424428968290481e-13
0.02089296130854041	0.0003707735682772237	0.00004315766679967988	0.0003700708699064867	0.000042406096923487885	0.0003708425749609686	0.000043231627602519874	0.014307072457333819	0.014331301252805673	0.013867831465478667	0	0	0	0	0	0.014250422669098957	0.0007252280301720062	0	0.0005120152937904577	0.0005119674260162447	0.0005120165350985944	6.928880265618855e-13	6.928880265618855e-13	6.928880265618855e-13
0.022387211385683423	0.00033257738763456195	0.00003865493549019833	0.00033192138284508863	0.00003795333090726847	0.0003326522076195929	0.00003873510790938073	0.013008602902034903	0.013028542739706495	0.012548956540298624	0	0	0	0	0	0.012962389390655468	0.0006608353133375757	0	0.000458974483967028	0.0004589298490745002	0.00045897543743480537	6.466407307596191e-13	6.466407307596191e-13	6.466407307596191e-13
0.02398832919019495	0.0002970538844435467	0.000034494687263987696	0.00029643555232325674	0.000033833288547396506	0.0002971224251821971	0.000034568156164289404	0.01180172726780092	0.011819286325270219	0.011312850671324155	0	0	0	0	0	0.011763568917722917	0.00059940387491403	0	0.0004097192415085057	0.00040967782175758413	0.00040972002319968314	6.034802430519232e-13	6.034802430519232e-13	6.034802430519232e-13
0.025703957827688646	0.0002653247440862099	0.000030782186914838775	0.00026474352428872117	0.000030160499396699215	0.00026538749337598255	0.00003084946667488989	0.0107068197524708	0.010722268179155326	0.010198504545034815	0	0	0	0	0	0.010675620791161845	0.0005436831204545829	0	0.00036574986786055296	0.00036571148723166605	0.00036575050366305183	5.632005322742217e-13	5.632005322742217e-13	5.632005322742217e-13
0.02754228703338169	0.00023602925188319338	0.00002736044616441676	0.00023548335876670816	0.00002677647411528782	0.00023608126046210752	0.00002741622945989833	0.009689168914759292	0.009705805266252004	0.009157820881251236	0	0.007088765179199368	0.007027342203857091	0	0	0.009672700141576038	0.0004910357949204799	0	0.00032515110750794897	0.0003251154782819558	0.00032515115690338474	5.256093189560717e-13	5.256093189560717e-13	5.256093189560717e-13
0.0295120922666639	0.00020996838397567086	0.000024319065321349277	0.0002094571053438703	0.000023772138405809893	0.0002100112587536929	0.000024365077222213576	0.008768242711573922	0.008785702268624492	0.008223331462249682	0	0.006461956689760036	0.006400187859202733	0	0	0.00876399882115546	0.000443486550937219	0	0.0002890588678324668	0.0002890258520962109	0.00028905845317169344	4.905271574547311e-13	4.905271574547311e-13	4.905271574547311e-13
0.03162277660168379	0.0001859502312054117	0.000021514779768703256	0.00018547933976346736	0.000021011024820305648	0.00018599085604572386	0.000021558389744857592	0.007921373732033216	0.007936582918092705	0.0073516581302277536	0	0.005862896436061584	0.0058026042729229	0.00592257656677602	0.0058759569018035605	0.007922799047838058	0.000398861457362689	0	0.0002558427275322551	0.0002558124015186998	0.0002558419864440088	4.577865793523512e-13	4.577865793523512e-13	4.577865793523512e-13
0.03388441561392028	0.00016467949998297095	0.000019033862625034455	0.0001642464476085077	0.000018570612221053093	0.00016471782864361677	0.000019075013149043313	0.007156298458723004	0.007169529138348835	0.006572382192284621	0	0.005319372485806615	0.005260816883637112	0.0053610738634328374	0.00532844766911751	0.007162340620231584	0.0003587266893060955	0	0.000226443498246455	0.00022641567976064872	0.00022644251122708902	4.2723129402772456e-13	4.2723129402772456e-13	4.2723129402772456e-13
0.03630780547701017	0.0001451846526655667	0.00001677065604267379	0.00014478324936338183	0.000016341248703053955	0.00014520160548991355	0.000016788858391649542	0.006448204427444376	0.006465110489562301	0.005848946263453031	0	0.00480780290663144	0.004751546002371954	0.004831806215111517	0.004811160318491959	0.006462112071673887	0.000321309356407844	0	0.00019951091772216816	0.00019948497159483246	0.00019950965833463114	3.9871544258643757e-13	3.9871544258643757e-13	3.9871544258643757e-13
0.038904514499428125	0.0001279976158040369	0.000014776554272896112	0.00012762643942342027	0.000014379515656049796	0.00012799771834331737	0.000014776701011553306	0.0058101741532916445	0.00582990219241575	0.005205140448606409	0	0.004345431505443564	0.004291574847031731	0.004354790084059949	0.0043440913841357575	0.005830341593768427	0.000287794874462575	0	0.0001757816258739275	0.0001757575002502427	0.00017578017287082394	3.721029015879684e-13	3.721029015879684e-13	3.721029015879684e-13
0.04168693834703355	0.00011235384209738225	0.000012984766362079307	0.00011198839143103776	0.000012593736534652181	0.00011233169045613682	0.000012961028336835908	0.0052253621839163196	0.005244427415506449	0.004614533680922995	0	0.003913399105673613	0.0038620980141265623	0.003909472896950064	0.0039073238073667966	0.005247420676628716	0.00025669156150720236	0.004539582224346233	0.00015417859576464754	0.00015415621691013882	0.000154177146675443	3.4726663324601157e-13	3.4726663324601157e-13	3.4726663324601157e-13
0.04466835921509635	0.00009862203881492399	0.00001141024858461406	0.00009826647105387991	0.000011029731716833252	0.00009858307510519844	0.000011368454665010777	0.004699413345060206	0.004717749630910816	0.004090940734956297	0	0.0035243203214921502	0.0034756008230956994	0.003509693472466507	0.0035144701125233505	0.004722780529178742	0.0002289497263356372	0.004041356203016707	0.00013523051271017	0.000135209815673359	0.00013522908851869964	3.240880790001314e-13	3.240880790001314e-13	3.240880790001314e-13
0.0478630092322639	0.00008611485553391056	9.955026114567857e-6	0.0000857980002729788	9.615950634044497e-6	0.00008609412237468922	9.932815433092955e-6	0.004215473738866481	0.004233951318639016	0.0036128571575212197	0	0.0031597050829444005	0.0031139605465888343	0.003137602333100741	0.003148323639941206	0.004243141201826277	0.0002033336014189054	0.0035835437140497722	0.00011802171238866816	0.00011800284693155334	0.00011802033933768557	3.0245659356390744e-13	3.0245659356390744e-13	3.0245659356390744e-13
0.05128613839913648	0.0000751938251605495	8.685397535980189e-6	0.00007491158247461513	8.383386737799025e-6	0.00007518732702909103	8.678472609961937e-6	0.003781369617497512	0.0037997658144364563	0.0031906443251839985	0	0.0028328118049603776	0.002789949358187521	0.002804959600577539	0.002820323242042317	0.003812213408478377	0.0001805835461247588	0.0031775930913785387	0.00010300282322383021	0.0001029856583607141	0.00010300151136089646	2.822689167479246e-13	2.822689167479246e-13	2.822689167479246e-13
0.05495408738576248	0.00006531290830988889	7.549747722744747e-6	0.0000650493094998263	7.267626644142856e-6	0.0000653025888835616	7.538735810585061e-6	0.0033833606245946535	0.0034035282308239588	0.0028119087332774606	0	0.002528787939189869	0.002488803089992875	0.002497723430566645	0.002517077890791436	0.0034159688825291176	0.000159775567304755	0.002805506294557327	0.00008939904230537793	0.00008938353620205904	0.00008939776528500413	2.6342868053630824e-13	2.6342868053630824e-13	2.6342868053630824e-13
0.05888436553555896	0.000056730402832784735	6.562588579390446e-6	0.00005648542624016884	6.3003650780546205e-6	0.000056717378890800325	6.548679724651102e-6	0.003027244166528521	0.003048610094339115	0.0024781297814591365	0.0024184925690988817	0.0022573926125959475	0.0022201624565623243	0.002224139818027	0.0022464379308958665	0.0030609103311099225	0.00014136521546608536	0.002476989766297032	0.00007759193889036752	0.00007757795280582997	0.00007759071039210759	2.4584594906378613e-13	2.4584594906378613e-13	2.4584594906378613e-13
0.06309573444801943	0.000048997464149154114	5.6661645333080354e-6	0.00004877602874444317	5.42912051078922e-6	0.00004898970102477245	5.657885774906254e-6	0.002699383663421939	0.002722145041826714	0.002184286244095021	0.0021265662263173103	0.002005788641655547	0.001971620018495779	0.0019713400104315786	0.0019962678357944084	0.0027353118389140665	0.00012438855327462668	0.0021778665781058168	0.00006696435701434569	0.00006695180884972495	0.00006696344766194004	2.2943678929729635e-13	2.2943678929729635e-13	2.2943678929729635e-13
0.06760829753919818	0.00004231860471930668	4.89218852136241e-6	0.00004211884619517824	4.678355802482086e-6	0.00004231491041074685	4.888263403901952e-6	0.0024070315314886643	0.002430639996404053	0.0019252851209969714	0.0018698771179596564	0.0017822278909506344	0.001750901374736487	0.0017472738922392757	0.0017739574360899771	0.002444348264651856	0.00010945063207198013	0.001914865736050676	0.00005779240955275899	0.000057781167794792154	0.000057791754967995736	2.1412287037275513e-13	2.1412287037275513e-13	2.1412287037275513e-13
0.07244359600749906	0.000036344182644423094	4.20728465645432e-6	0.00003615544078067113	4.005200691106212e-6	0.00003634275016230445	4.205775357294265e-6	0.002140387367857418	0.0021652575832227954	0.0016985802507072502	0.0016343833785155291	0.0015748273744345404	0.001546859628785085	0.0015402960302022379	0.0015688467653122832	0.002177395022318803	0.00009596214459530284	0.0016735810662922629	0.00004957432232357897	0.00004956419140020625	0.000049573832105781896	1.9983108967437025e-13	1.9983108967437025e-13	1.9983108967437025e-13
0.07762471166286927	0.00003121321274301278	3.6182669787030983e-6	0.00003103636533600643	3.428903925504517e-6	0.00003121347715353386	3.618574715491844e-6	0.00190328129255966	0.0019288501829311873	0.0014985701788411856	0.0014285478988493975	0.001391562365206573	0.0013665959406338611	0.001357836267796689	0.0013874516507317001	0.0019395963953990649	0.00008413595262998292	0.0014626997249575422	0.00004252484803559769	0.000042515739347478086	0.00004252448867512704	1.864932238715551e-13	1.864932238715551e-13	1.864932238715551e-13
0.08317637711026708	0.000026629150712343357	3.0911213434852008e-6	0.000026463511826103185	2.9137195717580577e-6	0.00002661857821152021	3.079776044916798e-6	0.001687621391750545	0.0017115449806815394	0.001326538830604688	0.0012358637137331123	0.0012222914142587886	0.0012006216933026243	0.0011893235469223236	0.0012199327094763732	0.001723183079900903	0.00007348547300651216	0.0012703727673919207	0.000036226336110281366	0.00003621817983932932	0.000036226110765856626	1.7404560324762512e-13	1.7404560324762512e-13	1.7404560324762512e-13
0.08912509381337459	0.000022718317191473057	2.640775602350529e-6	0.00002256441598713352	2.4759403959085152e-6	0.000022700088891653518	2.6212034385350766e-6	0.0014963978120458314	0.0015187214884903627	0.001174256163607094	0.0010691689933199876	0.0010736107405067432	0.00105480516044871	0.0010417239050177474	0.001072639767205948	0.001530916397813689	0.00006418320080999962	0.0011033344305700508	0.000030860719993084954	0.000030853433834305514	0.00003086059684916802	1.6242880776565278e-13	1.6242880776565278e-13	1.6242880776565278e-13
0.09549925860214369	0.000019230078240994715	2.2289607578637394e-6	0.000019097091843976655	2.0865182011349723e-6	0.000019220793381083316	2.2189979854455195e-6	0.0013207940431696726	0.0013429470636602072	0.0010411274399380673	0.0009114631145540299	0.0009363794227701469	0.000920756078899974	0.000906161737863943	0.0009370866886481146	0.0013547916060363695	0.00005574999688172992	0.0009496073823706785	0.000026088783355360615	0.00002608243887296275	0.00002608877276016341	1.5158738342062312e-13	1.5158738342062312e-13	1.5158738342062312e-13
0.10232929922807536	0.000016277434021106822	1.8813662378864402e-6	0.0000161625684043955	1.7583453183532932e-6	0.00001627477759940114	1.8785081642358759e-6	0.0011657975509115927	0.00118751649295902	0.0009230918940738771	0.0007770193621242616	0.000816689317930542	0.000803742519111881	0.0007882406184723336	0.0008186639064565738	0.0011989291501533607	0.00004842485437137434	0.0008172990488359845	0.00002205472254423918	0.00002204920273105652	0.000022054792635995175	1.414695775238592e-13	1.414695775238592e-13	1.414695775238592e-13
0.10964781961431873	0.000013659923373000105	1.570027426484154e-6	0.000013565353610016276	1.468767119023263e-6	0.000013659961322096553	1.5700709878660386e-6	0.001024423863302387	0.0010459229948560338	0.0008148934808205233	0.0006507852270030182	0.0007065388377321223	0.000696457770388089	0.0006806179875115228	0.0007100623263404459	0.001057261505616218	0.00004184884381659463	0.0006942817225031598	0.000018487341854991635	0.0000184825715595746	0.000018487480042121482	1.320270916560746e-13	1.320270916560746e-13	1.320270916560746e-13
0.11748975549395303	0.000011463324398322371	1.3102106704549407e-6	0.00001138549356516496	1.2268789454532344e-6	0.000011465259182899167	1.3122769194572046e-6	0.0009001942497501258	0.0009212123938108322	0.0007193773332285894	0.000545059019542996	0.0006112448372519526	0.0006034935497377024	0.0005876896395189998	0.0006158675169524586	0.0009323335670960184	0.00003616584399727211	0.0005897805838492935	0.00001549698973440971	0.000015492870904290995	0.00001549717215431988	1.2321485110975032e-13	1.2321485110975032e-13	1.2321485110975032e-13
0.12589254117941662	9.540976375394142e-6	1.0848619119686097e-6	9.475379009259984e-6	1.014628124102617e-6	9.548179186720008e-6	1.092600499443157e-6	0.0007864203373903018	0.0008071799202345936	0.0006236383405590118	0.00044848646816388033	0.0005250224409676925	0.0005194297903743637	0.0005028995278199693	0.0005294501798858747	0.0008180757846829055	0.00003114644602807641	0.0004922444097795016	0.00001287578983420117	0.00001287222725943951	0.00001287601259779067	1.1499078972023556e-13	1.1499078972023556e-13	1.1499078972023556e-13
0.1348962882591656	7.94099748316904e-6	8.982718539694956e-7	7.885719389787642e-6	8.390968269813102e-7	7.951649790673034e-6	9.09698123683532e-7	0.0006870261026803288	0.0007072629808362212	0.0005406408596024111	0.00036902446324941964	0.00045096260405067527	0.0004470757098325575	0.00043034268102555085	0.0004551587561693429	0.000717820330731075	0.00002682368204245533	0.00041083848060532877	0.000010697946291233784	0.000010694869636638112	0.000010698190532280266	1.0731564905845199e-13	1.0731564905845199e-13	1.0731564905845199e-13
0.1445439770745928	6.546787581686959e-6	7.406486150456513e-7	6.496486949377623e-6	6.867729896782101e-7	6.557617014122254e-6	7.522608573446517e-7	0.0005976410030774957	0.0006167858044256146	0.0004549479836627267	0.0002984759895223704	0.00038443150866145033	0.0003819609648336009	0.0003641949054351653	0.00038706147608438975	0.00062701195536741	0.000022989475813959616	0.0003352722981436544	8.798326769859214e-6	8.795719690791643e-6	8.798588951683928e-6	1.0015279102662102e-13	1.0015279102662102e-13	1.0015279102662102e-13
0.15488166189124797	5.397360688071409e-6	6.106841359271496e-7	5.351996513861525e-6	5.621009687861118e-7	5.40797721679665e-6	6.220705339057912e-7	0.000519885295720223	0.0005378829923929613	0.0003828376345638999	0.00024141466269444746	0.0003277158316992325	0.0003263299156003281	0.00030821467401011477	0.00032915237647957493	0.0005476913586067694	0.000019703335185830284	0.00027360512515017186	7.2360200586026245e-6	7.233812800667204e-6	7.236286109048554e-6	9.34680229624165e-14	9.34680229624165e-14	9.34680229624165e-14
0.1659586907437563	4.401257364386556e-6	4.971785034181427e-7	4.361917944336151e-6	4.5503068915044505e-7	4.408299701802086e-6	5.047253504929656e-7	0.0004493123698897265	0.0004668373205826559	0.00031156352896035913	0.0001920494679831132	0.0002769916782026893	0.000276396639754345	0.00025831415428496284	0.000277112891744859	0.0004758810619412134	0.00001670741293109685	0.00021877368758999407	5.887128762964307e-6	5.885307344297543e-6	5.88731697033345e-6	8.72294344166669e-14	8.72294344166669e-14	8.72294344166669e-14
0.1778279410038923	3.588988675590767e-6	4.047697487438815e-7	3.5549963651591013e-6	3.6835540154978457e-7	3.593414964943132e-6	4.095157470821951e-7	0.00038831951470419504	0.00040517563665514974	0.00025355875131976137	0.00015277861643092977	0.00023411865516450903	0.00023410388939351358	0.000216492620016419	0.0002333009276509472	0.0004134861387814849	0.000014167025237987485	0.00017493066460452902	4.789688916149165e-6	4.788186187738814e-6	4.7898190572973105e-6	8.140724482544356e-14	8.140724482544356e-14	8.140724482544356e-14
0.1905460717963252	2.8894057645338006e-6	3.2578763600742976e-7	2.8601656439910575e-6	2.9445436977065616e-7	2.8906839151168345e-6	3.271479221982704e-7	0.0003332359269858358	0.0003495442462890014	0.0002006898964461109	0.00011967828893343419	0.00019630780648525323	0.00019664090991298368	0.00018000355232049932	0.0001947636050740408	0.0003574427151763255	0.000011908150427869832	0.00013709620625290672	3.847210911838071e-6	3.845962912660786e-6	3.847268946124301e-6	7.597366134937861e-14	7.597366134937861e-14	7.597366134937861e-14
0.20417379446695316	2.3261889146939174e-6	2.6221718422556665e-7	2.301140893206161e-6	2.3537967819189685e-7	2.3253795007356006e-6	2.613471246495566e-7	0.00028596601208337506	0.0003015511522913631	0.00015884458464128842	0.00009374932943256514	0.00016460352063774335	0.00016517302447038252	0.00014966458831502762	0.00016259198899624817	0.0003089953511117453	0.000010009444059755338	0.00010744468279149942	3.090186452456687e-6	3.0891511201964224e-6	3.0901957186174764e-6	7.090274620160183e-14	7.090274620160183e-14	7.090274620160183e-14
0.21877616239495518	1.845649519030983e-6	2.0879982659277356e-7	1.823850315082277e-6	1.8543945593449188e-7	1.8448104304831485e-6	2.0790219225605572e-7	0.00024405696404705774	0.0002583959686246558	0.00012284454040600526	0.00007204867384168734	0.00013651237852495924	0.0001370576809784176	0.00012320833220190634	0.00013418643964314785	0.0002653126080955889	8.40251281725007e-6	0.00008247800611495967	2.4455547798677953e-6	2.4446777452413694e-6	2.4455086463348736e-6	6.617029283096252e-14	6.617029283096252e-14	6.617029283096252e-14
0.23442288153199276	1.4643789786727067e-6	1.6626434195734496e-7	1.4455568460177982e-6	1.4609499036380166e-7	1.463557033741279e-6	1.6538663512304561e-7	0.00020828979383221278	0.00022141675166593568	0.00009500343459389094	0.00005537118434622729	0.00011321525456040834	0.00011372806168206852	0.0001014287567612338	0.00011074346709984239	0.00022780530438798325	7.053560739493925e-6	0.0000633127793387409	1.935397191512334e-6	1.9346574659313945e-6	1.9353183694054725e-6	6.175371036949191e-14	6.175371036949191e-14	6.175371036949191e-14
0.25118864315095824	1.1406574416463815e-6	1.3069560917243924e-7	1.1241103319184277e-6	1.1296728803827852e-7	1.1400659324562257e-6	1.3006551087997723e-7	0.0001764097216674675	0.0001884403411687593	0.00007139635037192438	0.00004160741307595286	0.00009278736588098076	0.00009327836662326487	0.00008237864365740941	0.00009022120285373475	0.00019404351918497596	5.810871296304304e-6	0.000047380303176434855	1.5029462019668566e-6	1.502309692274375e-6	1.5028579982751277e-6	5.763191579250015e-14	5.763191579250015e-14	5.763191579250015e-14
0.2691534803926914	8.884990962944366e-7	1.0273605305783024e-7	8.741434429277383e-7	8.735144261240444e-8	8.880763102376298e-7	1.022878124818455e-7	0.00014940909646231785	0.00016037522867002436	0.0000536553111813326	0.000031264941202055595	0.0000760453642096192	0.00007650577659740491	0.0000669064784734516	0.00007350199210429405	0.0001652853845473335	4.787117665713323e-6	0.00003545718814648914	1.1671233666726175e-6	1.166580881238831e-6	1.1670339096059747e-6	5.3785233276520874e-14	5.3785233276520874e-14	5.3785233276520874e-14
0.28840315031266117	6.774163122417834e-7	7.96510581214328e-8	6.647076304289375e-7	6.603920274603254e-8	6.762823878011136e-7	7.844667062966941e-8	0.00012526737515538362	0.00013517506010942915	0.000039137663167855484	0.000022928437994399973	0.00006131121052244848	0.00006155887495042083	0.000053420576861347054	0.000058716329750608734	0.00013954640067667323	3.87450290889141e-6	0.00002575868407570344	8.862242727017123e-7	8.857981807331778e-7	8.861741638293024e-7	5.01953002746824e-14	5.01953002746824e-14	5.01953002746824e-14
0.30902954325135923	5.164809531097083e-7	6.175330734472305e-8	5.054504927367906e-7	4.992678047325513e-8	5.149983878385456e-7	6.016239846728712e-8	0.0001050265054127907	0.00011393465828306709	0.000028548090478197805	0.000016814785144342118	0.00004943186971090279	0.00004953214324067311	0.00004265294030280632	0.00004690495156227004	0.00011781560720051572	3.1358687709990333e-6	0.000018712984305767904	6.729309719543964e-7	6.725966708429048e-7	6.729064529956277e-7	4.684497986114381e-14	4.684497986114381e-14	4.684497986114381e-14
0.3311311214825908	3.8171680061485364e-7	4.5406242250095247e-8	3.73636762051357e-7	3.6743838462262873e-8	3.8179388239977624e-7	4.547998924767013e-8	0.00008674005013294012	0.00009455605795946726	0.00001998723180890862	0.000011987496369547574	0.000039044822649738614	0.000039019731474402046	0.000033433626048220877	0.00003674082245527426	0.00009788691876097604	2.4874717272810573e-6	0.000013168484512659016	4.96901977904056e-7	4.966496473851868e-7	4.969018909169864e-7	4.3718278926160956e-14	4.3718278926160956e-14	4.3718278926160956e-14
0.354813389233576	2.821163394203363e-7	3.3386500641418266e-8	2.761980292082089e-7	2.7041793044598007e-8	2.830427668903497e-7	3.4380767300905514e-8	0.00007163750014811575	0.00007847347094876757	0.000013993560644209456	8.546054438183873e-6	0.00003084039071686727	0.000030738412366622385	0.00002620704089323267	0.000028779222443026767	0.00008132919816141191	1.9731423876042127e-6	9.266773355155685e-6	3.6691961870598973e-7	3.667292494009935e-7	3.6693285983167154e-7	4.080027183128207e-14	4.080027183128207e-14	4.080027183128207e-14
0.38018939632056126	2.01473616420051e-7	2.38650299565578e-8	1.9714260427157282e-7	1.9222430737759963e-8	2.0274897147790082e-7	2.522588365895626e-8	0.00005786034305571609	0.00006378705849741888	9.307818429574985e-6	5.914819206885809e-6	0.00002371591697672719	0.000023547735766488107	0.000019997050760619603	0.000021918764674673935	0.0000661753301653619	1.5532319305739434e-6	6.258758341396582e-6	2.616450582265248e-7	2.614963701054149e-7	2.616584974573047e-7	3.807702916023037e-14	3.807702916023037e-14	3.807702916023037e-14
0.40738027780411384	1.4388254929429638e-7	1.7058980243075733e-8	1.4071500267541394e-7	1.3664102926110694e-8	1.4523298329425443e-7	1.8508755223692274e-8	0.00004673277671056704	0.000051849227293762057	6.191096470774449e-6	4.093712075344464e-6	0.00001823727601931433	0.000018039183452767993	0.000015258572715321321	0.000016693718734577372	0.000053845044848510184	1.2226839002144762e-6	4.227151617364903e-6	1.86575296071086e-7	1.864600429063062e-7	1.865877297634799e-7	3.553555122535734e-14	3.553555122535734e-14	3.553555122535734e-14
0.43651583224016655	9.87307042382652e-8	1.2053580107397438e-8	9.616211590025126e-8	9.306101558637623e-9	1.0007498384562099e-7	1.3479593149801165e-8	0.00003645065439082994	0.000040871257946472994	3.861489718754393e-6	2.714062715632441e-6	0.00001352191558673378	0.000013302133373884373	0.000011272222899949617	0.000012278392127850884	0.000042439514996351585	9.522614183196575e-7	2.732165894474709e-6	1.2740609306494852e-7	1.2731746154072871e-7	1.2740888091539212e-7	3.316370601225658e-14	3.316370601225658e-14	3.316370601225658e-14
0.4677351412871981	6.774797921772856e-8	8.51685102715446e-9	6.571546998256945e-8	6.3380323383094066e-9	6.895818129281314e-8	9.816944969458581e-9	0.000028430799516761868	0.000032217639747316036	2.4084752867985338e-6	1.7993782388240654e-6	0.00001002574073787738	9.809022274201508e-6	8.327319433918153e-6	9.030876561554048e-6	0.00003344991982443089	7.416486048937912e-7	1.7659008123262245e-6	8.700140314337081e-8	8.693409998473571e-8	8.699941285897886e-8	3.0950171266305524e-14	3.0950171266305524e-14	3.0950171266305524e-14
0.5011872336272735	4.3853755360503305e-8	5.517692809637085e-9	4.251741563967497e-8	4.085088393099799e-9	4.474225796782336e-8	6.470957433440811e-9	0.00002111661878546656	0.00002429990672156038	1.4111902432370079e-6	1.1293715715628564e-6	7.061994861292663e-6	6.859840944565385e-6	5.837805783692473e-6	6.30764100220053e-6	0.000025238753523580793	5.611946006766861e-7	1.090116329234511e-6	5.623732293828385e-8	5.619365601355728e-8	5.6240471630965127e-8	2.888438044468301e-14	2.888438044468301e-14	2.888438044468301e-14
0.5370317963702532	2.8386851998024713e-8	3.5746702442549747e-9	2.7508448667511707e-8	2.6329854896086588e-9	2.903019787541776e-8	4.265409476744085e-9	0.000015684103032974182	0.00001832801754901166	8.268541983897726e-7	7.088449327296201e-7	4.97437273961301e-6	4.797360681757373e-6	4.092550626712141e-6	4.4055895063408465e-6	0.000019043234864761253	4.2464770748644655e-7	6.729447106931989e-7	3.635155729676159e-8	3.6323226176201554e-8	3.635645972002703e-8	2.695647227585696e-14	2.695647227585696e-14	2.695647227585696e-14
0.5754399373371566	1.760373484619078e-8	2.319580576711817e-9	1.694701315008062e-8	1.6153492891574336e-9	1.7950131185126638e-8	2.6911429876477677e-9	0.000011121366630013872	0.000013258083454653763	4.6390091420246184e-7	4.188334870918014e-7	3.350773028215655e-6	3.2214623638275926e-6	2.7379761974316334e-6	2.9306167792565323e-6	0.00001379560007234633	3.1403822533916866e-7	3.9528125550408347e-7	2.237309603759672e-8	2.235492163986857e-8	2.2381068159201353e-8	2.5157243685758402e-14	2.5157243685758402e-14	2.5157243685758402e-14
0.6165950018614835	1.0503492653374171e-8	1.4051866740663217e-9	1.0084765085119294e-8	9.561773773993899e-10	1.0977366783550199e-8	1.9137678015140886e-9	7.617024045661785e-6	9.272941610010182e-6	2.56673675467367e-7	2.4151696674805213e-7	2.175186344790537e-6	2.0756130834645046e-6	1.7746093686917968e-6	1.8865658623879478e-6	9.668809032340618e-6	2.2928778610893513e-7	2.2581788884514672e-7	1.3297628087512933e-8	1.3285880652934635e-8	1.3304298315817418e-8	2.347810586593191e-14	2.347810586593191e-14	2.347810586593191e-14
0.6606934480075964	6.130247228774736e-9	9.242711566763218e-10	5.776267494943863e-9	5.444537974571822e-10	6.37437420040335e-9	1.1861570939612714e-9	5.0019891120448835e-6	6.230659717004055e-6	1.379391098571715e-7	1.3575193608055108e-7	1.3571429490832658e-6	1.284480805046019e-6	1.094836938610278e-6	1.1570964397989568e-6	6.499811558325697e-6	1.6684928333158135e-7	1.253592201967875e-7	7.60532310691401e-9	7.599004121213565e-9	7.610594926372522e-9	2.1911043273948055e-14	2.1911043273948055e-14	2.1911043273948055e-14
0.7079457843841374	3.3524089127062317e-9	4.938518672277376e-10	3.169691350308562e-9	2.9777897385174537e-10	3.478694456569387e-9	6.292423715581426e-10	3.137109804715506e-6	3.992609104904085e-6	7.32183677078557e-8	7.43113249950854e-8	8.145155385829813e-7	7.615301275997909e-7	6.440581858249328e-7	6.747840697469524e-7	4.157989504440563e-6	1.1787151013687201e-7	6.52978216774095e-8	4.169585828533523e-9	4.166603567116574e-9	4.1735502571268e-9	2.0448575370361033e-14	2.0448575370361033e-14	2.0448575370361033e-14
0.7585775750291851	1.7617532483126192e-9	2.5817911937366514e-10	1.6667588550524628e-9	1.5624395410708185e-10	1.8275191483617519e-9	3.2864657275111857e-10	1.8780574684477284e-6	2.42597691496444e-6	3.839271937999357e-8	3.9973856529583625e-8	4.65411188901688e-7	4.334132361806877e-7	3.671036997025899e-7	3.8331894718186063e-7	2.5234633498479757e-6	8.09875635526367e-8	3.545954490372298e-8	2.1914267699524934e-9	2.1898364405413883e-9	2.1940982170288297e-9	1.9083720909560813e-14	1.9083720909560813e-14	1.9083720909560813e-14
0.8128305161640995	8.805821789001597e-10	1.3146498464108838e-10	8.305632707328182e-10	7.779102535421427e-11	9.152106785595022e-10	1.685694274582498e-10	1.08107011092862e-6	1.40551885207058e-6	2.017087708811528e-8	2.1221363510889717e-8	2.6037027169083486e-7	2.403060412210627e-7	2.034347127182276e-7	2.1091189014201812e-7	1.4613587835561258e-6	5.0139419752245865e-8	1.8977315400528423e-8	1.091825171092125e-9	1.090994094744753e-9	1.0932260642829416e-9	1.7809964614057118e-14	1.7809964614057118e-14	1.7809964614057118e-14
0.8709635899560796	4.0256821031942114e-10	6.407644118760657e-11	3.7557960385748796e-10	3.511181344974049e-11	4.2122639947626113e-10	8.408043898647998e-11	6.07192195486419e-7	7.902828983878341e-7	1.0777929814016683e-8	1.1306250374598411e-8	1.425437995211869e-7	1.2882617444725366e-7	1.1136982629084037e-7	1.1312895812605919e-7	8.219589923740488e-7	2.8250754017432057e-8	9.769645657177598e-9	4.935175922952269e-10	4.931278488848794e-10	4.940944292874893e-10	1.6621226073111054e-14	1.6621226073111054e-14	1.6621226073111054e-14
0.9332543007969925	1.403635082085938e-10	2.8084863814772474e-11	1.2505452447779216e-10	1.1648149316052541e-11	1.5092490054582287e-10	3.942048103863454e-11	3.4700809887223807e-7	4.540581111411553e-7	5.965794535016489e-9	6.210097258793721e-9	8.082745929363908e-8	6.888489444702394e-8	6.283394105433956e-8	6.029763432703273e-8	4.7170479366653646e-7	1.582400916238488e-8	4.6761146222919295e-9	1.6416770565561415e-10	1.640505026228298e-10	1.6430578497349606e-10	1.551183071724993e-14	1.551183071724993e-14	1.551183071724993e-14