1.e-9	0	0	0	0	0	0	3.898446043152809e-10	0	0	0	0	0	0	0	9.796336918289474e-13	5.721021591438473e-15	0	5.1672317214890206e-15	5.1672317214890206e-15	5.1672317214890206e-15	0	0	0
1.0715193052376092e-9	0	0	0	0	0	0	6.62034371427542e-10	0	0	0	0	0	0	0	1.5409494911874265e-12	9.728598307419557e-15	0	8.786878463023087e-15	8.786878463023087e-15	8.786878463023087e-15	0	0	0
1.148153621496884e-9	0	0	0	0	0	0	1.1242672185273347e-9	0	0	0	0	0	0	0	2.4238910464149866e-12	1.654348327731508e-14	0	1.494208839190304e-14	1.494208839190304e-14	1.494208839190304e-14	0	0	0
1.2302687708123811e-9	0	0	0	0	0	0	1.909231352942853e-9	0	0	0	0	0	0	0	3.812745218770127e-12	2.813219646843606e-14	0	2.5409023972620693e-14	2.5409023972620693e-14	2.5409023972620693e-14	0	0	0
1.31825673855641e-9	0	0	0	0	0	0	3.0956840872043773e-9	0	0	0	0	0	0	0	6.347064841565104e-12	4.783880578063314e-14	0	4.320805030503478e-14	4.320805030503478e-14	4.320805030503478e-14	0	0	0
1.4125375446227555e-9	0	0	0	0	0	0	5.019433581476817e-9	0	0	0	0	0	0	0	1.0565938658766228e-11	8.134989889910247e-14	0	7.347529811353592e-14	7.347529811353592e-14	7.347529811353592e-14	0	0	0
1.5135612484362133e-9	0	0	0	0	0	0	7.712248027312845e-9	0	0	0	0	0	0	0	1.7855689843432178e-11	1.3833551979933009e-13	0	1.2494475946121673e-13	1.2494475946121673e-13	1.2494475946121673e-13	0	0	0
1.6218100973589331e-9	0	0	0	0	0	0	1.1849697514533358e-8	0	0	0	0	0	0	0	3.017485432023837e-11	2.3523957985351473e-13	0	2.1246858900386572e-13	2.1246858900386572e-13	2.1246858900386572e-13	0	0	0
1.7378008287493762e-9	0	0	0	0	0	0	1.951548300892464e-8	0	0	0	0	0	0	0	5.121683879355512e-11	4.0002495413721323e-13	0	3.613028794204655e-13	3.613028794204655e-13	3.613028794204655e-13	0	0	0
1.8620871366628732e-9	0	0	0	0	0	0	3.2140404985402924e-8	0	0	0	0	0	0	0	8.693213720821932e-11	6.802425171483603e-13	0	6.143956209693788e-13	6.143956209693788e-13	6.143956209693788e-13	0	0	0
1.9952623149688828e-9	0	0	0	0	0	0	5.415407745772337e-8	0	0	0	0	0	0	0	1.4774538999464762e-10	1.1567525411484586e-12	0	1.0447798805093798e-12	1.0447798805093798e-12	1.0447798805093798e-12	0	0	0
2.1379620895022324e-9	0	0	0	0	0	0	9.124539988307944e-8	0	0	0	0	0	0	0	2.5110046716540917e-10	1.9670579355474425e-12	0	1.7766484028564126e-12	1.7766484028564126e-12	1.7766484028564126e-12	0	0	0
2.2908676527677795e-9	0	0	0	0	0	0	1.547648236666237e-7	0	0	0	0	0	0	0	4.269244628523074e-10	3.344982426554101e-12	0	3.0211909767454453e-12	3.0211909767454453e-12	3.0211909767454453e-12	0	0	0
2.4547089156850337e-9	0	0	0	0	0	0	2.625025554740459e-7	0	0	0	0	0	0	0	7.258628350605742e-10	5.68814330872321e-12	0	5.137535881208989e-12	5.137535881208989e-12	5.137535881208989e-12	0	0	0
2.6302679918953816e-9	0	0	0	0	0	0	4.460685224101229e-7	0	0	0	0	0	0	0	1.2342672809419929e-9	9.672688874016865e-12	0	8.736380829496566e-12	8.736380829496566e-12	8.736380829496566e-12	0	0	0
2.818382931264461e-9	0	0	0	0	0	0	7.580007224151487e-7	0	0	0	0	0	0	0	2.098765286249712e-9	1.644840943266079e-11	0	1.485621740904197e-11	1.485621740904197e-11	1.485621740904197e-11	0	0	0
3.019951720402019e-9	0	0	0	0	0	0	1.28872752229967e-6	0	0	0	0	0	0	0	3.5688962718898634e-9	2.797052364545129e-11	0	2.5263000779623956e-11	2.5263000779623956e-11	2.5263000779623956e-11	0	0	0
3.2359365692962944e-9	0	0	0	0	0	0	2.191051509081733e-6	0	0	0	0	0	0	0	6.068816119152614e-9	4.756388124965612e-11	0	4.295973805572351e-11	4.295973805572351e-11	4.295973805572351e-11	0	0	0
3.4673685045253237e-9	0	0	0	0	0	0	3.725681882771361e-6	0	0	0	0	0	0	0	1.0319975573891471e-8	8.088238991202064e-11	0	7.305304345752249e-11	7.305304345752249e-11	7.305304345752249e-11	0	0	0
3.715352290971728e-9	0	0	0	0	0	0	6.335179905207782e-6	0	0	0	0	0	0	0	1.754903983819822e-8	1.3754052079017319e-10	0	1.2422671552335641e-10	1.2422671552335641e-10	1.2422671552335641e-10	0	0	0
3.9810717055349855e-9	0	0	0	0	0	0	8.663975185972364e-6	0	0	0	0	0	0	0	2.984210451375675e-8	2.338876840783193e-10	0	2.112475554657464e-10	2.112475554657464e-10	2.112475554657464e-10	0	0	0
4.265795188015934e-9	0	0	0	0	0	0	0.000011848829417052155	0	0	0	0	0	0	0	5.074643456398842e-8	3.977260551962845e-10	0	3.5922651180342845e-10	3.5922651180342845e-10	3.5922651180342845e-10	0	0	0
4.570881896148752e-9	0	0	0	0	0	0	0.000011993734049055798	0	0	0	0	0	0	0	8.629428645537826e-8	6.763332392014816e-10	0	6.108647576914437e-10	6.108647576914437e-10	6.108647576914437e-10	0	0	0
4.8977881936844766e-9	0	0	0	0	0	0	0.000012140410784584209	0	0	0	0	0	0	0	1.4674339071945437e-7	1.150104813281604e-9	0	1.038775646919971e-9	1.038775646919971e-9	1.038775646919971e-9	0	0	0
5.248074602497734e-9	0	0	0	0	0	0	0.000011843394273904994	0	0	0	0	0	0	0	2.495371349205324e-7	1.95575347308865e-9	0	1.7664382026424694e-9	1.7664382026424694e-9	1.7664382026424694e-9	0	0	0
5.623413251903491e-9	0	0	0	0	0	0	0.0000115536443054527	0	0	0	0	0	0	0	4.2433789623545413e-7	3.325759185882054e-9	0	3.003828529294802e-9	3.003828529294802e-9	3.003828529294802e-9	0	0	0
6.025595860743593e-9	0	0	0	0	0	0	0.000013888879259295451	0	0	0	0	0	0	0	7.215866530690929e-7	5.655454184116108e-9	0	5.10801103594096e-9	5.10801103594096e-9	5.10801103594096e-9	0	0	0
6.456542290346562e-9	0	0	0	0	0	0	0.000016696114401604252	0	0	0	0	0	0	0	1.2270582064593763e-6	9.617101010923423e-9	0	8.686173824115815e-9	8.686173824115815e-9	8.686173824115815e-9	0	0	0
6.918309709189363e-9	0	0	0	0	0	0	0.000018860003293312918	0	0	0	0	0	0	0	2.086612710316435e-6	1.6353882260079446e-8	0	1.4770840386185598e-8	1.4770840386185598e-8	1.4770840386185598e-8	0	0	0
7.413102413009192e-9	0	0	0	0	0	0	0.000021304341577199252	0	0	0	0	0	0	0	3.5482853054033566e-6	2.7809780168969912e-8	0	2.5117817134680086e-8	2.5117817134680086e-8	2.5117817134680086e-8	0	0	0
7.943282347242822e-9	0	0	0	0	0	0	0.000017741522629199847	0	0	0	0	0	0	0	6.033859875699662e-6	4.729053693472004e-8	0	4.271285323760007e-8	4.271285323760007e-8	4.271285323760007e-8	0	0	0
8.511380382023759e-9	0	0	0	0	0	0	0.000014774529598195982	0	0	0	0	0	0	0	0.000010260579932548815	8.041756784793169e-8	0	7.263321577327288e-8	7.263321577327288e-8	7.263321577327288e-8	0	0	0
9.120108393559115e-9	0	0	0	0	0	0	0.000010837829136063799	0	0	0	0	0	0	0	0.000017448118281465734	1.3675017777131398e-7	0	1.2351286651465213e-7	1.2351286651465213e-7	1.2351286651465213e-7	0	0	0
9.772372209558111e-9	0	0	0	0	0	0	7.950069719773439e-6	0	0	0	0	0	0	0	0.000029670528719168987	2.3254385355011636e-7	0	2.100337708065506e-7	2.100337708065506e-7	2.100337708065506e-7	0	0	0
1.0471285480509006e-8	0	0	0	0	0	0	8.787638921980892e-6	0	0	0	0	0	0	0	0.000050454740213835215	3.591376557822206e-7	0	3.256472270064236e-7	3.256472270064236e-7	3.256472270064236e-7	0	0	0
1.1220184543019653e-8	0	0	0	0	0	0	9.713449132533529e-6	0	0	0	0	0	0	0	0.00008579829615240308	5.546474517889262e-7	0	5.049003122200109e-7	5.049003122200109e-7	5.049003122200109e-7	0	0	0
1.202264434617413e-8	0	0	0	0	0	0	0.000013604039911621168	0	0	0	0	0	0	0	0.00014590002035607004	5.826137023950867e-7	0	5.491813400392977e-7	5.491813400392977e-7	5.491813400392977e-7	0	0	0
1.288249551693135e-8	0	0	0	0	0	0	0.000019052954248468258	0	0	0	0	0	0	0	0.00024810301479752335	6.119900580516694e-7	0	5.973459254189154e-7	5.973459254189154e-7	5.973459254189154e-7	0	0	0
1.3803842646028866e-8	0	0	0	0	0	0	0.00003014813879896672	0	0	0	0	0	0	0	0.0004218992280153994	8.23863094745282e-7	0	8.298283641849324e-7	8.298283641849324e-7	8.298283641849324e-7	0	0	0
1.4791083881682102e-8	0	0	0	0	0	0	0.00004770442741785561	0	0	0	0	0	0	0	0.0007174397245646455	1.1090872963592751e-6	0	1.1527911796216414e-6	1.1527911796216414e-6	1.1527911796216414e-6	0	0	0
1.5848931924611173e-8	0	0	0	0	0	0	0.00007335816934937559	0	0	0	0	0	0	0	0.0012200064001415668	1.6387037784052466e-6	0	1.7478071138191995e-6	1.7478071138191995e-6	1.7478071138191995e-6	0	0	0
1.698243652461746e-8	0	0	0	0	0	0	0.00011280757995802315	0	0	0	0	0	0	0	0.002074621135997877	2.421225166111398e-6	0	2.6499419505616885e-6	2.6499419505616885e-6	2.6499419505616885e-6	0	0	0
1.8197008586099862e-8	0	0	0	0	0	0	0.00016769087906076514	0	0	0	0	0	0	0	0.003527893671259038	2.4073517919250372e-6	0	3.112195266616456e-6	3.112195266616456e-6	3.112195266616456e-6	0	0	0
1.9498445997580494e-8	0	0	0	0	0	0	0.00024927607640050007	0	0	0	0	0	0	0	0.0059991839183316225	2.39355791076314e-6	0	3.6550836049434276e-6	3.6550836049434276e-6	3.6550836049434276e-6	0	0	0
2.0892961308540408e-8	0	0	0	0	0	0	0.0003707938467554419	0	0	0	0	0	0	0	0.010201613495111143	2.803060286625933e-6	0	5.128040346661565e-6	5.128040346661565e-6	5.128040346661565e-6	0	0	0
2.2387211385683424e-8	0	0	0	0	0	0	0.0005515494257491454	0	0	0	0	0	0	0	0.017347845860437115	3.28262246554727e-6	0	7.194581749490653e-6	7.194581749490653e-6	7.194581749490653e-6	0	0	0
2.3988329190194947e-8	0	0	0	0	0	0	0.0008795901038479297	0	0	0	0	0	0	0	0.017683646530106484	5.009449024376824e-6	0	9.056059164485896e-6	9.056059164485896e-6	9.056059164485896e-6	0	0	0
2.5703957827688646e-8	0	0	0	0	0	0	0.001402736934657032	0	0	0	0	0	0	0	0.01802594726270338	7.644674278327668e-6	0	0.000011399162654100726	0.000011399162654100726	0.000011399162654100726	0	0	0
2.754228703338169e-8	0	0	0	0	0	0	0.002299983595311473	0	0	0	0	0	0	0	0.016824397463199928	0.000011759855052000565	0	0.000015106101608119988	0.000015106101608119988	0.000015106101608119988	0	0	0
2.95120922666639e-8	0	0	0	0	0	0	0.0037711451149571884	0	0	0	0	0	0	0	0.0157029389842604	0.000018090265956277605	0	0.000020018514755796894	0.000020018514755796894	0.000020018514755796894	0	0	0
3.162277660168386e-8	0	0	0	0	0	0	0.006316911600805996	0	0	0	0	0	0	0	0.013422751010939602	0.000020062708442497183	0	0.000021511020122047225	0.000021511020122047225	0.000021511020122047225	0	0	0
3.3884415613920346e-8	0	0	0	0	0	0	0.010581234865275421	0	0	0	0	0	0	0	0.01147366393528417	0.0000222502129610193	0	0.00002311480108968294	0.00002311480108968294	0.00002311480108968294	0	0	0
3.6307805477010175e-8	0	0	0	0	0	0	0.009972412897592282	0	0	0	0	0	0	0	0.0059083196392714895	0.000031271832625050455	0	0.00003153310096366015	0.00003153310096366015	0.00003153310096366015	0	0	0
3.890451449942813e-8	0	0	0	0	0	0	0.009398621263613098	0	0	0	0	0	0	0	0.0030424667444239645	0.00004395137778871866	0	0.00004301730534156469	0.00004301730534156469	0.00004301730534156469	0	0	0
4.1686938347033635e-8	0	0	0	0	0	0	0.005485085336620309	0	0	0	0	0	0	0	0.0016477253859256398	0.0000550132761927952	0	0.00005775996281047205	0.00005775996281047205	0.00005775996281047205	0	0	0
4.4668359215096346e-8	0	0	0	0	0	0	0.0032011249635610474	0	0	0	0	0	0	0	0.0008923676659407115	0.00006885928746109894	0	0.00007755514385145688	0.00007755514385145688	0.00007755514385145688	0	0	0
4.78630092322639e-8	0	0	0	0	0	0	0.0029727530118566765	0	0	0	0	0	0	0	0.0006723690428641002	0.0000686459621005092	0	0.0000777820728623143	0.0000777820728623143	0.0000777820728623143	0	0	0
5.128613839913659e-8	0	0	0	0	0	0	0.002760673378921201	0	0	0	0	0	0	0	0.000506607474762574	0.00006843329761968088	0	0.00007800966587524054	0.00007800966587524054	0.00007800966587524054	0	0	0
5.495408738576248e-8	0	0	0	0	0	0	0.004076154583127181	0	0	0	0	0	0	0	0.0006830428708948461	0.00006622548974088024	0	0.00008004087452647656	0.00008004087452647656	0.00008004087452647656	0	0	0
5.888436553555896e-8	0	0	0	0	0	0	0.0060184722728922465	0	0	0	0	0	0	0	0.0009209251476183424	0.00006408891057382077	0	0.00008212497160555776	0.00008212497160555776	0.00008212497160555776	0	0	0
6.309573444801943e-8	0	0	0	0	0	0	0.010003101947850184	0	0	0	0	0	0	0	0.0015234928000864684	0.0000552005731880582	0	0.0000732322690516888	0.0000732322690516888	0.0000732322690516888	0	0	0
6.760829753919818e-8	0	0	0	0	0	0	0.016625821976412415	0	0	0	0	0	0	0	0.0025203246082679195	0.00004754493800889894	0	0.0000653024911377389	0.0000653024911377389	0.0000653024911377389	0	0	0
7.244359600749906e-8	0	0	0	0	0	0	0.014304378595898351	0	0	0	0	0	0	0	0.0042747902757159645	0.0000384552111829998	0	0.00007144511458230795	0.00007144511458230795	0.00007144511458230795	0	0	0
7.762471166286928e-8	0	0	0	0	0	0	0.012307075542195144	0	0	0	0	0	0	0	0.007250586627376573	0.000031103274692509634	0	0.00007816553869151266	0.00007816553869151266	0.00007816553869151266	0	0	0
8.317637711026726e-8	0	0	0	0	0	0	0.009684767004710564	0	0	0	0	0	0	0	0.009205604713354978	0.000028476126816840022	0	0.00008920240515615601	0.00008920240515615601	0.00008920240515615601	0	0	0
8.912509381337478e-8	0	0	0	0	0	0	0.007621202259948308	0	0	0	0	0	0	0	0.01168776576209272	0.000026070881812455557	0	0.00010179766197283075	0.00010179766197283075	0.00010179766197283075	0	0	0
9.549925860214369e-8	0	0	0	0	0	0	0.006957606491028101	0	0	0	0	0	0	0	0.006964677045480239	0.000026657792840685505	0	0.00009432845172332367	0.00009432845172332367	0.00009432845172332367	0	0	0
1.0232929922807557e-7	0	0	0	0	0	0	0.006351791545855823	0	0	0	0	0	0	0	0.004150213764991883	0.000027257916485103232	0	0.00008740728060035595	0.00008740728060035595	0.00008740728060035595	0	0	0
1.0964781961431874e-7	0	0	0	0	0	0	0.009397788093846171	0	0	0	0	0	0	0	0.004186856282150929	0.00003151814634490793	0	0.0000870998134898524	0.0000870998134898524	0.0000870998134898524	0	0	0
1.1748975549395303e-7	0	0	0	0	0	0	0.013904489846562748	0	0	0	0	0	0	0	0.004223822318564635	0.000036444221610332257	0	0.00008679342793712535	0.00008679342793712535	0.00008679342793712535	0	0	0
1.2589254117941688e-7	0	0	0	0	0	0	0.01592937307170525	0	0	0	0	0	0	0	0.0065553291059093875	0.000036856599297256414	0	0.00008656319464213935	0.00008656319464213935	0.00008656319464213935	0	0	0
1.3489628825916562e-7	0	0	0	0	0	0	0.01824913601704673	0	0	0	0	0	0	0	0.010173803831167201	0.000037273643165790836	0	0.00008633357207738256	0.00008633357207738256	0.00008633357207738256	0	0	0
1.445439770745928e-7	0	0	0	0	0	0	0.020756354448060926	0	0	0	0	0	0	0	0.012853303814195416	0.000046083910202920954	0	0.00009270687867772484	0.00009270687867772484	0.00009270687867772484	0	0	0
1.5488166189124826e-7	0	0	0	0	0	0	0.02360803544732759	0	0	0	0	0	0	0	0.016238510362653454	0.000056976635477909164	0	0.00009955067475330483	0.00009955067475330483	0.00009955067475330483	0	0	0
1.659586907437563e-7	0	0	0	0	0	0	0.02083033379622248	0	0	0	0	0	0	0	0.013030845040910732	0.00006417552783649042	0	0.0001130950549350206	0.0001130950549350206	0.00011309505493502085	0	0	0
1.7782794100389227e-7	0	0	0	0	0	0	0.018379454191779023	0	0	0	0	0	0	0	0.010456804145702664	0.00007228398691054679	0	0.00012848221754851338	0.00012848221754851338	0.0001284822175485139	0	0	0
1.9054607179632522e-7	0	0	0	0	0	0	0.02188659740115556	0	0	0	0	0	0	0	0.014699250250832964	0.00007852069849107208	0	0.00013700281215613342	0.00013700281215613342	0.00013700281215613396	0	0	0
2.0417379446695318e-7	0	0	0	0	0	0	0.026062969052396148	0	0	0	0	0	0	0	0.02066290569527483	0.00008529551779090168	0	0.0001460884696483515	0.0001460884696483515	0.00014608846964835206	0	0	0
2.1877616239495564e-7	0	0	0	0	0	0	0.025200760022170796	0	0	0	0	0	0	0	0.02433089437695793	0.00008387936756535307	0	0.0001535894746964681	0.0001535894746964681	0.00015358947469646937	0	0	0
2.3442288153199275e-7	0	0	0	0	0	0	0.02436707438888878	0	0	0	0	0	0	0	0.02865000837312334	0.00008248672949511198	0	0.00016147562360205209	0.00016147562360205209	0.00016147562360205377	0	0	0
2.5118864315095823e-7	0	0	0	0	0	0	0.02472274173841726	0	0	0	0	0	0	0	0.03228142747147713	0.00008436004593785085	0	0.00015900213137797227	0.00015900213137797227	0.00015900213137797522	0	0	0
2.6915348039269196e-7	0	0	0	0	0	0	0.025083600489322025	0	0	0	0	0	0	0	0.03637313281115216	0.00008627590636937544	0	0.00015656652823984902	0.00015656652823984902	0.0001565665282398535	0	0	0
2.8840315031266115e-7	0	0	0	0	0	0	0.023883780210750213	0	0	0	0	0	0	0	0.03298400643624228	0.00009502378461743405	0	0.00016443168508312325	0.00016443168508312325	0.00016443168508313167	0	0	0
3.090295432513592e-7	0	0	0	0	0	0	0.022741350764147926	0	0	0	0	0	0	0	0.029910667476311263	0.0001046586471588262	0	0.0001726919499540486	0.0001726919499540486	0.0001726919499540613	0	0	0
3.3113112148259143e-7	0	0	0	0	0	0	0.024949743115778206	0	0	0	0	0	0	0	0.030724680639735866	0.0001189576191604373	0	0.00019423821322914225	0.00019423821322914225	0.0001942382132291657	0	0	0
3.5481338923357606e-7	0	0	0	0	0	0	0.02737259048502429	0	0	0	0	0	0	0	0.031560847017586297	0.00013521018607133887	0	0.00021847273997710018	0.00021847273997710018	0.00021847273997713682	0	0	0
3.8018939632056126e-7	0	0	0	0	0	0	0.03090093081568582	0	0	0	0	0	0	0	0.03064558943115901	0.0001512361947981422	0	0.0002344044456225278	0.0002344044456225278	0.0002344044456225973	0	0	0
4.0738027780411303e-7	0	0	0	0	0	0	0.03488407594444566	0	0	0	0	0	0	0	0.0297568741124042	0.0001691617124537768	0	0.000251497940353399	0.000251497940353399	0.00025149794035350594	0	0	0
4.365158322401665e-7	0	0	0	0	0	0	0.03565057928429174	0	0	0	0	0	0	0	0.027470738966805158	0.0001631774039182913	0	0.00024344422657128622	0.00024344422657128622	0.0002434442265714973	0	0	0
4.677351412871981e-7	0	0	0	0	0	0	0.03643392490400589	0	0	0	0	0	0	0	0.02536024101630291	0.00015740479783088625	0	0.0002356484167131308	0.0002356484167131308	0.00023564841671343967	0	0	0
5.011872336272736e-7	0	0	0	0	0	0	0.03708390235352051	0	0	0	0	0	0	0	0.02876565706952622	0.00015928820627207038	0	0.00023677857662885246	0.00023677857662885246	0.00023677857662945245	0	0	0
5.370317963702533e-7	0	0	0	0	0	0	0.037745475333464125	0	0	0	0	0	0	0	0.03262835814965776	0.00016119415041359694	0	0.00023791415674409395	0.00023791415674409395	0.00023791415674498777	0	0	0
5.754399373371578e-7	0	0	0	0	0	0	0.03654637524145297	0	0	0	0	0	0	0	0.03075059709649479	0.00017336399471808866	0	0.00025162781790827825	0.00025162781790827776	0.0002516278179099723	0	0	0
6.165950018614835e-7	0	0	0	0	0	0	0.03538536821935188	0	0	0	0	0	0	0	0.028980901136788455	0.00018645263855727686	0	0.000266131951170046	0.0002661319511700455	0.0002661319511726308	0	0	0
6.606934480075964e-7	0	0	0	0	0	0	0.03661861687836104	0	0	0	0	0	0	0	0.03159888680511603	0.00018340661754830972	0	0.00026599386007086605	0.000265993860070865	0.0002659938600758963	0	0	0
7.079457843841387e-7	0	0	0	0	0	0	0.037894846643162866	0	0	0	0	0	0	0	0.03445336784421282	0.00018041035847384207	0	0.00026585584062468234	0.00026585584062468126	0.00026585584063215607	0	0	0
7.585775750291852e-7	0	0	0	0	0	0	0.03977990607091067	0	0	0	0	0	0	0	0.03700041011710458	0.0001851114593842355	0	0.00027495884772005263	0.00027495884772005095	0.00027495884773436595	0	0	0
8.128305161640995e-7	0.00018767234537134028	0.000028884774007361188	0	0	0	0	0.04175873679900428	0	0	0	0	0	0	0	0.039735748186483455	0.00018993506074281005	0	0.0002843735453089746	0.00028437354530897233	0.0002843735453305871	0	0	0
8.709635899560814e-7	0.00018460685820547609	0.000029488789936958994	0	0	0	0	0.04300344304645881	0	0	0	0	0	0	0	0.0420963942651077	0.00018403826377687106	0	0.00028337462289630764	0.0002833746228963036	0.0002833746229384338	0	0	0
9.332543007969924e-7	0.00018159144347593893	0.00003010543657791738	0	0	0	0	0.044285250359730986	0	0	0	0	0	0	0	0.04459728307635549	0.00017832454103809925	0	0.0002823792094105528	0.000282379209410547	0.00028237920947304874	0	0	0
1.e-6	0.00019070046185610978	0.00003190531947827508	0	0	0	0	0.0451507141062578	0	0	0	0	0	0	0	0.04614585002680067	0.00018710094902755963	0	0.00029751677149685376	0.0002975167714968428	0.00029751677161553866	0	0	0
1.0715193052376091e-6	0.00020026640824049693	0.00003381281013401642	0	0	0	0	0.04603309155408381	0	0	0	0	0	0	0	0.04774818840533703	0.00019630929609141168	0	0.0003134658160800234	0.00031346581608000676	0.0003134658162607426	0	0	0
1.148153621496884e-6	0.0002116116875132188	0.00003484613996050209	0	0	0	0	0.04701141692337604	0	0	0	0	0	0	0	0.051111548873366566	0.00020941690725675472	0	0.000328294008019682	0.0003282940080196491	0.00032829400836380615	0	0	0
1.2302687708123837e-6	0.0002235996874643947	0.00003591104866274714	0	0	0	0	0.04801053430328227	0	0	0	0	0	0	0	0.05471182290850058	0.0002233997162547137	0	0.000343823632986228	0.00034382363298617735	0.00034382363350881273	0	0	0
1.3182567385564101e-6	0.00023226721929804365	0.00003768158343320338	0	0	0	0	0.04869337302894118	0	0	0	0	0	0	0	0.05510177083320057	0.0002317074395648796	0	0.00035842277310798893	0.0003584227731078929	0.00035842277410517943	0	0	0
1.4125375446227554e-6	0.0002412707359845295	0.000039539411487763516	0	0	0	0	0.04938592355497929	0	0	0	0	0	0	0	0.05549449803623368	0.0002403241080597362	0	0.0003736418092224806	0.00037364180922233543	0.0003736418107336392	0	0	0
1.5135612484362104e-6	0.000251104185550745	0.000041393393568020616	0	0	0	0	0.05009294851545366	0	0	0	0	0	0	0	0.05658583149169637	0.0002502014961705986	0	0.0003896836094918395	0.0003896836094915621	0.0003896836123748234	0	0	0
1.6218100973589331e-6	0.0002613384161316027	0.00004333430788688684	0	0	0	0	0.05081009547545246	0	0	0	0	0	0	0	0.05769862669117252	0.00026048484769761724	0	0.00040641414252485196	0.00040641414252443145	0.00040641414689466995	0	0	0
1.7378008287493763e-6	0.00027692117016190845	0.00004560192316374296	0	0	0	0	0.05311693328084102	0	0	0	0	0	0	0	0.05858995985246956	0.00027634628057561695	0	0.00042959082862271025	0.00042959082862191423	0.0004295908369094576	0	0	0
1.8620871366628694e-6	0.00029343307279104626	0.000047988199134506324	0	0	0	0	0.0555285042226388	0	0	0	0	0	0	0	0.059495062402225324	0.00029317354718700955	0	0.0004540892176887365	0.00045408921768752374	0.0004540892303249456	0	0	0
1.995262314968883e-6	0.00030664960286304994	0.00004964493992445655	0	0	0	0	0.06069733892817137	0	0	0	0	0	0	0	0.060353280964370426	0.0003086005478022125	0	0.00047285774145200144	0.00047285774144968445	0.00047285776557614477	0	0	0
2.1379620895022326e-6	0.00032046141916330077	0.00005135887790235286	0	0	0	0	0.06634731125098994	0	0	0	0	0	0	0	0.061223879362264734	0.0003248393281644819	0	0.0004924020103123336	0.0004924020103088232	0.0004924020468524692	0	0	0
2.2908676527677747e-6	0.0003268638267595529	0.00005262647105177751	0	0	0	0	0.06733981010111803	0	0	0	0	0	0	0	0.06477771704974797	0.00033236544090919337	0	0.0005030493102520238	0.0005030493102452647	0.0005030493681511647	0	0	0
2.4547089156850335e-6	0.00033339414623716456	0.000053925349783327285	0	0	0	0	0.06834715588247721	0	0	0	0	0	0	0	0.06853784291172345	0.0003400659240830218	0	0.0005139268387318733	0.0005139268387217256	0.0005139269188966349	0	0	0
2.6302679918953817e-6	0.0003402453116459642	0.00005512804847397278	0	0	0	0	0.07099499224647245	0	0	0	0	0	0	0	0.07245889911146067	0.00034605861771666227	0	0.0005248046062275675	0.0005248046062080176	0.0005248047444852747	0	0	0
2.8183829312644606e-6	0.00034723726677164554	0.00005635757098952237	0	0	0	0	0.07374540840797332	0	0	0	0	0	0	0	0.07660427929147416	0.0003521569155124472	0	0.0005359126123813222	0.0005359126123519758	0.0005359128111552564	0	0	0
3.0199517204020193e-6	0.0003607876788324179	0.00005867197461793991	0	0	0	0	0.07801259685645273	0	0	0	0	0	0	0	0.07815078923498665	0.0003653086198691913	0	0.0005572114899607373	0.0005572114899046722	0.0005572118592751038	0	0	0
3.2359365692962877e-6	0.0003748668753428645	0.00006108142251567514	0	0	0	0	0.08252670097938447	0	0	0	0	0	0	0	0.07972852058058653	0.00037895148972593774	0	0.0005793568529104555	0.0005793568528255956	0.0005793574060069783	0	0	0
3.4673685045253236e-6	0.0003918299251006269	0.00006320350457515248	0	0	0	0	0.08532863171951965	0	0	0	0	0	0	0	0.08291491812360464	0.0003967605354531292	0	0.0006034312772125468	0.0006034312770505551	0.0006034323262016189	0	0	0
3.7153522909717276e-6	0.0004095605675052988	0.00006539931170653638	0	0	0	0	0.08822569307531379	0	0	0	0	0	0	0	0.0862286619315248	0.0004154065276452671	0	0.000628506083062837	0.0006285060828174499	0.0006285076682021544	0	0	0
3.981071705534978e-6	0.00042759272061821356	0.00006736218492769914	0	0	0	0	0.09029774848109637	0	0	0	0	0	0	0	0.08953195037008387	0.00043496174748011555	0	0.0006531230715099345	0.0006531230710410135	0.0006531260961089255	0	0	0
4.265795188015934e-6	0.0004464187942686136	0.00006938397117381283	0	0	0	0	0.09241846786961382	0	0	0	0	0	0	0	0.0929617827473269	0.00045543752729016666	0	0.0006787042449291948	0.0006787042442196058	0.000678708819319097	0	0	0
4.570881896148752e-6	0.0004618114878652631	0.00007142289083149507	0	0	0	0	0.09524199593977063	0	0	0	0	0	0	0	0.09566176923916782	0.0004702255823664664	0	0.0007009247901419334	0.0007009247887820891	0.0007009329527503101	0	0	0
4.897788193684467e-6	0.00047773492752189653	0.000073521726249261	0	0	0	0	0.09815178718812943	0	0	0	0	0	0	0	0.09844017426861332	0.00048549380554450614	0	0.000723872828416991	0.000723872826365075	0.0007238848093121359	0	0	0
5.248074602497734e-6	0.0004885140627547374	0.00007580869209394516	0	0	0	0	0.10130465495536697	0	0	0	0	0	0	0	0.10256356730075168	0.0004938644029732488	0	0.0007423140599430363	0.0007423140559978797	0.0007423253327038316	0	0	0
5.623413251903491e-6	0.000499536407662389	0.00007816679626795859	0	0	0	0	0.1045588002993306	0	0	0	0	0	0	0	0.1068596781305155	0.000502379321298601	0	0.0007612250963945436	0.0007612250904610145	0.0007612356171660543	0	0	0
6.0255958607435935e-6	0.0005163599119812156	0.00008093910759093486	0	0	0	0	0.10765026273504462	0	0	0	0	0	0	0	0.1102013099220227	0.0005185761621852586	0	0.000787329944220775	0.0007873299329901692	0.000787339849599191	0	0	0
6.4565422903465625e-6	0.0005337500022249623	0.00008380974339999066	0	0	0	0	0.11083312962417739	0	0	0	0	0	0	0	0.1136474385941627	0.0005352951934638918	0	0.0008143300109293872	0.0008143299940453751	0.0008143392463356777	0	0	0
6.9183097091893625e-6	0.0005535811070294731	0.00008672937370871544	0	0	0	0	0.1164533367567223	0	0	0	0	0	0	0	0.11629786755968753	0.0005557652537148416	0	0.000843935607691224	0.000843935576834325	0.000843944301328113	0	0	0
7.413102413009192e-6	0.0005741490225433635	0.0000897507134463669	0	0	0	0	0.12235853744958564	0	0	0	0	0	0	0	0.11901010850961159	0.0005770181032973538	0	0.0008746175387989242	0.0008746174929754645	0.0008746256390676406	0	0	0
7.943282347242822e-6	0.0005963328766412644	0.00009356074114492822	0	0	0	0	0.12662499387200124	0	0	0	0	0	0	0	0.12354492196696149	0.0005991665855951008	0	0.0009095569313451683	0.000909556845489895	0.0009095645356483957	0	0	0
8.511380382023777e-6	0.0006193738660181858	0.0000975325091852249	0	0	0	0	0.13104021515205397	0	0	0	0	0	0	0	0.12825253194849323	0.0006221652236596953	0	0.000945892089580236	0.0009458919605678813	0.0009458991453660106	0	0	0
9.120108393559115e-6	0.0006395000668200364	0.00010071200872932014	0	0	0	0	0.1356537869364143	0	0	0	0	0	0	0	0.13148751467769682	0.0006434672343919359	0	0.000976659352459703	0.0009766591066900495	0.0009766658741379108	0	0	0
9.772372209558111e-6	0.000660280257047238	0.0001039951579942653	0	0	0	0	0.14042979011318857	0	0	0	0	0	0	0	0.1348040951196253	0.0006654985942487795	0	0.0010084273896087893	0.001008427019622764	0.0010084333349687803	0	0	0
0.000010471285480509006	0.0006818239331707386	0.00010764300963392464	0	0	0	0	0.14552910352841641	0	0	0	0	0	0	0	0.142215889750831	0.0006863959831579939	0	0.0010421744199546029	0.0010421737119844312	0.0010421794186562935	0	0	0
0.000011220184543019652	0.0007040705380520779	0.00011141881743848185	0	0	0	0	0.15081358418832658	0	0	0	0	0	0	0	0.1500351994475566	0.0007079495730975248	0	0.0010770507949303724	0.0010770497267692273	0.0010770547769569623	0	0	0
0.000012022644346174132	0.0007279278972956209	0.00011479645462539499	0	0	0	0	0.15559867101827926	0	0	0	0	0	0	0	0.1547775633422234	0.0007328963016856699	0	0.0011121893871606165	0.0011121873404332547	0.0011121906527935147	0	0	0
0.000012882495516931348	0.000752593660753388	0.00011827648414807916	0	0	0	0	0.16053558141302107	0	0	0	0	0	0	0	0.1596698254967129	0.0007587221031497624	0	0.0011484743697651385	0.0011484712817582169	0.0011484727375297523	0	0	0
0.000013803842646028866	0.0007778327676608667	0.0001218047540608477	0	0	0	0	0.1648418850797491	0	0	0	0	0	0	0	0.16337915519512683	0.0007849967018491354	0	0.0011854453235360094	0.0011854418985429453	0.001185443003170132	0	0	0
0.000014791083881682102	0.0008039182974798065	0.00012543827472288324	0	0	0	0	0.169263703644213	0	0	0	0	0	0	0	0.16717465726060235	0.0008121811917114824	0	0.00122360642264987	0.0012236026421746757	0.0012236033715415943	0	0	0
0.00001584893192461114	0.000831510400150029	0.00012999861731820563	0	0	0	0	0.17500275261588757	0	0	0	0	0	0	0	0.17290201845539294	0.0008392266088946276	0	0.0012662297715811577	0.001266225780380825	0.0012662267241738598	0	0	0
0.00001698243652461746	0.0008600495196155554	0.00013472475240894265	0	0	0	0	0.18093638957299737	0	0	0	0	0	0	0	0.17882559758652147	0.0008671726312605508	0	0.001310337870707033	0.001310333658687988	0.0013103348309608386	0	0	0
0.000018197008586099864	0.0008907874297355442	0.0001400168930127937	0	0	0	0	0.18614756203311647	0	0	0	0	0	0	0	0.18492521850100915	0.0008981025605856114	0	0.0013581117927989484	0.0013581071853797629	0.0013581093007932375	0	0	0
0.000019498445997580493	0.0009226239034812323	0.00014551691488322958	0	0	0	0	0.19150882214820347	0	0	0	0	0	0	0	0.19123289338429558	0.0009301356849304087	0	0.0014076275157523662	0.001407622489700041	0.0014076256154685344	0	0	0
0.00002089296130854041	0.0009536494514667078	0.00015077264202508712	0	0	0	0	0.1967483670966532	0	0	0	0	0	0	0	0.19754059238863747	0.0009611912685159192	0	0.0014542691384995987	0.0014542628271721587	0.001454268569502472	0	0	0
0.000022387211385683423	0.0009857183114931726	0.00015621819361320963	0	0	0	0	0.20213126226238864	0	0	0	0	0	0	0	0.20405634695301164	0.0009932837430491335	0	0.0015024562276064748	0.0015024485513480549	0.0015024570802079518	0	0	0
0.000023988329190194948	0.001019831925527646	0.00016275135086383784	0	0	0	0	0.20935908828042696	0	0	0	0	0	0	0	0.21034637632238412	0.0010263843513225648	0	0.0015527319600988762	0.0015527211849302898	0.0015527349811296075	0	0	0
0.000025703957827688645	0.0010551261391806175	0.00016955772945107412	0	0	0	0	0.21684536748557948	0	0	0	0	0	0	0	0.21683029561509642	0.001060588018289686	0	0.0016046900372953758	0.001604675964423632	0.0016046953709252473	0	0	0
0.00002754228703338169	0.0010954326458056686	0.00017929886720164265	0	0	0	0	0.22408448433745481	0	0	0	0	0	0	0	0.2240350576413697	0.0010969327474021587	0	0.0016612101210835319	0.0016611908398433933	0.0016612165725414815	0	0	0
0.0000295120922666639	0.0011372788872699845	0.00018959963596981686	0	0	0	0	0.23156527023397133	0	0	0	0	0	0	0	0.23147921700696744	0.0011345229547884588	0	0.00171972094438971	0.001719696105357181	0.0017197285858033522	0	0	0
0.000031622776601683856	0.001177080354166417	0.00019490956886546323	0	0	0	0	0.23941982904591744	0	0	0	0	0	0	0	0.23868138919062853	0.001176813053627473	0	0.0017803113087567373	0.0017802844244140634	0.0017803252735537718	0	0	0
0.000033884415613920276	0.0012182747571182254	0.00020036821189555623	0	0	0	0	0.24754080990840488	0	0	0	0	0	0	0	0.24610764751400196	0.0012206795440698928	0	0.00184303643357201	0.0018430073906302179	0.0018430571578675373	0	0	0
0.000036307805477010174	0.0012550317218712572	0.00020263951406250828	0	0	0	0	0.25496686949860586	0	0	0	0	0	0	0	0.2540032233465277	0.0012626740979425485	0	0.001903088776068353	0.0019030645368608168	0.0019031037432296867	0	0	0
0.00003890451449942813	0.0012928976929875537	0.00020493656289598307	0	0	0	0	0.26261570593540945	0	0	0	0	0	0	0	0.2621521034479636	0.0013061133737846333	0	0.0019650978264048567	0.0019650787348274414	0.0019651066392782604	0	0	0
0.00004168693834703355	0.0013326445398977131	0.00021100154976425652	0	0	0	0	0.2710906063558842	0	0	0	0	0	0	0	0.2689826609903812	0.0013464006722568725	0	0.0020275646791534704	0.0020275429187923515	0.0020275766571979147	0	0	0
0.00004466835921509635	0.0013736133023916504	0.0002172460266424742	0	0	0	0	0.2798390012228574	0	0	0	0	0	0	0	0.27599119351650586	0.0013879306395898376	0	0.002092017238486188	0.0020919926589638566	0.0020920325740305646	0	0	0
0.0000478630092322639	0.0014207755267082415	0.0002250917999590986	0	0	0	0	0.28781138719145305	0	0	0	0	0	0	0	0.28368164761629466	0.0014353643199480218	0	0.0021612662059034946	0.0021612316169574634	0.0021612739950894943	0	0	0
0.00005128613839913659	0.0014695570389267516	0.00023322092096169403	0	0	0	0	0.2960108999642254	0	0	0	0	0	0	0	0.2915863950908355	0.0014844190856602817	0	0.0022328074199620403	0.002232762185910349	0.0022328071464253565	0	0	0
0.00005495408738576248	0.0015218691648596968	0.0002435522160014131	0	0	0	0	0.3040315425464449	0	0	0	0	0	0	0	0.3000165409963589	0.0015350547034544695	0	0.0023047256009577004	0.002304675813156077	0.0023047271063234755	0	0	0
0.00005888436553555896	0.0015760434563616861	0.0002543411700571316	0	0	0	0	0.31226951059688113	0	0	0	0	0	0	0	0.30869041349950554	0.0015874175732182496	0	0.002378960248976668	0.0023789056610079642	0.002378963648126148	0	0	0
0.00006309573444801943	0.0016214405345551053	0.00025774886184679686	0	0	0	0	0.3207364371073806	0	0	0	0	0	0	0	0.31786631973170654	0.0016380287127341936	0	0.002452211702062564	0.0024521511119551804	0.0024522211814639577	0	0	0
0.00006760829753919819	0.0016681452509993585	0.00026120221027683553	0	0	0	0	0.32943293724611417	0	0	0	0	0	0	0	0.3273149822643967	0.0016902534714303293	0	0.0025277186679850197	0.0025276517578739443	0.0025277345988691836	0	0	0
0.00007244359600749906	0.0017218509872012826	0.00026877214967971515	0	0	0	0	0.3378987605068936	0	0	0	0	0	0	0	0.33584804841883004	0.0017465123986959781	0	0.002609064500258579	0.0026089926828070514	0.002609066549251298	0	0	0
0.00007762471166286927	0.0017772857731363047	0.0002765614746019707	0	0	0	0	0.3465821399236622	0	0	0	0	0	0	0	0.34460357068417147	0.001804643865761483	0	0.0026930281651699785	0.0026929511938251142	0.0026930154223736217	0	0	0
0.00008317637711026725	0.0018365423616458348	0.00028606810165290446	0	0	0	0	0.35577634605963476	0	0	0	0	0	0	0	0.35320479720563647	0.001865384856483706	0	0.002778990416401174	0.0027788904042908677	0.002778955770471888	0	0	0
0.00008912509381337459	0.001897774627525243	0.00029590151303999926	0	0	0	0	0.36521445808899705	0	0	0	0	0	0	0	0.36202070837916955	0.001928170277147993	0	0.002867696607978899	0.0028675721627509686	0.0028676386737630836	0	0	0
0.00009549925860214369	0.0019600125889210154	0.000308652073680179	0	0	0	0	0.37455396882885345	0	0	0	0	0	0	0	0.37100193012641863	0.001988759561615342	0	0.0029547516466000797	0.0029546195855328864	0.00295470235500697	0	0	0
0.00010232929922807557	0.002024291658772194	0.0003219520630642973	0	0	0	0	0.38413231584402124	0	0	0	0	0	0	0	0.3802059632825355	0.002051252755418797	0	0.0030444494263425666	0.003044309401734366	0.0030444093555299138	0	0	0
0.00010964781961431851	0.002081158214104298	0.00032682209731602844	0	0	0	0	0.3929007105710269	0	0	0	0	0	0	0	0.3892284395286109	0.0021149898462625477	0	0.0031348450640937657	0.0031347074245987364	0.0031348184231291825	0	0	0
0.00011748975549395303	0.0021396222690364787	0.00033176579853975323	0	0	0	0	0.40186925702418796	0	0	0	0	0	0	0	0.39846502361483693	0.0021807073935558915	0	0.0032279247245302236	0.003227789735247096	0.0032279123463275486	0	0	0
0.00012589254117941688	0.0022035653375276332	0.00034131153646124463	0	0	0	0	0.4110218086605652	0	0	0	0	0	0	0	0.4073486686293004	0.002248116630024689	0	0.0033216117013325584	0.003321472911338117	0.0033216078814058024	0	0	0
0.0001348962882591656	0.0022694193582776133	0.0003511319293136137	0	0	0	0	0.42038280918919263	0	0	0	0	0	0	0	0.41643037155114737	0.002317609596376147	0	0.003418017839940503	0.003417875142325009	0.00341802308553069	0	0	0
0.0001445439770745928	0.0023350425167118524	0.0003591169312875009	0	0	0	0	0.4295379743530154	0	0	0	0	0	0	0	0.42509143184168824	0.0023886789795783273	0	0.003516938000299273	0.003516796787797949	0.0035169514910860645	0	0	0
0.00015488166189124827	0.002402563252562604	0.0003672835181621041	0	0	0	0	0.43889252219220926	0	0	0	0	0	0	0	0.4339326278055144	0.0024619277018877524	0	0.003618720988935593	0.003618581467037637	0.0036187431977897236	0	0	0
0.00016595869074375631	0.0024733379293695773	0.0003777656613320189	0.002469309793342073	0.0003736606659495002	0	0	0.4465212509955241	0	0	0	0	0	0	0	0.44176710238677164	0.002537003590898967	0	0.0037204045443218776	0.0037202641959645354	0.0037204185411801025	0	0	0
0.00017782794100389227	0.0025461974856783734	0.0003885469612024143	0.0025411696153268696	0.00038342332530931787	0	0	0.4542825806070349	0	0	0	0	0	0	0	0.44974302517457215	0.002614368900962826	0	0.00382494533724252	0.003824804226145022	0.003824950643088133	0	0	0
0.00019054607179632481	0.0026179136099810305	0.00039761516743754834	0.0026133314397616325	0.00039294859209201485	0	0	0.461716094970448	0	0	0	0	0	0	0	0.45778967659310427	0.002693203170345596	0	0.0039289970658193335	0.0039288602317909685	0.003929001848778552	0	0	0
0.00020417379446695317	0.0026916496885542956	0.0004068950144073542	0.0026875424500808656	0.00040271049212389835	0	0	0.4692712453774833	0	0	0	0	0	0	0	0.4659802960009714	0.0027744146260645594	0	0.004035879360918088	0.004035747141104354	0.004035883588615931	0	0	0
0.00021877616239495564	0.002767420460832702	0.00041908523781352287	0.0027608777203569383	0.0004124139244549115	0	0	0.47601353580563766	0	0	0	0	0	0	0	0.4729446104792354	0.002854847703082946	0	0.004136800179652875	0.004136661030503779	0.004136803524910788	0	0	0
0.00023442288153199226	0.0028453242038153216	0.0004316406697905293	0.0028362140983239138	0.0004223511639522252	0	0	0.48285269660602564	0	0	0	0	0	0	0	0.48001301020867615	0.00293761261609221	0	0.004240244614864604	0.004240098272511214	0.004240247030906846	0	0	0
0.0002511886431509582	0.0029185140083215714	0.0004423217270987627	0.0029083062997719224	0.00043191067927850663	0	0	0.488626253416824	0	0	0	0	0	0	0	0.48544530628373384	0.0030173612425690405	0	0.004345202045673258	0.004345050020641953	0.00434520891408431	0	0	0
0.00026915348039269194	0.0029935864620797004	0.00045326708986569473	0.002982230974132573	0.0004416865651065727	0	0	0.4944688456880887	0	0	0	0	0	0	0	0.4909390795271589	0.003099274839127397	0	0.004452757454495572	0.00445259955512758	0.004452768994215834	0	0	0
0.00028840315031266115	0.0030668199164264045	0.00046244639090254887	0.0030555131795932493	0.0004509168354679187	0	0	0.4995380043365862	0	0	0	0	0	0	0	0.49575913529080934	0.0031816190232364567	0	0.0045569895357730735	0.004556832967010855	0.004557008340134218	0	0	0
0.0003090295432513592	0.0031418449137612502	0.0004718115857962677	0.0031305961448487712	0.0004603399980240335	0	0	0.5046591306057485	0	0	0	0	0	0	0	0.5006265145178652	0.003266150998041251	0	0.0046636615268993474	0.004663506437565091	0.004663687929696853	0	0	0
0.0003311311214825914	0.0032117273782066276	0.0004792183396269732	0.003202172533542732	0.00046948544134437056	0	0	0.507919790368369	0	0	0	0	0	0	0	0.5045790595093446	0.0033502402682585104	0	0.004769068758625227	0.004768904084134744	0.004769082665604101	0	0	0
0.000354813389233576	0.003283164202899247	0.0004867413686911834	0.0032753854090850198	0.0004788125745762611	0	0	0.5112015176227727	0	0	0	0	0	0	0	0.5085628106224662	0.0034364944737068455	0	0.004876858385479062	0.004876683771782532	0.004876859218331942	0	0	0
0.00038018939632056124	0.0033564807609567445	0.0004958575862388208	0.003348577060353831	0.00048780255604496535	0	0	0.5142616095927955	0	0	0	0	0	0	0	0.5111335784778587	0.0035213087698513826	0	0.004979588038840931	0.0049794052077825	0.004979577993171941	0	0	0
0.00040738027780411304	0.0034314345559458225	0.0005051445421451065	0.003423404249779654	0.0004969613295861832	0	0	0.5173400195109125	0	0	0	0	0	0	0	0.5137173414780563	0.00360821632262286	0	0.005084481663523215	0.00508429034639427	0.0050844602806811275	0	0	0
0.00043651583224016654	0.003503838207692419	0.0005144564750432502	0.003494790643676517	0.0005052309890491799	0	0	0.518736746468565	0	0	0	0	0	0	0	0.515009754508699	0.0036915056468008823	0	0.0051837418487251895	0.005183551335135148	0.005183727452947304	0	0	0
0.00046773514128719906	0.0035777695845641082	0.0005239400659265145	0.00356766561936559	0.00051363825935544	0	0	0.520137244343063	0	0	0	0	0	0	0	0.5163054189994478	0.0037767175584575256	0	0.005284939809499644	0.0052847502037401805	0.005284932681751582	0	0	0
0.0005011872336272725	0.0036463569764948857	0.0005320719942021186	0.003635494517635199	0.000520994222131066	0	0	0.5195979194903644	0	0	0	0	0	0	0	0.5158602744712012	0.0038603402191111982	0	0.005377996300199479	0.005377791253492951	0.005377976238609586	0	0	0
0.0005370317963702533	0.0037162592184238697	0.0005403301358784143	0.003704612987274804	0.0005284555317872451	0	0	0.5190591538579478	0	0	0	0	0	0	0	0.5154155137344921	0.00394581442128645	0	0.0054726913167432115	0.005472470344137972	0.0054726578680777925	0	0	0
0.0005754399373371578	0.0037799977996757655	0.0005474691527536804	0.0037680163283736337	0.0005352513616480228	0	0	0.5170456103431457	0	0	0	0	0	0	0	0.5136900328928917	0.004026595418607311	0	0.005559514991487453	0.005559289070286284	0.005559481170704929	0	0	0
0.0006165950018614823	0.003844829578818666	0.0005547024926336448	0.0038325047986549968	0.0005421345844883772	0	0	0.5150398778022103	0	0	0	0	0	0	0	0.5119703285249432	0.0041090302112746935	0	0.005647716114740992	0.005647485143544036	0.005647681918453024	0	0	0
0.0006606934480075965	0.003904558639146871	0.0005608882812803344	0.003892027567947089	0.0005481098074832354	0	0	0.5121184607350694	0	0	0	0	0	0	0	0.5086803471865737	0.004188480541846323	0	0.005727115043973918	0.005726888696998344	0.005727085595419558	0	0	0
0.0007079457843841388	0.00396521558472318	0.0005671430510145241	0.003952474787500907	0.0005541508873535993	0	0	0.5092136145744692	0	0	0	0	0	0	0	0.5054115076538978	0.004269467087705585	0	0.0058076302102547375	0.005807408663181659	0.005807605649690405	0	0	0
0.0007585775750291852	0.0040162845554259675	0.0005711654518010531	0.004004373512904388	0.000559025262955599	0	0	0.5048371804035281	0	0	0	0	0	0	0	0.5009919216663854	0.004343090302252162	0	0.00587588323857114	0.005875666774695267	0.005875874736816193	0	0	0
0.0008128305161640995	0.004068011255756041	0.0005752163810303779	0.004056953704438164	0.0005639425141318366	0	0	0.5004983594768223	0	0	0	0	0	0	0	0.49661098288022393	0.004417983084547788	0	0.0059449383971378784	0.0059447271665472624	0.005944946335086527	0	0	0
0.0008709635899560814	0.00411129244400079	0.0005784455330809179	0.004100741731062384	0.0005676920148379093	0	0	0.4945196638735203	0	0	0	0	0	0	0	0.4911164012874529	0.004486307461527905	0	0.006000738597758832	0.006000530997923554	0.006000753797739242	0	0	0
0.0009332543007969925	0.0041550341180058015	0.0005816928129583229	0.004145002376162272	0.0005714664449564526	0	0	0.4886123866883612	0	0	0	0	0	0	0	0.4856826126048678	0.004555688479151583	0	0.006057062548531818	0.006056858666224409	0.006057085146178674	0	0	0
0.001	0.0041888559768567	0.0005836099390434439	0.004179337611539366	0.0005739098379197873	0	0	0.4813905007099772	0	0	0	0	0	0	0	0.47835271915679617	0.00462036186824668	0	0.006099259559018045	0.006099052526960331	0.006099274571164287	0	0	0
0.001071519305237607	0.00422295314467105	0.0005855333835363988	0.004213957263734932	0.0005763636779867552	0	0	0.47427535708709945	0	0	0	0	0	0	0	0.47113344802989804	0.004685953372633503	0	0.006141750538351334	0.0061415403225529045	0.006141757858220124	0	0	0
0.001148153621496884	0.004246464655606342	0.0005861559957954122	0.004237676319971755	0.0005771989898388424	0	0	0.46609711753650995	0	0	0	0	0	0	0	0.46302959613148076	0.004738353791836817	0	0.00616845838462086	0.006168248818594294	0.006168462066452922	0	0	0
0.0012302687708123836	0.004270107068099739	0.0005867792700935775	0.004261528883407052	0.0005780355122909672	0	0	0.45805990070858005	0	0	0	0	0	0	0	0.4550651366193737	0.004791340175883215	0	0.006195282371890885	0.0061950734652629425	0.006195282383909465	0	0	0
0.0013182567385564075	0.004281223109102391	0.0005856212521506497	0.0042728050644431775	0.0005770414251246338	0	0	0.4484596255329558	0	0	0	0	0	0	0	0.44567516361042736	0.004833318157969368	0	0.006203797568910446	0.006203591890691127	0.00620380140557903	0	0	0
0.0014125375446227555	0.004292368087638838	0.0005844655195739998	0.004284111082719006	0.0005760490475579245	0	0	0.43906055828517065	0	0	0	0	0	0	0	0.43647894658499536	0.004875663918362917	0	0.006212324469767857	0.006212122029228482	0.006212332141602479	0	0	0
0.0015135612484362103	0.004291050482400457	0.0005821783916458234	0.004282371288809319	0.0005733294901369507	0	0	0.42867654506110414	0	0	0	0	0	0	0	0.42587615544897023	0.00490766813660964	0	0.006201479944449758	0.006201281122666996	0.006201492655023821	0	0	0
0.0016218100973589332	0.004289733281620292	0.0005799002136967048	0.004280632201436592	0.0005706227718875674	0	0	0.41853811921354606	0	0	0	0	0	0	0	0.4155309235394638	0.004939882432909883	0	0.006190654349844302	0.00619045913480262	0.006190672081546814	4.119750875039483e-11	4.119750875039483e-11	4.119750875039483e-11
0.0017378008287493763	0.004272953898258149	0.0005747196386395874	0.004264597863943615	0.0005662057791145513	0	0	0.4074752859062442	0	0	0	0	0	0	0	0.4044577439658185	0.004958164965365297	0	0.006159810783452003	0.006159614423092104	0.006159822477091502	3.8447752223427715e-11	3.8447752223427715e-11	3.8447752223427715e-11
0.0018620871366628695	0.004256240147812439	0.0005695853445758003	0.004248623587667468	0.0005618229767491348	0	0	0.39670486630074525	0	0	0	0	0	0	0	0.39367964545335044	0.004976515161575364	0	0.00612912088830898	0.006128923398890017	0.006129126603617654	3.588153011849097e-11	3.588153011849097e-11	3.588153011849097e-11
0.001995262314968883	0.004225133450197774	0.0005632060869319145	0.004217554656157737	0.0005554821303905366	0	0	0.38504078042227197	0	0	0	0	0	0	0	0.3818450544132343	0.004981011862474203	0	0.006076855709699245	0.006076659263508872	0.006076858110009885	3.348659230225845e-11	3.348659230225845e-11	3.348659230225845e-11
0.0021379620895022326	0.004194254095637752	0.0005568982758736452	0.004186712922582876	0.0005492128480907391	0	0	0.3737196469775542	0.3731364261712446	0	0	0	0	0	0	0.3703662286424289	0.00498551262652131	0	0.006025036214727488	0.006024840808334403	0.0060250353561625575	3.125150628511815e-11	3.125150628511815e-11	3.125150628511815e-11
0.0022908676527677745	0.004147547380948112	0.0005485819793695714	0.004139827983080038	0.00054071315327121	0	0	0.3614027706039948	0.36084622676548334	0	0	0	0	0	0	0.3582841014975721	0.004973239778996562	0	0.005949873871026503	0.005949681493406445	0.005949871730962927	2.91656026469707e-11	2.91656026469707e-11	2.91656026469707e-11
0.0024547089156850338	0.004101360786677354	0.0005403898721304675	0.004093468084962374	0.0005323450009170048	0	0	0.3494918280496191	0.3489608364076708	0	0	0	0	0	0	0.3465961188104311	0.004960997143567878	0	0.005875649177774298	0.005875459783769678	0.005875645788319362	2.721892410562149e-11	2.721892410562149e-11	2.721892410562149e-11
0.002630267991895387	0.004039451350621726	0.0005303926623267848	0.004031340225940251	0.0005221230931205656	0	0	0.33679774697620923	0.33642274429856006	0	0	0	0	0	0	0.3339966443526724	0.004931466240040869	0	0.005779158953032457	0.0057789744952171694	0.005779155391130032	2.540217798463813e-11	2.540217798463813e-11	2.540217798463813e-11
0.002818382931264455	0.00397847642837069	0.0005205804008521028	0.003970155301072393	0.0005120974629238394	0.003977316215469418	0.0005193962896413761	0.32456473446396655	0.324335143297148	0	0	0	0	0	0	0.32185518643923267	0.004902111122598376	0	0.005684253295916947	0.005684073663243336	0.00568424956814501	2.370669185377422e-11	2.370669185377422e-11	2.370669185377422e-11
0.003019951720402019	0.003900910937941257	0.0005081403592048141	0.0038929912341515867	0.0005000676349450345	0.003900469856724085	0.0005076926596397964	0.31180337564590244	0.31168438823296657	0	0	0	0	0	0	0.3091976958223574	0.004853799912862195	0	0.005566754507535957	0.005566581363083	0.005566754512905031	2.2124372130203767e-11	2.2124372130203767e-11	2.2124372130203767e-11
0.0032359365692962876	0.0038248576860317415	0.0004959975908239271	0.0038173269305327756	0.0004883204030962184	0.003825108258689871	0.0004962527491871345	0.29954377275382427	0.2995270783195849	0	0	0	0	0	0	0.2970379820798857	0.00480596481901319	0	0.005451684528103529	0.005451517680392255	0.00545168811387382	2.064766544294574e-11	2.064766544294574e-11	2.064766544294574e-11
0.0034673685045253167	0.0037333032047486567	0.0004824249531872049	0.003725652134424062	0.00047462325262280925	0.0037334886234159487	0.00048261321866724236	0.28682655235763216	0.28694412739060865	0	0	0	0	0	0	0.2844441434432551	0.004737287633957419	0	0.005314388475538584	0.005314228704968592	0.005314393082649843	1.926952257604655e-11	1.926952257604655e-11	1.926952257604655e-11
0.003715352290971728	0.0036439402358644834	0.00046922372157306335	0.003636178949126921	0.0004613103005771159	0.0036440634770296652	0.0004693485712953178	0.2746492453541251	0.27488977859994046	0	0	0	0	0	0	0.27238425932144716	0.004669591845130042	0	0.005180550107649395	0.005180397163580347	0.005180555682384396	1.7983364818400144e-11	1.7983364818400144e-11	1.7983364818400144e-11
0.003981071705534978	0.003539294580863463	0.00045389790933174595	0.003531677482863285	0.0004461308969791134	0.0035389215262304832	0.0004535138271887889	0.2621462265487276	0.26238542683907157	0	0	0	0	0	0	0.2599528897394321	0.004577336348233187	0	0.0050254101466222926	0.00502526463927291	0.005025416020632057	1.6783052559573225e-11	1.6783052559573225e-11	1.6783052559573225e-11
0.004265795188015935	0.0034376541104707992	0.0004390726696532749	0.003430179322158598	0.00043145097126682646	0.0034368132300005875	0.0004382133110233977	0.2502123900072266	0.25044988056000667	0	0	0	0	0	0	0.24808887654603373	0.004486903511001233	0	0.004874916102921989	0.0048747777240448695	0.004874922253282606	1.5662855981723653e-11	1.5662855981723653e-11	1.5662855981723653e-11
0.004570881896148752	0.003321558737678073	0.00042245334746380555	0.0033143638821846815	0.00041511719748109165	0.003320893230459156	0.0004217735839738024	0.23808881202813806	0.23829140469397134	0	0	0	0	0	0	0.23606322686970696	0.004378759158237087	0	0.004704380069159238	0.0047042460519423	0.004704386268790403	1.4617427707707496e-11	1.4617427707707496e-11	1.4617427707707496e-11
0.004897788193684466	0.0032093841012802117	0.00040646308257880336	0.003202458796415779	0.00039940178402793445	0.003208883087344132	0.0004059505990875935	0.2265526595678687	0.22672318079792855	0	0	0	0	0	0	0.22462049833096237	0.004273221324870141	0	0.004539809787052007	0.004539679995676255	0.004539816024979939	1.3641777274807118e-11	1.3641777274807118e-11	1.3641777274807118e-11
0.005248074602497733	0.0030837109496994522	0.0003892103359205139	0.0030767727299243685	0.00038213467640850637	0.003083036216248972	0.00038852021141045224	0.21486825314289332	0.2150037728012733	0	0	0	0	0	0	0.2130673120982685	0.004145080594642755	0	0.00435628817178481	0.004356160481424977	0.0043562912082940235	1.2731247312228392e-11	1.2731247312228392e-11	1.2731247312228392e-11
0.005623413251903491	0.0029629589108711232	0.0003726898999689359	0.002956019431757027	0.0003656140677218932	0.0029621248428124583	0.000371838236016132	0.2037864675556714	0.20389014548971948	0	0	0	0	0	0	0.20210835530197596	0.0040207824097681375	0	0.004180185409916798	0.004180059862810204	0.004180185493649753	1.1881491308647294e-11	1.1881491308647294e-11	1.1881491308647294e-11
0.0060255958607435805	0.002829983585070398	0.0003541862701546156	0.0028236604596740197	0.00034774065126143364	0.002829934854507819	0.0003541393752552189	0.19264286854751764	0.1927298019577836	0	0	0	0	0	0	0.19107186761726122	0.0038756310281519617	0	0.003987900009936542	0.003987779491984927	0.0039878994713088345	1.1088452863677154e-11	1.1088452863677154e-11	1.1088452863677154e-11
0.006456542290346563	0.002702976090010399	0.0003366013245234028	0.0026972280039402135	0.00033074099498738984	0.002703644075026326	0.00033728294983820776	0.18210863187997453	0.18218034262258825	0	0	0	0	0	0	0.18063804705253197	0.0037357196524445573	0	0.0038044595944294233	0.0038043439086072246	0.0038044584905202227	1.0348346324211409e-11	1.0348346324211409e-11	1.0348346324211409e-11
0.006918309709189377	0.0025662455790028617	0.0003184321956646688	0.0025605688906281303	0.00031264346545702273	0.002566495311208909	0.0003186851720671463	0.1716239786259584	0.1716159027537302	0	0	0	0	0	0	0.17024818014260407	0.003576037112453151	0	0.0036071232398202113	0.003607013442719635	0.0036071232735785143	9.657638713207025e-12	9.657638713207025e-12	9.657638713207025e-12
0.007413102413009177	0.002436431604441757	0.0003012438034205423	0.0024308338168202996	0.0002955361989423277	0.0024363037440100874	0.000301112875537244	0.16174296481902486	0.16166408325947518	0	0	0	0	0	0	0.16045591344020424	0.003423180168585221	0	0.0034200226718934233	0.0034199184638707783	0.0034200237282685213	9.013032864643988e-12	9.013032864643988e-12	9.013032864643988e-12
0.00794328234724282	0.002298473167121142	0.0002830650208722796	0.0022931262928811568	0.00027761299111128397	0.0022984942976707295	0.00028308691003806763	0.15197434932169526	0.151867763556322	0.15143644826895405	0	0	0	0	0	0.1507057969037534	0.0032534360130285064	0	0.003222342405910273	0.003222242566019877	0.0032223423750765167	8.411451684153621e-12	8.411451684153621e-12	8.411451684153621e-12
0.008511380382023776	0.0021683263713804706	0.00026598325054861546	0.002163219944825874	0.0002607767613902129	0.0021684800384245456	0.0002661400595770564	0.14279571836459856	0.14266506909008894	0.14216025608230626	0	0	0	0	0	0.141548146985928	0.0030921089073863953	0	0.00303608823013416	0.0030359926015659172	0.003036087234245795	7.850023460182454e-12	7.850023460182454e-12	7.850023460182454e-12
0.009120108393559097	0.002032670349369242	0.0002481522295833573	0.0020280697562311024	0.00024346260915836503	0.0020332504249328293	0.0002487459947950797	0.1337357858290103	0.13361144244938966	0.13302118929254794	0	0	0	0	0	0.13255732512606025	0.0029182068105687983	0	0.0028430032563095055	0.0028429120198037623	0.0028430024682688784	7.326068155572565e-12	7.326068155572565e-12	7.326068155572565e-12
0.009772372209558112	0.0019055013137041642	0.00023151656700253672	0.0019013632645063067	0.00022729802204079087	0.0019064539295888805	0.00023248875056586108	0.12525067709408944	0.12513236538744799	0.12446964635853779	0	0	0	0	0	0.12413758017138064	0.00275408507407593	0	0.0026621978357424976	0.0026621108194321828	0.002662197233140689	6.83708461411997e-12	6.83708461411997e-12	6.83708461411997e-12
0.010471285480509006	0.001775250615569823	0.00021486607295457982	0.0017714149986257516	0.00021095595545348497	0.0017761271377318556	0.0002157605936614219	0.11694218395497169	0.1168903513479511	0.11611199174012003	0	0	0	0	0	0.11589446057954543	0.002580855953607873	0	0.0024775482266426057	0.002477466117328056	0.0024775480468388926	6.380738621040395e-12	6.380738621040395e-12	6.380738621040395e-12
0.011220184543019653	0.001653903214558644	0.0001994130696764219	0.0016503480191992857	0.00019578883591563496	0.0016547095948276271	0.00020023607019188414	0.10918483401000137	0.10919120881269631	0.10831552125586097	0	0	0	0	0	0.10819870964522298	0.0024185227667696814	0	0.0023057058844118323	0.0023056284200136073	0.002305706071654845	5.954851760347407e-12	5.954851760347407e-12	5.954851760347407e-12
0.012022644346174132	0.0015316245314537392	0.0001841510774282317	0.0015281866541723445	0.0001806459096471242	0.0015324570567557475	0.00018500096142177864	0.10164946482984077	0.10160578601278179	0.1007151227008528	0	0	0	0	0	0.10075586620013471	0.0022510379717591567	0	0.0021328286270223124	0.0021327557003656327	0.0021328293415506963	5.557391015952759e-12	5.557391015952759e-12	5.557391015952759e-12
0.01288249551693135	0.0014183863267820639	0.0001700571550952269	0.001415067866184689	0.00016667418507099362	0.001419236727786741	0.0001709250271151676	0.09463414762572744	0.09454731624946333	0.09364803698527135	0	0	0	0	0	0.0938250059268395	0.0020951516437736815	0	0.001972913363755534	0.0019728447298612184	0.0019729145254471676	5.18645906684847e-12	5.18645906684847e-12	5.18645906684847e-12
0.013803842646028866	0.0013060590467203262	0.00015623109719567921	0.001302843062661195	0.00015295199942211667	0.0013066679228245373	0.00015685194475611815	0.08784061160781825	0.08777149105983373	0.08675501245993633	0	0	0	0	0	0.08709880852132075	0.0019382040072082516	0	0.001814752814142227	0.0018146882983160093	0.0018147544712832804	4.8402852300438794e-12	4.8402852300438794e-12	4.8402852300438794e-12
0.014791083881682071	0.0012026273810676039	0.00014352913123413135	0.001199518472920273	0.00014035955308411215	0.0012030276747426118	0.00014393756718376565	0.08153476563398468	0.08148126195924911	0.08036935347729134	0	0	0	0	0	0.08085480380090884	0.0017930133051333099	0	0.001669271361296948	0.0016692107443634042	0.001669273426985501	4.517217008022612e-12	4.517217008022612e-12	4.517217008022612e-12
0.01584893192461114	0.0011012305141516264	0.00013106922218657693	0.0010983681048263568	0.00012815089977772214	0.0011016565594928719	0.00013150403564529448	0.07543972832077041	0.07539987324113658	0.07415207397831991	0	0	0	0	0	0.0748472292232204	0.001649154921178857	0	0.0015273577248250995	0.0015273015867091964	0.0015273607995591883	4.2157122003704154e-12	4.2157122003704154e-12	4.2157122003704154e-12
0.01698243652461746	0.0010083826997370551	0.00011969097044537151	0.0010057473235595828	0.00011700417073854812	0.0010088273117518523	0.00012014453022483297	0.06980031848818494	0.06977237156222184	0.06841575597394667	0	0	0	0	0	0.0692860220919901	0.0015168386906343847	0	0.0013975089213598003	0.0013974569386408092	0.0013975128186416307	3.934331541918033e-12	3.934331541918033e-12	3.934331541918033e-12
0.018197008586099864	0.0009184109909602433	0.00010872256794436247	0.0009160302096391117	0.0001062954912427377	0.0009189968974473225	0.0001093207154425436	0.06438916272113733	0.06437803287984428	0.06289561340137166	0	0	0	0	0	0.06396677824179821	0.0013879159039352914	0	0.0012719389094737869	0.0012718898613623267	0.001271942297658928	3.67173183225626e-12	3.67173183225626e-12	3.67173183225626e-12
0.019498445997580455	0.0008364668974750598	0.00009875930269787243	0.0008343162594772415	0.00009656691199309939	0.0008371653777406332	0.00009947201759834613	0.059397497973177546	0.05940074881620294	0.05782086492826652	0	0	0	0	0	0.05905590471340439	0.001269950831482868	0	0.001157651707768131	0.0011576054865845744	0.0011576546468793046	3.426659523826376e-12	3.426659523826376e-12	3.426659523826376e-12
0.02089296130854041	0.0007584904200718094	0.00008959254880406859	0.0007562606090450513	0.00008731892288933195	0.0007587811230613832	0.00008988869105734461	0.05464648475023439	0.05468011983127257	0.05294295840729185	0	0	0	0	0	0.05436996500490258	0.001156447652153979	0	0.0010486334083892935	0.001048589805850792	0.0010486353232927105	3.1979447379779334e-12	3.1979447379779334e-12	3.1979447379779334e-12
0.022387211385683423	0.0006877830062101928	0.00008127664515580183	0.000685507566580983	0.00007895659224453547	0.000687736029251642	0.00008122864072817484	0.05027548966635112	0.050334643322657205	0.04847656375243829	0	0	0	0	0	0.05005584300130725	0.0010530889377904963	0	0.0009498815730252393	0.0009498405058344285	0.0009498826305595554	2.984495680429011e-12	2.984495680429011e-12	2.984495680429011e-12
0.02398832919019495	0.0006205668865121058	0.00007320572917680131	0.0006184605019338561	0.00007105790418549412	0.0006205482890505692	0.00007318674374592876	0.046164748237275746	0.04620740486897558	0.04420149097004599	0	0	0	0	0	0.045948009382977245	0.0009544906759977868	0	0.000856388155287276	0.000856350534278872	0.0008563889321241237	2.785293429470415e-12	2.785293429470415e-12	2.785293429470415e-12
0.025703957827688646	0.0005599197089170866	0.00006593626956469722	0.0005579710729671317	0.00006394938793200426	0.0005599243934662168	0.00006594102045923287	0.04239011880251144	0.04241858338080937	0.04030343020913467	0	0	0	0	0	0.04217728520131077	0.0008651239395584286	0	0.000772096957498152	0.0007720625021307981	0.0007720974986485094	2.5993870720348695e-12	2.5993870720348695e-12	2.5993870720348695e-12
0.02754228703338169	0.0005026379623197027	0.00005911750336293088	0.0005008268751602056	0.000057270758442989184	0.0005025714531953444	0.000059049482995970425	0.03881272262437509	0.038857733122769245	0.036585820140226925	0	0	0	0	0	0.03864326969261817	0.0007804285109634631	0	0.0006925918097295046	0.0006925597668669501	0.0006925920187215259	2.4258891644126385e-12	2.4258891644126385e-12	2.4258891644126385e-12
0.0295120922666639	0.0004512163389524739	0.000053003896443321525	0.00044953505841961706	0.00005128961947411746	0.00045109316278094905	0.000052878184441308205	0.035537230847001736	0.03559580030962241	0.033211124422597195	0	0	0	0	0	0.035405367733104216	0.0007040247447498969	0	0.0006212735463415397	0.0006212437844851411	0.0006212734858439557	2.2639714959449124e-12	2.2639714959449124e-12	2.2639714959449124e-12
0.03162277660168379	0.00040299003979704835	0.000047251621966375076	0.0004014701665855319	0.00004570189505728269	0.000402992286927298	0.000047253989888773886	0.03242815066846686	0.032504230311838495	0.02998490198421259	0	0	0	0	0	0.03233861037619489	0.0006322011692580163	0	0.0005544996502478141	0.0005544724480038146	0.0005544998973837669	2.1128611354723903e-12	2.1128611354723903e-12	2.1128611354723903e-12
0.03388441561392028	0.00035991819922268287	0.0000421236159654925	0.00035854443750138606	0.0000407229227520568	0.0003600204940409525	0.00004222799220511763	0.029591077602646322	0.029681169659765548	0.027072083906652684	0	0	0	0	0	0.02953749072589131	0.0005677049299640544	0	0.0004949025496667745	0.0004948777006278369	0.0004949030390069372	1.9718367416664206e-12	1.9718367416664206e-12	1.9718367416664206e-12
0.03630780547701017	0.0003198738401790677	0.000037373708657316716	0.00031863008287455946	0.000036105564015371436	0.00032004684981976327	0.00003755031919244282	0.02693682260165054	0.02701259425809482	0.024329173739134215	0	0	0	0	0	0.026928704272457787	0.0005074537926749662	0	0.0004395287674306341	0.00043950546828604425	0.00043952919951646344	1.8402251196297118e-12	1.8402251196297118e-12	1.8402251196297118e-12
0.038904514499428125	0.0002842848009683396	0.000033159406351682546	0.0002831591264395395	0.00003201174338112169	0.00028451154246764224	0.00003339080069460314	0.0245206484743868	0.02458394520555497	0.021864171848385936	0	0	0	0	0	0.024550328953902835	0.00045359717365236227	0	0.000390350661012288	0.00039032887601981643	0.00039035104252991876	1.7173980073290848e-12	1.7173980073290848e-12	1.7173980073290848e-12
0.04168693834703355	0.00025131040847613955	0.000029309571122309974	0.0002502539980327545	0.00002823243240166254	0.00025150312022207576	0.000029506225348655726	0.022259952783608695	0.022328150530375734	0.01954040049982271	0	0	0	0	0	0.022302907799855866	0.00040391496532930614	0	0.00034479145335245974	0.0003447714228260877	0.0003447919593803317	1.6027690765200533e-12	1.6027690765200533e-12	1.6027690765200533e-12
0.04466835921509635	0.0002221607387848973	0.000025906705031531863	0.0002211726823671701	0.000024899307414306583	0.00022232426471285806	0.000026073568654086428	0.02020768326930955	0.020279344992782753	0.017463604582931305	0	0	0	0	0	0.02026122327170667	0.0003596744175086294	0	0.00030454962211824883	0.0003045312332759356	0.00030455021839532044	1.4957911338467601e-12	1.4957911338467601e-12	1.4957911338467601e-12
0.0478630092322639	0.00019531062257124206	0.000022803324941580152	0.00019435704329788251	0.000021830984131790542	0.00019543028182663415	0.0000229254506224854	0.018300772912347836	0.018368232739973026	0.01554377095627834	0	0	0	0	0	0.01835527245464187	0.0003188315305579973	0	0.0002674603447639268	0.00026744351746408495	0.0002674606741461978	1.395953508756496e-12	1.395953508756496e-12	1.395953508756496e-12
0.05128613839913648	0.00017170558352392172	0.000020071700656582766	0.0001707926127006282	0.000019140768063639124	0.000171789593475844	0.00002015743580085831	0.016573809314300907	0.01663722246008897	0.013834991189470024	0	0	0	0	0	0.016628612318517533	0.00028262656427466564	0	0.00023488794871485229	0.0002348725753484633	0.00023488806736589782	1.3027796157596518e-12	1.3027796157596518e-12	1.3027796157596518e-12
0.05495408738576248	0.00015004996091373118	0.00001754215691178753	0.00014920763274480886	0.000016683178311279068	0.00015011735637570075	0.000017610929759217034	0.014962175178671521	0.01502776880807606	0.012278570590250375	0	0	0	0	0	0.015016234979236777	0.0002494232104356232	0	0.0002050737910765353	0.00020506012058795514	0.00020507399981673896	1.215824679398346e-12	1.215824679398346e-12	1.215824679398346e-12
0.05888436553555896	0.0001311255598573794	0.00001533139988398801	0.00013035058904059895	0.000014541132186574077	0.00013117919560359114	0.000015386125995791083	0.013507256046688568	0.013574010679410971	0.010897245518631716	0	0	0	0	0	0.013560200251980898	0.0002201206318439111	0	0.00017904392292835943	0.00017903177070869477	0.0001790441969762729	1.1346736110636284e-12	1.1346736110636284e-12	1.1346736110636284e-12
0.06309573444801943	0.00011384923231393935	0.000013316416213412962	0.00011313448528185698	0.00001258749295062656	0.0001138824454747171	0.00001335031145742323	0.012161512594101526	0.012227456589798366	0.00966816328410254	0	0	0	0	0	0.012216269782472687	0.00019387687995451819	0	0.00015528617166638004	0.00015527532851566464	0.00015528619892971675	1.058939027525983e-12	1.058939027525983e-12	1.058939027525983e-12
0.06760829753919818	0.0000988491314170274	0.000011566258926821636	0.0000981922049926777	0.000010896330268448248	0.00009886637379980197	0.000011583865624066916	0.010949847109232094	0.011014481879123718	0.008577707194744892	0	0	0	0	0	0.01100553418275331	0.0001707620238322453	0	0.0001346808912383426	0.00013467122371748266	0.00013468073238495003	9.882594017204084e-13	9.882594017204084e-13	9.882594017204084e-13
0.07244359600749906	0.00008524599158562623	9.98958043127311e-6	0.00008463083380686387	9.362189692714262e-6	0.00008527858409272084	0.000010022826957595109	0.009813205263161692	0.00988651671523395	0.007637114059979117	0	0	0	0	0	0.009885889660134874	0.00015009641371512976	0	0.00011598263863251164	0.00011597392792143832	0.0001159822134746325	9.222973369586318e-13	9.222973369586318e-13	9.222973369586318e-13
0.07762471166286927	0.00007351485012811045	8.627830124178016e-6	0.00007294242991466697	8.044047278574967e-6	0.00007355824458157503	8.672153448774755e-6	0.008794551793855843	0.008874063604013707	0.006799662175559418	0	0	0	0	0	0.008880151817211638	0.00013193175452333341	0	0.00009988033447413141	0.00009987250123859178	0.00009987972001835072	8.607379563302542e-13	8.607379563302542e-13	8.607379563302542e-13
0.08317637711026708	0.00006290398031919513	7.355505728281152e-6	0.00006241470840568976	6.856533921896115e-6	0.00006293482523780484	7.386995248425012e-6	0.00785340661921626	0.007936156172036194	0.006080793628855437	0	0	0	0	0	0.007944402666836313	0.00011578571911995314	0	0.00008537625720577052	0.00008536931660979798	0.00008537564118484282	8.032873996044236e-13	8.032873996044236e-13	8.032873996044236e-13
0.08912509381337459	0.00005382464540296507	6.270807809157127e-6	0.00005340644436886176	5.844328830255245e-6	0.000053845659996964094	6.292289351494699e-6	0.0070129776903285045	0.007097376985044502	0.005437924738325205	0	0	0	0	0	0.007107258415391971	0.00010161566334474533	0	0.00007297838291033848	0.00007297224088754235	0.00007297777873610181	7.496714204568591e-13	7.496714204568591e-13	7.496714204568591e-13
0.09549925860214369	0.000045721750074959505	5.336236829434282e-6	0.000045329413470002755	4.936053775865841e-6	0.00004573010818401508	5.344810122820888e-6	0.006233961359824683	0.006321872373529278	0.0048801880475223556	0	0	0	0	0	0.0063350478861864	0.00008884947813932707	0	0.00006185996481657854	0.00006185461025338918	0.00006185936482716112	6.996340773259528e-13	6.996340773259528e-13	6.996340773259528e-13
0.10232929922807536	0.00003883868466325109	4.5409498052593625e-6	0.00003847392856455518	4.168934977119593e-6	0.000038837722383561444	4.5400002532024075e-6	0.0055414798038473335	0.005631104334940752	0.0043796552040025385	0	0	0	0	0	0.005646738780928587	0.00007768713509105879	0	0.000052435462317790627	0.00005243079783578165	0.000052434879261772386	6.529365116485808e-13	6.529365116485808e-13	6.529365116485808e-13
0.10964781961431873	0.00003270231312192052	3.814371113316394e-6	0.00003238236613666642	3.487996444011454e-6	0.000032705547891089024	3.817709246814406e-6	0.004903482574384816	0.004996866418776438	0.0039190738286037545	0	0	0	0	0	0.005011406912183202	0.00006797670488304901	0	0.00004406375244287272	0.00004405972437567425	0.00004406323690667451	6.093558076434212e-13	6.093558076434212e-13	6.093558076434212e-13
0.11748975549395303	0.000027535466064226525	3.2040492879378344e-6	0.000027255278463431725	2.9182799108664692e-6	0.000027541596087752874	3.2103310749667016e-6	0.0043389387326833485	0.004434063466408591	0.003506928960985415	0	0	0	0	0	0.004447558177172808	0.00005948002074398798	0	0.0000370286480469922	0.00003702517207807166	0.0000370281933329299	5.686839281988477e-13	5.686839281988477e-13	5.686839281988477e-13
0.12589254117941662	0.000022993592002468587	2.691632432293013e-6	0.000022724026595359576	2.416671726940133e-6	0.000022989908373216927	2.687937342859278e-6	0.0038175673478549575	0.003911028981446198	0.00308512160223706	0	0.0024683960251890152	0.002488799854888282	0	0	0.0039267133937206855	0.00005210362987365554	0	0.00003081778748077176	0.00003081476032570055	0.00003081735858698401	5.307267217857026e-13	5.307267217857026e-13	5.307267217857026e-13
0.1348962882591656	0.00001920088339680815	2.261165325341928e-6	0.00001894610562865574	2.001282404078124e-6	0.000019190459598815055	2.250548927952006e-6	0.003358844490158375	0.0034496907429476253	0.002714048504112048	0	0.0021329914605318326	0.0021539728875394496	0	0	0.003466863717615675	0.000045642019152881166	0	0.000025648682177235178	0.000025646051068395557	0.000025648283234876358	4.953029956543938e-13	4.953029956543938e-13	4.953029956543938e-13
0.1445439770745928	0.000015848688015915512	1.866084501556846e-6	0.000015626037477211373	1.638927030789272e-6	0.000015842994471832044	1.8602952984471941e-6	0.0029381087100607797	0.0030274106001834137	0.002309906704201215	0	0.0018279384334041909	0.0018488700626458187	0.0017354371148576458	0.0018049582754755076	0.0030443873928479117	0.00003956272058438517	0	0.00002111528723497713	0.000021112982114715166	0.000021114869559959277	4.622436508920971e-13	4.622436508920971e-13	4.622436508920971e-13
0.15488166189124797	0.000013081737263587505	1.5400339497175338e-6	0.000012887769762557724	1.3421802973823962e-6	0.00001307944046582392	1.537713112762212e-6	0.0025700751604990136	0.002656822198001314	0.0019659445931160253	0	0.001566513030241126	0.0015869839998092113	0.0014762640604664228	0.001538501164994637	0.002673394558498983	0.00003429315549768637	0	0.000017383168146210364	0.00001738115597553357	0.000017382750823955625	4.3139087521115304e-13	4.3139087521115304e-13	4.3139087521115304e-13
0.1659586907437563	0.000010659096747666543	1.2489987948321204e-6	0.000010498613712760944	1.0852804847337592e-6	0.000010677125469872642	1.2673602022867458e-6	0.0022361802210749938	0.0023195199048564913	0.0016130301889567661	0	0.0013305701602256532	0.0013503697919416545	0.0012425372946106295	0.0012976510206845196	0.002336132264291473	0.000029586438720770488	0	0.000014133646547861107	0.000014132018362583736	0.000014133440981076506	4.0259738961538565e-13	4.0259738961538565e-13	4.0259738961538565e-13
0.1778279410038923	8.685111249892112e-6	1.012963376410134e-6	8.55236335847597e-6	8.775525410714504e-7	8.7160462710377e-6	1.044539367590537e-6	0.0019456637136464649	0.0020250405138412825	0.0013234688299948295	0	0.0011301642036200773	0.0011490340011038463	0.0010458148849132895	0.0010945056200132688	0.0020414173205050017	0.00002552571623911865	0	0.00001149157409395577	0.000011490256648149954	0.000011491515697865757	3.75725745348201e-13	3.75725745348201e-13	3.75725745348201e-13
0.1905460717963252	6.986758739957507e-6	8.194372143543921e-7	6.870094368810728e-6	7.00427123992914e-7	6.998340310054479e-6	8.312395693000491e-7	0.001682489566340907	0.001756875528585341	0.0010546402412214206	0	0.0009522973885755211	0.0009693451997951324	0.0008733871403439518	0.000915372675731041	0.0017730066194562412	0.000022044730882034173	0	9.216128678756987e-6	9.215038556800396e-6	9.216037721639281e-6	3.506476677663628e-13	3.506476677663628e-13	3.506476677663628e-13
0.20417379446695316	5.620514957822758e-6	6.628841317526801e-7	5.5187314497797695e-6	5.590527439257308e-7	5.619149505674092e-6	6.61496582138395e-7	0.001454912851070625	0.001524222158443181	0.000840417252900423	0	0.0008024235003930682	0.0008177565811483366	0.000729388257828669	0.000765557636391905	0.0015398872347463133	0.0000190384534212034	0.0004864477041971858	7.391243978323433e-6	7.390342809878962e-6	7.391135644748211e-6	3.27243444007393e-13	3.27243444007393e-13	3.27243444007393e-13
0.21877616239495518	4.451317370613774e-6	5.33144325487152e-7	4.3589370180784125e-6	4.389640637486079e-7	4.435414444865039e-6	5.169623335326918e-7	0.0012504881371668698	0.0013154342251073768	0.0006536646670183848	0	0.0006695198947678275	0.0006827645655220972	0.0006023952611589628	0.0006329082542440283	0.0013295663956780235	0.00001636319622500911	0.00037083474348311	5.829269036889501e-6	5.828531532796852e-6	5.8291609640778545e-6	3.0540135152751927e-13	3.0540135152751927e-13	3.0540135152751927e-13
0.23442288153199276	3.5253400235773342e-6	4.287972183729942e-7	3.442880325030547e-6	3.4467132369229137e-7	3.501046070735781e-6	4.040082163805498e-7	0.0010747864245232014	0.0011352460604241597	0.0005084111439093405	0	0.00055862881542021	0.0005700564968587066	0.0004975128770883095	0.0005232432402844682	0.0011479715920935346	0.000014063862477397903	0.00028269926199186556	4.597382741537646e-6	4.596779973913432e-6	4.597279657460017e-6	2.8501712478227034e-13	2.8501712478227034e-13	2.8501712478227034e-13
0.25118864315095824	2.729719479213038e-6	3.339105197833004e-7	2.6625242285753494e-6	2.65360785140064e-7	2.7164990194297236e-6	3.2034395257497963e-7	0.0009164105717888388	0.0009724186677515389	0.0003856306820373409	0	0.00045961343626984007	0.0004691486657917187	0.00040542810529184083	0.00042659452666731884	0.0009838518031604774	0.000011921554609959025	0.00020927202135248446	3.5514059805677866e-6	3.5509126338488585e-6	3.551308528874305e-6	2.6599345750384686e-13	2.6599345750384686e-13	2.6599345750384686e-13
0.2691534803926914	2.1136595010298733e-6	2.600208920314583e-7	2.059042022521613e-6	2.042999850867086e-7	2.1077605873983264e-6	2.5400534887810116e-7	0.0007813722958576667	0.00083294547178466	0.0002925015014130039	0	0.00037814825330997074	0.0003861029070399382	0.0003303873248920062	0.00034779788093120234	0.0008431954041797015	0.000010105578360613434	0.00015491649540356743	2.7434053564559775e-6	2.743002842159725e-6	2.7433163102858437e-6	2.4823953819932713e-13	2.4823953819932713e-13	2.4823953819932713e-13
0.28840315031266117	1.5949219879982567e-6	1.952422234575985e-7	1.554007742490379e-6	1.5350301169947185e-7	1.5984141328195635e-6	1.9870330245595544e-7	0.0006606265018065926	0.0007064134621415385	0.00021474502981280933	0.00011804354575838503	0.00030662197032822085	0.0003129825028818254	0.00026484717798545555	0.0002788810268336834	0.0007155232776690427	8.46018332558928e-6	0.00011113148461528215	2.06822565412169e-6	2.067912980178755e-6	2.068163187928331e-6	2.3167061665238035e-13	2.3167061665238035e-13	2.3167061665238035e-13
0.30902954325135923	1.2034938203437709e-6	1.466017808140419e-7	1.1728464195027051e-6	1.153361542870791e-7	1.2121527251588781e-6	1.5544161798675996e-7	0.0005585396067954768	0.0005991028181299849	0.00015765877305426733	0.00008711220549616836	0.00024862479692824385	0.0002537096854855857	0.00021230847070113386	0.00022362018687283261	0.0006071825799196878	7.082692286227045e-6	0.00007972170323517741	1.5592144800260397e-6	1.5589718055942297e-6	1.5591709041587934e-6	2.162075993591253e-13	2.162075993591253e-13	2.162075993591253e-13
0.3311311214825908	8.822482287836169e-7	1.0885684357483902e-7	8.578114778526971e-7	8.393571272888464e-8	8.871566168717256e-7	1.1387861048753715e-7	0.00046478938688036413	0.0005014787178784066	0.00011112823845281839	0.00006243348016481442	0.00019709130754870646	0.00020095203861494453	0.00016686348909979667	0.0001756623195949063	0.0005081546804737079	5.9084325331729e-6	0.0000550080733668942	1.1390015386710736e-6	1.1388162872965563e-6	1.138964346271841e-6	2.0177667196689676e-13	2.0177667196689676e-13	2.0177667196689676e-13
0.354813389233576	6.467519184846994e-7	8.082993485671079e-8	6.27397176049541e-7	6.108408863511913e-8	6.492967812749094e-7	8.342899472184176e-8	0.0003867750317583597	0.000419762513002242	0.0000783304673909608	0.00004474619168793337	0.00015623937753268162	0.00015916507777861643	0.0001311460814663051	0.00013798955701173034	0.0004252776476582845	4.9288566534141954e-6	0.000037955638336165906	8.32037235232307e-7	8.318960814801568e-7	8.320061505882858e-7	1.8830894691360953e-13	1.8830894691360953e-13	1.8830894691360953e-13
0.38018939632056126	4.591764538198081e-7	6.063344950218361e-8	4.4156461912878423e-7	4.27689815370986e-8	4.586758160332459e-7	6.021340141552772e-8	0.0003145918583732984	0.0003441712774699851	0.000052408659031469415	0.000030947718136094685	0.00012035345816086316	0.0001223840481711483	0.00010018481946039166	0.00010525742002457946	0.0003487481681927577	4.031005910816519e-6	0.00002509669154266607	5.848490429629994e-7	5.847491834468839e-7	5.848254345573623e-7	1.7574013458567864e-13	1.7574013458567864e-13	1.7574013458567864e-13
0.40738027780411384	3.260029227845546e-7	4.548333739289866e-8	3.1077492903944385e-7	2.994537239717421e-8	3.240174759540098e-7	4.345795753761119e-8	0.0002558801091808714	0.0002821925840592804	0.00003506512386511954	0.00002140430775675194	0.00009271001408238767	0.00009410264774029429	0.00007653296185513458	0.0000802895864742049	0.00028599030653858815	3.29670952020524e-6	0.000016594212454268358	4.110974708472367e-7	4.11026827934332e-7	4.1107964005238096e-7	1.6401023642472623e-13	1.6401023642472623e-13	1.6401023642472623e-13
0.43651583224016655	2.226355928620175e-7	3.438705192238781e-8	2.083022419690587e-7	1.9970379968249478e-8	2.1718766251928376e-7	2.903695893822554e-8	0.00020153806625712272	0.00022453397211843142	0.000022006380282630326	0.000014203927727837577	0.00006863391207036745	0.00006949089932691456	0.000056241051794079346	0.00005887266130623049	0.00022787557746805167	2.6808136287483575e-6	0.00001041981730813437	2.752064436292635e-7	2.7516024529176974e-7	2.751982139704671e-7	1.5306325851810727e-13	1.5306325851810727e-13	1.5306325851810727e-13
0.4677351412871981	1.5204344422942224e-7	2.599785784623662e-8	1.3961816078101104e-7	1.3318120435660205e-8	1.4558005123552552e-7	1.9401394638726144e-8	0.00015873680951866988	0.00017865637682629444	0.000013810895835034304	9.425745751295849e-6	0.000050810194914831986	0.00005131614471242588	0.000041329328308128334	0.000043168615028197584	0.00018157006590498417	2.179980270641354e-6	6.542798763973262e-6	1.8423510720943218e-7	1.8420491180474323e-7	1.8423207961086285e-7	1.4284694430602549e-13	1.4284694430602549e-13	1.4284694430602549e-13
0.5011872336272735	9.652145956819442e-8	1.709031223605957e-8	8.796456623597436e-8	8.37089403801709e-9	9.4365392302323e-8	1.4692353961838954e-8	0.00011960287007312767	0.00013608960030574564	8.092857319236561e-6	5.999467072208512e-6	0.00003589602814844483	0.00003615518068910291	0.00002894381069534083	0.000030163613881984375	0.00013846752502632358	1.7517197557568319e-6	3.898800952808648e-6	1.160122603256307e-7	1.1598892424911401e-7	1.1600589020693142e-7	1.333125251293062e-13	1.333125251293062e-13	1.333125251293062e-13
0.5370317963702532	6.127454034201616e-8	1.1234724570520462e-8	5.5420905631466354e-8	5.2613931022946225e-9	6.11679085753646e-8	1.1126275660054408e-8	0.00009011675724808614	0.00010366480973351998	4.74222239975064e-6	3.818647998813958e-6	0.0000253595727982109	0.0000254734079886008	0.00002026996837020892	0.00002107650666640917	0.00010559700681581073	1.4075916851330254e-6	2.323264006425148e-6	7.305255089391129e-8	7.303513471306145e-8	7.304572901270928e-8	1.2441448742703215e-13	1.2441448742703215e-13	1.2441448742703215e-13
0.5754399373371566	3.841149079525184e-8	8.459803157975813e-9	3.320807184425378e-8	3.1498129437575603e-9	3.681186234781807e-8	6.8275753437875074e-9	0.00006484840673106147	0.00007590814063932953	2.6572490804102455e-6	2.3101774923296987e-6	0.000017110521957623943	0.000017136342835607417	0.00001355753170530385	0.000014061249637536662	0.00007716540595454235	1.1318115642588451e-6	1.3250304438120452e-6	4.3765530251244006e-8	4.3753097786398665e-8	4.375879634375872e-8	1.1611035547273108e-13	1.1611035547273108e-13	1.1611035547273108e-13
0.6165950018614835	2.292422321134143e-8	5.681604025035357e-9	1.9133569054907755e-8	1.8132623479760683e-9	2.2102647185723812e-8	4.84337675920883e-9	0.00004503024931941273	0.00005389256403321423	1.4589488036099508e-6	1.3513259418581772e-6	0.00001109772435187031	0.000011079237170746616	8.74826959583102e-6	9.046121130645954e-6	0.000054460099308642856	8.879326409905456e-7	7.338239014268584e-7	2.5212198011138147e-8	2.5204056045958042e-8	2.5207093396676112e-8	1.0836048861199344e-13	1.0836048861199344e-13	1.0836048861199344e-13
0.6606934480075964	1.3229430341401753e-8	3.685489306453052e-9	1.0602165147773698e-8	1.0043212291635564e-9	1.2806698094441902e-8	3.2542148189486018e-9	0.000030103763921763798	0.0000368072989099152	7.810287533611322e-7	7.543901534787952e-7	6.949836571558231e-6	6.911626098835351e-6	5.43785170823772e-6	5.602773972320448e-6	0.000036956041833219834	6.763342871060347e-7	3.97753094187206e-7	1.3969054985465989e-8	1.3964457958451683e-8	1.3965972639530958e-8	1.0112789203360642e-13	1.0112789203360642e-13	1.0112789203360642e-13
0.7079457843841374	6.9954472552409165e-9	1.920171583278008e-9	5.638904127985521e-9	5.357981119926749e-10	6.777169669474397e-9	1.6974855369900915e-9	0.000019272764901377732	0.000023978921523734152	4.155937911626356e-7	4.0990686172915126e-7	4.141951605299856e-6	4.105050966089073e-6	3.227273192669474e-6	3.3138844437115756e-6	0.000024005678240126552	4.898401865440498e-7	2.1102920975741238e-7	7.435063145293207e-9	7.432663024656661e-9	7.4334300182775855e-9	9.437804017089708e-14	9.437804017089708e-14	9.437804017089708e-14
0.7585775750291851	3.566307932456645e-9	9.924840842263512e-10	2.861089290562953e-9	2.72800838941222e-10	3.4528196769142506e-9	8.767082728593214e-10	0.000011657324189281457	0.000014807882562488383	2.2027452725224764e-7	2.1718783799321208e-7	2.377953742700882e-6	2.347333493158369e-6	1.8377711542188174e-6	1.879918259410055e-6	0.000014823764172616268	3.377074889589088e-7	1.1144600517751396e-7	3.7756877595583325e-9	3.774379055714004e-9	3.774757748096909e-9	8.807871189028065e-14	8.807871189028065e-14	8.807871189028065e-14
0.8128305161640995	1.7120779999037606e-9	5.074335486439593e-10	1.3407689028179072e-9	1.2849982213420027e-10	1.6523369595621735e-9	4.464832668602324e-10	6.735471135610408e-6	8.69357745403822e-6	1.1691665368322413e-7	1.1405907253472596e-7	1.3232489298700306e-6	1.297718099522419e-6	1.024118887556864e-6	1.040277272279931e-6	8.7278682663875e-6	2.1019514894839565e-7	5.768642621900568e-8	1.7714958064517145e-9	1.7709639595280553e-9	1.7710967581821975e-9	8.219983668026361e-14	8.219983668026361e-14	8.219983668026361e-14
0.8709635899560796	7.089630006049158e-10	2.533245454187464e-10	5.085861850660781e-10	4.881763095293432e-11	6.767548696999402e-10	2.2045282918239094e-10	3.800806585050221e-6	4.924922132872641e-6	6.279027003968479e-8	6.112047785539045e-8	7.241112199071091e-7	7.009552407390793e-7	5.595866109577534e-7	5.6064677583275e-7	4.95722531568748e-6	1.186085787672811e-7	3.0079755906440245e-8	6.72029140457343e-10	6.720191234737278e-10	6.720225576284745e-10	7.671335110666639e-14	7.671335110666639e-14	7.671335110666639e-14
0.9332543007969925	1.4156334407238367e-10	1.188031701370596e-10	2.7756493800562543e-11	2.6502539315263987e-12	1.2327081476251638e-10	1.0013355034664603e-10	2.186203927794023e-6	2.832987201533358e-6	3.528073510570497e-8	3.4150237542624696e-8	4.1178353206479304e-7	3.8732032486957055e-7	3.183341732071355e-7	3.0940850954620375e-7	2.851980887675164e-6	6.726121264407264e-8	1.6764137426046122e-8	3.662908304958558e-11	3.662908304958558e-11	3.662908304958558e-11	7.159306484884583e-14	7.159306484884583e-14	7.159306484884583e-14