1.e-9	0	0	0	0	0	0	1.4617233904477312e-15	0	0	0	0	0	0	0	3.330679587947422e-19	6.338017389167739e-60	0	4.849376669060773e-94	4.849376669060773e-94	4.849376669060773e-94	0	0	0
1.0715193052376092e-9	0	0	0	0	0	0	2.2992695469282495e-15	0	0	0	0	0	0	0	5.239110352333709e-19	9.969608796060824e-60	0	4.525701632585541e-94	4.525701632585541e-94	4.525701632585541e-94	0	0	0
1.148153621496884e-9	0	0	0	0	0	0	3.616717419984635e-15	0	0	0	0	0	0	0	8.241044074985291e-19	1.5682049045236017e-59	0	4.2236305127344267e-94	4.2236305127344267e-94	4.2236305127344267e-94	0	0	0
1.2302687708123811e-9	0	0	0	0	0	0	5.689043684980997e-15	0	0	0	0	0	0	0	1.2963041982042254e-18	2.4667634135691874e-59	0	3.9417213409868094e-94	3.9417213409868094e-94	3.9417213409868094e-94	0	0	0
1.31825673855641e-9	0	0	0	0	0	0	9.47053293183813e-15	0	0	0	0	0	0	0	2.1579534766420493e-18	4.106413210525145e-59	0	3.678628394019213e-94	3.678628394019213e-94	3.678628394019213e-94	0	0	0
1.4125375446227555e-9	0	0	0	0	0	0	1.576556605634935e-14	0	0	0	0	0	0	0	3.5923382905048466e-18	6.8359330136065515e-59	0	3.4330957697523643e-94	3.4330957697523643e-94	3.4330957697523643e-94	0	0	0
1.5135612484362133e-9	0	0	0	0	0	0	2.6642692788563585e-14	0	0	0	0	0	0	0	6.070797910105403e-18	1.1552243830240642e-58	0	3.2039513921693425e-94	3.2039513921693425e-94	3.2039513921693425e-94	0	0	0
1.6218100973589331e-9	0	0	0	0	0	0	4.5024268490499646e-14	0	0	0	0	0	0	0	1.0259219562576506e-17	1.9522475900173376e-58	0	2.9901014162865497e-94	2.9901014162865497e-94	2.9901014162865497e-94	0	0	0
1.7378008287493762e-9	0	0	0	0	0	0	7.642127039297827e-14	0	0	0	0	0	0	0	1.7413333264437694e-17	3.313618320800494e-58	0	2.7905250065686015e-94	2.7905250065686015e-94	2.7905250065686015e-94	0	0	0
1.8620871366628732e-9	0	0	0	0	0	0	1.2971250315169333e-13	0	0	0	0	0	0	0	2.9556261422113144e-17	5.624320620033109e-58	0	2.6042694638616913e-94	2.6042694638616913e-94	2.6042694638616913e-94	0	0	0
1.9952623149688828e-9	0	0	0	0	0	0	2.2045270001157955e-13	0	0	0	0	0	0	0	5.023230200972201e-17	9.558806100342329e-58	0	2.4304456775832015e-94	2.4304456775832015e-94	2.4304456775832015e-94	0	0	0
2.1379620895022324e-9	0	0	0	0	0	0	3.746700723642787e-13	0	0	0	0	0	0	0	8.537223734623539e-17	1.6245655295413852e-57	0	2.268223881457983e-94	2.268223881457983e-94	2.268223881457983e-94	0	0	0
2.2908676527677795e-9	0	0	0	0	0	0	6.370192026985969e-13	0	0	0	0	0	0	0	1.4515105042609011e-16	2.7621086248754334e-57	0	2.1168296925411016e-94	2.1168296925411016e-94	2.1168296925411016e-94	0	0	0
2.4547089156850337e-9	0	0	0	0	0	0	1.0830687971581272e-12	0	0	0	0	0	0	0	2.467878094180572e-16	4.6961750184151694e-57	0	1.9755404146187578e-94	1.9755404146187578e-94	1.9755404146187578e-94	0	0	0
2.6302679918953816e-9	0	0	0	0	0	0	1.8416652772006497e-12	0	0	0	0	0	0	0	4.196414305667482e-16	7.985441450964102e-57	0	1.8436815883412295e-94	1.8436815883412295e-94	1.8436815883412295e-94	0	0	0
2.818382931264461e-9	0	0	0	0	0	0	3.1315933042721947e-12	0	0	0	0	0	0	0	7.135641369942912e-16	1.357855593471793e-56	0	1.720623771619675e-94	1.720623771619675e-94	1.720623771619675e-94	0	0	0
3.019951720402019e-9	0	0	0	0	0	0	5.325193694557059e-12	0	0	0	0	0	0	0	1.2133974222643085e-15	2.3089984368693895e-56	0	1.6057795349176045e-94	1.6057795349176045e-94	1.6057795349176045e-94	0	0	0
3.2359365692962944e-9	0	0	0	0	0	0	9.055354616407485e-12	0	0	0	0	0	0	0	2.0633510402577162e-15	3.926392325588835e-56	0	1.4986006570936423e-94	1.4986006570936423e-94	1.4986006570936423e-94	0	0	0
3.4673685045253237e-9	0	0	0	0	0	0	1.539856153481532e-11	0	0	0	0	0	0	0	3.508712723824696e-15	6.676800235504503e-56	0	1.3985755084098405e-94	1.3985755084098405e-94	1.3985755084098405e-94	0	0	0
3.715352290971728e-9	0	0	0	0	0	0	2.6185136572327476e-11	0	0	0	0	0	0	0	5.966539254896315e-15	1.1353847931675037e-55	0	1.305226608212824e-94	1.305226608212824e-94	1.305226608212824e-94	0	0	0
3.9810717055349855e-9	0	0	0	0	0	0	4.45277684422077e-11	0	0	0	0	0	0	0	1.0146087174665852e-14	1.9307193996610576e-55	0	1.218108345629284e-94	1.218108345629284e-94	1.218108345629284e-94	0	0	0
4.265795188015934e-9	0	0	0	0	0	0	7.571937449958624e-11	0	0	0	0	0	0	0	1.725339942604773e-14	3.2831841880037956e-55	0	1.1368048523952388e-94	1.1368048523952388e-94	1.1368048523952388e-94	0	0	0
4.570881896148752e-9	0	0	0	0	0	0	1.2876075825682163e-10	0	0	0	0	0	0	0	2.933939704715664e-14	5.5830530605674885e-55	0	1.0609280176647464e-94	1.0609280176647464e-94	1.0609280176647464e-94	0	0	0
4.8977881936844766e-9	0	0	0	0	0	0	2.1895760466116358e-10	0	0	0	0	0	0	0	4.9891629923730194e-14	9.49397892174389e-55	0	9.901156353216482e-95	9.901156353216482e-95	9.901156353216482e-95	0	0	0
5.248074602497734e-9	0	0	0	0	0	0	3.7233740523733016e-10	0	0	0	0	0	0	0	8.484071634602594e-14	1.614451109186347e-54	0	9.240296749502747e-95	9.240296749502747e-95	9.240296749502747e-95	0	0	0
5.623413251903491e-9	0	0	0	0	0	0	6.33159755074098e-10	0	0	0	0	0	0	0	1.4427163756947967e-13	2.745374100192702e-54	0	8.623546682113907e-95	8.623546682113907e-95	8.623546682113907e-95	0	0	0
6.025595860743593e-9	0	0	0	0	0	0	1.0766882538071838e-9	0	0	0	0	0	0	0	2.4533394026347616e-13	4.6685090489335433e-54	0	8.047962029206406e-95	8.047962029206406e-95	8.047962029206406e-95	0	0	0
6.456542290346562e-9	0	0	0	0	0	0	1.8309085291604089e-9	0	0	0	0	0	0	0	4.171904004084825e-13	7.938800303551786e-54	0	7.510795176407769e-95	7.510795176407769e-95	7.510795176407769e-95	0	0	0
6.918309709189363e-9	0	0	0	0	0	0	3.1134602973696627e-9	0	0	0	0	0	0	0	7.09432354171839e-13	1.3499931405742722e-53	0	7.009481900787856e-95	7.009481900787856e-95	7.009481900787856e-95	0	0	0
7.413102413009192e-9	0	0	0	0	0	0	5.29443981985437e-9	0	0	0	0	0	0	0	1.2063898513797041e-12	2.2956635888451907e-53	0	6.541629130268917e-95	6.541629130268917e-95	6.541629130268917e-95	0	0	0
7.943282347242822e-9	0	0	0	0	0	0	9.003195978823408e-9	0	0	0	0	0	0	0	2.05146618497855e-12	3.903776394683954e-53	0	6.105003520042355e-95	6.105003520042355e-95	6.105003520042355e-95	0	0	0
8.511380382023759e-9	0	0	0	0	0	0	1.5309936573296422e-8	0	0	0	0	0	0	0	3.48851866028006e-12	6.638372544541012e-53	0	5.6975207914603074e-95	5.6975207914603074e-95	5.6975207914603074e-95	0	0	0
9.120108393559115e-9	0	0	0	0	0	0	2.6034550285527153e-8	0	0	0	0	0	0	0	5.932226697886675e-12	1.1288553874635895e-52	0	5.3172357825105935e-95	5.3172357825105935e-95	5.3172357825105935e-95	0	0	0
9.772372209558111e-9	0	0	0	0	0	0	4.427175810459346e-8	0	0	0	0	0	0	0	1.008775271745134e-11	1.9196188180994657e-52	0	4.962333162379673e-95	4.962333162379673e-95	4.962333162379673e-95	0	0	0
1.0471285480509006e-8	0	0	0	0	0	0	7.528413379886608e-8	0	0	0	0	0	0	0	1.715422557912116e-11	3.2643121965745484e-52	0	4.631118765778361e-95	4.631118765778361e-95	4.631118765778361e-95	0	0	0
1.1220184543019653e-8	0	0	0	0	0	0	1.280206850709551e-7	0	0	0	0	0	0	0	2.9170764139599746e-11	5.5509635643473725e-52	0	4.322011505664305e-95	4.322011505664305e-95	4.322011505664305e-95	0	0	0
1.202264434617413e-8	0	0	0	0	0	0	2.1769920144652227e-7	0	0	0	0	0	0	0	4.960489045388287e-11	9.439414689488611e-52	0	4.0335358257552976e-95	4.0335358257552976e-95	4.0335358257552976e-95	0	0	0
1.288249551693135e-8	0	0	0	0	0	0	3.7019753709477937e-7	0	0	0	0	0	0	0	8.435312647848612e-11	1.6051726632186782e-51	0	3.764314656804872e-95	3.764314656804872e-95	3.764314656804872e-95	0	0	0
1.3803842646028866e-8	0	0	0	0	0	0	6.295209884529358e-7	0	0	0	0	0	0	0	1.4344250903602384e-10	2.729596446041012e-51	0	3.513062843016294e-95	3.513062843016294e-95	3.513062843016294e-95	0	0	0
1.4791083881682102e-8	0	0	0	0	0	0	1.0705005711621454e-6	0	0	0	0	0	0	0	2.439240163054127e-10	4.6416793214631613e-51	0	3.2785810072150585e-95	3.2785810072150585e-95	3.2785810072150585e-95	0	0	0
1.5848931924611173e-8	0	0	0	0	0	0	1.8203864428687485e-6	0	0	0	0	0	0	0	4.147928402227951e-10	7.893176647036037e-51	0	3.059749825494783e-95	3.059749825494783e-95	3.059749825494783e-95	0	0	0
1.698243652461746e-8	0	0	0	0	0	0	3.0955675229418957e-6	0	0	0	0	0	0	0	7.053553106663575e-10	1.3422348522274712e-50	0	2.8555246840058533e-95	2.8555246840058533e-95	2.8555246840058533e-95	0	0	0
1.8197008586099862e-8	0	0	0	0	0	0	5.264013213616891e-6	0	0	0	0	0	0	0	1.1994568518130372e-9	2.282470644086536e-50	0	2.6649306923804296e-95	2.6649306923804296e-95	2.6649306923804296e-95	0	0	0
1.9498445997580494e-8	0	0	0	0	0	0	8.951455559528073e-6	0	0	0	0	0	0	0	2.0396766248234034e-9	3.8813418027933496e-50	0	2.487058029989938e-95	2.487058029989938e-95	2.487058029989938e-95	0	0	0
2.0892961308540408e-8	0	0	0	0	0	0	0.000015221952032163301	0	0	0	0	0	0	0	3.468470522778694e-9	6.600222539189581e-50	0	2.3210576028198048e-95	2.3210576028198048e-95	2.3210576028198048e-95	0	0	0
2.2387211385683424e-8	0	0	0	0	0	0	0.000025884932582035963	0	0	0	0	0	0	0	5.8981348420492765e-9	1.1223679794310562e-49	0	2.1661369902291357e-95	2.1661369902291357e-95	2.1661369902291357e-95	0	0	0
2.3988329190194947e-8	0	0	0	0	0	0	0.000044017333214635004	0	0	0	0	0	0	0	1.0029779519978622e-8	1.9085869813830974e-49	0	2.0215566622467896e-95	2.0215566622467896e-95	2.0215566622467896e-95	0	0	0
2.5703957827688646e-8	0	0	0	0	0	0	0.00007485148424426654	0	0	0	0	0	0	0	1.7055642150159558e-8	3.245552556971083e-49	0	1.8866264493466294e-95	1.8866264493466294e-95	1.8866264493466294e-95	0	0	0
2.754228703338169e-8	0	0	0	0	0	0	0.00012728496445368222	0	0	0	0	0	0	0	2.900312300733142e-8	5.519062795047649e-49	0	1.7607022478500978e-95	1.7607022478500978e-95	1.7607022478500978e-95	0	0	0
2.95120922666639e-8	0	0	0	0	0	0	0.00021644810840495976	0	0	0	0	0	0	0	4.9319816678407754e-8	9.385167425575773e-49	0	1.643182945229032e-95	1.643182945229032e-95	1.643182945229032e-95	0	0	0
3.162277660168386e-8	0	0	0	0	0	0	0.00036807005315333326	0	0	0	0	0	0	0	8.386835847218774e-8	1.595947915017898e-48	0	1.53350755063126e-95	1.53350755063126e-95	1.53350755063126e-95	0	0	0
3.3884415613920346e-8	0	0	0	0	0	0	0.0006259032015878644	0	0	0	0	0	0	0	1.4261816094501085e-7	2.7139097598930234e-48	0	1.4311525169312819e-95	1.4311525169312819e-95	1.4311525169312819e-95	0	0	0
3.6307805477010175e-8	0	0	0	0	0	0	0.001064348523879303	0	0	0	0	0	0	0	2.4252221221286415e-7	4.6150041085518664e-48	0	1.3356292415225596e-95	1.3356292415225596e-95	1.3356292415225596e-95	0	0	0
3.890451449942813e-8	0	0	0	0	0	0	0.0018099248852062222	0	0	0	0	0	0	0	4.124090720767567e-7	7.847815442025412e-48	0	1.2464817339211508e-95	1.2464817339211508e-95	1.2464817339211508e-95	0	0	0
4.1686938347033635e-8	0	0	0	0	0	0	0.003077777641997346	0	0	0	0	0	0	0	7.013017124465304e-7	1.334521178387773e-47	0	1.1632844390468039e-95	1.1632844390468039e-95	1.1632844390468039e-95	0	0	0
4.4668359215096346e-8	0	0	0	0	0	0	0.005233761517400911	0	0	0	0	0	0	0	1.1925637072040204e-6	2.269353540130906e-47	0	1.0856402057906465e-95	1.0856402057906465e-95	1.0856402057906465e-95	0	0	0
4.78630092322639e-8	0	0	0	0	0	0	0.008900012543872989	0	0	0	0	0	0	0	2.0279548309939637e-6	3.8590361648112326e-47	0	1.0131783911722509e-95	1.0131783911722509e-95	1.0131783911722509e-95	0	0	0
5.128613839913659e-8	0	0	0	0	0	0	0.015134473173403412	0	0	0	0	0	0	0	3.4485376099476584e-6	6.562291797187958e-47	0	9.45553091036079e-96	9.45553091036079e-96	9.45553091036079e-96	0	0	0
5.495408738576248e-8	0	0	0	0	0	0	0.02573617476462431	0	0	0	0	0	0	0	5.86423891965806e-6	1.1159178559692932e-46	0	8.824414888413105e-96	8.824414888413105e-96	8.824414888413105e-96	0	0	0
5.888436553555896e-8	0	0	0	0	0	0	0.0437643705153389	0	0	0	0	0	0	0	9.972139496937266e-6	1.897618545101485e-46	0	8.235423146628526e-96	8.235423146628526e-96	8.235423146628526e-96	0	0	0
6.309573444801943e-8	0	0	0	0	0	0	0.040843819130599215	0	0	0	0	0	0	0	0.00001695762527904895	3.2269007288043286e-46	0	7.685744070474155e-96	7.685744070474155e-96	7.685744070474155e-96	0	0	0
6.760829753919818e-8	0	0	0	0	0	0	0.0381181664794741	0	0	0	0	0	0	0	0.0000288364452977169	5.487345357388835e-46	0	7.1727537085949896e-96	7.1727537085949896e-96	7.1727537085949896e-96	0	0	0
7.244359600749906e-8	0	0	0	0	0	0	0.0195270417002728	0	0	0	0	0	0	0	0.000049036381198705213	9.331231916271191e-46	0	6.694003247103837e-96	6.694003247103837e-96	6.694003247103837e-96	0	0	0
7.762471166286928e-8	0	0	0	0	0	0	0.010003244982140615	0	0	0	0	0	0	0	0.00008338637638027672	1.5867761805440667e-45	0	6.247207319908676e-96	6.247207319908676e-96	6.247207319908676e-96	0	0	0
8.317637711026726e-8	0	0	0	0	0	0	0.005134009132542163	0	0	0	0	0	0	0	0.0001417985502979384	2.6983132235215604e-45	0	5.830233099275212e-96	5.830233099275212e-96	5.830233099275212e-96	0	0	0
8.912509381337478e-8	0	0	0	0	0	0	0.002634949940752858	0	0	0	0	0	0	0	0.00024112846413783896	4.588482195223347e-45	0	5.441090114547559e-96	5.441090114547559e-96	5.441090114547559e-96	0	0	0
9.549925860214369e-8	0	0	0	0	0	0	0.001379740344619276	0	0	0	0	0	0	0	0.00041003900318660626	7.802714922919006e-45	0	5.07792075042551e-96	5.07792075042551e-96	5.07792075042551e-96	0	0	0
1.0232929922807557e-7	0	0	0	0	0	0	0.0007224742258390334	0	0	0	0	0	0	0	0.0006972714098081886	1.3268518341800674e-44	0	4.738991379440888e-96	4.738991379440888e-96	4.738991379440888e-96	0	0	0
1.0964781961431874e-7	0	0	0	0	0	0	0.0004496825904721417	0	0	0	0	0	0	0	0.0011857101767331832	2.2563118187180446e-44	0	4.422684086303072e-96	4.422684086303072e-96	4.422684086303072e-96	0	0	0
1.1748975549395303e-7	0	0	0	0	0	0	0.00027989155175591656	0	0	0	0	0	0	0	0.002016300401009365	3.83685871484861e-44	0	4.1274889446087576e-96	4.1274889446087576e-96	4.1274889446087576e-96	0	0	0
1.2589254117941688e-7	0	0	0	0	0	0	0.00030608678426804765	0	0	0	0	0	0	0	0.003428719249346061	6.524579038935284e-44	0	3.851996809048156e-96	3.851996809048156e-96	3.851996809048156e-96	0	0	0
1.3489628825916562e-7	0	0	0	0	0	0	0.0003347336456416449	0	0	0	0	0	0	0	0.005830537793352169	1.1095048006476658e-43	0	3.594892588700474e-96	3.594892588700474e-96	3.594892588700474e-96	0	0	0
1.445439770745928e-7	0	0	0	0	0	0	0.0005313453977916221	0	0	0	0	0	0	0	0.009914830724676716	1.8867131431992904e-43	0	3.354948969307952e-96	3.354948969307952e-96	3.354948969307952e-96	0	0	0
1.5488166189124826e-7	0	0	0	0	0	0	0.0008434405546928566	0	0	0	0	0	0	0	0.01686017169995543	3.2083560906119814e-43	0	3.1310205545610764e-96	3.1310205545610764e-96	3.1310205545610764e-96	0	0	0
1.659586907437563e-7	0	0	0	0	0	0	0.001424634717775856	0	0	0	0	0	0	0	0.016011550776794073	5.455810196303575e-43	0	2.9220383984279027e-96	2.9220383984279027e-96	2.9220383984279027e-96	0	0	0
1.7782794100389227e-7	0	0	0	0	0	0	0.0024063154988218736	0	0	0	0	0	0	0	0.015205643384908683	9.277606368316931e-43	0	2.7270049024267958e-96	2.7270049024267958e-96	2.7270049024267958e-96	0	0	0
1.9054607179632522e-7	0	0	0	0	0	0	0.004089419883889056	0	0	0	0	0	0	0	0.009511289909619917	1.577657155004297e-42	0	2.5449890534842797e-96	2.5449890534842797e-96	2.5449890534842797e-96	0	0	0
2.0417379446695318e-7	0	0	0	0	0	0	0.006949776533848118	0	0	0	0	0	0	0	0.005949411902861273	2.6828063187032536e-42	0	2.3751219796454708e-96	2.3751219796454708e-96	2.3751219796454708e-96	0	0	0
2.1877616239495564e-7	0	0	0	0	0	0	0.011817435518648849	0	0	0	0	0	0	0	0.006558508695288855	4.562112700369536e-42	0	2.2165928024215974e-96	2.2165928024215974e-96	2.2165928024215974e-96	0	0	0
2.3442288153199275e-7	0	0	0	0	0	0	0.020094427721130362	0	0	0	0	0	0	0	0.007229964407993516	7.757873591461004e-42	0	2.0686447659756103e-96	2.0686447659756103e-96	2.0686447659756103e-96	0	0	0
2.5118864315095823e-7	0	0	0	0	0	0	0.010454135855285268	0	0	0	0	0	0	0	0.011499530243645148	1.3192265648372547e-41	0	1.930571624667926e-96	1.930571624667926e-96	1.930571624667926e-96	0	0	0
2.6915348039269196e-7	0	0	0	0	0	0	0.005438769294526258	0	0	0	0	0	0	0	0.01829043524450885	2.2433450466219136e-41	0	1.8017142717179753e-96	1.8017142717179753e-96	1.8017142717179753e-96	0	0	0
2.8840315031266115e-7	0	0	0	0	0	0	0.003223775275145757	0	0	0	0	0	0	0	0.010846678114693155	3.814808716214779e-41	0	1.681457592888118e-96	1.681457592888118e-96	1.681457592888118e-96	0	0	0
3.090295432513592e-7	0	0	0	0	0	0	0.0019108600607679912	0	0	0	0	0	0	0	0.0064323469918021355	6.487083011693299e-41	0	1.5692275301705945e-96	1.5692275301705945e-96	1.5692275301705945e-96	0	0	0
3.3113112148259143e-7	0	0	0	0	0	0	0.0019060147945479389	0	0	0	0	0	0	0	0.006422717442357592	1.1031286004389317e-40	0	1.4644883414607466e-96	1.4644883414607466e-96	1.4644883414607466e-96	0	0	0
3.5481338923357606e-7	0	0	0	0	0	0	0.001901181814211723	0	0	0	0	0	0	0	0.006413102308836589	1.8758704134243465e-40	0	1.366740043135293e-96	1.366740043135293e-96	1.366740043135293e-96	0	0	0
3.8018939632056126e-7	0	0	0	0	0	0	0.0029401338308128453	0	0	0	0	0	0	0	0.009921001290413036	3.1899180263848475e-40	0	1.2755160233274793e-96	1.2755160233274793e-96	1.2755160233274793e-96	0	0	0
4.0738027780411303e-7	0	0	0	0	0	0	0.004546849164278584	0	0	0	0	0	0	0	0.015347683829829808	5.424456264268151e-40	0	1.1903808145058446e-96	1.1903808145058446e-96	1.1903808145058446e-96	0	0	0
4.365158322401665e-7	0	0	0	0	0	0	0.007658228781392577	0	0	0	0	0	0	0	0.014287809565447583	9.224289000399697e-40	0	1.1109280147238041e-96	1.1109280147238041e-96	1.1109280147238041e-96	0	0	0
4.677351412871981e-7	0	0	0	0	0	0	0.012898705443960823	0	0	0	0	0	0	0	0.013301127677762193	1.5685905354860837e-39	0	1.0367783476168546e-96	1.0367783476168546e-96	1.0367783476168546e-96	0	0	0
5.011872336272736e-7	0	0	0	0	0	0	0.021915004130759228	0	0	0	0	0	0	0	0.007267521926565965	2.6673885303355692e-39	0	9.675778518866248e-97	9.675778518866248e-97	9.675778518866248e-97	0	0	0
5.370317963702533e-7	0	0	0	0	0	0	0.03723376800390708	0	0	0	0	0	0	0	0.003970856925268279	4.5358947480583926e-39	0	9.02996191629108e-97	9.02996191629108e-97	9.02996191629108e-97	0	0	0
5.754399373371578e-7	0	0	0	0	0	0	0.03285097078667524	0	0	0	0	0	0	0	0.0031090382923682916	7.713289958128067e-39	0	8.427250794411685e-97	8.427250794411685e-97	8.427250794411685e-97	0	0	0
6.165950018614835e-7	0	0	0	0	0	0	0.02898407385236267	0	0	0	0	0	0	0	0.0024342652695197114	1.3116451170659821e-38	0	7.864768047779558e-97	7.864768047779558e-97	7.864768047779558e-97	0	0	0
6.606934480075964e-7	0	0	0	0	0	0	0.020626586327321138	0	0	0	0	0	0	0	0.0033700399631710998	2.230452793117301e-38	0	7.339828605361039e-97	7.339828605361039e-97	7.339828605361039e-97	0	0	0
7.079457843841387e-7	0	0	0	0	0	0	0.014678960096692914	0	0	0	0	0	0	0	0.004665543026710165	3.7928854364610097e-38	0	6.849926613065966e-97	6.849926613065966e-97	6.849926613065966e-97	0	0	0
7.585775750291852e-7	0	0	0	0	0	0	0.01577621312889291	0	0	0	0	0	0	0	0.007748509556214991	6.449802469933598e-38	0	6.392723471787576e-97	6.392723471787576e-97	6.392723471787576e-97	0	0	0
8.128305161640995e-7	0	0	0	0	0	0	0.016955485882431433	0	0	0	0	0	0	0	0.012868684309420873	1.0967890435408151e-37	0	5.966036673851637e-97	5.966036673851637e-97	5.966036673851637e-97	0	0	0
8.709635899560814e-7	0	0	0	0	0	0	0.016835658654829007	0	0	0	0	0	0	0	0.0093104613264652	1.8650899956067284e-37	0	5.567829384584612e-97	5.567829384584612e-97	5.567829384584612e-97	0	0	0
9.332543007969924e-7	0	0	0	0	0	0	0.01671667826609477	0	0	0	0	0	0	0	0.006736095783167644	3.171585923654138e-37	0	5.196200719267449e-97	5.196200719267449e-97	5.196200719267449e-97	0	0	0
1.e-6	0	0	0	0	0	0	0.017124990961642134	0	0	0	0	0	0	0	0.008795283564001303	5.393282519779342e-37	0	4.849376669060774e-97	4.849376669060774e-97	4.849376669060774e-97	0	0	0
1.0715193052376091e-6	0	0	0	0	0	0	0.017543276886002736	0	0	0	0	0	0	0	0.011483953830420902	9.171278041442485e-37	0	4.5257016325855415e-97	4.5257016325855415e-97	4.5257016325855415e-97	0	0	0
1.148153621496884e-6	0	0	0	0	0	0	0.02017937772432633	0	0	0	0	0	0	0	0.009654307578150011	1.5595760208179884e-36	0	4.223630512734426e-97	4.223630512734426e-97	4.223630512734426e-97	0	0	0
1.2302687708123837e-6	0	0	0	0	0	0	0.023211586295256638	0	0	0	0	0	0	0	0.00811616418786219	2.652059346276053e-36	0	3.941721340986802e-97	3.941721340986802e-97	3.941721340986802e-97	0	0	0
1.3182567385564101e-6	0	0	0	0	0	0	0.023832379333461173	0	0	0	0	0	0	0	0.011707217270198592	4.5098274673917594e-36	0	3.678628394019213e-97	3.678628394019213e-97	3.678628394019213e-97	0	0	0
1.4125375446227554e-6	0	0	0	0	0	0	0.024469775459079805	0	0	0	0	0	0	0	0.01688715667144898	7.66896254195783e-36	0	3.433095769752364e-97	3.433095769752364e-97	3.433095769752364e-97	0	0	0
1.5135612484362104e-6	0	0	0	0	0	0	0.02474523056243436	0	0	0	0	0	0	0	0.019992968524813633	1.3041072390285556e-35	0	3.2039513921693485e-97	3.2039513921693485e-97	3.2039513921693485e-97	0	0	0
1.6218100973589331e-6	0	0	0	0	0	0	0.02502378645084075	0	0	0	0	0	0	0	0.023669987684190204	2.2176346299541045e-35	0	2.9901014162865496e-97	2.9901014162865496e-97	2.9901014162865496e-97	0	0	0
1.7378008287493763e-6	0	0	0	0	0	0	0.026023742120117325	0	0	0	0	0	0	0	0.024922543932237137	3.771088147348166e-35	0	2.7905250065686007e-97	2.7905250065686007e-97	2.7905250065686007e-97	0	0	0
1.8620871366628694e-6	0	0	0	0	0	0	0.02706365622424102	0	0	0	0	0	0	0	0.026241382308329793	6.412736175284675e-35	0	2.604269463861697e-97	2.604269463861697e-97	2.604269463861697e-97	0	0	0
1.995262314968883e-6	0	0	0	0	0	0	0.026986560971958604	0	0	0	0	0	0	0	0.02530087287194349	1.0904859193684248e-34	0	2.430445677583201e-97	2.430445677583201e-97	2.430445677583201e-97	0	0	0
2.1379620895022326e-6	0	0	0	0	0	0	0.02690968533811513	0	0	0	0	0	0	0	0.024394071949443433	1.8543715316465712e-34	0	2.2682238814579829e-97	2.2682238814579829e-97	2.2682238814579829e-97	0	0	0
2.2908676527677747e-6	0	0	0	0	0	0	0.03205325646961065	0	0	0	0	0	0	0	0.025215973911159092	3.153359173470926e-34	0	2.1168296925411055e-97	2.1168296925411055e-97	2.1168296925411055e-97	0	0	0
2.4547089156850335e-6	0	0	0	0	0	0	0.03817998008514042	0	0	0	0	0	0	0	0.02606556796282486	5.36228792731934e-34	0	1.9755404146187582e-97	1.9755404146187582e-97	1.9755404146187582e-97	0	0	0
2.6302679918953817e-6	0	0	0	0	0	0	0.03648252888605937	0	0	0	0	0	0	0	0.029106090421904603	9.118571730547554e-34	0	1.8436815883412295e-97	1.8436815883412295e-97	1.8436815883412295e-97	0	0	0
2.8183829312644606e-6	0	0	0	0	0	0	0.03486054500170272	0	0	0	0	0	0	0	0.03250128678785446	1.5506133115591594e-33	0	1.7206237716196754e-97	1.7206237716196754e-97	1.7206237716196754e-97	0	0	0
3.0199517204020193e-6	0	0	0	0	0	0	0.033319732546805265	0	0	0	0	0	0	0	0.029252255929046508	2.6368182573258918e-33	0	1.6057795349176045e-97	1.6057795349176045e-97	1.6057795349176045e-97	0	0	0
3.2359365692962877e-6	0	0	0	0	0	0	0.031847022957799634	0	0	0	0	0	0	0	0.02632801841120347	4.4839099924764656e-33	0	1.4986006570936451e-97	1.4986006570936451e-97	1.4986006570936451e-97	0	0	0
3.4673685045253236e-6	0	0	0	0	0	0	0.034430207299812346	0	0	0	0	0	0	0	0.029069731982882485	7.624889870499102e-33	0	1.3985755084098406e-97	1.3985755084098406e-97	1.3985755084098406e-97	0	0	0
3.7153522909717276e-6	0	0	0	0	0	0	0.03722291958902587	0	0	0	0	0	0	0	0.03209695862249213	1.2966126803345123e-32	0	1.3052266082128238e-97	1.3052266082128238e-97	1.3052266082128238e-97	0	0	0
3.981071705534978e-6	0	0	0	0	0	0	0.038095527727056086	0	0	0	0	0	0	0	0.03449562395875028	2.2048901313434132e-32	0	1.2181083456292864e-97	1.2181083456292864e-97	1.2181083456292864e-97	0	0	0
4.265795188015934e-6	0	0	0	0	0	0	0.03898859221216908	0	0	0	0	0	0	0	0.037073546010980334	3.7494161248223396e-32	0	1.1368048523952385e-97	1.1368048523952385e-97	1.1368048523952385e-97	0	0	0
4.570881896148752e-6	0	0	0	0	0	0	0.03956796458251067	0	0	0	0	0	0	0	0.040279045560564934	6.375882896492395e-32	0	1.0609280176647465e-97	1.0609280176647465e-97	1.0609280176647465e-97	0	0	0
4.897788193684467e-6	0	0	0	0	0	0	0.04015594645436212	0	0	0	0	0	0	0	0.04376170304263749	1.0842190185468517e-31	0	9.901156353216503e-98	9.901156353216503e-98	9.901156353216503e-98	0	0	0
5.248074602497734e-6	0	0	0	0	0	0	0.04072873000063363	0	0	0	0	0	0	0	0.045344399736308445	1.8437146655020608e-31	0	9.240296749502746e-98	9.240296749502746e-98	9.240296749502746e-98	0	0	0
5.623413251903491e-6	0	0	0	0	0	0	0.04130968371894328	0	0	0	0	0	0	0	0.046984336634313534	3.135237170385877e-31	0	8.623546682113907e-98	8.623546682113907e-98	8.623546682113907e-98	0	0	0
6.0255958607435935e-6	9.490310428722986e-21	9.46045995977259e-21	0	0	0	0	0.04312300924874398	0	0	0	0	0	0	0	0.047630668233479175	5.331471457321538e-31	0	8.047962029206408e-98	8.047962029206408e-98	8.047962029206408e-98	0	0	0
6.4565422903465625e-6	1.613827484879873e-20	1.6087514120168583e-20	0	0	0	0	0.04501593232519756	0	0	0	0	0	0	0	0.04828589097735407	9.066168316936584e-31	0	7.510795176407769e-98	7.510795176407769e-98	7.510795176407769e-98	0	0	0
6.9183097091893625e-6	2.744313972144813e-20	2.7356821091903925e-20	0	0	0	0	0.04662652099421061	0	0	0	0	0	0	0	0.045609611394959094	1.5417021099896493e-30	0	7.009481900787856e-98	7.009481900787856e-98	7.009481900787856e-98	0	0	0
7.413102413009192e-6	4.6667064777808644e-20	4.652027993039877e-20	0	0	0	0	0.04829473361382934	0	0	0	0	0	0	0	0.043081666497048275	2.621664757212238e-30	0	6.541629130268918e-98	6.541629130268918e-98	6.541629130268918e-98	0	0	0
7.943282347242822e-6	7.935735331602831e-20	7.910774565261868e-20	0	0	0	0	0.051622692396986684	0	0	0	0	0	0	0	0.048578637545960125	4.4581414623960155e-30	0	6.105003520042357e-98	6.105003520042357e-98	6.105003520042357e-98	0	0	0
8.511380382023777e-6	1.3494719574306077e-19	1.3452273785975591e-19	0	0	0	0	0.05517997866232789	0	0	0	0	0	0	0	0.054776990253695444	7.581070479762315e-30	0	5.697520791460294e-98	5.697520791460294e-98	5.697520791460294e-98	0	0	0
9.120108393559115e-6	2.2947773429885756e-19	2.2875594358042327e-19	0	0	0	0	0.053838330424089496	0	0	0	0	0	0	0	0.0572046973212511	1.2891611920325902e-29	0	5.3172357825105935e-98	5.3172357825105935e-98	5.3172357825105935e-98	0	0	0
9.772372209558111e-6	3.902269346833974e-19	3.8899952941726937e-19	0	0	0	0	0.052529303075507204	0	0	0	0	0	0	0	0.05973999996093565	2.192218873943156e-29	0	4.9623331623796724e-98	4.9623331623796724e-98	4.9623331623796724e-98	0	0	0
0.000010471285480509006	6.635809832168357e-19	6.614937803076782e-19	0	0	0	0	0.05592131876451971	0	0	0	0	0	0	0	0.061446579108750024	3.727868648989995e-29	0	4.63111876577836e-98	4.63111876577836e-98	4.63111876577836e-98	0	0	0
0.000011220184543019652	1.1284195993397148e-18	1.1248703103605933e-18	0	0	0	0	0.059532369730241334	0	0	0	0	0	0	0	0.06320190971939733	6.339241409378717e-29	0	4.322011505664305e-98	4.322011505664305e-98	4.322011505664305e-98	0	0	0
0.000012022644346174132	1.9188777622910795e-18	1.9128421956472835e-18	0	0	0	0	0.06200195608337724	0	0	0	0	0	0	0	0.06707605686314376	1.0779881329045933e-28	0	4.033535825755297e-98	4.033535825755297e-98	4.033535825755297e-98	0	0	0
0.000012882495516931348	3.2630520320363712e-18	3.252788549709094e-18	0	0	0	0	0.06457398849708838	0	0	0	0	0	0	0	0.07118768126284673	1.8331190431774216e-28	0	3.764314656804872e-98	3.764314656804872e-98	3.764314656804872e-98	0	0	0
0.000013803842646028866	5.548820656019496e-18	5.531367602197092e-18	0	0	0	0	0.0685360547621777	0	0	0	0	0	0	0	0.06995418312918562	3.1172193124293124e-28	0	3.513062843016294e-98	3.513062843016294e-98	3.513062843016294e-98	0	0	0
0.000014791083881682102	9.435770674319557e-18	9.40609175268122e-18	0	0	0	0	0.07274122153033759	0	0	0	0	0	0	0	0.06874205832330757	5.3008320861360875e-28	0	3.278581007215059e-98	3.278581007215059e-98	3.278581007215059e-98	0	0	0
0.00001584893192461114	1.604552998514408e-17	1.5995060972753738e-17	0	0	0	0	0.07604715477057934	0	0	0	0	0	0	0	0.07349173156955609	9.014066059892313e-28	0	3.0597498254947895e-98	3.0597498254947895e-98	3.0597498254947895e-98	0	0	0
0.00001698243652461746	2.7285427061603718e-17	2.719960449558569e-17	0	0	0	0	0.07950333561952261	0	0	0	0	0	0	0	0.0785695793932962	1.5328421201006583e-27	0	2.8555246840058533e-98	2.8555246840058533e-98	2.8555246840058533e-98	0	0	0
0.000018197008586099864	4.639887436709054e-17	4.625293307580926e-17	0	0	0	0	0.08092793998801967	0	0	0	0	0	0	0	0.08161387476818396	2.606598342571623e-27	0	2.6649306923804295e-98	2.6649306923804295e-98	2.6649306923804295e-98	0	0	0
0.000019498445997580493	7.890129546708248e-17	7.865312227104479e-17	0	0	0	0	0.08237807155724323	0	0	0	0	0	0	0	0.08477612590153674	4.432521021180661e-27	0	2.487058029989938e-98	2.487058029989938e-98	2.487058029989938e-98	0	0	0
0.00002089296130854041	1.3417166927650775e-16	1.337496507052659e-16	0	0	0	0	0.08464494767693242	0	0	0	0	0	0	0	0.0873210895957531	7.53750291417124e-27	0	2.3210576028198048e-98	2.3210576028198048e-98	2.3210576028198048e-98	0	0	0
0.000022387211385683423	2.281589513819307e-16	2.274413087141645e-16	0	0	0	0	0.08697420359314911	0	0	0	0	0	0	0	0.08994245263160072	1.2817525266018801e-26	0	2.1661369902291357e-98	2.1661369902291357e-98	2.1661369902291357e-98	0	0	0
0.000023988329190194948	3.879843440601477e-16	3.8676399255503944e-16	0	0	0	0	0.0918504942259163	0	0	0	0	0	0	0	0.09263317753852714	2.1796204368444852e-26	0	2.0215566622467897e-98	2.0215566622467897e-98	2.0215566622467897e-98	0	0	0
0.000025703957827688645	6.597674573977014e-16	6.57692249410624e-16	0	0	0	0	0.09700017868527672	0	0	0	0	0	0	0	0.09540439836604434	3.706445004095369e-26	0	1.8866264493466294e-98	1.8866264493466294e-98	1.8866264493466294e-98	0	0	0
0.00002754228703338169	1.1219346978947998e-15	1.1184058062831402e-15	0	0	0	0	0.09961185228595057	0	0	0	0	0	0	0	0.09826131359865296	6.302810496800276e-26	0	1.7607022478500974e-98	1.7607022478500974e-98	1.7607022478500974e-98	0	0	0
0.0000295120922666639	1.907850186041445e-15	1.9018493051252404e-15	0	0	0	0	0.10229384368488938	0	0	0	0	0	0	0	0.10120378007193917	1.071793055466407e-25	0	1.6431829452290322e-98	1.6431829452290322e-98	1.6431829452290322e-98	0	0	0
0.000031622776601683856	3.2442996363409893e-15	3.2340951371006355e-15	0	0	0	0	0.10665244009152602	0	0	0	0	0	0	0	0.10615894120724262	1.8225843127112943e-25	0	1.53350755063126e-98	1.53350755063126e-98	1.53350755063126e-98	0	0	0
0.000033884415613920276	5.516932203256931e-15	5.499579450186099e-15	0	0	0	0	0.11119675014378899	0	0	0	0	0	0	0	0.11135671800234921	3.0993050010905126e-25	0	1.4311525169312848e-98	1.4311525169312848e-98	1.4311525169312848e-98	0	0	0
0.000036307805477010174	9.38154435379526e-15	9.352035993605813e-15	0	0	0	0	0.11605773030571764	0	0	0	0	0	0	0	0.11402942475545946	5.270368795995876e-25	0	1.3356292415225597e-98	1.3356292415225597e-98	1.3356292415225597e-98	0	0	0
0.00003890451449942813	1.595331811586627e-14	1.590313914325507e-14	0	0	0	0	0.12113120883746382	0	0	0	0	0	0	0	0.11676627996333892	8.962263228702127e-25	0	1.246481733921151e-98	1.246481733921151e-98	1.246481733921151e-98	0	0	0
0.00004168693834703355	2.7128620758806244e-14	2.7043291405492477e-14	0	0	0	0	0.12248350840895651	0	0	0	0	0	0	0	0.11827466531467502	1.5240330475842968e-24	0	1.1632844390468065e-98	1.1632844390468065e-98	1.1632844390468065e-98	0	0	0
0.00004466835921509635	4.613222521671967e-14	4.598712263374409e-14	0	0	0	0	0.12385090494966577	0	0	0	0	0	0	0	0.11980253596920641	2.591618512933788e-24	0	1.0856402057906468e-98	1.0856402057906468e-98	1.0856402057906468e-98	0	0	0
0.0000478630092322639	7.844785853167275e-14	7.820111155928286e-14	0	0	0	0	0.12630806247525986	0	0	0	0	0	0	0	0.12391284099915069	4.4070478177803215e-24	0	1.013178391172251e-98	1.013178391172251e-98	1.013178391172251e-98	0	0	0
0.00005128613839913659	1.3340059967397205e-13	1.3298100639633964e-13	0	0	0	0	0.12881396912471343	0	0	0	0	0	0	0	0.12816416647830678	7.494185726515414e-24	0	9.455530910360787e-99	9.455530910360787e-99	9.455530910360787e-99	0	0	0
0.00005495408738576248	2.2684774736317825e-13	2.2613422890769697e-13	0	0	0	0	0.13544508335635402	0	0	0	0	0	0	0	0.13480783442071378	1.274386437944183e-23	0	8.824414888413106e-99	8.824414888413106e-99	8.824414888413106e-99	0	0	0
0.00005888436553555896	3.8575464135481337e-13	3.845413030735495e-13	0	0	0	0	0.1424175555653316	0	0	0	0	0	0	0	0.14179589132098527	2.167094401557177e-23	0	8.235423146628525e-99	8.235423146628525e-99	8.235423146628525e-99	0	0	0
0.00006309573444801943	6.559758474856721e-13	6.539125654871885e-13	0	0	0	0	0.14557038762111874	0	0	0	0	0	0	0	0.14638078797513293	3.68514447849606e-23	0	7.685744070474157e-99	7.685744070474157e-99	7.685744070474157e-99	0	0	0
0.00006760829753919819	1.1154870644544287e-12	1.1119784529888513e-12	0	0	0	0	0.1487930169005183	0	0	0	0	0	0	0	0.1511139348862768	6.266588948608769e-23	0	7.1727537085949905e-99	7.1727537085949905e-99	7.1727537085949905e-99	0	0	0
0.00007244359600749906	1.896885984041218e-12	1.890919589517632e-12	0	0	0	0	0.1531563764828727	0	0	0	0	0	0	0	0.15562786107951032	1.0656335804465382e-22	0	6.694003247103838e-99	6.694003247103838e-99	6.694003247103838e-99	0	0	0
0.00007762471166286927	3.22565500856971e-12	3.215509153447145e-12	0	0	0	0	0.15764769171288895	0	0	0	0	0	0	0	0.16027662281715235	1.812110124164826e-22	0	6.247207319908676e-99	6.247207319908676e-99	6.247207319908676e-99	0	0	0
0.00008317637711026725	5.4852270098720245e-12	5.467973981135631e-12	0	0	0	0	0.16332039701481596	0	0	0	0	0	0	0	0.16596666239361513	3.0814936412988685e-22	0	5.8302330992752125e-99	5.8302330992752125e-99	5.8302330992752125e-99	0	0	0
0.00008912509381337459	9.327629665880126e-12	9.298290886942038e-12	0	0	0	0	0.16919722573328622	0	0	0	0	0	0	0	0.17185870616640225	5.240080574982581e-22	0	5.44109011454757e-99	5.44109011454757e-99	5.44109011454757e-99	0	0	0
0.00009549925860214369	1.586163617790496e-11	1.5811745578246812e-11	0	0	0	0	0.1749320372203272	0	0	0	0	0	0	0	0.17769792671847068	8.910758102598674e-22	0	5.07792075042551e-99	5.07792075042551e-99	5.07792075042551e-99	0	0	0
0.00010232929922807557	2.6972715604322305e-11	2.6887876629274894e-11	0	0	0	0	0.18086122578801692	0	0	0	0	0	0	0	0.18373554569571196	1.5152745998241035e-21	0	4.738991379440889e-99	4.738991379440889e-99	4.738991379440889e-99	0	0	0
0.00010964781961431851	4.586710846924373e-11	4.5722839774611607e-11	0	0	0	0	0.18647809250133893	0	0	0	0	0	0	0	0.18970066398521668	2.5767247707043876e-21	0	4.422684086303081e-99	4.422684086303081e-99	4.422684086303081e-99	0	0	0
0.00011748975549395303	7.799702744770123e-11	7.77516985026117e-11	0	0	0	0	0.1922693978846283	0	0	0	0	0	0	0	0.19585944450852016	4.381721006035668e-21	0	4.127488944608758e-99	4.127488944608758e-99	4.127488944608758e-99	0	0	0
0.00012589254117941688	1.3263396132234734e-10	1.3221677940043223e-10	0	0	0	0	0.19900095087049116	0	0	0	0	0	0	0	0.2019057040654428	7.451117477900531e-21	0	3.851996809048156e-99	3.851996809048156e-99	3.851996809048156e-99	0	0	0
0.0001348962882591656	2.2554407868752744e-10	2.248346607429427e-10	0	0	0	0	0.20596818257642024	0	0	0	0	0	0	0	0.2081386140783661	1.2670626813755986e-20	0	3.5948925887004745e-99	3.5948925887004745e-99	3.5948925887004745e-99	0	0	0
0.0001445439770745928	3.8353775250196845e-10	3.82331387140333e-10	0	0	0	0	0.2142198649178285	0	0	0	0	0	0	0	0.21503405945174048	2.1546403519960316e-20	0	3.3549489693079513e-99	3.3549489693079513e-99	3.3549489693079513e-99	0	0	0
0.00015488166189124827	6.522060275324548e-10	6.50154602985243e-10	0	0	0	0	0.2228021335692755	0	0	0	0	0	0	0	0.2221579447381389	3.663966364639002e-20	0	3.131020554561076e-99	3.131020554561076e-99	3.131020554561076e-99	0	0	0
0.00016595869074375631	1.1090764848435378e-9	1.1055880369763025e-9	0	0	0	0	0.22953410100271385	0	0	0	0	0	0	0	0.22821705030367348	6.230575561610477e-20	0	2.9220383984279025e-99	2.9220383984279025e-99	2.9220383984279025e-99	0	0	0
0.00017782794100389227	1.885984792085728e-9	1.88005268576529e-9	0	0	0	0	0.23646947486138972	0	0	0	0	0	0	0	0.2344414110902057	1.0595095032418874e-19	0	2.7270049024267955e-99	2.7270049024267955e-99	2.7270049024267955e-99	0	0	0
0.00019054607179632481	3.2071175293924742e-9	3.197029981366461e-9	0	0	0	0	0.24382072990840947	0	0	0	0	0	0	0	0.24140146603581078	1.8016961296104207e-19	0	2.544989053484285e-99	2.544989053484285e-99	2.544989053484285e-99	0	0	0
0.00020417379446695317	5.453704022693478e-9	5.436550145186842e-9	0	0	0	0	0.25140051741526664	0	0	0	0	0	0	0	0.24856814985564377	3.063784641403219e-19	0	2.3751219796454705e-99	2.3751219796454705e-99	2.3751219796454705e-99	0	0	0
0.00021877616239495564	9.274024819656942e-9	9.244854647405583e-9	0	0	0	0	0.2593095002110247	0	0	0	0	0	0	0	0.25601661177716756	5.209966416993813e-19	0	2.2165928024215974e-99	2.2165928024215974e-99	2.2165928024215974e-99	0	0	0
0.00023442288153199226	1.577048112580473e-8	1.572087724185233e-8	0	0	0	0	0.26746729716797424	0	0	0	0	0	0	0	0.2636882703754529	8.859548970704261e-19	0	2.0686447659756147e-99	2.0686447659756147e-99	2.0686447659756147e-99	0	0	0
0.0002511886431509582	2.6817706419354258e-8	2.673335500442383e-8	0	0	0	0	0.2749530727552425	0	0	0	0	0	0	0	0.27239756775749263	1.5065664858852887e-18	0	1.930571624667926e-99	1.930571624667926e-99	1.930571624667926e-99	0	0	0
0.00026915348039269194	4.560351531811468e-8	4.546007571956224e-8	0	0	0	0	0.28264835745534905	0	0	0	0	0	0	0	0.28139452245845986	2.5619166211486293e-18	0	1.8017142717179752e-99	1.8017142717179752e-99	1.8017142717179752e-99	0	0	0
0.00028840315031266115	7.754878723963587e-8	7.730486817260184e-8	0	0	0	0	0.29086558948186086	0	0	0	0	0	0	0	0.2902786291095715	4.356539744650443e-18	0	1.681457592888118e-99	1.681457592888118e-99	1.681457592888118e-99	0	0	0
0.0003090295432513592	1.3187172875572957e-7	1.3145694433174023e-7	0	0	0	0	0.29932171517393374	0	0	0	0	0	0	0	0.29944322221187114	7.408296737701454e-18	0	1.5692275301705947e-99	1.5692275301705947e-99	1.5692275301705947e-99	0	0	0
0.0003311311214825914	2.2424790205019499e-7	2.235425610513289e-7	0	0	0	0	0.30767965908015443	0	0	0	0	0	0	0	0.3087805790225408	1.2597810136182695e-17	0	1.4644883414607465e-99	1.4644883414607465e-99	1.4644883414607465e-99	0	0	0
0.000354813389233576	3.813336038618404e-7	3.801341713472428e-7	0	0	0	0	0.3162709813976236	0	0	0	0	0	0	0	0.3184090969807747	2.142257874467184e-17	0	1.3667400431352932e-99	1.3667400431352932e-99	1.3667400431352932e-99	0	0	0
0.00038018939632056124	6.484578723135859e-7	6.464182370741985e-7	0	0	0	0	0.32491187599952537	0	0	0	0	0	0	0	0.32624703518162507	3.642909959037631e-17	0	1.2755160233274795e-99	1.2755160233274795e-99	1.2755160233274795e-99	0	0	0
0.00040738027780411304	1.1027027461178749e-6	1.0992343459710362e-6	0	0	0	0	0.33378884998876635	0	0	0	0	0	0	0	0.3342779115736991	6.194769139526089e-17	0	1.1903808145058443e-99	1.1903808145058443e-99	1.1903808145058443e-99	0	0	0
0.00043651583224016654	1.8751462480632339e-6	1.8692482328954806e-6	0	0	0	0	0.3418080697012855	0	0	0	0	0	0	0	0.34259126212311153	1.0534206204251698e-16	0	1.110928014723804e-99	1.110928014723804e-99	1.110928014723804e-99	0	0	0
0.00046773514128719906	3.1886865830383865e-6	3.1786570070245705e-6	0	0	0	0	0.35001994978817025	0	0	0	0	0	0	0	0.3511113621913068	1.791341983120041e-16	0	1.0367783476168526e-99	1.0367783476168526e-99	1.0367783476168526e-99	0	0	0
0.0005011872336272725	5.4223621946025604e-6	5.405306898514668e-6	0	0	0	0	0.35888587209199857	0	0	0	0	0	0	0	0.360564719858191	3.0461774131526667e-16	0	9.675778518866268e-100	9.675778518866268e-100	9.675778518866268e-100	0	0	0
0.0005370317963702533	9.220728034499606e-6	9.191725499971232e-6	0	0	0	0	0.36797636610479706	0	0	0	0	0	0	0	0.37027260067869905	5.180025321708612e-16	0	9.029961916291082e-100	9.029961916291082e-100	9.029961916291082e-100	0	0	0
0.0005754399373371578	5.7944688933737455e-6	5.776243186734867e-6	0	0	0	0	0.37677684891183066	0	0	0	0	0	0	0	0.3788786313376245	8.808634131973232e-16	0	8.427250794411684e-100	8.427250794411684e-100	8.427250794411684e-100	0	0	0
0.0006165950018614823	3.641346933848535e-6	3.6298935768268767e-6	0	0	0	0	0.385787803109885	0	0	0	0	0	0	0	0.38768468696076974	1.4979084165049784e-15	0	7.864768047779574e-100	7.864768047779574e-100	7.864768047779574e-100	0	0	0
0.0006606934480075965	4.043596059586869e-6	4.030877483147115e-6	0	0	0	0	0.39512384172744847	0	0	0	0	0	0	0	0.39547158936012305	2.547193572374954e-15	0	7.339828605361039e-100	7.339828605361039e-100	7.339828605361039e-100	0	0	0
0.0007079457843841388	4.490280489649854e-6	4.476156928640798e-6	0	0	0	0	0.4046858118450901	0	0	0	0	0	0	0	0.4034148968252843	4.3315031971626966e-15	0	6.849926613065967e-100	6.849926613065967e-100	6.849926613065967e-100	0	0	0
0.0007585775750291852	4.256180655853128e-6	4.242793423742113e-6	0	0	0	0	0.4129191863161388	0	0	0	0	0	0	0	0.41182562677755535	7.365722083515453e-15	0	6.392723471787576e-100	6.392723471787576e-100	6.392723471787576e-100	0	0	0
0.0008128305161640995	4.034285567909143e-6	4.021596276343137e-6	0	0	0	0	0.4213200696377491	0	0	0	0	0	0	0	0.42041171063690064	1.2525411927924995e-14	0	5.966036673851637e-100	5.966036673851637e-100	5.966036673851637e-100	0	0	0
0.0008709635899560814	3.421950687736441e-6	3.4111874114957635e-6	0	0	0	0	0.42898248848844067	0	0	0	0	0	0	0	0.42904949351397575	2.1299465576541283e-14	0	5.567829384584612e-100	5.567829384584612e-100	5.567829384584612e-100	0	0	0
0.0009332543007969925	2.9025576678174777e-6	2.893428071036561e-6	0	0	0	0	0.4367842614000341	0	0	0	0	0	0	0	0.4378647483575631	3.6219745622483606e-14	0	5.19620071926745e-100	5.19620071926745e-100	5.19620071926745e-100	0	0	0
0.001	4.205882954491785e-6	4.192653926897265e-6	0	0	0	0	0.44473175455828107	0	0	0	0	0	0	0	0.4447932697131301	6.159168492951596e-14	0	4.849376669060774e-100	4.849376669060774e-100	4.849376669060774e-100	0	0	0
0.001071519305237607	6.094435822247012e-6	6.075266610802497e-6	0	0	0	0	0.45282385605772124	0	0	0	0	0	0	0	0.4518314240280863	1.0473667297381411e-13	0	4.52570163258555e-100	4.52570163258555e-100	4.52570163258555e-100	0	0	0
0.001148153621496884	5.779988748040671e-6	5.761808586711602e-6	0	0	0	0	0.45932113548706216	0	0	0	0	0	0	0	0.45749581307936854	1.7810473407534345e-13	0	4.223630512734427e-100	4.223630512734427e-100	4.223630512734427e-100	0	0	0
0.0012302687708123836	5.481765810958837e-6	5.464523668948581e-6	3.9363072784110236e-100	3.9239261641076194e-100	0	0	0.46591164021674475	0	0	0	0	0	0	0	0.4632312137992021	3.028671371676997e-13	0	3.9417213409868013e-100	3.9417213409868013e-100	3.9417213409868013e-100	0	0	0
0.0013182567385564075	3.7875676793789936e-6	3.77565440507042e-6	3.673575696835592e-100	3.6620209686632807e-100	0	0	0.4706830062067378	0	0	0	0	0	0	0	0.46839138354874754	5.150256294554886e-13	0	3.6786283940192206e-100	3.6786283940192206e-100	3.6786283940192206e-100	0	0	0
0.0014125375446227555	2.6169795318868093e-6	2.6087481819381206e-6	3.428380318375118e-100	3.4175968186137684e-100	0	0	0.4755032353961998	0	0	0	0	0	0	0	0.4736090350720837	8.758011895135316e-13	0	3.433095769752364e-100	3.433095769752364e-100	3.433095769752364e-100	0	0	0
0.0015135612484362103	3.2738862123785e-6	3.263588652623861e-6	3.1995506768913347e-100	3.189486929361412e-100	0	0	0.4793545532296694	0	0	0	0	0	0	0	0.4775413448330168	1.489300104082693e-12	0	3.203951392169349e-100	3.203951392169349e-100	3.203951392169349e-100	0	0	0
0.0016218100973589332	4.095687719756165e-6	4.08280529614869e-6	2.9859944298267596e-100	2.976602394162324e-100	0	0	0.48323706464490707	0	0	0	0	0	0	0	0.4815063040134304	2.5325551353186996e-12	0	2.9901014162865497e-100	2.9901014162865497e-100	2.9901014162865497e-100	0	0	0
0.0017378008287493763	5.622099747110859e-6	5.6044162039646465e-6	2.786692143791687e-100	2.7779269861146135e-100	0	0	0.4858269222317597	0	0	0	0	0	0	0	0.4847882829845151	4.306610531917985e-12	0	2.7905250065686005e-100	2.7905250065686005e-100	2.7905250065686005e-100	0	0	0
0.0018620871366628695	7.717386609823322e-6	7.693112629419304e-6	2.6006924281907775e-100	2.592512307091485e-100	0	0	0.4884306598845483	0	0	0	0	0	0	0	0.48809263214240034	7.323392101113326e-12	0	2.6042694638616967e-100	2.6042694638616967e-100	2.6042694638616967e-100	0	0	0
0.001995262314968883	8.330986921287332e-6	8.304782945317515e-6	2.4271073936592113e-100	2.419473260462257e-100	0	0	0.49046762612786915	0	0	0	0	0	0	0	0.4898711099044819	1.2453429784086836e-11	0	2.4304456775832014e-100	2.4304456775832014e-100	2.4304456775832014e-100	0	0	0
0.0021379620895022326	8.993373870153854e-6	8.965086446946055e-6	2.265108413628638e-100	2.2579838259897228e-100	0	0	0.4925130873978482	0	0	0	0	0	0	0	0.49165606795932315	2.117705992604182e-11	0	2.268223881457983e-100	2.268223881457983e-100	2.268223881457983e-100	0	0	0
0.0022908676527677745	9.1997768384754e-6	9.170840203058642e-6	2.113922168790375e-100	2.1072731167349524e-100	0	0	0.4922280516912205	0	0	0	0	0	0	0	0.4916225390953901	3.601159478846764e-11	0	2.1168296925411058e-100	2.1168296925411058e-100	2.1168296925411058e-100	0	0	0
0.0024547089156850338	9.410916870544805e-6	9.381316123135207e-6	1.9728269555737187e-100	1.9666216991467725e-100	0	0	0.4919431809453956	0	0	0	0	0	0	0	0.49158901251798415	6.123772439317972e-11	0	1.9755404146187577e-100	1.9755404146187577e-100	1.9755404146187577e-100	0	0	0
0.002630267991895387	5.740200970163099e-6	5.722145955828635e-6	1.8411492410174067e-100	1.835358158769411e-100	0	0	0.4907388107026441	0	0	0	0	0	0	0	0.4905249172656843	1.0413476300849524e-10	0	1.8436815883412257e-100	1.8436815883412257e-100	1.8436815883412257e-100	0	0	0
0.002818382931264455	3.501243038389963e-6	3.4902303589428225e-6	1.7182604475886135e-100	1.7128558951744023e-100	0	0	0.4895373889867514	0	0	0	0	0	0	0	0.48946312535759556	1.77081186054705e-10	0	1.7206237716196792e-100	1.7206237716196792e-100	1.7206237716196792e-100	0	0	0
0.003019951720402019	3.6971959027919187e-6	3.685566880503465e-6	1.6035739526014348e-100	1.5985301308169896e-100	0	0	0.4869093758383945	0	0	0	0	0	0	0	0.48624840609529024	3.011265935467026e-10	0	1.605779534917604e-100	1.605779534917604e-100	1.605779534917604e-100	0	0	0
0.0032359365692962876	3.9041155937312916e-6	3.8918357339538e-6	1.4965422879113184e-100	1.4918351195385313e-100	0	0	0.48429547081183444	0	0	0	0	0	0	0	0.4830548006194993	5.120658346676543e-10	0	1.4986006570936453e-100	1.4986006570936453e-100	1.4986006570936453e-100	0	0	0
0.0034673685045253167	4.061629539432984e-6	4.048854241157389e-6	1.3966545265178088e-100	1.3922615413893298e-100	0	0	0.4801230574319633	0	0	0	0	0	0	0	0.47852251916515415	8.707680578640441e-10	0	1.3985755084098432e-100	1.3985755084098432e-100	1.3985755084098432e-100	0	0	0
0.003715352290971728	4.225498482187136e-6	4.212207756642395e-6	1.3034338436003299e-100	1.2993340713358394e-100	0	0	0.4759865911844973	0	0	0	0	0	0	0	0.47403276202721184	1.4807412626707433e-9	0	1.305226608212824e-100	1.305226608212824e-100	1.305226608212824e-100	0	0	0
0.003981071705534978	4.879400958254688e-6	4.8640534722167e-6	1.2164352403443595e-100	1.2126091102462356e-100	0	0	0.469904587537693	0	0	0	0	0	0	0	0.4685650585360544	2.518000823725774e-9	0	1.2181083456292864e-100	1.2181083456292864e-100	1.2181083456292864e-100	0	0	0
0.004265795188015935	5.634495861679583e-6	5.616773328256296e-6	1.1352434196923945e-100	1.1316726673229114e-100	0	0	0.46390029777830655	0	0	0	0	0	0	0	0.4631604219547438	4.2818609220410995e-9	0	1.1368048523952385e-100	1.1368048523952385e-100	1.1368048523952385e-100	0	0	0
0.004570881896148752	5.969510906721719e-6	5.950734629453597e-6	1.0594708038794122e-100	1.0561383838735112e-100	0	0	0.45620704799791456	0	0	0	0	0	0	0	0.4560706005575311	7.2813053843936964e-9	0	1.0609280176647465e-100	1.0609280176647465e-100	1.0609280176647465e-100	0	0	0
0.004897788193684466	6.324445228156981e-6	6.30455255369395e-6	9.887556842893063e-101	9.856456889867372e-101	0	0	0.4486413818652741	0	0	0	0	0	0	0	0.4490893064978494	1.2381861313591921e-8	0	9.901156353216503e-101	9.901156353216503e-101	9.901156353216503e-101	0	0	0
0.005248074602497733	6.855196888101867e-6	6.833634807135799e-6	9.227604948004665e-101	9.198580783088854e-101	0	0	0.44042626383850825	0	0	0	0	0	0	0	0.44085423314329447	2.1055357727148923e-8	0	9.240296749502747e-101	9.240296749502747e-101	9.240296749502747e-101	0	0	0
0.005623413251903491	7.4304895811922405e-6	7.4071179960164335e-6	8.61170200378096e-101	8.58461507704624e-101	0	0	0.43236157367444505	0	0	0	0	0	0	0	0.43277016857958334	3.5804640174054636e-8	0	8.623546682113908e-101	8.623546682113908e-101	8.623546682113908e-101	0	0	0
0.0060255958607435805	7.5885400313273675e-6	7.5646713201523845e-6	8.036907932210642e-101	8.011628941340091e-101	0	0	0.4227413775665005	0	0	0	0	0	0	0	0.42290010025938507	6.088579802852525e-8	0	8.047962029206423e-101	8.047962029206423e-101	8.047962029206423e-101	0	0	0
0.006456542290346563	7.74995229827345e-6	7.725575886965891e-6	7.500478892845029e-101	7.476887165895279e-101	0	0	0.413335234183845	0	0	0	0	0	0	0	0.4132551358297001	1.0353631215254209e-7	0	7.510795176407768e-101	7.510795176407768e-101	7.510795176407768e-101	0	0	0
0.006918309709189377	6.87164686165816e-6	6.850033039557941e-6	6.999854184784674e-101	6.977837104145591e-101	0	0	0.4030260580979863	0	0	0	0	0	0	0	0.40254085757189095	1.7606352025026188e-7	0	7.009481900787842e-101	7.009481900787842e-101	7.009481900787842e-101	0	0	0
0.007413102413009177	6.092880158998682e-6	6.073715840679407e-6	6.532644022902122e-101	6.512096487704703e-101	0	0	0.3929740077124785	0	0	0	0	0	0	0	0.39210436354138556	2.993960526355544e-7	0	6.54162913026893e-101	6.54162913026893e-101	6.54162913026893e-101	0	0	0
0.00794328234724282	5.5625841100879365e-6	5.545087765209723e-6	6.09661812994916e-101	6.077442054355392e-101	0	0	0.3815210962061218	0	0	0	0	0	0	0	0.38077169440464903	5.091230494899772e-7	0	6.105003520042357e-101	6.105003520042357e-101	6.105003520042357e-101	0	0	0
0.008511380382023776	5.078442571384498e-6	5.062469027269991e-6	5.6896950900919587e-101	5.671798935071667e-101	0	0	0.370401970597555	0	0	0	0	0	0	0	0.3697665640603981	8.65763851060176e-7	0	5.697520791460295e-101	5.697520791460295e-101	5.697520791460295e-101	0	0	0
0.009120108393559097	5.641505486238015e-6	5.623760905002731e-6	5.309932413051852e-101	5.293230749411434e-101	0	0	0.3583914571173124	0	0	0	0	0	0	0	0.3576973487853898	1.2795816481384572e-6	0	5.317235782510604e-101	5.317235782510604e-101	5.317235782510604e-101	0	0	0
0.009772372209558112	6.266996958986393e-6	6.247284980169517e-6	4.955517261421982e-101	4.939930361999098e-101	0	0	0.3467703919810574	0	0	0	0	0	0	0	0.34602207382709044	1.8911960718246088e-6	0	4.962333162379672e-101	4.962333162379672e-101	4.962333162379672e-101	0	0	0
0.010471285480509006	6.423702397490802e-6	6.4034975232242395e-6	4.62475779689579e-101	4.610211255973293e-101	0	0	0.3343595587578921	0	0	0	0	0	0	0	0.333607512654711	2.060923537523131e-6	0	4.631118765778361e-101	4.631118765778361e-101	4.631118765778361e-101	0	0	0
0.011220184543019653	6.584326234969653e-6	6.563616140467198e-6	4.3160751040974095e-101	4.3024994822197696e-101	0	0	0.3223929064246036	0	0	0	0	0	0	0	0.32163836043384164	2.245883380785052e-6	0	4.322011505664304e-101	4.322011505664304e-101	4.322011505664304e-101	4.300726271362016e-11	4.300726271362016e-11	4.300726271362016e-11
0.012022644346174132	7.5672787248187885e-6	7.543476888165393e-6	4.027995653461734e-101	4.015326145958434e-101	0	0	0.30993102117721905	0	0	0	0	0	0	0	0.30919726562123906	2.7332771749366034e-6	0	4.0335358257552974e-101	4.0335358257552974e-101	4.0335358257552974e-101	4.013671289299215e-11	4.013671289299215e-11	4.013671289299215e-11
0.01288249551693135	8.696972971200144e-6	8.669617836340292e-6	3.759144267184748e-101	3.747320394818313e-101	0	0	0.2979508418880738	0	0	0	0	0	0	0	0.29723739711487446	3.326443473845024e-6	0	3.7643146568048714e-101	3.7643146568048714e-101	3.7643146568048714e-101	3.745775992723894e-11	3.745775992723894e-11	3.745775992723894e-11
0.013803842646028866	8.563206600055608e-6	8.53627220895735e-6	3.508237554666517e-101	3.497202874928467e-101	0	0	0.28545773663891255	0	0	0	0	0	0	0	0.2847632797801946	3.6648433655492624e-6	0	3.513062843016294e-101	3.513062843016294e-101	3.513062843016294e-101	3.495761555031691e-11	3.495761555031691e-11	3.495761555031691e-11
0.014791083881682071	8.431497662239688e-6	8.40497754352888e-6	3.274077786110051e-101	3.2637796237865986e-101	0	0	0.2734884684018492	0.2733081744342616	0	0	0	0	0	0	0.27281266185975345	4.0376687593267465e-6	0	3.278581007215066e-101	3.278581007215066e-101	3.278581007215066e-101	3.262434505794108e-11	3.262434505794108e-11	3.262434505794108e-11
0.01584893192461114	7.662001748219752e-6	7.637901973296582e-6	3.0555471750310943e-101	3.0459363707524266e-101	0	0	0.26093054350564954	0.26087984700442746	0	0	0	0	0	0	0.2604884879153774	4.898754395446778e-6	0	3.0597498254947896e-101	3.0597498254947896e-101	3.0597498254947896e-101	3.0446810336008554e-11	3.0446810336008554e-11	3.0446810336008554e-11
0.01698243652461746	6.962733448013336e-6	6.940833125556983e-6	2.8516025423858633e-101	2.8426332179586784e-101	0	0	0.24894924795919945	0.2490166813119723	0	0	0	0	0	0	0.24872105229236743	5.9434777980427e-6	0	2.855524684005853e-101	2.855524684005853e-101	2.855524684005853e-101	2.8414616691630245e-11	2.8414616691630245e-11	2.8414616691630245e-11
0.018197008586099864	6.715324165763731e-6	6.694202035248863e-6	2.661270336845239e-101	2.652899676248325e-101	0	0	0.23672923058587098	0.23674907444220658	0	0	0	0	0	0	0.23640867288373207	6.870205491469626e-6	0	2.6649306923804292e-101	2.6649306923804292e-101	2.6649306923804292e-101	2.6518063232961877e-11	2.6518063232961877e-11	2.6518063232961877e-11
0.019498445997580455	6.476706165472628e-6	6.456334575128411e-6	2.4836419874442808e-101	2.475830032441699e-101	0	0	0.2251090496283128	0.22508582137523966	0	0	0	0	0	0	0.22470579028007204	7.941431784360818e-6	0	2.487058029989943e-101	2.487058029989943e-101	2.487058029989943e-101	2.4748096560968276e-11	2.4748096560968276e-11	2.4748096560968276e-11
0.02089296130854041	5.874540770256302e-6	5.8560632085182004e-6	2.3178695664223597e-101	2.3105790258185677e-101	5.694442005700891e-6	5.676530919908941e-6	0.21324301792994435	0.21326075861478755	0	0	0	0	0	0	0.21296432792151626	9.186858380481715e-6	0	2.3210576028198044e-101	2.3210576028198044e-101	2.3210576028198044e-101	2.309626755206285e-11	2.309626755206285e-11	2.309626755206285e-11
0.022387211385683423	5.328361111297265e-6	5.311601482715666e-6	2.1631617415501228e-101	2.1563578131764987e-101	5.6549983677010356e-6	5.637211346458948e-6	0.20200247289459172	0.20205693493742946	0	0	0	0	0	0	0.2018363875293751	0.00001062760081491022	0	2.1661369902291356e-101	2.1661369902291356e-101	2.1661369902291356e-101	2.1554691025320635e-11	2.1554691025320635e-11	2.1554691025320635e-11
0.02398832919019495	5.2053368735692605e-6	5.188964200842902e-6	2.0187799986211604e-101	2.0124302032041612e-101	5.583885964874836e-6	5.566322617935975e-6	0.19063898942716984	0.19079844633253518	0	0	0	0	0	0	0.19062442317367478	0.000011854656795623646	0	2.0215566622467894e-101	2.0215566622467894e-101	2.0215566622467894e-101	2.0116008101730775e-11	2.0116008101730775e-11	2.0116008101730775e-11
0.025703957827688646	5.085153089547831e-6	5.0691584384194294e-6	1.8840351160761442e-101	1.8781091421940487e-101	5.51366781055358e-6	5.496325325182006e-6	0.17991474940396956	0.18016727381409858	0	0	0	0	0	0	0.18003528082867484	0.000013223387873664011	0	1.8866264493466292e-101	1.8866264493466292e-101	1.8866264493466292e-101	1.877335107580739e-11	1.877335107580739e-11	1.877335107580739e-11
0.02754228703338169	4.888700509686191e-6	4.873323773185498e-6	1.7582838749306188e-101	1.7527534343187426e-101	5.417134189010408e-6	5.4000953368965854e-6	0.1692703821454285	0.16949333620932192	0	0	0	0	0	0	0.1693444094191096	0.00001524028449822958	0	1.7607022478500974e-101	1.7607022478500974e-101	1.7607022478500974e-101	1.7520310631869055e-11	1.7520310631869055e-11	1.7520310631869055e-11
0.0295120922666639	4.699837399689985e-6	4.6850547061811575e-6	1.6409259883009978e-101	1.6357646808146617e-101	5.3222906838123665e-6	5.305550148927293e-6	0.15925577178402928	0.15945177174079098	0	0	0	0	0	0	0.15928838430727987	0.00001756480818728485	0	1.643182945229032e-101	1.643182945229032e-101	1.643182945229032e-101	1.6350905248491033e-11	1.6350905248491033e-11	1.6350905248491033e-11
0.03162277660168379	4.438485806740251e-6	4.424525158797697e-6	1.5314012358714618e-101	1.526584423462103e-101	5.120373344810562e-6	5.104267913203056e-6	0.1492732634856453	0.14951926091212922	0	0	0	0	0	0	0.14933545071744178	0.000020314056280098768	0	1.533507550631263e-101	1.533507550631263e-101	1.533507550631263e-101	1.5259552645078375e-11	1.5259552645078375e-11	1.5259552645078375e-11
0.03388441561392028	4.191667621933918e-6	4.178483306716969e-6	1.429186789622868e-101	1.4246914787257016e-101	4.926116356250252e-6	4.910621933339352e-6	0.139916481155061	0.14020546237674825	0	0	0	0	0	0	0.1400044136172597	0.0000234936173598381	0	1.4311525169312848e-101	1.4311525169312848e-101	1.4311525169312848e-101	1.4241043134257483e-11	1.4241043134257483e-11	1.4241043134257483e-11
0.03630780547701017	4.0479709025946634e-6	4.035238565686656e-6	1.3337947180577854e-101	1.3295994498295854e-101	4.408990996163498e-6	4.395123120099581e-6	0.13064462586274211	0.1309489890635443	0	0	0	0	0	0	0.13077082978111965	0.00002699706142778057	0	1.3356292415225596e-101	1.3356292415225596e-101	1.3356292415225596e-101	1.3290514752881253e-11	1.3290514752881253e-11	1.3290514752881253e-11
0.038904514499428125	3.909200324593709e-6	3.896904471493155e-6	1.2447696570077374e-101	1.2408544048907728e-101	3.946151531639399e-6	3.933739453588473e-6	0.12198718925685681	0.12230363529408403	0	0	0	0	0	0	0.12214622010698067	0.00003102295038572045	0	1.246481733921151e-101	1.246481733921151e-101	1.246481733921151e-101	1.2403430052932279e-11	1.2403430052932279e-11	1.2403430052932279e-11
0.04168693834703355	3.400723766733334e-6	3.390027256859371e-6	1.161686635904068e-101	1.1580327100272062e-101	3.7089936250932266e-6	3.6973274946884592e-6	0.11347059706847995	0.11379760604472966	0	0	0	0	0	0	0.11362604177001064	0.000035038186822422074	0	1.1632844390468065e-101	1.1632844390468065e-101	1.1632844390468065e-101	1.1575554441533716e-11	1.1575554441533716e-11	1.1575554441533716e-11
0.04466835921509635	2.9583856485602013e-6	2.9490804525280015e-6	1.084149049135859e-101	1.0807390070964844e-101	3.486088560128619e-6	3.4751235470129714e-6	0.1055485947132238	0.10588315801384744	0	0	0	0	0	0	0.10570017931797072	0.00003957310702363248	0	1.0856402057906467e-101	1.0856402057906467e-101	1.0856402057906467e-101	1.0802935966671046e-11	1.0802935966671046e-11	1.0802935966671046e-11
0.0478630092322639	2.728619325808652e-6	2.72003682821025e-6	1.0117867628110084e-101	1.0086043264118635e-101	3.584608974748876e-6	3.5733340791905314e-6	0.09782416151341276	0.09813577671956084	0	0	0	0	0	0	0.0979221400036655	0.000044113910933683685	0	1.013178391172251e-101	1.013178391172251e-101	1.013178391172251e-101	1.008188645213025e-11	1.008188645213025e-11	1.008188645213025e-11
0.05128613839913648	2.516698060917113e-6	2.508782132572172e-6	9.4425434788284e-102	9.41284325426325e-102	3.6859136766669167e-6	3.674320141072312e-6	0.0906650306600752	0.09095526477489481	0	0	0	0	0	0	0.0907164544541813	0.000049175747982154183	0	9.455530910360807e-102	9.455530910360807e-102	9.455530910360807e-102	9.408963891597486e-12	9.408963891597486e-12	9.408963891597486e-12
0.05495408738576248	2.5176510829343102e-6	2.5097321569894167e-6	8.81229431207918e-102	8.784576449769118e-102	3.360486413622385e-6	3.349916464820234e-6	0.08364936390075364	0.08397058531142533	0	0	0	0	0	0	0.08376271543247565	0.00005402607266680083	0	8.824414888413105e-102	8.824414888413105e-102	8.824414888413105e-102	8.780956017876942e-12	8.780956017876942e-12	8.780956017876942e-12
0.05888436553555896	2.518604465841433e-6	2.510682541161453e-6	8.224111566636752e-102	8.198243752426988e-102	3.063790942155891e-6	3.054154208239096e-6	0.07717656995269691	0.0775222766377958	0.058625704016658745	0	0	0	0	0	0.07734200524961658	0.00005935479677620099	0	8.235423146628526e-102	8.235423146628526e-102	8.235423146628526e-102	8.194864968792872e-12	8.194864968792872e-12	8.194864968792872e-12
0.06309573444801943	2.5068714839682866e-6	2.4989864637724884e-6	7.675187489798025e-102	7.651046240934545e-102	2.9559915578990767e-6	2.9466938921504737e-6	0.07086849121806069	0.07126003702414337	0.05332287658672435	0	0	0	0	0	0.07114271598113522	0.00006371495145358852	0	7.685744070474157e-102	7.685744070474157e-102	7.685744070474157e-102	7.647892976576543e-12	7.647892976576543e-12	7.647892976576543e-12
0.06760829753919818	2.4951931604845435e-6	2.4873448728524603e-6	7.16290173427728e-102	7.140371809948826e-102	2.8519850914573307e-6	2.8430145637744923e-6	0.06507600753185397	0.06550366032731464	0.04849970188289934	0	0	0	0	0	0.06544032600186012	0.00006839539951657061	0	7.17275370859499e-102	7.17275370859499e-102	7.17275370859499e-102	7.137429012425172e-12	7.137429012425172e-12	7.137429012425172e-12
0.07244359600749906	2.384904612843478e-6	2.3774032227013894e-6	6.684808849700492e-102	6.663782700924332e-102	2.4168444638827294e-6	2.4092426113228003e-6	0.059490041055999324	0.05995987198049927	0.04431571252130845	0	0	0	0	0	0.05992273162084606	0.00007278182770095777	0	6.694003247103837e-102	6.694003247103837e-102	6.694003247103837e-102	6.661036322479007e-12	6.661036322479007e-12	6.661036322479007e-12
0.07762471166286927	2.2794908636482423e-6	2.2723210379866763e-6	6.238626608988767e-102	6.219003865214218e-102	2.048095265328279e-6	2.041653262763202e-6	0.054383560379178957	0.05488527251688086	0.040492669027388524	0	0	0	0	0	0.0548703526446656	0.00007744957235330606	0	6.247207319908675e-102	6.247207319908675e-102	6.247207319908675e-102	6.216440795718503e-12	6.216440795718503e-12	6.216440795718503e-12
0.08317637711026708	1.9962966404001807e-6	1.990017563300687e-6	5.822225113905324e-102	5.803912103884289e-102	1.806783632293895e-6	1.8011006423515735e-6	0.04948561711487899	0.050024350895647746	0.03726007602338669	0	0	0	0	0	0.04994995266240108	0.00008103378181030498	0	5.830233099275224e-102	5.830233099275224e-102	5.830233099275224e-102	5.801520108254171e-12	5.801520108254171e-12	5.801520108254171e-12
0.08912509381337459	1.7482852596719176e-6	1.7427862683320393e-6	5.433616627760392e-102	5.416525932397722e-102	1.5939039307343295e-6	1.5888905246764666e-6	0.04502879701450999	0.04559393745856361	0.034285545967086585	0	0	0	0	0	0.04547078068066072	0.00008478386122683126	0	5.441090114547571e-102	5.441090114547571e-102	5.441090114547571e-102	5.414293592188427e-12	5.414293592188427e-12	5.414293592188427e-12
0.09549925860214369	1.6337383807917702e-6	1.628599680938357e-6	5.070946086739425e-102	5.054996121788603e-102	1.4248498488880413e-6	1.4203681792427013e-6	0.04075151669119783	0.041334168952083125	0.03170601055064019	0	0	0	0	0	0.04121662371790201	0.00008749805675910205	0	5.0779207504255096e-102	5.0779207504255096e-102	5.0779207504255096e-102	5.052912780687436e-12	5.052912780687436e-12	5.052912780687436e-12
0.10232929922807536	1.5266965628784193e-6	1.5218945483722336e-6	4.732482244559248e-102	4.717596871171332e-102	1.2737261341346614e-6	1.269719803393017e-6	0.036880534740864716	0.037472383790324734	0.02932055117344054	0	0	0	0	0	0.037360477327930575	0.0000902991421461257	0	4.738991379440899e-102	4.738991379440899e-102	4.738991379440899e-102	4.715652584128641e-12	4.715652584128641e-12	4.715652584128641e-12
0.10964781961431873	1.2786628095857544e-6	1.2746409512090154e-6	4.416609408180304e-102	4.4027175694470626e-102	1.2255227529733312e-6	1.2216680393514288e-6	0.03317051507138188	0.03376797934821794	0.026937513192241153	0	0	0	0	0	0.03367351052463313	0.00009063985492793771	0	4.422684086303072e-102	4.422684086303072e-102	4.422684086303072e-102	4.400903055202487e-12	4.400903055202487e-12	4.400903055202487e-12
0.11748975549395303	1.0709256969408349e-6	1.0675572471409208e-6	4.1218197251247274e-102	4.108855106880951e-102	1.1791435990874864e-6	1.1754347647287983e-6	0.029833707071541798	0.030429780919251147	0.02474815745071897	0	0	0	0	0	0.03035039678695113	0.00009098185327234677	0	4.127488944608758e-102	4.127488944608758e-102	4.127488944608758e-102	4.107161703658343e-12	4.107161703658343e-12	4.107161703658343e-12
0.12589254117941662	9.605835478963899e-7	9.575621641823233e-7	3.8467059855825296e-102	3.834606699848335e-102	1.08060169489668e-6	1.0772028105731837e-6	0.026668161619661578	0.027254915816649204	0.02219213766049582	0	0	0	0	0	0.027201941013612275	0.00008894234596558043	0	3.8519968090481635e-102	3.8519968090481635e-102	3.8519968090481635e-102	3.833026324007853e-12	3.833026324007853e-12	3.833026324007853e-12
0.1348962882591656	8.61610432100954e-7	8.58900354739e-7	3.5899549049464144e-102	3.5786631944984054e-102	9.902950106477472e-7	9.871801736053652e-7	0.023838500608286347	0.02441129754249017	0.01990010670180561	0	0	0	0	0	0.024380096250542896	0.00008694855755664619	0	3.5948925887004745e-102	3.5948925887004745e-102	3.5948925887004745e-102	3.5771883019483996e-12	3.5771883019483996e-12	3.5771883019483996e-12
0.1445439770745928	7.594462357763549e-7	7.57057501872356e-7	3.3503408547084996e-102	3.3398028173695405e-102	8.289192296648143e-7	8.263119779934003e-7	0.021163731795686203	0.021749181614241542	0.017138585029329186	0	0	0	0	0	0.021718875155293166	0.00008390250985410834	0	3.3549489693079518e-102	3.3549489693079518e-102	3.3549489693079518e-102	3.3384263675540346e-12	3.3384263675540346e-12	3.3384263675540346e-12
0.15488166189124797	6.693960095498199e-7	6.672905162734214e-7	3.1267200117925785e-102	3.1168853431240358e-102	6.938408069517329e-7	6.916584259200469e-7	0.018789082034968516	0.01937737639983758	0.014760277480366223	0	0	0	0	0	0.019348140924616185	0.00008096317360103978	0	3.131020554561083e-102	3.131020554561083e-102	3.131020554561083e-102	3.1156007654138833e-12	3.1156007654138833e-12	3.1156007654138833e-12
0.1659586907437563	5.827805411089801e-7	5.809474849009736e-7	2.9180248983934347e-102	2.908846651561604e-102	6.200775299911035e-7	6.181271612234138e-7	0.01656979702368792	0.017145240103018475	0.012245610159549662	0	0	0	0	0	0.01712116788092399	0.00007692798343218592	0	2.922038398427903e-102	2.922038398427903e-102	2.922038398427903e-102	2.9076478138888964e-12	2.9076478138888964e-12	2.9076478138888964e-12
0.1778279410038923	5.073725481627656e-7	5.057766774471579e-7	2.7232592862583797e-102	2.7146936479287973e-102	5.541561397766243e-7	5.524131176944352e-7	0.01461264434820373	0.01517023007266448	0.010159359698971375	0	0	0	0	0	0.015150519667439332	0.00007309390642348397	0	2.727004902426796e-102	2.727004902426796e-102	2.727004902426796e-102	2.7135748275147854e-12	2.7135748275147854e-12	2.7135748275147854e-12
0.1905460717963252	4.844079867251893e-7	4.828843478857991e-7	2.5414934410859707e-102	2.5334995222758164e-102	5.007064569120278e-7	4.991315534715567e-7	0.012794120799634956	0.013340103499936681	0.0082097530605595	0	0	0	0	0	0.013319367645064554	0.00006809358175034127	0	2.54498905348428e-102	2.54498905348428e-102	2.54498905348428e-102	2.5324553783126205e-12	2.5324553783126205e-12	2.5324553783126205e-12
0.20417379446695316	4.6248284116442935e-7	4.6102816486127115e-7	2.3718596843408293e-102	2.3643993252310308e-102	4.5241212358389855e-7	4.509891233407276e-7	0.011201910012664799	0.011730762192571536	0.006634280831910211	0	0	0	0	0	0.011709535933982782	0.0000634353272723801	0	2.3751219796454708e-102	2.3751219796454708e-102	2.3751219796454708e-102	2.363424873386727e-12	2.363424873386727e-12	2.363424873386727e-12
0.21877616239495518	3.4937688643806294e-7	3.482779693922045e-7	2.2135482512980764e-102	2.2065858390733668e-102	3.635980381571813e-7	3.6245439043037983e-7	0.009737857339472033	0.010242734244301359	0.005229830357723687	0	0	0	0	0	0.01022515189148885	0.00005831648489266622	0	2.2165928024216026e-102	2.2165928024216026e-102	2.2165928024216026e-102	2.2056764276987506e-12	2.2056764276987506e-12	2.2056764276987506e-12
0.23442288153199276	2.6393240551330016e-7	2.631022423553135e-7	2.065803425545583e-102	2.0593057243929513e-102	2.922192542155252e-7	2.913001186571899e-7	0.008465151519401515	0.008943460201232187	0.004122696380142925	0	0	0	0	0	0.008928938925802076	0.00005361070174090944	0	2.06864476597561e-102	2.06864476597561e-102	2.06864476597561e-102	2.058457012316397e-12	2.058457012316397e-12	2.058457012316397e-12
0.25118864315095824	2.154882964741221e-7	2.1481050761237845e-7	1.9279199314915745e-102	1.9218559239455873e-102	2.301648553580153e-7	2.2944090339459468e-7	0.0073048930057768545	0.00775043399185755	0.003169767022482137	0	0	0	0	0	0.0077305906341595355	0.00004839159402095443	0	1.9305716246679258e-102	1.9305716246679258e-102	1.9305716246679258e-102	1.921063859750005e-12	1.921063859750005e-12	1.921063859750005e-12
0.2691534803926914	1.7593597810398155e-7	1.7538259563129036e-7	1.7992395676567552e-102	1.7935803065343974e-102	1.812880564088493e-7	1.8071783970839887e-7	0.006303662929546745	0.006716553292635542	0.0024370999099543092	0	0	0	0	0	0.006693072049161407	0.00004368057674764455	0	1.801714271717979e-102	1.801714271717979e-102	1.801714271717979e-102	1.7928411092173625e-12	1.7928411092173625e-12	1.7928411092173625e-12
0.28840315031266117	1.5376536535994316e-7	1.532817175068198e-7	1.6791480646797809e-102	1.6738665348980073e-102	1.604408512603751e-7	1.5993620658253287e-7	0.005394415352819311	0.0057696086823577734	0.0018154964265703116	0	0	0	0	0	0.0057533793468961545	0.00003857050172465075	0	1.6814575928881178e-102	1.6814575928881178e-102	1.6814575928881178e-102	1.6731766758227469e-12	1.6731766758227469e-12	1.6731766758227469e-12
0.30902954325135923	1.3438858747983383e-7	1.3396588662215526e-7	1.5670721530373519e-102	1.5621431426537242e-102	1.4199096875472682e-7	1.4154435565014133e-7	0.0046163186902548016	0.0049561706573575505	0.001352438306458852	0	0	0	0	0	0.004945617448334338	0.00003405824084892655	0	1.5692275301705943e-102	1.5692275301705943e-102	1.5692275301705943e-102	1.5614993287047937e-12	1.5614993287047937e-12	1.5614993287047937e-12
0.3311311214825908	1.0750965946259302e-7	1.0717150258397872e-7	1.4624768264813113e-102	1.4578768063421179e-102	1.3536746691390826e-7	1.3494168712531645e-7	0.003893023416236849	0.004201003483148483	0.0009645857578220483	0	0	0	0	0	0.004193703525395176	0.000029961476442581822	0	1.4644883414607494e-102	1.4644883414607494e-102	1.4644883414607494e-102	1.4572759642053652e-12	1.4572759642053652e-12	1.4572759642053652e-12
0.354813389233576	8.600675916395826e-8	8.573623670705517e-8	1.3648627881296154e-102	1.3605697995509601e-102	1.290529338548361e-7	1.2864701556333988e-7	0.0032830556849037075	0.0035609004381691334	0.0006879616465680336	0	0	0	0	0	0.0035561078960595753	0.00002635749963133142	0	1.3667400431352934e-102	1.3667400431352934e-102	1.3667400431352934e-102	1.3600090610427358e-12	1.3600090610427358e-12	1.3600090610427358e-12
0.38018939632056126	6.911387733360897e-8	6.889648911802996e-8	1.2737640670197379e-102	1.2697576169654356e-102	9.981347621234425e-8	9.94995266218763e-8	0.002713799638384646	0.002962767763269741	0.0004651043714769511	0	0	0	0	0	0.002956116521954014	0.000022730894563943267	0	1.2755160233274796e-102	1.2755160233274796e-102	1.2755160233274796e-102	1.2692343053410128e-12	1.2692343053410128e-12	1.2692343053410128e-12
0.40738027780411384	5.5538984220752026e-8	5.536429396836549e-8	1.1887457937468338e-102	1.1850067570027277e-102	7.719878762925656e-8	7.695596943796092e-8	0.0022432481152120784	0.0024651048158997545	0.00031443915143541587	0	0	0	0	0	0.0024573565107662834	0.00001960328464020548	0	1.190380814505842e-102	1.190380814505842e-102	1.190380814505842e-102	1.1845183741785781e-12	1.1845183741785781e-12	1.1845183741785781e-12
0.43651583224016655	4.782078320813008e-8	4.7670369497739805e-8	1.1094021245685668e-102	1.105912652446292e-102	5.098359052975706e-8	5.082322864301802e-8	0.0017951533824722944	0.0019922808465613956	0.0001988709618442443	0	0	0	0	0	0.0019857212460784785	0.00001654354269086342	0	1.1109280147238037e-102	1.1109280147238037e-102	1.1109280147238037e-102	1.105456867075219e-12	1.105456867075219e-12	1.105456867075219e-12
0.4677351412871981	4.117517341601853e-8	4.104566255914881e-8	1.0353543040669359e-102	1.0320977392013118e-102	3.367056119830644e-8	3.356465506919278e-8	0.0014365667554777192	0.0016101477494889643	0.00012577841939946294	0	0	0	0	0	0.0016046059453936898	0.000013961374830169892	0	1.0367783476168547e-102	1.0367783476168547e-102	1.0367783476168547e-102	1.0316723755435174e-12	1.0316723755435174e-12	1.0316723755435174e-12
0.5011872336272735	3.386072832619157e-8	3.375422405247674e-8	9.662488571191412e-103	9.63209653952473e-103	2.6713413183113596e-8	2.6629389808243925e-8	0.0010987309591526555	0.0012484292622046739	0.00007406320482379914	0	0	0	0	0	0.001243246258964533	0.00001129872709538946	0	9.67577851886625e-103	9.67577851886625e-103	9.67577851886625e-103	9.628126814894338e-13	9.628126814894338e-13	9.628126814894338e-13
0.5370317963702532	2.7845636767473028e-8	2.7758052138711435e-8	9.01755901546617e-103	8.989195521203282e-103	2.1193779328146586e-8	2.1127117204022383e-8	0.0008403436290011336	0.0009679705624676953	0.00004361128351717538	0	0	0	0	0	0.0009632653206018745	9.14388701177332e-6	0	9.029961916291081e-103	9.029961916291081e-103	9.029961916291081e-103	8.985490758618988e-13	8.985490758618988e-13	8.985490758618988e-13
0.5754399373371566	2.173264417952866e-8	2.1664287129971207e-8	8.415675733874496e-103	8.389205380868024e-103	1.659651556831675e-8	1.654431350639497e-8	0.0006152386892351515	0.000720759534616279	0.000024466834810322286	0	0	0	0	0	0.0007204868077729966	7.355233390381407e-6	0	8.427250794411701e-103	8.427250794411701e-103	8.427250794411701e-103	8.3857478952528e-13	8.3857478952528e-13	8.3857478952528e-13
0.6165950018614835	1.4098155561441249e-8	1.4053811748032235e-8	7.853965572751224e-103	7.82926200196432e-103	8.520904960063591e-9	8.494103622968231e-9	0.00043405060672053054	0.0005190887365315089	0.000013419115412742717	0	0	0	0	0	0.0005208884671265222	5.949412561027107e-6	0	7.864768047779557e-103	7.864768047779557e-103	7.864768047779557e-103	7.826035288643969e-13	7.826035288643969e-13	7.826035288643969e-13
0.6606934480075964	1.227466485011549e-8	1.223605657647289e-8	7.329747149081596e-103	7.306692435399674e-103	4.383495243358203e-9	4.369707560685555e-9	0.00029341626817622776	0.00036005069448528086	7.3104245448589215e-6	0	0	0	0	0	0.0003608836406808705	4.687107383838713e-6	0	7.33982860536104e-103	7.33982860536104e-103	7.33982860536104e-103	7.303681091316018e-13	7.303681091316018e-13	7.303681091316018e-13
0.7079457843841374	6.337788287263601e-9	6.317853644039414e-9	6.840518050634893e-103	6.819002139937597e-103	2.2633338791624873e-9	2.2562148730781425e-9	0.0001889197612191818	0.00023789965392190623	3.940723546985047e-6	0	0	0	0	0	0.00023888916084364114	3.3412102863581384e-6	0	6.849926613065981e-103	6.849926613065981e-103	6.849926613065981e-103	6.816191790120345e-13	6.816191790120345e-13	6.816191790120345e-13
0.7585775750291851	3.294737314852591e-9	3.2843741708168405e-9	6.383942890434446e-103	6.363863074240631e-103	1.176607713866438e-9	1.172906855786676e-9	0.00011609357322023827	0.000148958052521191	2.0916180808948348e-6	0	0	0	0	0	0.00014987996351550553	2.259069081520889e-6	0	6.392723471787576e-103	6.392723471787576e-103	6.392723471787576e-103	6.361240303186936e-13	6.361240303186936e-13	6.361240303186936e-13
0.8128305161640995	1.7348719596197884e-9	1.729415157974308e-9	5.957842158540332e-103	5.939102583718239e-103	6.195528004788941e-10	6.176040821758695e-10	0.00006806973685262498	0.00008852140026777955	1.1141926230853431e-6	0	0	0	0	0	0.00008877597659730509	1.3750702836649527e-6	0	5.966036673851637e-103	5.966036673851637e-103	5.966036673851637e-103	5.936654871352372e-13	5.936654871352372e-13	5.936654871352372e-13
0.8709635899560796	9.364681294979009e-10	9.335225975226746e-10	5.5601818179274e-103	5.542693029129575e-103	3.344289755635958e-10	3.333770751198584e-10	0.00003858293586045793	0.00005059120435977718	6.014310600015468e-7	0	0	0	0	0	0.000050530312233560356	8.055672400531206e-7	0	5.567829384584623e-103	5.567829384584623e-103	5.567829384584623e-103	5.540408691037017e-13	5.540408691037017e-13	5.540408691037017e-13
0.9332543007969925	5.318853718191024e-10	5.302123993809604e-10	5.189063594793965e-103	5.172742107432666e-103	1.8994547108623562e-10	1.8934802367610933e-10	0.00002231278996429472	0.000029234464041775764	3.415945219021953e-7	0	2.9212162801271897e-7	2.933813273004493e-7	0	0	0.00002909766704261124	4.575376539836672e-7	0	5.19620071926745e-103	5.19620071926745e-103	5.19620071926745e-103	5.17061023908331e-13	5.17061023908331e-13	5.17061023908331e-13