1.e-9	0	0	0	0	0	0	0.005949721193310821	0	0	0	0	0	0	0	0.0013440345698618815	2.3114401352105205e-11	0	3.5065031352596514e-9	3.5065031352596514e-9	3.5065031352596514e-9	0	0	0
1.0715193052376092e-9	0	0	0	0	0	0	0.009242423766657439	0	0	0	0	0	0	0	0.002114146750812858	3.930604428457272e-11	0	5.962809307451781e-9	5.962809307451781e-9	5.962809307451781e-9	0	0	0
1.148153621496884e-9	0	0	0	0	0	0	0.01435737815387189	0	0	0	0	0	0	0	0.003325521965131913	6.683993644334522e-11	0	1.0139758461786836e-8	1.0139758461786836e-8	1.0139758461786836e-8	0	0	0
1.2302687708123811e-9	0	0	0	0	0	0	0.022303057364337485	0	0	0	0	0	0	0	0.005230997486964178	1.136613257596171e-10	0	1.724266136347784e-8	1.724266136347784e-8	1.724266136347784e-8	0	0	0
1.31825673855641e-9	0	0	0	0	0	0	0.011413745097134904	0	0	0	0	0	0	0	0.008708024882537446	1.9328110798525274e-10	0	2.932114921829971e-8	2.932114921829971e-8	2.932114921829971e-8	0	0	0
1.4125375446227555e-9	0	0	0	0	0	0	0.005841063627029348	0	0	0	0	0	0	0	0.01449622133137259	3.286745641434106e-10	0	4.98606203160004e-8	4.98606203160004e-8	4.98606203160004e-8	0	0	0
1.5135612484362133e-9	0	0	0	0	0	0	0.0033675067797015405	0	0	0	0	0	0	0	0.016686749858402784	5.589111643705516e-10	0	8.478799516987956e-8	8.478799516987956e-8	8.478799516987956e-8	0	0	0
1.6218100973589331e-9	0	0	0	0	0	0	0.001941444681215277	0	0	0	0	0	0	0	0.01920828983441953	9.504285507221268e-10	0	1.4418200333983028e-7	1.4418200333983028e-7	1.4418200333983028e-7	0	0	0
1.7378008287493762e-9	0	0	0	0	0	0	0.0016958322829128422	0	0	0	0	0	0	0	0.014553819300287969	1.6162039472678018e-9	0	2.451815265290179e-7	2.451815265290179e-7	2.451815265290179e-7	0	0	0
1.8620871366628732e-9	0	0	0	0	0	0	0.0014812923384297887	0	0	0	0	0	0	0	0.011027200133448573	2.748355146927513e-9	0	4.1693123662190625e-7	4.1693123662190625e-7	4.1693123662190625e-7	0	0	0
1.9952623149688828e-9	0	0	0	0	0	0	0.0020706282462647427	0	0	0	0	0	0	0	0.006202297036479688	4.67357849633527e-9	0	7.089916541917709e-7	7.089916541917709e-7	7.089916541917709e-7	0	0	0
2.1379620895022324e-9	0	0	0	0	0	0	0.0028944329373730383	0	0	0	0	0	0	0	0.003488509146763184	7.947421200577556e-9	0	1.205640454733905e-6	1.205640454733905e-6	1.205640454733905e-6	0	0	0
2.2908676527677795e-9	0	0	0	0	0	0	0.00452352018336044	0	0	0	0	0	0	0	0.0030383870660877347	1.3514591396917134e-8	0	2.050191842875774e-6	2.050191842875774e-6	2.050191842875774e-6	0	0	0
2.4547089156850337e-9	0	0	0	0	0	0	0.007069514233706689	0	0	0	0	0	0	0	0.002646344204639704	2.298156546834861e-8	0	3.4863516532561864e-6	3.4863516532561864e-6	3.4863516532561864e-6	0	0	0
2.6302679918953816e-9	0	0	0	0	0	0	0.006802289866975021	0	0	0	0	0	0	0	0.0038840574646570817	3.9080156836743303e-8	0	5.607485859694658e-6	5.607485859694658e-6	5.607485859694658e-6	0	0	0
2.818382931264461e-9	0	0	0	0	0	0	0.006545166457651861	0	0	0	0	0	0	0	0.005700657670422924	6.645581479154964e-8	0	9.019141152128874e-6	9.019141152128874e-6	9.019141152128874e-6	0	0	0
3.019951720402019e-9	0	0	0	0	0	0	0.004762998375476385	0	0	0	0	0	0	0	0.009542150663763743	1.1300812681120713e-7	0	0.000014314625167111171	0.000014314625167111171	0.000014314625167111171	0	0	0
3.2359365692962944e-9	0	0	0	0	0	0	0.0034660926764158804	0	0	0	0	0	0	0	0.015972304346985614	1.9217034303825302e-7	0	0.000022719291140768822	0.000022719291140768822	0.000022719291140768822	0	0	0
3.4673685045253237e-9	0	0	0	0	0	0	0.004055598821604372	0	0	0	0	0	0	0	0.01925316338888112	3.1777991776104867e-7	0	0.0000363850439870836	0.0000363850439870836	0.0000363850439870836	0	0	0
3.715352290971728e-9	0	0	0	0	0	0	0.004745366998901692	0	0	0	0	0	0	0	0.023207941222889505	5.254925111525343e-7	0	0.00005827080685481055	0.00005827080685481055	0.00005827080685481055	0	0	0
3.9810717055349855e-9	0	0	0	0	0	0	0.007024748856390673	0	0	0	0	0	0	0	0.02526968758110456	8.557415604524359e-7	0	0.00007566450174713318	0.00007566450174713318	0.00007566450174713318	0	0	0
4.265795188015934e-9	0	0	0	0	0	0	0.010399005283844973	0	0	0	0	0	0	0	0.02751459529795935	1.3935376865399528e-6	0	0.00009825017249043493	0.00009825017249043493	0.00009825017249043493	0	0	0
4.570881896148752e-9	0	0	0	0	0	0	0.014784371378754466	0	0	0	0	0	0	0	0.026395805175178814	2.292115794839709e-6	0	0.00010207480544095892	0.00010207480544095892	0.00010207480544095892	0	0	0
4.8977881936844766e-9	0	0	0	0	0	0	0.021019090874441006	0	0	0	0	0	0	0	0.025322506956795443	3.770113192990422e-6	0	0.00010604832176578639	0.00010604832176578639	0.00010604832176578639	0	0	0
5.248074602497734e-9	0	0	0	0	0	0	0.02316490698078126	0	0	0	0	0	0	0	0.020177453358468815	6.181315823680556e-6	0	0.00012539540271384184	0.00012539540271384184	0.00012539540271384184	0	0	0
5.623413251903491e-9	0	0	0	0	0	0	0.025529787117518615	0	0	0	0	0	0	0	0.016077777161946003	0.0000101346201973791	0	0.00014827209671921198	0.00014827209671921198	0.00014827209671921198	0	0	0
6.025595860743593e-9	0	0	0	0	0	0	0.02749154683479381	0	0	0	0	0	0	0	0.018115604739862904	0.000016258164339147267	0	0.00013272517369945756	0.00013272517369945756	0.00013272517369945756	0	0	0
6.456542290346562e-9	0	0	0	0	0	0	0.02960405207809313	0	0	0	0	0	0	0	0.02041172307498359	0.000026081678694487356	0	0.00011880840780791908	0.00011880840780791908	0.00011880840780791908	0	0	0
6.918309709189363e-9	0	0	0	0	0	0	0.025841279175976943	0	0	0	0	0	0	0	0.017379138408032492	0.000041951232409673495	0	0.00015122175382425044	0.00015122175382425044	0.00015122175382425044	0	0	0
7.413102413009192e-9	0	0	0	0	0	0	0.02255676715097119	0	0	0	0	0	0	0	0.014797107069109958	0.00006747671119276663	0	0.00019247811877635444	0.00019247811877635444	0.00019247811877635444	0	0	0
7.943282347242822e-9	0	0	0	0	0	0	0.01950126338001456	0	0	0	0	0	0	0	0.019980907582310588	0.000047007537209657624	0	0.00014666064665820147	0.00014666064665820147	0.00014666064665820147	0	0	0
8.511380382023759e-9	0	0	0	0	0	0	0.016859653285924057	0	0	0	0	0	0	0	0.026980724404318288	0.00003274772162805383	0	0.00011174956101474497	0.00011174956101474497	0.00011174956101474497	0	0	0
9.120108393559115e-9	0	0	0	0	0	0	0.01403611423724423	0	0	0	0	0	0	0	0.024976248999142883	0.000022403327239701274	0	0.00011076997150769346	0.00011076997150769346	0.00011076997150769346	0	0	0
9.772372209558111e-9	0	0	0	0	0	0	0.011685442134533942	0	0	0	0	0	0	0	0.02312069182128216	0.000015326534074943923	0	0.00010979896901963035	0.00010979896901963035	0.00010979896901963035	0	0	0
1.0471285480509006e-8	0	0	0	0	0	0	0.01182151705494432	0	0	0	0	0	0	0	0.025332458313075467	0.000017223108618277236	0	0.00011017306219489133	0.00011017306219489133	0.00011017306219489133	0	0	0
1.1220184543019653e-8	0	0	0	0	0	0	0.011959176543893283	0	0	0	0	0	0	0	0.027755806320336945	0.000019354373860814693	0	0.0001105484299331566	0.0001105484299331566	0.0001105484299331566	0	0	0
1.202264434617413e-8	0	0	0	0	0	0	0.014507436522955981	0	0	0	0	0	0	0	0.02736376116747082	0.00002985295888873331	0	0.0001164057327020994	0.0001164057327020994	0.0001164057327020994	0	0	0
1.288249551693135e-8	0	0	0	0	0	0	0.01759867944880102	0	0	0	0	0	0	0	0.02697725357312896	0.00004604639554972925	0	0.0001225733790530175	0.0001225733790530175	0.0001225733790530175	0	0	0
1.3803842646028866e-8	0	0	0	0	0	0	0.020665299804496773	0	0	0	0	0	0	0	0.029230072182266757	0.00007511173117947688	0	0.00017909978779002945	0.00017909978779002945	0.00017909978779002945	0	0	0
1.4791083881682102e-8	0	0	0	0	0	0	0.02426628755027562	0	0	0	0	0	0	0	0.031671019344666165	0.0001225236436733713	0	0.0002616941315826818	0.0002616941315826818	0.0002616941315826818	0	0	0
1.5848931924611173e-8	0	0	0	0	0	0	0.021749332954106915	0	0	0	0	0	0	0	0.03288249300894761	0.00015238836888415843	0	0.00031462385555260856	0.00031462385555260856	0.00031462385555260856	0	0	0
1.698243652461746e-8	0	0	0	0	0	0	0.019493442619459487	0	0	0	0	0	0	0	0.034140307727909776	0.00018953252021365697	0	0.0003782590380767218	0.000378259038076721	0.0003782590380767218	0	0	0
1.8197008586099862e-8	0	0	0	0	0	0	0.019720922867989144	0	0	0	0	0	0	0	0.036350466521683195	0.00014324797348803508	0	0.00030472673335448327	0.0003047267333544814	0.00030472673335448267	0	0	0
1.9498445997580494e-8	0	0	0	0	0	0	0.01995105771501541	0	0	0	0	0	0	0	0.03870370551065043	0.00010826628530711906	0	0.0002454888652311889	0.0002454888652311869	0.00024548886523118794	0	0	0
2.0892961308540408e-8	0	0	0	0	0	0	0.02315755467635338	0	0	0	0	0	0	0	0.036953478417758236	0.00010756775969400585	0	0.0002600033548188965	0.0002600033548188923	0.0002600033548188944	0	0	0
2.2387211385683424e-8	0	0	0	0	0	0	0.02687939387718211	0	0	0	0	0	0	0	0.03528239865291312	0.00010687374091356746	0	0.00027537601126395984	0.0002753760112639531	0.0002753760112639571	0	0	0
2.3988329190194947e-8	0	0	0	0	0	0	0.030237428763105288	0	0	0	0	0	0	0	0.03370033081129709	0.00012058814291007014	0	0.0003008465059922075	0.0003008465059921952	0.0003008465059922026	0	0	0
2.5703957827688646e-8	0	0	0	0	0	0	0.03401498197398021	0	0	0	0	0	0	0	0.032189203119756975	0.00013606242362433608	0	0.00032867285626038916	0.0003286728562603704	0.00032867285626038113	0	0	0
2.754228703338169e-8	0	0	0	0	0	0	0.03582190826205799	0	0	0	0	0	0	0	0.03264574539487567	0.00011483494866131163	0	0.0003033146466057341	0.00030331464660569564	0.0003033146466057173	0	0	0
2.95120922666639e-8	0	0	0	0	0	0	0.03772482115430463	0	0	0	0	0	0	0	0.03310876284889823	0.00009691923076760159	0	0.0002799129076015796	0.00027991290760152524	0.00027991290760155614	0	0	0
3.162277660168386e-8	0	0	0	0	0	0	0.03864219034013214	0	0	0	0	0	0	0	0.038050662150892166	0.00010064128844951915	0	0.00028861559110437404	0.0002886155911042695	0.00028861559110432856	0	0	0
3.3884415613920346e-8	0	0	0	0	0	0	0.039581867550156045	0	0	0	0	0	0	0	0.04373020208363158	0.00010450628694181939	0	0.0002975888469819794	0.00029758884698182175	0.00029758884698191	0	0	0
3.6307805477010175e-8	0.00016062714718221723	0.000037670100612330184	0	0	0	0	0.04008722042364134	0	0	0	0	0	0	0	0.04554535254575204	0.00010017764193871941	0	0.00028674121641309195	0.00028674121641278	0.00028674121641295475	0	0	0
3.890451449942813e-8	0.00015438854780728322	0.00003641182362987443	0	0	0	0	0.04059902527987932	0	0	0	0	0	0	0	0.047435846158445205	0.00009602828918789719	0	0.0002762890008275049	0.00027628900082705	0.0002762890008273043	0	0	0
4.1686938347033635e-8	0.0001741138960751394	0.000036570262734153136	0	0	0	0	0.04214946450774014	0	0	0	0	0	0	0	0.04956281281182319	0.0001135642115785283	0	0.00029702768829846147	0.0002970276882976056	0.0002970276882980842	0	0	0
4.4668359215096346e-8	0.0001963594401076049	0.00003672939125596877	0	0	0	0	0.043759113575805614	0	0	0	0	0	0	0	0.05178515010810003	0.00013430240464054938	0	0.0003193230543079393	0.0003193230543066248	0.00031932305430736014	0	0	0
4.78630092322639e-8	0.00018682719766318316	0.00003237924474664561	0	0	0	0	0.04422341985606264	0	0	0	0	0	0	0	0.05036317222147618	0.0001308888716117248	0	0.00029542697005961114	0.00029542697005694916	0.00029542697005843847	0	0	0
5.128613839913659e-8	0.00017775769663811727	0.000028544319807990538	0	0	0	0	0.04469265266028851	0	0	0	0	0	0	0	0.04898024068512506	0.00012756209955914626	0	0.0002733191151129258	0.0002733191151091248	0.0002733191151112517	0	0	0
5.495408738576248e-8	0.00017287520968778375	0.000028412873762509494	0	0	0	0	0.04831340230148005	0	0	0	0	0	0	0	0.049100627803890684	0.00012322727339388883	0	0.0002680131338706075	0.0002680131338631389	0.00026801313386731724	0	0	0
5.888436553555896e-8	0.00016812683045414045	0.00002828203302354795	0	0	0	0	0.05222748489974257	0	0	0	0	0	0	0	0.049221310818678136	0.00011903975366171726	0	0.00026281015836549263	0.00026281015835450023	0.00026281015836064945	0	0	0
6.309573444801943e-8	0.00018492538386017732	0.00003078293570378619	0	0	0	0	0.05423042024900375	0	0	0	0	0	0	0	0.05231434848498186	0.00013135241896428587	0	0.00028798494697624197	0.0002879849469557156	0.00028798494696719793	0	0	0
6.760829753919818e-8	0.00020340238083035617	0.00003350498635492218	0	0	0	0	0.05631016860239515	0	0	0	0	0	0	0	0.05560175078412536	0.00014493862291415228	0	0.0003155712480853566	0.0003155712480535699	0.0003155712480713513	0	0	0
7.244359600749906e-8	0.00022223261485456147	0.00003666960600838805	0	0	0	0	0.0589791629112014	0	0	0	0	0	0	0	0.058224892029477546	0.00015827259419374872	0	0.0003449961946110336	0.0003449961945516189	0.0003449961945848554	0	0	0
7.762471166286928e-8	0.00024280608173552398	0.00004013313094851808	0	0	0	0	0.0617746624462791	0	0	0	0	0	0	0	0.06097178603253998	0.00017283325568545174	0	0.00037716482416642693	0.0003771648240745092	0.00037716482412592764	0	0	0
8.317637711026726e-8	0.0002723696660251944	0.00004019936451266262	0	0	0	0	0.06215887999440766	0	0	0	0	0	0	0	0.06194937766931031	0.00019957678612397473	0	0.00040752795987133224	0.00040752795969867554	0.00040752795979525855	0	0	0
8.912509381337478e-8	0.0003055328533800106	0.0000402657073851244	0	0	0	0	0.06254548724599102	0	0	0	0	0	0	0	0.06294264352969188	0.0002304585040743794	0	0.00044033543807787365	0.00044033543781207504	0.0004403354379607611	0	0	0
9.549925860214369e-8	0.0003208755889705533	0.00004156002349146231	0	0	0	0	0.06311327471888066	0	0	0	0	0	0	0	0.06251671833674696	0.00024293317119074677	0	0.00046002593852043343	0.0004600259380137363	0.0004600259382971802	0	0	0
1.0232929922807557e-7	0.00033698878028393553	0.00004289594458357915	0	0	0	0	0.06368621656227066	0	0	0	0	0	0	0	0.0620936753276415	0.0002560830892391184	0	0.00048059693999505333	0.0004805969392264436	0.0004805969396563999	0	0	0
1.0964781961431874e-7	0.00032633922202961646	0.00004518321667464928	0	0	0	0	0.06545940249458222	0	0	0	0	0	0	0	0.06077177342898003	0.00024311623050756462	0	0.0004779700147899006	0.00047797001329029517	0.0004779700141291667	0	0	0
1.1748975549395303e-7	0.00031602621234203844	0.000047592449330275706	0	0	0	0	0.06728195842436371	0	0	0	0	0	0	0	0.05947801327938522	0.0002308059533014208	0	0.000475357448261344	0.0004753574460387569	0.00047535744728206055	0	0	0
1.2589254117941688e-7	0.0003264192744172354	0.000050248693460324094	0	0	0	0	0.06978628196105703	0	0	0	0	0	0	0	0.06364568783295814	0.00023701092205600016	0	0.0004946698973854432	0.0004946698931409314	0.0004946698955152891	0	0	0
1.3489628825916562e-7	0.00033715413010030563	0.00005305318868855516	0	0	0	0	0.07238381973412678	0	0	0	0	0	0	0	0.06810539485746975	0.00024338270469338713	0	0.0005147669575270727	0.0005147669511000144	0.0005147669546952771	0	0	0
1.445439770745928e-7	0.00035626557979281053	0.000054401619593705555	0	0	0	0	0.0746923939095343	0	0	0	0	0	0	0	0.0729057515608762	0.00025928302142683537	0	0.0005384470689255839	0.0005384470566803363	0.0005384470635302635	0	0	0
1.5488166189124826e-7	0.0003764603545190069	0.000055784323008217375	0	0	0	0	0.0770745966215812	0	0	0	0	0	0	0	0.07804445773759838	0.00027622211399500496	0	0.0005632165036919778	0.0005632164851068493	0.0005632164955032725	0	0	0
1.659586907437563e-7	0.00041305839343622414	0.00005685071145846781	0	0	0	0	0.08069499999388473	0	0	0	0	0	0	0	0.081356242014796	0.00030843519628418034	0	0.0006037398277512361	0.0006037397927223724	0.0006037398123173353	0	0	0
1.7782794100389227e-7	0.00045321435402170904	0.00005793748528341703	0	0	0	0	0.08448546355661089	0	0	0	0	0	0	0	0.08480856048771572	0.00034440497515192273	0	0.0006471787975382907	0.0006471787437956559	0.0006471787738590035	0	0	0
1.9054607179632522e-7	0.0004674060893617894	0.00006093310597810779	0	0	0	0	0.08714653657532867	0	0	0	0	0	0	0	0.08830633941448819	0.00035368028537735753	0	0.0006714264040211423	0.0006714263012453926	0.0006714263587376076	0	0	0
2.0417379446695318e-7	0.00048204221784647476	0.00006408361332869275	0	0	0	0	0.08989142649358023	0	0	0	0	0	0	0	0.09194837804040239	0.0003632053927485526	0	0.0006965824865269794	0.0006965823311193502	0.0006965824180535612	0	0	0
2.1877616239495564e-7	0.0004727161820815504	0.00006519909354399213	0	0	0	0	0.09422392079000776	0	0	0	0	0	0	0	0.09430195110129488	0.00035307946461495037	0	0.0006910914638297825	0.000691091160256972	0.0006910913300740108	0	0	0
2.3442288153199275e-7	0.00046357057645296805	0.00006633399051883582	0	0	0	0	0.0987652281797497	0	0	0	0	0	0	0	0.096715767814887	0.00034323584071640155	0	0.0006856437257842173	0.0006856432763918281	0.0006856435277795706	0	0	0
2.5118864315095823e-7	0.0004772199474069849	0.00006996333445545703	0	0	0	0	0.10247540928192889	0	0	0	0	0	0	0	0.0980565425254702	0.0003511584657148847	0	0.000711488324295931	0.0007114874649778726	0.0007114879456759077	0	0	0
2.6915348039269196e-7	0.0004912712104070111	0.00007379125136058629	0	0	0	0	0.10632496579045987	0	0	0	0	0	0	0	0.0994159044516146	0.00035926396202055823	0	0.0007383071069897706	0.0007383058074813683	0.0007383065344195416	0	0	0
2.8840315031266115e-7	0.0005019783903375297	0.00007650612720690887	0	0	0	0	0.1098263033866184	0	0	0	0	0	0	0	0.1037627030550615	0.0003656802453714502	0	0.000758117184416023	0.0007581146874287403	0.000758116009800409	0	0	0
3.090295432513592e-7	0.0005129189315960375	0.00007932088685686696	0	0	0	0	0.11344294188949333	0	0	0	0	0	0	0	0.10829955835218424	0.00037221112048881603	0	0.000778458801040417	0.0007784550432507305	0.0007784569924842305	0	0	0
3.3113112148259143e-7	0.0005323352859692941	0.00008292914562254926	0	0	0	0	0.11748321201600313	0	0	0	0	0	0	0	0.11233588954371515	0.0003855230650938647	0	0.0008099483561341154	0.0008099411792618106	0.0008099446467325744	0	0	0
3.5481338923357606e-7	0.0005524866391774993	0.00008670154187882181	0	0	0	0	0.12166737635420363	0	0	0	0	0	0	0	0.11652265504666463	0.0003993111047412489	0	0.0008427116999995115	0.0008427008335954938	0.0008427059389334708	0	0	0
3.8018939632056126e-7	0.0005749679926284658	0.00008815590053641342	0	0	0	0	0.12571287850886298	0	0	0	0	0	0	0	0.11952046638377468	0.00041812994223899765	0	0.0008700811371247333	0.0008700603104300426	0.0008700698314457548	0	0	0
4.0738027780411303e-7	0.0005983641397000339	0.00008963465505893498	0	0	0	0	0.12989289566806775	0	0	0	0	0	0	0	0.12259540326191598	0.00043783567880006214	0	0.0008983394738446209	0.0008983080514537519	0.0008983222695097305	0	0	0
4.365158322401665e-7	0.0006246667145559848	0.00009384384220082022	0	0	0	0	0.13431939741426469	0	0	0	0	0	0	0	0.12842362028781815	0.00045673295912386405	0	0.0009386320643010223	0.0009385907261106211	0.0009386175611789485	0	0	0
4.677351412871981e-7	0.000652125484107025	0.00009825069012896899	0	0	0	0	0.1388967458838972	0	0	0	0	0	0	0	0.13452891225125604	0.00047644585868777674	0	0.000980731870061833	0.0009806797898729706	0.0009807203450876666	0	0	0
5.011872336272736e-7	0.0006789507926017882	0.00010130270333861429	0	0	0	0	0.14309404460043726	0	0	0	0	0	0	0	0.14025378272878675	0.0004973224035745925	0	0.0010174769655482004	0.0010174251142673735	0.0010175023939471021	0	0	0
5.370317963702533e-7	0.0007068795653735589	0.00010444952285058278	0	0	0	0	0.14741818082064767	0	0	0	0	0	0	0	0.14622227475529165	0.0005191137011420402	0	0.0010555987900708285	0.001055547257964869	0.0010556639585115749	0	0	0
5.754399373371578e-7	0.0007312133503245686	0.00010866773445402034	0	0	0	0	0.15102026220707512	0	0	0	0	0	0	0	0.15107981519340158	0.0005362990433517587	0	0.0010931664038159507	0.0010931114413241239	0.0010932111860185072	0	0	0
6.165950018614835e-7	0.0007563848070927433	0.00011305629924477627	0	0	0	0	0.15471035845193024	0	0	0	0	0	0	0	0.1560987243364337	0.0005540533090674759	0	0.0011320710081068972	0.001132012436333265	0.001132093870971058	0	0	0
6.606934480075964e-7	0.0007746733512819121	0.00011733624077680166	0	0	0	0	0.161549248331009	0	0	0	0	0	0	0	0.15999357862341249	0.0005657694392487268	0	0.0011621127955264438	0.0011620399933595176	0.0011621110140502212	0	0	0
7.079457843841387e-7	0.0007934040921485168	0.00012177820688985419	0	0	0	0	0.16869044773380804	0	0	0	0	0	0	0	0.16398561429339945	0.0005777333212332371	0	0.0011929518023650009	0.001192864055929369	0.0011929240530367286	0	0	0
7.585775750291852e-7	0.0008163592286514981	0.00012730604315242206	0	0	0	0	0.17439149213716917	0	0	0	0	0	0	0	0.16928768385050194	0.0005927138889897273	0	0.0012269612239259498	0.0012268363973637043	0.0012268927117309088	0	0	0
8.128305161640995e-7	0.0008399785138488002	0.00013308480258528616	0	0	0	0	0.180285208429933	0	0	0	0	0	0	0	0.1747611827229712	0.0006080829013833145	0	0.001261940207503249	0.001261776258924739	0.0012618286321468566	0	0	0
8.709635899560814e-7	0.0008739854106342835	0.00014344757307566564	0	0	0	0	0.18521738904895654	0	0	0	0	0	0	0	0.18165743938935913	0.0006286507484175655	0	0.0013094665644678926	0.001309184266673503	0.0013092351421846275	0	0	0
9.332543007969924e-7	0.0009093690914802039	0.0001546172502161664	0	0	0	0	0.190284502566083	0	0	0	0	0	0	0	0.18882582946241994	0.0006499142840341794	0	0.0013587828276364062	0.0013583735087598148	0.0013584227000895165	0	0	0
1.e-6	0.0009437719156753863	0.00015694078503067087	0	0	0	0	0.19670754565619047	0	0	0	0	0	0	0	0.19421591418910703	0.000678206450266973	0	0.001404971143282636	0.0014046055082285785	0.001404658615930057	0	0	0
1.0715193052376091e-6	0.0009794762513510968	0.00015929923712656893	0	0	0	0	0.20334739821833003	0	0	0	0	0	0	0	0.19975986035224808	0.0007077302353298274	0	0.0014527295115221428	0.001452411005532136	0.0014524682392134019	0	0	0
1.148153621496884e-6	0.0010103572799912376	0.00015962937470462478	0	0	0	0	0.21012875408473528	0	0	0	0	0	0	0	0.20561050859146035	0.0007333266988997562	0	0.0015052450352996249	0.001504997722771908	0.0015050672501406908	0	0	0
1.2302687708123837e-6	0.001042211928898895	0.00015996019647189768	0	0	0	0	0.2171362588361988	0	0	0	0	0	0	0	0.21163251300181957	0.0007598489091943222	0	0.0015596589718344265	0.0015594884209230802	0.0015595710572458383	0	0	0
1.3182567385564101e-6	0.00108122323366213	0.00016528259751940385	0	0	0	0	0.2238313351581198	0	0	0	0	0	0	0	0.21889345477403216	0.0007887397595060117	0	0.0016196632220342876	0.001619463658261382	0.0016195464510833106	0	0	0
1.4125375446227554e-6	0.0011216947806823605	0.00017078209232857812	0	0	0	0	0.2307328442849365	0	0	0	0	0	0	0	0.2264035136345004	0.0008187290929787991	0	0.001681975996153196	0.0016817454398776112	0.0016818282790195893	0	0	0
1.5135612484362104e-6	0.0011576549903114497	0.00017781484534758437	0	0	0	0	0.238044486769622	0	0	0	0	0	0	0	0.23478924358989556	0.0008435646963233827	0	0.0017361429346400424	0.0017358185102048704	0.0017359063937909486	0	0	0
1.6218100973589331e-6	0.0011947680417820465	0.0001851372049310263	0	0	0	0	0.24558782628898662	0	0	0	0	0	0	0	0.24348557149386468	0.0008691536712029231	0	0.0017920542840053804	0.0017916301890428476	0.0017917233558237843	0	0	0
1.7378008287493763e-6	0.0012487546060419707	0.00019837433182937758	0	0	0	0	0.25365086645548146	0	0	0	0	0	0	0	0.25025124335950033	0.000904238582983351	0	0.0022505281300652645	0.0022500204841396964	0.002250143028436432	0	0	0
1.8620871366628694e-6	0.0013051805970514226	0.00021255790019846768	0	0	0	0	0.26197862909502956	0	0	0	0	0	0	0	0.2572049112345629	0.0009407397587403725	0	0.002826296563346704	0.0028256903740570176	0.002825851229747059	0	0	0
1.995262314968883e-6	0.0013490223625291565	0.00021402414667544116	0	0	0	0	0.26987088374043905	0	0	0	0	0	0	0	0.2651852274814602	0.000976635870207317	0	0.0028532118169101776	0.0028526934879178046	0.002852915857765566	0	0	0
2.1379620895022326e-6	0.0013943367980761246	0.00021550050747293304	0	0	0	0	0.27800089702900016	0	0	0	0	0	0	0	0.2734131496045252	0.0010139016812181379	0	0.0028803833885415473	0.0028799546513387686	0.002880239697621594	0	0	0
2.2908676527677747e-6	0.0017129675615628406	0.00022126452470074603	0	0	0	0	0.28703240904233235	0	0	0	0	0	0	0	0.28159370039573994	0.001044616275659426	0	0.002974361759008114	0.0029738931707661517	0.0029743614771632963	0	0	0
2.4547089156850335e-6	0.0021044111229189043	0.0002271827127701599	0	0	0	0	0.29635733093354155	0	0	0	0	0	0	0	0.29001901414493403	0.0010762613215726598	0	0.0030714063650843903	0.0030708957819937702	0.003071559010917891	0	0	0
2.6302679918953817e-6	0.002128276972789243	0.00023418362654186944	0	0	0	0	0.30461200970862334	0	0	0	0	0	0	0	0.2993820945969552	0.0013225486714541052	0	0.00316771974679476	0.003167216965761369	0.0031679339740432488	0	0	0
2.8183829312644606e-6	0.0021524134821252344	0.00024140028205308633	0	0	0	0	0.3130966126818524	0	0	0	0	0	0	0	0.30904745617978313	0.0016251954365591637	0	0.00326705333045625	0.003266559343050684	0.00326733285221775	0	0	0
3.0199517204020193e-6	0.00222620423931296	0.00025220288152832	0	0	0	0	0.32221769194953853	0	0	0	0	0	0	0	0.31835568012268095	0.0016461234778646075	0	0.0033751346287657887	0.003374580430736243	0.0033752036363882613	0	0	0
3.2359365692962877e-6	0.0023025247501430738	0.000263488894504274	0	0	0	0	0.3316044850053573	0	0	0	0	0	0	0	0.3279442591736321	0.0016673210147045738	0	0.0034867914937596434	0.0034861736425314043	0.0034866357675668227	0	0	0
3.4673685045253236e-6	0.0023805345559990898	0.0002772275892070003	0	0	0	0	0.3405574824149031	0	0	0	0	0	0	0	0.3373471204402162	0.0017211686034968603	0	0.003598732108958139	0.003598057119625243	0.003598565629019734	0	0	0
3.7153522909717276e-6	0.002461187343134362	0.00029168263946045695	0	0	0	0	0.34975220201530927	0	0	0	0	0	0	0	0.3470195817913411	0.0017767552472120742	0	0.003714266486890473	0.0037135313279132477	0.0037140887232391183	0	0	0
3.981071705534978e-6	0.0025345025352313316	0.0002948018754337006	0	0	0	0	0.35950716437627384	0	0	0	0	0	0	0	0.35727672595269006	0.0018346744132642292	0	0.003828054534509079	0.0038274595992051057	0.0038282126315636886	0	0	0
4.265795188015934e-6	0.00261000168029197	0.00029795446832209835	0	0	0	0	0.3695342030533123	0	0	0	0	0	0	0	0.367837048988853	0.0018944816445416995	0	0.003945328524729401	0.00394488310181544	0.003945843259146125	0	0	0
4.570881896148752e-6	0.0026877898596115407	0.0003075079937265818	0	0	0	0	0.3789166518691628	0	0	0	0	0	0	0	0.3771671215967118	0.0019525119092059823	0	0.004061614483313597	0.004061132503885988	0.004062159685172713	0	0	0
4.897788193684467e-6	0.0027678964285656996	0.00031736784059074294	0	0	0	0	0.38853732043586264	0	0	0	0	0	0	0	0.3867338486011489	0.002012319711080352	0	0.004181327893903136	0.004180807590097976	0.00418190491211079	0	0	0
5.248074602497734e-6	0.002851943252753792	0.0003306688235747386	0	0	0	0	0.3984020687944928	0	0	0	0	0	0	0	0.39686248604953545	0.002073240808493345	0	0.004249634646011286	0.004248958615653858	0.0042500384539466375	0	0	0
5.623413251903491e-6	0.00293854214810439	0.0003445272548118785	0	0	0	0	0.4085172776753466	0	0	0	0	0	0	0	0.40725639455431567	0.0021360062351595817	0	0.004319057266690862	0.004318220565877835	0.004319282059167649	0	0	0
6.0255958607435935e-6	0.003028129495579257	0.0003585593288040682	0	0	0	0	0.4189346782391124	0	0	0	0	0	0	0	0.41742824924552535	0.002201501732815972	0	0.004450517493318859	0.004449606059841584	0.004450558234648575	0	0	0
6.4565422903465625e-6	0.0031204480929131087	0.0003731629079464974	0	0	0	0	0.42961772787193153	0	0	0	0	0	0	0	0.42785416164888695	0.0022690054925001923	0	0.004585979007755302	0.004584989068003793	0.00458582429409932	0	0	0
6.9183097091893625e-6	0.003209882718480122	0.00038474372081947507	0	0	0	0	0.43990688887612883	0	0	0	0	0	0	0	0.4373976055386857	0.002336776923455464	0	0.004718616712256148	0.004717754569648058	0.004718503517250969	0	0	0
7.413102413009192e-6	0.003301880614453248	0.00039668393497255136	0.0032955906803677107	0.00038934248874340576	0	0	0.45044247088975675	0	0	0	0	0	0	0	0.4471539194422477	0.0024065725746556595	0	0.004855090622859478	0.0048543645032343785	0.004855021478026944	0	0	0
7.943282347242822e-6	0.003359885080816142	0.0004717470986454526	0.0033552914291201195	0.0004659939797886361	0	0	0.4602452108328957	0	0	0	0	0	0	0	0.45700732385243814	0.002475088477254936	0	0.004984724015686537	0.004984010657790103	0.00498473155184718	0	0	0
8.511380382023777e-6	0.0034189085174299045	0.0005610142117194687	0.0034160736772901727	0.0005577361718216266	0	0	0.4702612825922004	0	0	0	0	0	0	0	0.46707785613347924	0.0025455550498478955	0	0.0051178186861377045	0.00511711928933534	0.00511790704869935	0	0	0
9.120108393559115e-6	0.0035189150875535166	0.0005757921017067006	0.0035154979986821927	0.0005718356490311377	0	0	0.4800003272215559	0	0	0	0	0	0	0	0.47716507382908446	0.002615701706351895	0	0.005258392601704561	0.005257586467899198	0.00525842085340581	0	0	0
9.772372209558111e-6	0.0036218469521144808	0.0005909592617479013	0.003617816050308997	0.0005862915586680649	0	0	0.489941066087292	0	0	0	0	0	0	0	0.4874701394905086	0.0026877813610909807	0	0.005402827737636885	0.005401909532389877	0.005402792510379834	0	0	0
0.000010471285480509006	0.0037112342056469677	0.0005871097575433304	0.003705434108556509	0.0005802963411535556	0	0	0.4993928627439287	0	0	0	0	0	0	0	0.4963761958623983	0.0027598942185309144	0	0.005546099081549125	0.005545125975591589	0.00554606803068658	0	0	0
0.000011220184543019652	0.0038028275383428308	0.0005832853289803125	0.0037951741442689437	0.0005743624286885797	0	0	0.5090270006375444	0	0	0	0	0	0	0	0.5054449654625912	0.0028339418554448733	0	0.005693169672630262	0.005692139400116326	0.0056931430444366864	0	0	0
0.000012022644346174132	0.0039019549410021135	0.0005946222452111596	0.003895505357902353	0.000587123115821759	0	0	0.5173436565262459	0	0	0	0	0	0	0	0.5141652113815873	0.0029086587145804115	0	0.005836645644148438	0.005835642235564174	0.005836699437442661	0	0	0
0.000012882495516931348	0.004003666274133877	0.0006061795092944865	0.003998488980106866	0.0006001673088529145	0	0	0.52579619276134	0	0	0	0	0	0	0	0.5230359043206996	0.002985345483235554	0	0.005983737414173711	0.00598276287836597	0.005983875700494387	0	0	0
0.000013803842646028866	0.004137496446356681	0.0006186461306410891	0.004132776655794152	0.0006131810026037855	0	0	0.5335977644047167	0	0	0	0	0	0	0	0.5304816737837912	0.003063092959174141	0	0.00617379148095332	0.006172817680451273	0.006173914213803714	0	0	0
0.000014791083881682102	0.004275800147033345	0.0006313691391558739	0.004271574330116203	0.0006264768780438978	0	0	0.5415150929153799	0	0	0	0	0	0	0	0.538033438805578	0.0031428652158453784	0	0.006369882000504689	0.006368909965306636	0.0063699880524353296	0	0	0
0.00001584893192461114	0.004375626347033253	0.0006440278290039531	0.0043715652899910876	0.000639332537166657	0	0	0.5488689586029708	0	0	0	0	0	0	0	0.5450563447673301	0.003218858072380513	0	0.006512941360145237	0.00651194517305595	0.006513032914968048	0	0	0
0.00001698243652461746	0.004477783168171617	0.0006569403203426877	0.00447389688385337	0.0006524520016703873	0	0	0.5563226910186725	0	0	0	0	0	0	0	0.5521709201395523	0.003296688396909919	0	0.006659213649064432	0.006658192715532482	0.006659290002159393	0	0	0
0.000018197008586099864	0.004575433386011545	0.0006692081539751753	0.00457139559661816	0.0006645427004331868	0	0	0.5625525475149471	0	0	0	0	0	0	0	0.5586129622281593	0.0033713103743360975	0	0.006797215276855024	0.006796176633429668	0.006797250324982188	0	0	0
0.000019498445997580493	0.0046752131319429836	0.0006817050795622554	0.004671019078736763	0.0006768574539865324	0	0	0.5688521676800283	0	0	0	0	0	0	0	0.5651301620347109	0.0034476214527159143	0	0.006938076769229743	0.006937020120343849	0.0069380687679150045	0	0	0
0.00002089296130854041	0.004774494475769874	0.0006937590591167431	0.004770061114383236	0.0006886318706618749	0	0	0.5743194780942851	0	0	0	0	0	0	0	0.5700998146151044	0.0035240944888484537	0	0.007051553838037387	0.007050462031678652	0.007051564995237445	0	0	0
0.000022387211385683423	0.004875884126737855	0.0007060261783814368	0.004871203189584199	0.0007006111116872053	0	0	0.5798393355231547	0	0	0	0	0	0	0	0.5751131694227557	0.0036022638032225628	0	0.007166886903192976	0.007165759072020489	0.0071669178478035375	0	0	0
0.000023988329190194948	0.004956291236499457	0.0007190854184184274	0.004950051720105865	0.00071184857377591	0	0	0.5832784993835275	0	0	0	0	0	0	0	0.5788675391051548	0.0036632656473288474	0	0.007305119755411092	0.007303856471779095	0.007305041386671379	0	0	0
0.000025703957827688645	0.0050380243218446025	0.0007323862128843718	0.0050301765453176685	0.0007232662793007942	0	0	0.5867380617359215	0	0	0	0	0	0	0	0.5826464175146395	0.0037253005154410557	0	0.007446018803104403	0.007444615263251897	0.007445826894379192	0	0	0
0.00002754228703338169	0.0051362396177370715	0.0007446227671986141	0.005127353077163627	0.0007342819055018253	0	0	0.5890827600685264	0	0	0	0	0	0	0	0.5854261426973971	0.003799535324825113	0	0.007578736085296184	0.007577268204253879	0.00757857612594903	0	0	0
0.0000295120922666639	0.005236369601556996	0.0007570637672804751	0.00522640693443874	0.0007454653039660948	0	0	0.5914368281874639	0	0	0	0	0	0	0	0.5882191295631584	0.0038752494261217307	0	0.007713818910398649	0.007712284840642976	0.007713692100492144	0	0	0
0.000031622776601683856	0.005325258869719286	0.0007667754855408329	0.005315442079786713	0.0007553508615445391	0	0	0.5927248507169972	0	0	0	0	0	0	0	0.5891945968056783	0.003946213059161218	0	0.00783547686902462	0.007833933345161689	0.007835380644573762	0	0	0
0.000033884415613920276	0.005415657065362938	0.0007766117870604126	0.0054059939951081135	0.0007653675107353165	0	0	0.5940156782832761	0	0	0	0	0	0	0	0.5901716817044297	0.004018476179449235	0	0.007959053547686518	0.007957500653116378	0.00795898890512418	0	0	0
0.000036307805477010174	0.00549947861707117	0.0007845453691469335	0.005490086242776789	0.0007736230650412538	0	0	0.5935630689572058	0	0	0	0	0	0	0	0.5893534306856265	0.0040851182609751785	0	0.008072554680674634	0.008070990937837995	0.008072521073293324	0	0	0
0.00003890451449942813	0.005584597527981775	0.0007925599978075204	0.005575486576640937	0.0007819676669954645	0	0	0.593110804496108	0	0	0	0	0	0	0	0.5885363141413313	0.0041528655293509836	0	0.00818767441154152	0.008186099826853517	0.008187672737778212	0	0	0
0.00004168693834703355	0.005659967718877308	0.0008000710831518027	0.005650962078065	0.0007896037164513744	0	0	0.5913077952368041	0	0	0	0	0	0	0	0.5869950280549897	0.004212788478483377	0	0.008289277643540384	0.008287702750161831	0.008289311540482071	0	0	0
0.00004466835921509635	0.005736355112113212	0.0008076533509973501	0.005727459293242068	0.0007973143332503493	0	0	0.5895102669809874	0	0	0	0	0	0	0	0.5854577783598468	0.004273576073920179	0	0.008392141699582007	0.008390566732367896	0.008392212050455585	0	0	0
0.0000478630092322639	0.005803446776306394	0.0008145453544660584	0.005794005734940549	0.0008035657517554834	0	0	0.5861875865780669	0	0	0	0	0	0	0	0.5825141337843717	0.004327182144260027	0	0.008480002453947873	0.008478390245085718	0.00848000031821378	0	0	0
0.00005128613839913659	0.005871323135888204	0.0008214961699383958	0.0058613253691971665	0.0008098661850991742	0	0	0.5828836339321967	0	0	0	0	0	0	0	0.5795852896671118	0.004381460628224319	0	0.008568783058387026	0.008567133000761942	0.008568706911189368	0	0	0
0.00005495408738576248	0.005925725444010101	0.0008274832552042349	0.005916126150792391	0.000816316873746014	0	0	0.5783223330433054	0	0	0	0	0	0	0	0.5748740718998977	0.004426333751717067	0	0.008639605661674475	0.008638028405203294	0.008639593720561051	0	0	0
0.00005888436553555896	0.005980631831205926	0.0008335139745018485	0.005971439295287532	0.0008228189429601451	0	0	0.5737967261842142	0	0	0	0	0	0	0	0.5702011497437804	0.0044716664473440654	0	0.008711013627095891	0.008709510488802141	0.008711066959109873	0	0	0
0.00006309573444801943	0.006021150232258514	0.0008350241245209573	0.006012978965815027	0.0008255342623120953	0	0	0.5675612707791746	0	0	0	0	0	0	0	0.5641371340388007	0.004506854088506904	0	0.008762286729454193	0.008760815570086873	0.008762352132618303	0	0	0
0.00006760829753919819	0.0060619431429064655	0.0008365370106106682	0.006054807602560267	0.0008282585422734832	0	0	0.5613935761373725	0	0	0	0	0	0	0	0.5581376083589425	0.004542318621988357	0	0.008813861625741224	0.008812422874024563	0.008813939240325428	4.282457407455102e-11	4.282457407455102e-11	4.282457407455102e-11
0.00007244359600749906	0.006107609556242052	0.0008358996876011059	0.006100517544057523	0.0008276724534137907	0	0	0.5538174224340371	0	0	0	0	0	0	0	0.5505414330795642	0.004567557388874844	0	0.00884591047788931	0.008844482346313435	0.00884596788822999	3.996621793487405e-11	3.996621793487405e-11	3.996621793487405e-11
0.00007762471166286927	0.00615361998819641	0.0008352628501416341	0.006146572566503502	0.0008270867792798592	0	0	0.546343510914042	0	0	0	0	0	0	0	0.5430486406900177	0.0045929363914882886	0	0.0088780758656682	0.008876658450518228	0.008878112923853933	3.729864477431102e-11	3.729864477431102e-11	3.729864477431102e-11
0.00008317637711026725	0.006149829782030778	0.000834503399153323	0.006142698461709423	0.0008262295349002259	0	0	0.5373002486865879	0	0	0	0	0	0	0	0.5342173976509186	0.004607103505589041	0	0.008889440145798028	0.00888801086061995	0.00888944466212974	3.480912064952495e-11	3.480912064952495e-11	3.480912064952495e-11
0.00008912509381337459	0.006146041910371163	0.0008337446386851343	0.006138826798713253	0.000825373179022194	0	0	0.528406673588351	0.5284923762346834	0	0	0	0	0	0	0.5255297713116371	0.0046213143187757155	0	0.008900818972645528	0.008899377789384976	0.008900790863872465	3.248576155313057e-11	3.248576155313057e-11	3.248576155313057e-11
0.00009549925860214369	0.00614388674337705	0.0008316995065633717	0.006135873175375809	0.0008223801156533438	0	0	0.5184279609528532	0.5184267674838298	0	0	0	0	0	0	0.5151870038087313	0.004623310053217	0	0.008887530655724956	0.00888615081324979	0.008887527908822022	3.0317476684124626e-11	3.0317476684124626e-11	3.0317476684124626e-11
0.00010232929922807557	0.006141732332112374	0.0008296593910440564	0.006132920973139027	0.0008193979060759141	0	0	0.5086376916335336	0.5085528672307356	0	0	0	0	0	0	0.5050477886932612	0.004625306649524777	0	0.008874262177357121	0.008872943496117936	0.008874284716731897	2.8293915504771784e-11	2.8293915504771784e-11	2.8293915504771784e-11
0.00010964781961431851	0.006121476814614318	0.0008236802250570355	0.006113479690991691	0.0008143736831868943	0	0	0.4976535298642729	0.4974306031297008	0	0	0	0	0	0	0.49391089025982604	0.004614898530595088	0	0.008837386226828012	0.008836147454674993	0.008837478162854615	2.6405418331214976e-11	2.6405418331214976e-11	2.6405418331214976e-11
0.00011748975549395303	0.006101288100090874	0.0008177441495554423	0.006094100037463593	0.0008093802668394214	0	0	0.4869065738934762	0.48655158760065087	0	0	0	0	0	0	0.4830195735505224	0.004604513832585961	0	0.008800663509964996	0.008799504006186837	0.00880082426605916	2.464297022195007e-11	2.464297022195007e-11	2.464297022195007e-11
0.00012589254117941688	0.006065035664266072	0.0008100561749548044	0.006058204606589906	0.0008021123777165741	0.006065359174308517	0.0008104234072316295	0.4748131676522045	0.47456301431468945	0	0	0	0	0	0	0.4712649940848876	0.004581471891772779	0	0.008741231405414468	0.008740088100645938	0.008741384575923682	2.2998157944047065e-11	2.2998157944047065e-11	2.2998157944047065e-11
0.0001348962882591656	0.006028998631989112	0.0008024404784053047	0.006022520606764221	0.0007949097511340492	0.006029171221677694	0.0008026312452457379	0.4630201280158581	0.46286983804950727	0	0	0	0	0	0	0.45979646956604936	0.0045585452576034045	0	0.00868220065413091	0.008681073382470678	0.008682346334181726	2.1463129811690398e-11	2.1463129811690398e-11	2.1463129811690398e-11
0.0001445439770745928	0.005976802565870793	0.0007935806119709447	0.0059701948782323044	0.0007858982831283442	0.005976990247729329	0.0007937927779465331	0.4504430893874243	0.4500806294021764	0	0	0	0	0	0	0.44717428441207335	0.0045228619962092275	0	0.008600136181648685	0.008598989647524004	0.00860023956507069	2.0030558205324206e-11	2.0030558205324206e-11	2.0030558205324206e-11
0.00015488166189124827	0.005925058387285448	0.000784818568659103	0.005918323773610387	0.0007769889733305367	0.005925260887102595	0.0007850516386602366	0.43820768148104666	0.4376447897678573	0	0	0	0	0	0	0.4348985994350367	0.004487458055315721	0	0.008518847385508427	0.008517682053872974	0.008518909259057779	1.8693604592483266e-11	1.8693604592483266e-11	1.8693604592483266e-11
0.00016595869074375631	0.005858940777155737	0.0007741717790088113	0.005852079325001199	0.0007661912494592016	0.0058588888721492986	0.0007741066350985557	0.42504905812936067	0.42456259470006724	0	0	0	0	0	0	0.4217887097888555	0.004441351065123918	0	0.008417008117426884	0.008415853991983932	0.008417045323056977	1.744588688333338e-11	1.744588688333338e-11	1.744588688333338e-11
0.00017782794100389227	0.005793560972138399	0.0007636694229058181	0.0057865763577876475	0.0007555435802795077	0.005793260325619228	0.0007633142241780024	0.4122855656159254	0.4118714561049991	0	0	0	0	0	0	0.40907401388843095	0.004395717807392303	0	0.008316386295327643	0.008315243274687287	0.00831639941405258	1.6281448965088717e-11	1.6281448965088717e-11	1.6281448965088717e-11
0.00019054607179632481	0.005711544836729051	0.0007503120459016392	0.005705418817170396	0.0007431938168217762	0.00571194821649314	0.0007507844129160928	0.39880225836236294	0.39835749224203265	0	0	0	0	0	0	0.3955992876604751	0.004338202467821405	0	0.008234991370744195	0.008233916291344788	0.008235047620537679	1.519473226987575e-11	1.519473226987575e-11	1.519473226987575e-11
0.00020417379446695317	0.00563068975692953	0.0007371883033930689	0.005625399522381396	0.0007310459168454413	0.005631777374756913	0.000738460278641834	0.38575990657669956	0.38528693667207314	0	0	0	0	0	0	0.3825684132557936	0.004281439682083795	0	0.008154393082285239	0.008153384724083482	0.00815449161784267	1.4180549240320365e-11	1.4180549240320365e-11	1.4180549240320365e-11
0.00021877616239495564	0.0055356916114623145	0.0007234273701278049	0.005530377301239657	0.0007172554589622715	0.005536692538492651	0.0007245979236994881	0.3719326793841313	0.37159821268034937	0	0	0	0	0	0	0.3689528798627058	0.004213532549908422	0	0.007971336202083245	0.007970338709910619	0.007971425860219131	1.3234058566192475e-11	1.3234058566192475e-11	1.3234058566192475e-11
0.00023442288153199226	0.00544229622658605	0.0007099233092022948	0.00543696016120813	0.0007037251444220112	0.0054432130792676165	0.0007109957924822453	0.35860107708304517	0.35839583054630814	0	0	0	0	0	0	0.35582192058278356	0.004146702480343465	0	0.007792388741313366	0.007791402135490518	0.007792469870952104	1.2350742073898408e-11	1.2350742073898408e-11	1.2350742073898408e-11
0.0002511886431509582	0.005336383402401826	0.0006949832678960518	0.005330840548885678	0.0006885381230124455	0.005337061565691816	0.0006957731553526817	0.34479111838245113	0.3446744966285665	0	0	0	0	0	0	0.3422297998092264	0.0040704677174557445	0	0.007635793628746298	0.0076348394532385795	0.007635888178135114	1.152638315850003e-11	1.152638315850003e-11	1.152638315850003e-11
0.00026915348039269194	0.005232531753475189	0.000680357633556504	0.005226792199141131	0.0006736788511811384	0.0052329801793864995	0.0006808764395346488	0.3315129900959301	0.33147848970526883	0	0	0	0	0	0	0.32915688748359295	0.00399563448725577	0	0.007482345436859648	0.0074814227866905805	0.007482452833899701	1.0757046655304153e-11	1.0757046655304153e-11	1.0757046655304153e-11
0.00028840315031266115	0.005116401434694387	0.0006634733587850637	0.005111137493309364	0.0006573523829693298	0.0051168882137690675	0.0006640389960096628	0.31799752777923623	0.31796183179800963	0	0	0	0	0	0	0.3157233098812661	0.003911843013481259	0	0.007311520002044372	0.007310634379205237	0.007311609158454108	1.0039060054936483e-11	1.0039060054936483e-11	1.0039060054936483e-11
0.0003090295432513592	0.005002848501312385	0.0006470080970745448	0.004998041911787771	0.0006414215833521404	0.005003371710702408	0.0006476179268633397	0.30503307772176397	0.3049963410000988	0	0	0	0	0	0	0.3028379845381507	0.0038298087102136397	0	0.0071445945915498315	0.007143744786285398	0.0071446662842681715	9.368995972228761e-12	9.368995972228761e-12	9.368995972228761e-12
0.0003311311214825914	0.004878367713016841	0.000629901826488426	0.004873477734222162	0.0006242143555118643	0.004878569083198284	0.0006301335733629617	0.29195501433681975	0.2917612431432644	0	0	0	0	0	0	0.28965958508064205	0.00373983035237184	0	0.006963370603727089	0.0069625483880895915	0.006963425247703514	8.743655785232176e-12	8.743655785232176e-12	8.743655785232176e-12
0.000354813389233576	0.00475698425350321	0.0006132478292118515	0.004752018019285407	0.0006074687409032472	0.00475687949560655	0.0006131212614856539	0.2794376630660438	0.27910047288231393	0.27843327206911606	0	0	0	0	0	0.2770546612805101	0.0036519659656164567	0	0.006786743396497219	0.006785947917618155	0.006786781810526721	8.160054366256414e-12	8.160054366256414e-12	8.160054366256414e-12
0.00038018939632056124	0.004627037613659554	0.0005952668968752792	0.0046222722371027265	0.0005897215893961786	0.00462694468062765	0.0005951542049945532	0.26659621323148835	0.26631182769561956	0.2656898434137136	0	0	0	0	0	0.26427702230841077	0.003558040344934653	0	0.006596901038558257	0.006596138787197216	0.006596939852623335	7.615405832046075e-12	7.615405832046075e-12	7.615405832046075e-12
0.00040738027780411304	0.004500640728935273	0.0005778131803106859	0.004496068943169434	0.0005724929195251299	0.004500559052917247	0.0005777136595531132	0.2543448872622844	0.25410917021443524	0.2535296603334124	0	0	0	0	0	0.25208868241883414	0.003466530415500663	0	0.006412369050963697	0.006411638790655361	0.006412408212627132	7.107110245071484e-12	7.107110245071484e-12	7.107110245071484e-12
0.00043651583224016654	0.0043670855657608615	0.0005647103029096976	0.004362666051307482	0.0005595652892014715	0.004366987411354577	0.0005645924481896868	0.24204171678262384	0.24187705412097146	0.24128928795535243	0	0	0	0	0	0.2399471029304676	0.0033701132827394626	0	0.00621840706820365	0.006217702752419714	0.006218431805719968	6.632741202451315e-12	6.632741202451315e-12	6.632741202451315e-12
0.00046773514128719906	0.004237493611979253	0.0005519045551035952	0.004233221357547491	0.0005469295814852111	0.004237380029169458	0.0005517692498380639	0.23033367524571846	0.2302337584309498	0.22963987884272077	0	0	0	0	0	0.22839030952237172	0.0032763778698467272	0	0.006030312066969025	0.006029632794316548	0.006030323217140797	6.190034253261091e-12	6.190034253261091e-12	6.190034253261091e-12
0.0005011872336272725	0.004101359589487642	0.0005283762574576776	0.0040971872708971315	0.0005235170084702396	0.004101055031982497	0.0005280140583406236	0.2187057641255777	0.21861854351908278	0.2180176601841486	0	0	0	0	0	0.21687006875884715	0.003177996982385234	0	0.005833600829283236	0.005832953207327658	0.005833609488281914	5.7768760889366125e-12	5.7768760889366125e-12	5.7768760889366125e-12
0.0005370317963702533	0.003969599018327573	0.000505850996994539	0.003965524624142719	0.000501106664249864	0.003969115882826644	0.0005052815935051797	0.20766486364065373	0.20758931225430652	0.20698364931957228	0	0	0	0	0	0.2059309207199965	0.003082570210536219	0	0.00564330639235371	0.005642689079000615	0.005643312710841411	5.391294455171391e-12	5.391294455171391e-12	5.391294455171391e-12
0.0005754399373371578	0.0038319522989785464	0.0004872751616047937	0.003828260138095332	0.0004829781912233904	0.0038317422685832875	0.0004870266612142513	0.19668649165723587	0.19662551496250644	0.19604062047857715	0	0	0	0	0	0.19503686032356396	0.0029834863294519176	0	0.005445377197729036	0.005444797295786839	0.005445397742119368	5.03144873715167e-12	5.03144873715167e-12	5.03144873715167e-12
0.0006165950018614823	0.0036990785099078895	0.0004693814671270504	0.003695746987852333	0.0004655055496949148	0.003699123242124065	0.00046943124741208206	0.18628850024130247	0.18624076892219124	0.1856761391731413	0	0	0	0	0	0.18471911236970306	0.002887587328133592	0	0.005254390026691434	0.005253845671301513	0.005254423791351022	4.695621173186392e-12	4.695621173186392e-12	4.695621173186392e-12
0.0006606934480075965	0.0035632113396530884	0.0004512905726396576	0.0035601109092814887	0.00044768467292616304	0.0035634684753855787	0.0004515905732259022	0.17597215876707747	0.175981798922794	0.17546920915942837	0	0	0	0	0	0.17451245325854073	0.0027902438521741958	0	0.005058897143090018	0.005058379531686168	0.0050589341539714235	4.38220865478961e-12	4.38220865478961e-12	4.38220865478961e-12
0.0007079457843841388	0.0034323345711709456	0.00043389693717562836	0.0034294527542185448	0.0004305460300191027	0.0034327884592932232	0.0004344279315677489	0.16622711880247304	0.16628793862551847	0.1658233712751015	0	0	0	0	0	0.16486976334837244	0.0026961819227916024	0	0.004870677695100474	0.004870185591165827	0.004870717663913079	4.089715074072198e-12	4.089715074072198e-12	4.089715074072198e-12
0.0007585775750291852	0.0032985444574800803	0.00041633170130797874	0.003295664166115906	0.00041298123807999385	0.0032987489786063346	0.0004165702765438308	0.15671861873341844	0.15675494612498356	0.15637674196248808	0	0	0	0	0	0.15544631719407498	0.002600642728629194	0	0.00467847712153658	0.004677998269480159	0.004678497398822693	3.816744181912162e-12	3.816744181912162e-12	3.816744181912162e-12
0.0008128305161640995	0.0031699693932403343	0.00039947755022717933	0.0031670948907110454	0.0003961330290248357	0.0031699433136922173	0.0003994466807729695	0.1477540225364552	0.14776846317148173	0.14746826842781943	0	0	0	0	0	0.14656148609944344	0.0025084889653770883	0	0.004493860925915716	0.004493395046167201	0.004493863003589886	3.561992922811423e-12	3.561992922811423e-12	3.561992922811423e-12
0.0008709635899560814	0.003039512731710323	0.00038255702210735984	0.0030367261859694473	0.0003793145626743662	0.0030394548556348534	0.0003824887503061875	0.1390221191397092	0.13901387455215128	0.13876095700732594	0	0	0	0	0	0.13789708082936927	0.0024160273501811222	0	0.004307027306345227	0.0043065783788570405	0.004307028266635669	3.3242452146222035e-12	3.3242452146222035e-12	3.3242452146222035e-12
0.0009332543007969925	0.002914424872975013	0.00036635319076234205	0.002911723913167053	0.0003632101514257351	0.0029143378619859036	0.00036625074422370554	0.13080624999787685	0.1307779542619674	0.13056777159496796	0	0	0	0	0	0.1297448968848427	0.0023269738226437604	0	0.004127961350700538	0.004127528771159109	0.0041279612829273485	3.1023661434499857e-12	3.1023661434499857e-12	3.1023661434499857e-12
0.001	0.0027887567218641872	0.00035007521284548834	0.0027861942944752125	0.0003470937525784466	0.00278871631089898	0.00035002773970763904	0.1228239898509499	0.12279385223670138	0.12256989862874716	0	0	0	0	0	0.12176905105790803	0.002238668651584443	0	0.003948431784998479	0.003948017386937899	0.003948431272040628	2.8952965460216785e-12	2.8952965460216785e-12	2.8952965460216785e-12
0.001071519305237607	0.0026685073016837904	0.00033452050572780527	0.002666076481860746	0.0003316924722673146	0.0026685096344233063	0.00033452332997855656	0.11532883545817631	0.11529718622853452	0.11506193194799325	0	0	0	0	0	0.11428350672399833	0.002153714529496942	0	0.003776710156973858	0.0037763131771427426	0.003776709237682726	2.702047953657403e-12	2.702047953657403e-12	2.702047953657403e-12
0.001148153621496884	0.0025480215893760425	0.000319056023145872	0.002545672400354461	0.00031632258165267677	0.0025479804280646276	0.0003190076155074422	0.10806908216696157	0.10805133431773865	0.10780804713451284	0	0	0	0	0	0.10707149496116011	0.0020698850255360217	0	0.003604770314993705	0.0036043904796992064	0.003604769023710613	2.521697873710479e-12	2.521697873710479e-12	2.521697873710479e-12
0.0012302687708123836	0.0024329759247163356	0.0003043064450837876	0.0024307059508673636	0.000301664897546348	0.0024328951929017254	0.0003042115441044648	0.10126631795085468	0.10126084798550175	0.10101147121543738	0	0	0	0	0	0.10031460673415221	0.0019893184357812725	0	0.003440658267054237	0.0034402948380399096	0.0034406566395554744	2.3533853859509307e-12	2.3533853859509307e-12	2.3533853859509307e-12
0.0013182567385564075	0.002318399238742011	0.0002894117988902437	0.002316354920991386	0.0002870344175193636	0.0023184242396116577	0.00028944164572160247	0.09469387847278446	0.09467899717275625	0.09448580022957902	0	0	0	0	0	0.09379470766568589	0.0019108544630428291	0	0.0032774210414259508	0.0032770781837758067	0.0032774189672277413	2.196307032871496e-12	2.196307032871496e-12	2.196307032871496e-12
0.0014125375446227555	0.002209218338576945	0.0002752461891295946	0.0022073834632635844	0.00027311350279998016	0.0022093392968597185	0.00027538884668118	0.08854800689573976	0.08852495988303621	0.0883817089049537	0	0	0	0	0	0.0876985662656878	0.0018354853166062794	0	0.003121928377960655	0.0031216049577593636	0.003121925903112471	2.049712984298001e-12	2.049712984298001e-12	2.049712984298001e-12
0.0015135612484362103	0.0021007866233290107	0.0002612808769044658	0.002099102131975226	0.0002593236965978344	0.0021009090288365753	0.0002614250825599103	0.08264914037343125	0.08262954666299455	0.08251121100791985	0	0	0	0	0	0.08185683564431799	0.0017621749267351247	0	0.00296761089024384	0.0029673068613307136	0.0029676102855163227	1.9129034579955436e-12	1.9129034579955436e-12	1.9129034579955436e-12
0.0016218100973589332	0.001997676897612985	0.0002480241301499872	0.001996132449931645	0.0002462301531331338	0.001997800316918591	0.00024816935985275135	0.07714324290223848	0.07712674471418038	0.07703064385544921	0	0	0	0	0	0.07640423130067159	0.0016917925980227475	0	0.0028209213440209243	0.0028206355795963203	0.002820922430581146	1.7852253791837762e-12	1.7852253791837762e-12	1.7852253791837762e-12
0.0017378008287493763	0.001895696853182793	0.00023512134701547124	0.001894199505306675	0.00023338135874882034	0.001895845478912284	0.00023529586483418642	0.07184338227292915	0.07184335489221608	0.07175225041934563	0	0	0	0	0	0.07116648009726953	0.0016237168620804757	0	0.0026758685264048603	0.002675599487060415	0.0026758745125235166	1.6660692630152008e-12	1.6660692630152008e-12	1.6660692630152008e-12
0.0018620871366628695	0.0017989228205327855	0.0002228897962022441	0.001797471789022273	0.00022120304080709344	0.0017990937580067488	0.00022309016729912717	0.06690763030217971	0.06692189150853556	0.0668355498871541	0	0	0	0	0	0.06628779327029928	0.0015583804133472233	0	0.0025382743782561114	0.002538021099550368	0.0025382847571947735	1.5548663051346084e-12	1.5548663051346084e-12	1.5548663051346084e-12
0.001995262314968883	0.0017036096175545073	0.00021078437042562295	0.001702261242413308	0.0002092172100190114	0.0017038030867930144	0.0002110113291629359	0.06220369259469337	0.06220636971125185	0.06214449104572613	0	0	0	0	0	0.06161825052394782	0.0014962042908292861	0	0.002402922447634349	0.0024026844852828104	0.0024029327126908187	1.451085666431199e-12	1.451085666431199e-12	1.451085666431199e-12
0.0021379620895022326	0.0016133464403796113	0.0001993364055814008	0.0016120939172006093	0.00019788082843902528	0.0016135595744502164	0.0001995864791988219	0.057830464999880093	0.05782311804739422	0.057782688611867264	0	0	0	0	0	0.0572776466120979	0.0014365088656932321	0	0.0022747880760282647	0.0022745645167573467	0.002274798209835602	1.3542319390217864e-12	1.3542319390217864e-12	1.3542319390217864e-12
0.0022908676527677745	0.0015248086151605075	0.00018812732036280604	0.0015236311400885457	0.00018675909940140005	0.0015250471652152767	0.00018840736817656487	0.05367510444166347	0.05366899202826017	0.05362604610113186	0	0	0	0	0	0.05315416096051677	0.0013801836172515024	0	0.0021491145923611373	0.002148902758504422	0.002149124614595659	1.26384278136873e-12	1.26384278136873e-12	1.26384278136873e-12
0.0024547089156850338	0.0014411296016004073	0.0001775485444500866	0.0014400227097678701	0.0001762624579872808	0.0014413901370351346	0.00017785441441580974	0.04981832390297147	0.04981330655618728	0.04976841489252033	0	0	0	0	0	0.04932752992717695	0.0013260668714426412	0	0.0020303840958950893	0.002030183374218418	0.0020303939879549723	1.1794867112435978e-12	1.1794867112435978e-12	1.1794867112435978e-12
0.002630267991895387	0.0013591400144282622	0.00016723443485840378	0.0013580608070341868	0.00016597998738592993	0.001359328095272627	0.00016745508537035976	0.04615834790062277	0.04615519161795568	0.04610612739965843	0	0	0	0	0	0.045691374184527976	0.0012750504991316562	0	0.0019140675749094453	0.001913877429005308	0.001914075425003274	1.1007610460009859e-12	1.1007610460009859e-12	1.1007610460009859e-12
0.002818382931264455	0.0012818150267461257	0.00015751949017116316	0.0012807639373268313	0.00015629735638102507	0.0012819380562699597	0.0001576638157028611	0.042767257386349976	0.04276571584115425	0.04271333512197151	0	0	0	0	0	0.042323255957731176	0.0012259968259121148	0	0.001804414587725885	0.0018042344646163457	0.001804420597349956	1.0272899803302161e-12	1.0272899803302161e-12	1.0272899803302161e-12
0.003019951720402019	0.0012061326529859712	0.00014802404222368084	0.0012051339122038174	0.00014686276230327732	0.00120623474547751	0.00014814396142524797	0.03955204143101552	0.0395478003103314	0.039493958096899096	0	0	0	0	0	0.039130210726201514	0.0011801280660359136	0	0.0016970454533558456	0.001696874248562835	0.001697048318199389	9.587227923088298e-13	9.587227923088298e-13	9.587227923088298e-13
0.0032359365692962876	0.0011349188036060564	0.00013910099031192317	0.00113396989407351	0.0001379976696391996	0.0011350020026948864	0.0001391989227770991	0.036578543422334735	0.03657201752906833	0.03651723101709479	0	0	0	0	0	0.03617806231652265	0.0011359754142997284	0	0.0015960651672548185	0.001595902457194199	0.0015960652402954275	8.947321691943155e-13	8.947321691943155e-13	8.947321691943155e-13
0.0034673685045253167	0.0010654612972926035	0.00013041144280760778	0.0010645659802459113	0.00012937040605361238	0.0010655279187611105	0.00013049002598039175	0.03376858982270707	0.033761678088655954	0.033712461405116315	0	0	0	0	0	0.03340484863642681	0.0010949728318023762	0	0.0014978475603816743	0.0014976943240514876	0.0014978455943292102	8.350126449620172e-13	8.350126449620172e-13	8.350126449620172e-13
0.003715352290971728	0.0010002546194683366	0.00012226472562865817	0.000999409889292413	0.0001212824970612568	0.0010003063809259094	0.00012232599606844553	0.031174496082256753	0.031167296320364257	0.03112311701452421	0	0	0	0	0	0.030844214448515535	0.0010554502212747408	0	0.0014056740039005795	0.0014055296914823193	0.001405670249441775	7.79279142130673e-13	7.79279142130673e-13	7.79279142130673e-13
0.003981071705534978	0.0009366599956494423	0.00011433016701168154	0.0009358521983122589	0.00011339069693640122	0.0009366584208881019	0.00011432871533174691	0.02872904961093024	0.028720955468022995	0.02868661828731637	0	0	0	0	0	0.028425730134829134	0.0010185172787305124	0	0.001315607196828903	0.0013154710556841141	0.001315601383145726	7.272656109148397e-13	7.272656109148397e-13	7.272656109148397e-13
0.004265795188015935	0.0008771086185198923	0.0001069105338576504	0.0008763364726218306	0.00010601241286472526	0.0008770602828790457	0.00010685427112397211	0.02647543329552169	0.026466629460483126	0.026440862860174368	0	0	0	0	0	0.0261968783496453	0.0009828767157011873	0	0.001231311307988322	0.0012311828834563228	0.0012313037143827238	6.787237592080249e-13	6.787237592080249e-13	6.787237592080249e-13
0.004570881896148752	0.0008191317323242832	0.00009960333623320636	0.0008184142172632819	0.0000987688144945947	0.0008190920632673425	0.00009955707505685378	0.024364755775469586	0.024353079260267575	0.024322799478787186	0	0	0	0	0	0.02410025419342251	0.0009493920109461801	0	0.0011492893328627614	0.0011491693606113054	0.001149284229502702	6.334218673339916e-13	6.334218673339916e-13	6.334218673339916e-13
0.004897788193684466	0.0007649871187366086	0.00009279557617769031	0.0007643203859982575	0.00009202015549929643	0.0007649551817638007	0.00009275821256013773	0.02242234592997921	0.022408311203448834	0.02237440501143265	0	0	0	0	0	0.022171429909909158	0.0009170480651842577	0	0.0010727311298635907	0.0010726190536863836	0.0010727282186798134	5.911436819083085e-13	5.911436819083085e-13	5.911436819083085e-13
0.005248074602497733	0.0007123582633512971	0.00008625425731059753	0.0007117324943822335	0.0000855264376028261	0.0007123495680286788	0.00008624402026008342	0.020594957063284947	0.020584221321607137	0.020541867167208655	0	0	0	0	0	0.020360201763747095	0.0008860706446140451	0	0.0009983184145095762	0.000998213565425525	0.0009983189309633361	5.51687383529897e-13	5.51687383529897e-13	5.51687383529897e-13
0.005623413251903491	0.0006633501178463604	0.0000801740471976448	0.0006627628319738572	0.00007949097118278668	0.0006633616179978134	0.00008018730444810389	0.01891649775465509	0.01890861669895472	0.018859420239315083	0	0.008325353232695194	0.008691608494261148	0	0	0.018696936442300468	0.0008561396256683672	0	0.0009290675258726288	0.0009289694405250431	0.0009290710084482791	5.148646233747162e-13	5.148646233747162e-13	5.148646233747162e-13
0.0060255958607435805	0.0006157063485464248	0.00007426751687738937	0.0006151544710998709	0.00007362570432132557	0.0006157252033676144	0.00007428950094083484	0.01734249300133003	0.01733459345876964	0.017290567744761072	0	0.007819665159411973	0.008162929419523771	0	0	0.01713942285821681	0.000826448613965696	0	0.0008617807054958836	0.0008616875321592666	0.0008617836146715122	4.804996240926767e-13	4.804996240926767e-13	4.804996240926767e-13
0.006456542290346563	0.0005714844958061414	0.00006879612862172366	0.0005709659701150661	0.00006819320806065441	0.0005715095896056797	0.00006882548288688358	0.015899458102764705	0.01589159773900491	0.015852222875491182	0	0.007344692951307498	0.007666407978698427	0.008000245078523387	0.007050891995757971	0.01571165505211617	0.0007977872896522052	0	0.0007993670682520435	0.0007992786099175354	0.000799369468816701	4.4842834071582774e-13	4.4842834071582774e-13	4.4842834071582774e-13
0.006918309709189377	0.0005285856432548914	0.00006348364824850877	0.000528093415392275	0.00006291113582308895	0.0005286123552255081	0.00006351488043976241	0.014554566477191359	0.014550857719136263	0.01450803846689974	0	0.006911797412492095	0.007202979750009362	0.0075283884499833306	0.0066795739763738865	0.014378557698742555	0.0007686421343502433	0	0.0007387618795001975	0.0007386793260108808	0.0007387645987111125	4.184976775723044e-13	4.184976775723044e-13	4.184976775723044e-13
0.007413102413009177	0.0004889070207601344	0.00005858140095499206	0.0004884400646933053	0.00005803819944987604	0.000488934966585349	0.00005861404625242566	0.01332343555169014	0.013323233059371779	0.013277833765664953	0	0.006504416697614023	0.006767565386971945	0.00708436205360641	0.006327810514285863	0.013158570552261691	0.0007405617241107734	0	0.000682751562177919	0.0006826745266361964	0.0006827545379193622	3.9056475746790614e-13	3.9056475746790614e-13	3.9056475746790614e-13
0.00794328234724282	0.0004503447302179752	0.00005381144868246581	0.00044992646840050145	0.00005332510556375455	0.00045038896491333323	0.000053863303939825445	0.012176692601688865	0.012174778881851072	0.012122371922563524	0	0.0061256287466991	0.006353671357853157	0.006662853511662208	0.005990010907576726	0.012026233003733192	0.0007107194873039569	0	0.0006284625377003048	0.0006283914431109926	0.0006284657148725053	3.6449623964665694e-13	3.6449623964665694e-13	3.6449623964665694e-13
0.008511380382023776	0.00041482402056689405	0.000049429886655158505	0.00041444967683897284	0.00004899474674160722	0.0004148818014231633	0.00004949761527841888	0.011128649374313621	0.01112532072068669	0.011067460522736635	0	0.005768899701052494	0.005965090459460813	0.006266424073466165	0.005670244169272107	0.01099133676303635	0.0006820797959010406	0.007533273719277346	0.0005784903077084175	0.0005784246963495515	0.0005784936354635515	3.401676832745731e-13	3.401676832745731e-13	3.401676832745731e-13
0.009120108393559097	0.0003805327602278018	0.000045237907831204	0.0003801684889595565	0.00004481426863946271	0.0003805721889522815	0.000045284083908819605	0.010149440002210774	0.01014739077735533	0.010084358442016255	0	0.0054271853659744315	0.005588244697895374	0.0058804703704673136	0.00535359024868143	0.010030497414194617	0.0006510637088790627	0.007066445592202615	0.0005302135004773883	0.000530151386088833	0.0005302158597629943	3.1746295340814445e-13	3.1746295340814445e-13	3.1746295340814445e-13
0.009772372209558112	0.000349076173093111	0.00004140143632578882	0.00034872286811782447	0.00004099048994541339	0.0003490998894314104	0.0000414292333868274	0.009256391219965935	0.009255422128810337	0.009188583503699584	0	0.005105712098144684	0.005235206241344822	0.005518287842082897	0.005054619817977974	0.009153652603431917	0.0006214580105827667	0.006628546256029285	0.00048596554227868554	0.0004859067981462199	0.00048596707156326743	2.9627366661186545e-13	2.9627366661186545e-13	2.9627366661186545e-13
0.010471285480509006	0.00031876543891362787	0.00003769694619412012	0.00031842974565581927	0.00003730630313716682	0.0003187808272853611	0.00003771495467245379	0.008426793457647016	0.008425941891558235	0.0083544438499237	0	0.004792149909772562	0.004888352126330813	0.005158295175729341	0.0047516481022112835	0.008336772294390404	0.0005892371777523212	0.006180354323321809	0.00044340301813936483	0.00044334753743274205	0.00044340404291951717	2.7649867357841714e-13	2.7649867357841714e-13	2.7649867357841714e-13
0.011220184543019653	0.0002910866248630911	0.00003432392396196203	0.00029076814911997733	0.00003395324758536863	0.00029109495282353935	0.000034333674308284656	0.007671547830073658	0.00767080050718785	0.007596027397849274	0	0.00449784482875133	0.004564478534252467	0.0048217870979904	0.004466836379452996	0.007592791129352848	0.0005586869035929496	0.0057624670759533455	0.00040456826542312874	0.0004045159271233913	0.0004045688623406596	2.5804357628172093e-13	2.5804357628172093e-13	2.5804357628172093e-13
0.012022644346174132	0.0002646200658837868	0.0000311373957358014	0.0002643184375297297	0.00003078622921613528	0.0002646255387350693	0.00003114376878472852	0.006969696336271213	0.006970746833085204	0.00689273317934319	0.007104842231891703	0.004202562707236417	0.004242213975948468	0.0044839993003054105	0.004175121880358286	0.006903177378408884	0.0005256812391062929	0.005340288161331028	0.000367477154893837	0.0003674282543476727	0.00036747785027703813	2.4082027735795284e-13	2.4082027735795284e-13	2.4082027735795284e-13
0.01288249551693135	0.00024055993401027716	0.00002824669505393229	0.00024027472276315224	0.000027914617209013262	0.00024056300211180707	0.000028250234024110402	0.00633205555069398	0.006334581555788769	0.00625455493947668	0.006421136674716848	0.0039266657656478925	0.003942702169083543	0.004169875051828636	0.0039024583027106844	0.006276197659850245	0.0004946254572483489	0.004949039581511905	0.0003337865841445425	0.0003337409309270462	0.00033378735492136074	2.2474655956343369e-13	2.2474655956343369e-13	2.2474655956343369e-13
0.013803842646028866	0.00021771468440723402	0.000025514159646871294	0.0002174461533223779	0.000025201419530754956	0.00021771465449099974	0.000025514015565542765	0.005743714523094626	0.0057459345019789075	0.005661517436942069	0.005784462850902575	0.00364894403362914	0.0036455933118947664	0.0038550787654670943	0.003624734958263224	0.0056983467740108155	0.00046180343029710334	0.004558870858120601	0.0003018788320874189	0.00030183573147897583	0.00030187990092646084	2.0974569330190146e-13	2.0974569330190146e-13	2.0974569330190146e-13
0.014791083881682071	0.0001970389790866696	0.00002304596489051605	0.00019678653272782104	0.000022751934644478995	0.00019703641193380783	0.00002304281761783595	0.005210039024245854	0.005211988039030089	0.005124709911250859	0.005210917033618119	0.0033908647578413933	0.0033708735851131102	0.003564047388287566	0.0033667761442907045	0.005173698745117968	0.00043115938556938054	0.004199461968067777	0.00027302124648305535	0.00027298062765146306	0.0002730225493558326	1.957460703476465e-13	1.957460703476465e-13	1.957460703476465e-13
0.01584893192461114	0.00017754461772320442	0.00002071980133686114	0.00017731393698222788	0.000020451319355580136	0.00017755360987047682	0.000020730326252782622	0.0047177629303879875	0.004721119446304679	0.004627272112258774	0.004679294850367495	0.0031321093675422094	0.0031000481726750923	0.0032767174742225407	0.0031080720960927227	0.0046888251950549615	0.0003994880390021588	0.003847151894606406	0.0002457875537416392	0.00024575008283881825	0.0002457884395400225	1.826808620160513e-13	1.826808620160513e-13	1.826808620160513e-13
0.01698243652461746	0.00015997896166835846	0.00001862843102810001	0.00015976821082377125	0.000018383336183036247	0.0001599972516177773	0.000018649907909446345	0.004272000068284471	0.004276481192850935	0.004178118873398151	0.004201909213947464	0.0028930994866603653	0.0028509816313932474	0.0030125518086991944	0.0028692469414373124	0.004249393478993703	0.0003701431504153343	0.0035243985569378983	0.00022127040423591558	0.0002212358574118122	0.00022127094320251135	1.7048770014978149e-13	1.7048770014978149e-13	1.7048770014978149e-13
0.018197008586099864	0.00014350392653439143	0.000016686204288412175	0.00014330665599250172	0.000016456615334969417	0.00014351776353868423	0.000016702439597593675	0.00386109961953466	0.0038670057864475943	0.0037619030023512976	0.0037648619137093534	0.002655963183898275	0.0026081573666911204	0.00275448998378735	0.0026331954152405477	0.003842969538331019	0.00034059286402054074	0.0032119596693107894	0.00019838466845834585	0.0001983528355138046	0.0001983851267398606	1.591083793977713e-13	1.591083793977713e-13	1.591083793977713e-13
0.019498445997580455	0.000128725531882616	0.00001494647687368998	0.00012854120069233265	0.000014731830261204638	0.00012873563916179908	0.0000149583306183493	0.003489721449830748	0.0034967378735156433	0.0033871497264484733	0.0033732726024281313	0.0024382640371506865	0.002386014969202333	0.0025185343033356762	0.002416563731308014	0.003475417126125368	0.000313401717393793	0.002927218573782003	0.0001778659772201916	0.00017783666633718983	0.0001778663657413469	1.4848857936580964e-13	1.4848857936580964e-13	1.4848857936580964e-13
0.02089296130854041	0.00011501752241246309	0.000013336010653756236	0.00011484477591320942	0.000013134819252653889	0.00011502252751395362	0.000013341891719235742	0.0031492229627489133	0.0031547661426224406	0.003040450211155989	0.0030130876828167404	0.002227086734298415	0.0021728915608727065	0.00229212936594683	0.0022068298371749604	0.003137535717796359	0.00028675301770607613	0.002655389870738105	0.00015883003238302486	0.0001588028137286155	0.00015882998985933044	1.3857760531237708e-13	1.3857760531237708e-13	1.3857760531237708e-13
0.022387211385683423	0.00010276928180778402	0.000011899070373578444	0.00010260774353683177	0.000011710932975803911	0.00010277015690324964	0.000011900129712967578	0.0028419475341179604	0.0028462383440342126	0.0027292379236543117	0.002691361907071186	0.00203419943308685	0.001978804741904136	0.0020860772169262656	0.002015298776171579	0.0028325032717505276	0.0002623702698483355	0.0024088038483947006	0.00014183139227106177	0.00014180615374508748	0.00014183100651755627	1.2932814615192381e-13	1.2932814615192381e-13	1.2932814615192381e-13
0.02398832919019495	0.00009146338666529326	0.000010576394954496554	0.00009131456677421904	0.000010403049101294525	0.00009146920749620319	0.000010583244352810242	0.0025590039209776373	0.002562875216314813	0.0024430484456011516	0.002397337745917494	0.001849125461966969	0.001794506409094967	0.0018903208031315576	0.0018321834345592057	0.0025531772104579794	0.00023886663471922327	0.002175775612763465	0.00012615806332917604	0.00012613498028534524	0.0001261581922201248	1.2069604861038466e-13	1.2069604861038466e-13	1.2069604861038466e-13
0.025703957827688646	0.00008140128016007354	9.400745328969802e-6	0.00008126433559247144	9.241230466227306e-6	0.00008141094819831836	9.412087408529532e-6	0.002304230105926767	0.0023077228891136615	0.0021868689628798356	0.002135434945742797	0.0016808897488020198	0.0016273729206774503	0.001712934070588744	0.001665706433986033	0.002301396765544899	0.000217468500585334	0.0019652905819837196	0.0001122167433324689	0.00011219564758934629	0.00011221727783677466	1.1264010645484434e-13	1.1264010645484434e-13	1.1264010645484434e-13
0.02754228703338169	0.00007216320775916672	8.32475667698095e-6	0.00007203742109738242	8.178239742823533e-6	0.00007217062435318464	8.333467691125422e-6	0.0020707004434532606	0.0020745939786534764	0.0019512175086837055	0.0018980901823451382	0.0015216211750806426	0.0014702128263356187	0.001546373828550783	0.0015083676668772462	0.00207188666336367	0.00019709656095235177	0.0017678409791606058	0.00009942759204879956	0.0000994081646258974	0.00009942796784756809	1.0512186379121433e-13	1.0512186379121433e-13	1.0512186379121433e-13
0.0295120922666639	0.00006397354616355158	7.371923321587672e-6	0.00006385814884878418	7.237521619607794e-6	0.00006397909783387187	7.378457163083337e-6	0.0018608386009230473	0.0018650160279505199	0.0017409592576503386	0.0016871253078898209	0.001377443703314834	0.001328230135365628	0.0013960093728563139	0.001365890754853015	0.0018652647861907726	0.0001786330168952475	0.0015902288222665577	0.00008809599857423533	0.0000880781332129668	0.00008809624489979672	9.810543149094622e-14	9.810543149094622e-14	9.810543149094622e-14
0.03162277660168379	0.00005648515139958611	6.503102498460734e-6	0.000056377869624966275	6.378133801301518e-6	0.00005648764284821918	6.506019707046811e-6	0.0016686793493588463	0.0016729006879929325	0.0015467690340674823	0.0014959607022604965	0.0012423538803373524	0.001195745985659511	0.0012554719236444968	0.0012322093899495917	0.0016755952346666663	0.00016122918846620413	0.0014241469562815783	0.00007773816748367307	0.00007772165548496758	0.00007773847692304925	9.155731587047025e-14	9.155731587047025e-14	9.155731587047025e-14
0.03388441561392028	0.000049873307327333316	5.736676883445688e-6	0.000049773822773602016	5.6207902270154895e-6	0.00004987337900314455	5.736740282272378e-6	0.0014963633974464199	0.0015005751532133575	0.0013742391926960093	0.001326456554378152	0.0011205127006461016	0.0010764764509933675	0.0011290824988048574	0.0011116115804175937	0.001505212241834752	0.00014552097739419797	0.0012754105099134637	0.00006859815180626143	0.00006858292190092276	0.00006859850611327687	8.54462588055449e-14	8.54462588055449e-14	8.54462588055449e-14
0.03630780547701017	0.00004384786119810661	5.043278345070051e-6	0.000043752454940238114	4.932095300203076e-6	0.00004384505707503755	5.039936021650201e-6	0.0013397342192076388	0.0013433317295598122	0.0012162335453162279	0.001172938149312056	0.0010066345075987466	0.0009655280085572023	0.0010120768354107254	0.0009993569085039872	0.0013502315892778157	0.00013079342626754904	0.0011372900659135311	0.000060273624934905694	0.00006025947189331759	0.00006027411537183574	7.974308851728751e-14	7.974308851728751e-14	7.974308851728751e-14
0.038904514499428125	0.000038550379645560684	4.433691662022868e-6	0.00003845951961545577	4.327783651019048e-6	0.00003854539372181083	4.427768009791391e-6	0.001199499921729521	0.0012025656507625643	0.0010763948842490148	0.0010371873074701372	0.0009043298048333427	0.0008660146113258362	0.0009071963491234851	0.000898438130879731	0.0012112081565729424	0.0001175563871349235	0.0010141273605416361	0.000052959296528191344	0.00005294618328025294	0.00005295988483857408	7.442058031759369e-14	7.442058031759369e-14	7.442058031759369e-14
0.04168693834703355	0.000033742500299757815	3.881074710209359e-6	0.00003365634587693493	3.7806162704992266e-6	0.000033738423569677584	3.876220975493331e-6	0.0010715459921381149	0.0010748176170012752	0.0009489403080929738	0.0009153056405628168	0.0008095583754304513	0.0007739501556804361	0.0008099452968849063	0.0008046089961850107	0.0010831611979323335	0.00010521882244480918	0.0009002774943270007	0.000046326025733435514	0.00004631387838747042	0.00004632658165860542	6.94533266492023e-14	6.94533266492023e-14	6.94533266492023e-14
0.04466835921509635	0.000029534244200634326	3.397336137568537e-6	0.00002945303605229256	3.3026279817379276e-6	0.000029530927435380653	3.393377660624621e-6	0.0009572412573497167	0.0009606402021243053	0.0008365774693846138	0.000807746498257478	0.0007247187472167519	0.0006916729067200432	0.0007231195149537385	0.000720578985341966	0.00096865115574009	0.00009417608746316505	0.0007992088551469705	0.00004052358699879081	0.00004051236932293461	0.000040524109421934547	6.481761580002628e-14	6.481761580002628e-14	6.481761580002628e-14
0.0478630092322639	0.00002572240812860772	2.956973434629761e-6	0.00002564946227454704	2.871912558239843e-6	0.000025720765471569754	2.9550010261103673e-6	0.0008531969962758017	0.0008568224031357603	0.0007352810847177283	0.0007109780720532831	0.0006462042341348165	0.0006157300704602393	0.0006428991248548164	0.0006427317647294849	0.0008647130596561271	0.00008391875053594766	0.0007068280082378572	0.000035275919456854746	0.00003526563784102255	0.00003527624207456072	6.049131871278149e-14	6.049131871278149e-14	6.049131871278149e-14
0.05128613839913648	0.000022402546530053327	2.57369054431099e-6	0.00002233708313823238	2.4973693034101627e-6	0.00002240220114627669	2.5732564829539373e-6	0.0007604614916719027	0.0007642243463181076	0.0006462501003539757	0.0006258025507149584	0.0005761958191608294	0.0005481254448244915	0.0005715781087245757	0.0005732947113302674	0.000771927717330361	0.00007477860761914866	0.0006251254975617397	0.00003070780712387678	0.00003069840725484579	0.000030707972924124257	5.645378334958491e-14	5.645378334958491e-14	5.645378334958491e-14
0.05495408738576248	0.000019416781447906887	2.2301058337800457e-6	0.000019356242342066952	2.159513769817692e-6	0.000019414918358146196	2.2279010847716347e-6	0.000675955589962409	0.0006799926279418111	0.0005667832147218741	0.000549327587471253	0.0005115989381889015	0.0004859494050267654	0.0005060539324991139	0.0005093719838418161	0.0006880885331801114	0.00006635697367614293	0.0005504256183695195	0.000026595526479593705	0.000026586947239566362	0.00002659553059035527	5.2685736107261656e-14	5.2685736107261656e-14	5.2685736107261656e-14
0.05888436553555896	0.00001682895296255786	1.9323892846609614e-6	0.0000167731890187375	1.8673648769784285e-6	0.000016825982964452166	1.9288956528067487e-6	0.0006008403641805475	0.0006050448095286683	0.0004970880659275801	0.00048219809588860823	0.0004542439650763167	0.0004308262396420603	0.0004480412715057623	0.00045257668140858884	0.0006133551352857159	0.0000588837917106226	0.0004846520619286463	0.000023033947877599946	0.000023026138055025832	0.000023033830631876382	4.9169189812757226e-14	4.9169189812757226e-14	4.9169189812757226e-14
0.06309573444801943	0.00001450444781924707	1.6633997505511732e-6	0.000014455076766176996	1.6058674253523708e-6	0.000014504784032779525	1.6637976584496396e-6	0.0005328571494734218	0.0005371744265856847	0.0004357203827545796	0.0004210425283524561	0.0004015752524168897	0.0003803203861341556	0.0003948095125990319	0.00040038474019779297	0.0005454500874459333	0.00005202612068001173	0.00042476568339623155	0.00001983926722238938	0.000019832220830581325	0.000019839244430087347	4.588735785945926e-14	4.588735785945926e-14	4.588735785945926e-14
0.06760829753919818	0.000012501015779729546	1.431853691229287e-6	0.00001245733557778736	1.3809889109516839e-6	0.00001250380202345741	1.4351334372258337e-6	0.0004725660236428806	0.0004769173456796473	0.000381928806907743	0.0003676431163726163	0.000355013375525189	0.00033573534478635	0.000347902216049936	0.00035421166571003213	0.0004850628628978334	0.00004596710154660207	0.00037227920804272133	0.000017087671032899227	0.00001708132653999691	0.000017087718749310385	4.2824574074551026e-14	4.2824574074551026e-14	4.2824574074551026e-14
0.07244359600749906	0.000010713665670144385	1.2275399451215328e-6	0.000010673068829531106	1.1802522901742898e-6	0.000010715723558111402	1.2299672291042694e-6	0.0004179020127848617	0.0004222979321410937	0.00033505989382479734	0.0003190314289104657	0.00031195508417380436	0.00029480847368364285	0.00030504855417318687	0.00031191030080320525	0.00042990080053194747	0.00004039581365676366	0.00032459490771031435	0.000014630557232601269	0.000014624648358596082	0.00001463052381665168	3.9966217934874047e-14	3.9966217934874047e-14	3.9966217934874047e-14
0.07762471166286927	9.181864427189252e-6	1.0523800902977025e-6	9.144362976223333e-6	1.0086941737292438e-6	9.183345286373381e-6	1.0541315151814525e-6	0.0003695612539881119	0.0003739338589929051	0.0002939425631672835	0.0002768474319249748	0.000274119177616677	0.0002588706774706334	0.0002674734914301182	0.000274660733017158	0.00038101184904962716	0.000035499774971402304	0.00028301836856646723	0.00001252676298158481	0.000012521295644795142	0.000012526670779752298	3.7298644774311016e-14	3.7298644774311016e-14	3.7298644774311016e-14
0.08317637711026708	7.815257527519585e-6	8.959172474992697e-7	7.780916168640656e-6	8.558979313660311e-7	7.815252773895322e-6	8.959211353733186e-7	0.0003257599924987737	0.0003300603524578239	0.0002582644274355102	0.00023791241751371106	0.0002394504723485436	0.00022606927710926603	0.0002331508572617846	0.00024058570977846964	0.0003364577975244139	0.00003104333239360673	0.00024506764287696967	0.000010651200564373501	0.000010646321783952583	0.000010651079952160027	3.480912064952503e-14	3.480912064952503e-14	3.480912064952503e-14
0.08912509381337459	6.65205315388745e-6	7.627165524763975e-7	6.620762603237967e-6	7.262471500239707e-7	6.650972386991536e-6	7.614559182119174e-7	0.00028715015864789323	0.00029133450647658395	0.00022691682946451066	0.00020445310983616862	0.000209166426101419	0.00019742412911367133	0.0002032325594258266	0.00021073810993577275	0.0002971137244086972	0.000027146326614077737	0.00021220583628362246	9.056455656524052e-6	9.052111757666044e-6	9.056317208453687e-6	3.248576155313056e-14	3.248576155313056e-14	3.248576155313056e-14
0.09549925860214369	5.623225730530097e-6	6.440674870952912e-7	5.595088662290967e-6	6.112684275856839e-7	5.622282239979822e-6	6.429700574089736e-7	0.0002521549715485695	0.00025634347363653437	0.00019917583044875284	0.00017329097671349013	0.0001815021671371848	0.0001713461977426238	0.00017586761813359408	0.00018342622845823276	0.00026158869807064956	0.00002361525579546568	0.0001822836570424164	7.645427802831312e-6	7.641521234903147e-6	7.645270444287997e-6	3.0317476684124616e-14	3.0317476684124616e-14	3.0317476684124616e-14
0.10232929922807536	4.753519986234145e-6	5.438756069819026e-7	4.728309866236094e-6	5.144930214882681e-7	4.752697161668863e-6	5.429211131424242e-7	0.0002214246719418506	0.00022555507506051778	0.00017482621949446432	0.00014687848296550152	0.00015749677082268224	0.0001487129238592211	0.00015218732271721466	0.00015965399564732763	0.0002303112961021285	0.000020543490624476297	0.00015658066812237724	6.454243084180339e-6	6.450743025131599e-6	6.45407606877364e-6	2.829391550477184e-14	2.829391550477184e-14	2.829391550477184e-14
0.10964781961431873	3.987464361722174e-6	4.56205110414725e-7	3.964399145145863e-6	4.293104086307756e-7	3.986457194831051e-6	4.5502989921774594e-7	0.0001934603700617859	0.00019765807581834972	0.00015260775195923105	0.00012253301647670176	0.0001356106844361576	0.00012817504910621306	0.000130604108468295	0.00013794045284422652	0.00020224618899041102	0.000017766343092424963	0.00013292235675555774	5.404793289963817e-6	5.401667822900159e-6	5.404667434832735e-6	2.6405418331214922e-14	2.6405418331214922e-14	2.6405418331214922e-14
0.11748975549395303	3.3448627715986186e-6	3.8266673499743655e-7	3.323906644583823e-6	3.582311503965231e-7	3.3437520686969542e-6	3.8136702399303843e-7	0.00016902775312351955	0.00017321142042904777	0.00013321300446462949	0.00010222287038739605	0.0001167659351819216	0.00011047354047676859	0.0001120818268187385	0.00011918003338232724	0.0001776010193742613	0.000015364620971554353	0.00011283866097469355	4.52598238495815e-6	4.5232022350417485e-6	4.52588872053566e-6	2.4642970221950065e-14	2.4642970221950065e-14	2.4642970221950065e-14
0.12589254117941662	2.782574418650332e-6	3.188369548420088e-7	2.763084938513298e-6	2.9609431918152694e-7	2.781430195964221e-6	3.174934270479743e-7	0.00014695544507846347	0.00015102401479772252	0.0001142371625901366	0.0000838046126054868	0.00009971988901745655	0.00009450913908331519	0.00009534506256935037	0.00010215310681512934	0.00015517015631789615	0.000013203881783443896	0.00009422630273493969	3.756810687450493e-6	3.7543691067017354e-6	3.756771632890979e-6	2.2998157944047115e-14	2.2998157944047115e-14	2.2998157944047115e-14
0.1348962882591656	2.314809582345484e-6	2.656541436077661e-7	2.2968871252383997e-6	2.447354054903595e-7	2.3136745117697403e-6	2.6431775658848343e-7	0.00012776542573116734	0.00013167869063786952	0.00009796437944697983	0.00006870490984394809	0.00008516230568582265	0.00008085173455763044	0.00008110753736245684	0.00008755877084299037	0.00013557229286494506	0.000011347009110991614	0.0000786839904905254	3.1183564894657895e-6	3.1162187001409065e-6	3.1183561888423603e-6	2.14631298116904e-14	2.14631298116904e-14	2.14631298116904e-14
0.1445439770745928	1.906313770537973e-6	2.183885745544185e-7	1.890779433174365e-6	2.002502723359251e-7	1.9051320948378803e-6	2.1699337723236812e-7	0.00011041943523019943	0.00011416546553024477	0.00008158675856335697	0.00005533516053622277	0.00007207489971643014	0.00006858283107263846	0.0000683006581863668	0.0000743478591016694	0.00011800339184764663	9.704688533247352e-6	0.00006448050306402538	2.563006182791573e-6	2.5611915587483344e-6	2.5630437676449363e-6	2.003055820532421e-14	2.003055820532421e-14	2.003055820532421e-14
0.15488166189124797	1.569905455489133e-6	1.7953256383732338e-7	1.5564747721523762e-6	1.6385112521936148e-7	1.5687289981014312e-6	1.781421209473156e-7	0.00009542841192585593	0.0000989814939425674	0.00006794713762748899	0.000044567120436142384	0.000060998714481708255	0.0000581756810002062	0.000057515985078474826	0.00006313021642244988	0.0001027112560633675	8.300070847401662e-6	0.00005284093053072119	2.106558603937284e-6	2.105019843538935e-6	2.1066205901585127e-6	1.8693604592483296e-14	1.8693604592483296e-14	1.8693604592483296e-14
0.1659586907437563	1.2782421159020754e-6	1.455299155507901e-7	1.2671352738931713e-6	1.3256345643517893e-7	1.2777551213081176e-6	1.4495333092744027e-7	0.00008197174159652828	0.00008531758373942423	0.000054803445387416825	0.000035328829340616294	0.000051257162050478106	0.00004894022763398438	0.00004800701105380727	0.000053110006193473304	0.00008889581972475052	7.0257835177059985e-6	0.00004254064608905752	1.7122480062619563e-6	1.710941054092897e-6	1.7123031480185097e-6	1.744588688333338e-14	1.744588688333338e-14	1.744588688333338e-14
0.1778279410038923	1.0407651627382617e-6	1.1796721367724063e-7	1.0315822852200723e-6	1.0725022460794948e-7	1.0407521962079354e-6	1.179477825638678e-7	0.00007041264005932258	0.00007353990938303388	0.000044202268575277504	0.00002800553794734781	0.00004307134476181212	0.00004117091265090202	0.00004007013193246885	0.000044680232663795076	0.00007693866346703027	5.9471340600812335e-6	0.00003424819645487356	1.3917453943452516e-6	1.390637384994512e-6	1.3917940821481821e-6	1.6281448965088713e-14	1.6281448965088713e-14	1.6281448965088713e-14
0.1905460717963252	8.372913569517656e-7	9.486459155456053e-8	8.294228639056749e-7	8.567822692339855e-8	8.375933002955303e-7	9.52154369721251e-8	0.00006014369884729374	0.00006305716284170369	0.00003480380732872156	0.000021829227126612782	0.000035823375577716014	0.000034325498962280545	0.00003309977631010686	0.000037240306722958016	0.00006626234785812782	4.989867241070827e-6	0.000027097002730507537	1.1171962249295544e-6	1.116263096244874e-6	1.1172450116366147e-6	1.519473226987572e-14	1.519473226987572e-14	1.519473226987572e-14
0.20417379446695316	6.735975045337328e-7	7.628637186799931e-8	6.668806715915426e-7	6.844515799916907e-8	6.740918148010326e-7	7.686434827957601e-8	0.00005137237444848616	0.00005406867942867645	0.00002740368410078115	0.00001701503316383829	0.00002979508173889025	0.000028618259910828607	0.000027341941215106462	0.000031039239550419356	0.00005706752035734382	4.186684684079903e-6	0.000021439013816234373	8.968072824728455e-7	8.960231570670211e-7	8.968542344283488e-7	1.4180549240320364e-14	1.4180549240320364e-14	1.4180549240320364e-14
0.21877616239495518	5.345532326998318e-7	6.07889963812761e-8	5.286520419539431e-7	5.389730335249544e-8	5.346472984796713e-7	6.089841203545232e-8	0.00004358150064978426	0.000046079363491872056	0.00002106952539461345	0.000012994173273401195	0.000024569039437649267	0.000023564314100242726	0.000022352087749402944	0.00002554054891222129	0.00004877025426757122	3.4745781842065124e-6	0.000016679427325343084	7.097604626321703e-7	7.090938340538663e-7	7.097822513879299e-7	1.3234058566192502e-14	1.3234058566192502e-14	1.3234058566192502e-14
0.23442288153199276	4.242105362127673e-7	4.8439871900538765e-8	4.1907494603958757e-7	4.244156041989328e-8	4.2404866443301776e-7	4.824885231512604e-8	0.00003697215126374401	0.00003927056777143907	0.000016199460580615874	9.923491622574196e-6	0.000020259642318780944	0.000019402888251943845	0.00001827287326917976	0.000021015967149515667	0.00004167935958018967	2.883592739637348e-6	0.000012976496880221803	5.617259406354996e-7	5.611619091844473e-7	5.617310205447446e-7	1.2350742073898383e-14	1.2350742073898383e-14	1.2350742073898383e-14
0.25118864315095824	3.3042859344103434e-7	3.79768811772323e-8	3.2601507591454e-7	3.2821204393676216e-8	3.303419040531525e-7	3.787441939335239e-8	0.00003110365543158824	0.00003320275571394186	0.000012122487552308818	7.414493978766755e-6	0.000016498128099299445	0.000015765855015707346	0.000014765446683884198	0.000017076011998837813	0.00003532841857004478	2.360064666972532e-6	9.88553492204524e-6	4.363694295124227e-7	4.358962135115311e-7	4.363701598158417e-7	1.152638315850003e-14	1.152638315850003e-14	1.152638315850003e-14
0.2691534803926914	2.573794049015757e-7	2.9773891783012335e-8	2.5362010000359985e-7	2.5381523374587105e-8	2.573425710923318e-7	2.9730689447587962e-8	0.00002616665106408528	0.000028072499318471174	9.071580113706194e-6	5.539856640389634e-6	0.000013434996852267824	0.000012810576505351091	0.000011931260758117957	0.000013874697448371923	0.000029945209600905434	1.9315852601961616e-6	7.5308306700186835e-6	3.389878679940806e-7	3.385930260837391e-7	3.389859370647586e-7	1.0757046655304174e-14	1.0757046655304174e-14	1.0757046655304174e-14
0.28840315031266117	1.9626217134370463e-7	2.3000959574308037e-8	1.9301806350947569e-7	1.9211356418223563e-8	1.960774440959738e-7	2.278651891402775e-8	0.00002178221174372386	0.00002347135331795256	6.56980644081323e-6	4.0540741698777e-6	0.000010770526727339271	0.0000102329089737416	9.499209510863052e-6	0.000011078832307783154	0.000025119950854027532	1.5551626707594316e-6	5.6071040675642016e-6	2.5766372518451835e-7	2.5733506440530705e-7	2.5764812183729206e-7	1.0039060054936481e-14	1.0039060054936481e-14	1.0039060054936481e-14
0.30902954325135923	1.4965781708632155e-7	1.776872654722313e-8	1.4689676741086286e-7	1.4541137266707883e-8	1.493976061559446e-7	1.7464292078886746e-8	0.000018132421580675546	0.000019624345532130215	4.757975581843572e-6	2.96677665899201e-6	8.634482557749884e-6	8.173904275201312e-6	7.562904135665375e-6	8.8463568853088e-6	0.000021072216201475025	1.2520963906496299e-6	4.1747872714309165e-6	1.9584947292899399e-7	1.9557796608636304e-7	1.958268689877943e-7	9.36899597222876e-15	9.36899597222876e-15	9.36899597222876e-15
0.3311311214825908	1.1101468911721989e-7	1.3349999808298473e-8	1.0875965974370203e-7	1.0714179709034368e-8	1.106160955360563e-7	1.2883929325095974e-8	0.000014859891892871292	0.00001618943590955163	3.3066604174863396e-6	2.09914865785847e-6	6.808097194732478e-6	6.380287485039027e-6	5.912295992079261e-6	6.9000837079469054e-6	0.00001740881876384345	1.000762378889956e-6	3.0294883180822458e-6	1.448412489705534e-7	1.446291839258572e-7	1.4481657254263427e-7	8.743655785232193e-15	8.743655785232193e-15	8.743655785232193e-15
0.354813389233576	8.23495988364189e-8	1.0030121990335794e-8	8.052364797437258e-8	7.894406381838039e-9	8.190171788207614e-8	9.504859063525591e-9	0.000012177986601809004	0.00001335574909442731	2.29803682858206e-6	1.4852567598688232e-6	5.368033012160284e-6	4.980247752013518e-6	4.621934017795219e-6	5.382007056005368e-6	0.000014382301693123761	7.99878784477483e-7	2.198387336332687e-6	1.0711791606891618e-7	1.0695274760052598e-7	1.0709378029376956e-7	8.160054366256415e-15	8.160054366256415e-15	8.160054366256415e-15
0.38018939632056126	5.8963960312692044e-8	7.197107435171929e-9	5.7618749129698e-8	5.623962266517545e-9	5.873314969752612e-8	6.9260729301440385e-9	9.738386749203547e-6	0.00001077591797008459	1.5143842939118106e-6	1.0176825481960784e-6	4.103648093655166e-6	3.79857783538339e-6	3.5080850802006325e-6	4.101858297359519e-6	0.000011615996527863117	6.154468337755698e-7	1.5518238571130903e-6	7.657233212397258e-8	7.644693503167803e-8	7.655262202553667e-8	7.615405832046075e-15	7.615405832046075e-15	7.615405832046075e-15
0.40738027780411384	4.2219375259652834e-8	5.1642797050040355e-9	4.12291337363105e-8	4.006501571540371e-9	4.211856555144201e-8	5.046943454191469e-9	7.78750868907789e-6	8.69441371479804e-6	9.979647676324505e-7	6.973055412953031e-7	3.137076027366381e-6	2.8972842898492275e-6	2.662664781137798e-6	3.1262020500034142e-6	9.381765048068583e-6	4.735402570425727e-7	1.0954199215514683e-6	5.47370809858881e-8	5.464220421494559e-8	5.472123519133524e-8	7.107110245071469e-15	7.107110245071469e-15	7.107110245071469e-15
0.43651583224016655	2.9049335107381432e-8	3.6421300886982645e-9	2.827240618363851e-8	2.7345470922644763e-9	2.893634156786936e-8	3.510772064780375e-9	6.018779798620504e-6	6.786224248934609e-6	6.213840977544763e-7	4.588917932549218e-7	2.314207407143323e-6	2.0976696936740255e-6	1.9504938518662373e-6	2.2664747437941575e-6	7.336542738888155e-6	3.5290965191988414e-7	7.353958946825079e-7	3.749684492793071e-8	3.742727045410952e-8	3.748820252414713e-8	6.632741202451315e-15	6.632741202451315e-15	6.632741202451315e-15
0.4677351412871981	1.998759728184295e-8	2.5686276384580322e-9	1.9387478682548046e-8	1.866403311290145e-9	1.9879876068185286e-8	2.4421752695893563e-9	4.651771408626415e-6	5.296830938519225e-6	3.869056398235013e-7	3.0199340955407495e-7	1.7071807876371714e-6	1.5187388269680185e-6	1.428804066181513e-6	1.6431784261197024e-6	5.737178354366639e-6	2.630087317096188e-7	4.936984541507423e-7	2.5686670794735526e-8	2.563587237686724e-8	2.568226619113312e-8	6.190034253261105e-15	6.190034253261105e-15	6.190034253261105e-15
0.5011872336272735	1.2928367707185552e-8	1.606424246833645e-9	1.2586004668056018e-8	1.2068398604171841e-9	1.2996240789598335e-8	1.6842670436499548e-9	3.42169014948356e-6	3.9638225185174615e-6	2.27531459732986e-7	1.8970176228802468e-7	1.1979797048655875e-6	1.050737943462512e-6	9.94771449580091e-7	1.1367863341932148e-6	4.292180883452623e-6	1.8961500727848984e-7	3.1758682016496685e-7	1.665554119766138e-8	1.662631868899182e-8	1.6659991046472974e-8	5.776876088936602e-15	5.776876088936602e-15	5.776876088936602e-15
0.5370317963702532	8.362320353734414e-9	1.0046605518751859e-9	8.170609293663579e-9	7.803578357804276e-10	8.496143239621385e-9	1.1615691591219833e-9	2.5168828067005476e-6	2.966280997199194e-6	1.338066955856254e-7	1.1916405284579338e-7	8.406581093594651e-7	7.269519987422429e-7	6.925863806815204e-7	7.864533449724909e-7	3.211128467403244e-6	1.3670211917115398e-7	2.0429755753640887e-7	1.079964993532195e-8	1.0783111613450222e-8	1.0807274545125336e-8	5.391294455171393e-15	5.391294455171393e-15	5.391294455171393e-15
0.5754399373371566	5.1517315242550854e-9	5.966368615481806e-10	5.0532820527220045e-9	4.815079796219922e-10	5.313437807022472e-9	7.863163185943837e-10	1.7679235938947016e-6	2.1233877238805936e-6	7.466693851067757e-8	7.10031830669179e-8	5.618406585566207e-7	4.788933695650113e-7	4.621323865649579e-7	5.196912851656421e-7	2.2938646868192915e-6	9.534635641808693e-8	1.2927073121422943e-7	6.6744510042608575e-9	6.665287027978242e-9	6.682760545490869e-9	5.03144873715168e-15	5.03144873715168e-15	5.03144873715168e-15
0.6165950018614835	3.07205461767617e-9	3.463210168791362e-10	3.021455763306096e-9	2.871733454745063e-10	3.2158064660466248e-9	5.148782691870271e-10	1.1930601656433e-6	1.4615224870046568e-6	4.070128605134421e-8	4.093429852021405e-8	3.615632429136097e-7	3.051998899735611e-7	2.965324474755595e-7	3.318041781300185e-7	1.582349864079472e-6	6.559585383738176e-8	7.762951627700948e-8	3.98784906874735e-9	3.9828621807642274e-9	3.995959394214682e-9	4.695621173186382e-15	4.695621173186382e-15	4.695621173186382e-15
0.6606934480075964	1.763581541716881e-9	1.9541384507062457e-10	1.737564516899684e-9	1.6499538426142376e-10	1.940501244366578e-9	4.031399528166722e-10	7.722044591647352e-7	9.673847636835742e-7	2.1999698137577717e-8	2.3070570964687343e-8	2.2467096127225786e-7	1.871477026385078e-7	1.8163456837567014e-7	2.0280226223653015e-7	1.0507147977893766e-6	4.367256104118233e-8	4.475814208614029e-8	2.292436876817137e-9	2.2899403685574932e-9	2.299172458133198e-9	4.38220865478961e-15	4.38220865478961e-15	4.38220865478961e-15
0.7079457843841374	9.719838915523613e-10	1.0680201234624975e-10	9.585447140293518e-10	9.109182459504098e-11	1.1105796515387625e-9	2.69600561424905e-10	4.791281898475231e-7	6.119324613219446e-7	1.1676088367431275e-8	1.2775233955369863e-8	1.337018698585674e-7	1.0918370473158327e-7	1.0839426795645462e-7	1.1880166593786575e-7	6.665509312543534e-7	2.960298495526816e-8	2.412950670586133e-8	1.2648238749834857e-9	1.2635043007170963e-9	1.2692867462886508e-9	4.089715074072207e-15	4.089715074072207e-15	4.089715074072207e-15
0.7585775750291851	5.140029527742523e-10	5.626141932593897e-11	5.070146245053213e-10	4.80930115669775e-11	5.86079020932841e-10	1.4091225670593955e-10	2.8473614039285623e-7	3.692989489574593e-7	6.1723787961038715e-9	6.844069925327548e-9	7.619395723273551e-8	6.036265228730504e-8	6.20720441214825e-8	6.614178373598292e-8	4.030526907930538e-7	1.982429224298633e-8	1.3460039114858416e-8	6.687176391241055e-10	6.680216632295504e-10	6.71176214206579e-10	3.8167441819121616e-15	3.8167441819121616e-15	3.8167441819121616e-15
0.8128305161640995	2.5908663720328933e-10	2.840682069485803e-11	2.5540862918138903e-10	2.410695011284277e-11	2.97056996535773e-10	7.299356806954415e-11	1.6075264769917567e-7	2.1249146846306552e-7	3.2430504158293133e-9	3.635534322827779e-9	4.231527785366173e-8	3.3172719219906987e-8	3.433098915581168e-8	3.635498124463285e-8	2.3164478191966738e-7	1.2573689318408268e-8	7.358298803984476e-9	3.3647170559616615e-10	3.361145056461233e-10	3.3786183963312636e-10	3.561992922811423e-15	3.561992922811423e-15	3.561992922811423e-15
0.8709635899560796	1.196458994823988e-10	1.3393053061658367e-11	1.1766423771190146e-10	1.1074702205995378e-11	1.401521530476955e-10	3.746797489265522e-11	8.996065341379496e-8	1.1915127014632949e-7	1.7235225469618678e-9	1.9242707948738243e-9	2.338646657121967e-8	1.7724185470555234e-8	1.872964755355201e-8	1.943111799804014e-8	1.3024676684541994e-7	7.100136943924872e-9	3.935059871126564e-9	1.549137214969544e-10	1.5474041466240775e-10	1.5571796311547969e-10	3.32424521462221e-15	3.32424521462221e-15	3.32424521462221e-15
0.9332543007969925	4.339579934500676e-11	5.295193804332175e-12	4.22756876643781e-11	3.98236824916469e-12	5.503655943393223e-11	1.8964540750867697e-11	5.142158962112189e-8	6.813825101450775e-8	9.359704385720943e-10	1.0346419121517365e-9	1.3060664980396593e-8	8.793027515043008e-9	1.0444365370744274e-8	9.912716466297282e-9	7.446191165486612e-8	3.827009748581061e-9	1.8925809684938994e-9	5.567781592147863e-11	5.560796397679847e-11	5.61020298972259e-11	3.102366143449986e-15	3.102366143449986e-15	3.102366143449986e-15