1.e-9	0	0	0	0	0	0	3.824785112571089e-7	0	0	0	0	0	0	0	1.3088305151072064e-8	9.105295601655637e-16	0	1.2436725581206094e-15	1.2436725581206094e-15	1.2436725581206094e-15	0	0	0
1.0715193052376092e-9	0	0	0	0	0	0	6.190646642783193e-7	0	0	0	0	0	0	0	2.058771286785414e-8	1.5483556891232432e-15	0	2.1148650663237773e-15	2.1148650663237773e-15	2.1148650663237773e-15	0	0	0
1.148153621496884e-9	0	0	0	0	0	0	1.001993699720252e-6	0	0	0	0	0	0	0	3.238417168891137e-8	2.63297914194487e-15	0	3.5963278433314505e-15	3.5963278433314505e-15	3.5963278433314505e-15	0	0	0
1.2302687708123811e-9	0	0	0	0	0	0	1.6217875647119236e-6	0	0	0	0	0	0	0	5.093982914510462e-8	4.477381528428283e-15	0	6.1155551541659e-15	6.1155551541659e-15	6.1155551541659e-15	0	0	0
1.31825673855641e-9	0	0	0	0	0	0	2.722263327557423e-6	0	0	0	0	0	0	0	8.479937159465397e-8	7.613788191680341e-15	0	1.039950224852199e-14	1.039950224852199e-14	1.039950224852199e-14	0	0	0
1.4125375446227555e-9	0	0	0	0	0	0	4.569474933592724e-6	0	0	0	0	0	0	0	1.4116524424069039e-7	1.294724835480256e-14	0	1.768435477903167e-14	1.768435477903167e-14	1.768435477903167e-14	0	0	0
1.5135612484362133e-9	0	0	0	0	0	0	7.741191525772343e-6	0	0	0	0	0	0	0	2.385592893578691e-7	2.20167984865681e-14	0	3.007224847757038e-14	3.007224847757038e-14	3.007224847757038e-14	0	0	0
1.6218100973589331e-9	0	0	0	0	0	0	0.000013114427173708771	0	0	0	0	0	0	0	4.0314834465839223e-7	3.743957034842415e-14	0	5.113786393660265e-14	5.113786393660265e-14	5.113786393660265e-14	0	0	0
1.7378008287493762e-9	0	0	0	0	0	0	0.000022008267265707948	0	0	0	0	0	0	0	6.842778281255439e-7	6.366599711004126e-14	0	8.69599477884387e-14	8.69599477884387e-14	8.69599477884387e-14	0	0	0
1.8620871366628732e-9	0	0	0	0	0	0	0.00003693366257047468	0	0	0	0	0	0	0	1.1614487626408864e-6	1.0826404123481987e-13	0	1.478754084985403e-13	1.478754084985403e-13	1.478754084985403e-13	0	0	0
1.9952623149688828e-9	0	0	0	0	0	0	0.00005107529510959073	0	0	0	0	0	0	0	1.9739385905602033e-6	1.8410302451735354e-13	0	2.5146216239788723e-13	2.5146216239788723e-13	2.5146216239788723e-13	0	0	0
2.1379620895022324e-9	0	0	0	0	0	0	0.00007063165656950766	0	0	0	0	0	0	0	3.3548045205569707e-6	3.130672312787954e-13	0	4.2761145859115713e-13	4.2761145859115713e-13	4.2761145859115713e-13	0	0	0
2.2908676527677795e-9	0	0	0	0	0	0	0.0001164356905054225	0	0	0	0	0	0	0	5.703884720253437e-6	5.32370891589116e-13	0	7.271533735409615e-13	7.271533735409615e-13	7.271533735409615e-13	0	0	0
2.4547089156850337e-9	0	0	0	0	0	0	0.00019194325436969073	0	0	0	0	0	0	0	9.697823137706087e-6	9.052968113388332e-13	0	1.2365244617018279e-12	1.2365244617018279e-12	1.2365244617018279e-12	0	0	0
2.6302679918953816e-9	0	0	0	0	0	0	0.00032514815797162985	0	0	0	0	0	0	0	0.0000164903136199747	1.5394574150908613e-12	0	2.1027101028393084e-12	2.1027101028393084e-12	2.1027101028393084e-12	0	0	0
2.818382931264461e-9	0	0	0	0	0	0	0.0005507946865833577	0	0	0	0	0	0	0	0.00002804035910160392	2.61784765305134e-12	0	3.5756589647222344e-12	3.5756589647222344e-12	3.5756589647222344e-12	0	0	0
3.019951720402019e-9	0	0	0	0	0	0	0.0009361779010945749	0	0	0	0	0	0	0	0.00004768190788927509	4.451650475969349e-12	0	6.080408809526289e-12	6.080408809526289e-12	6.080408809526289e-12	0	0	0
3.2359365692962944e-9	0	0	0	0	0	0	0.0015912082738751426	0	0	0	0	0	0	0	0.00008108185532586155	7.570032555981983e-12	0	1.0339736438997838e-11	1.0339736438997838e-11	1.0339736438997838e-11	0	0	0
3.4673685045253237e-9	0	0	0	0	0	0	0.0027056684384225696	0	0	0	0	0	0	0	0.00013787907724011417	1.2872841928643212e-11	0	1.758272395491409e-11	1.758272395491409e-11	1.758272395491409e-11	0	0	0
3.715352290971728e-9	0	0	0	0	0	0	0.004600681016349583	0	0	0	0	0	0	0	0.00023446232038206938	2.189027036467393e-11	0	2.989942572507799e-11	2.989942572507799e-11	2.989942572507799e-11	0	0	0
3.9810717055349855e-9	0	0	0	0	0	0	0.0078195648087911	0	0	0	0	0	0	0	0.00039870267170684007	3.72244092870074e-11	0	5.084397963531335e-11	5.084397963531335e-11	5.084397963531335e-11	0	0	0
4.265795188015934e-9	0	0	0	0	0	0	0.013290552764164578	0	0	0	0	0	0	0	0.0006779930360116427	6.330011569901846e-11	0	8.646019789563791e-11	8.646019789563791e-11	8.646019789563791e-11	0	0	0
4.570881896148752e-9	0	0	0	0	0	0	0.02259540461146964	0	0	0	0	0	0	0	0.0011529268167710571	1.0764185985103975e-10	0	1.4702558442101197e-10	1.4702558442101197e-10	1.4702558442101197e-10	0	0	0
4.8977881936844766e-9	0	0	0	0	0	0	0.038414678352025354	0	0	0	0	0	0	0	0.0019605514721053353	1.8304500496150163e-10	0	2.5001703674599067e-10	2.5001703674599067e-10	2.5001703674599067e-10	0	0	0
5.248074602497734e-9	0	0	0	0	0	0	0.03585378916017812	0	0	0	0	0	0	0	0.003333917764982782	3.192648219274248e-10	0	4.3305242649127193e-10	4.3305242649127193e-10	4.3305242649127193e-10	0	0	0
5.623413251903491e-9	0	0	0	0	0	0	0.03346361995699712	0	0	0	0	0	0	0	0.005669327136681783	5.568577331120951e-10	0	7.50086500227243e-10	7.50086500227243e-10	7.50086500227243e-10	0	0	0
6.025595860743593e-9	0	0	0	0	0	0	0.0171461947877116	0	0	0	0	0	0	0	0.009640691604508618	9.678836648277536e-10	0	1.2961993867323412e-9	1.2961993867323412e-9	1.2961993867323412e-9	0	0	0
6.456542290346562e-9	0	0	0	0	0	0	0.008785421185035242	0	0	0	0	0	0	0	0.016393997448458323	1.6822946561321447e-9	0	2.2399187955738098e-9	2.2399187955738098e-9	2.2399187955738098e-9	0	0	0
6.918309709189363e-9	0	0	0	0	0	0	0.004512955087103331	0	0	0	0	0	0	0	0.02787799573710035	2.877896229218328e-9	0	3.825878873163218e-9	3.825878873163218e-9	3.825878873163218e-9	0	0	0
7.413102413009192e-9	0	0	0	0	0	0	0.0023182455558194846	0	0	0	0	0	0	0	0.04740653698167236	4.9232081169370795e-9	0	6.53476776972531e-9	6.53476776972531e-9	6.53476776972531e-9	0	0	0
7.943282347242822e-9	0	0	0	0	0	0	0.0012202457880770633	0	0	0	0	0	0	0	0.02428243022635205	8.669143590285645e-9	0	1.140622259722169e-8	1.140622259722169e-8	1.140622259722169e-8	0	0	0
8.511380382023759e-9	0	0	0	0	0	0	0.000642295972306312	0	0	0	0	0	0	0	0.012437871551883955	1.5265259725754642e-8	0	1.990918706248605e-8	1.990918706248605e-8	1.990918706248605e-8	0	0	0
9.120108393559115e-9	0	0	0	0	0	0	0.00041065692101569434	0	0	0	0	0	0	0	0.006375386173941635	2.6978231415502396e-8	0	3.4863850265839496e-8	3.4863850265839496e-8	3.4863850265839496e-8	0	0	0
9.772372209558111e-9	0	0	0	0	0	0	0.0002625566935637993	0	0	0	0	0	0	0	0.0032678862052349855	4.767851863538641e-8	0	6.105161660011544e-8	6.105161660011544e-8	6.105161660011544e-8	0	0	0
1.0471285480509006e-8	0	0	0	0	0	0	0.0002949620588263482	0	0	0	0	0	0	0	0.0016879985811638163	8.250407600921545e-8	0	1.0523040504031939e-7	1.0523040504031939e-7	1.0523040504031939e-7	0	0	0
1.1220184543019653e-8	0	0	0	0	0	0	0.0003313669705622604	0	0	0	0	0	0	0	0.0008719211842341727	1.42767073159074e-7	0	1.8137829531165729e-7	1.8137829531165729e-7	1.8137829531165729e-7	0	0	0
1.202264434617413e-8	0	0	0	0	0	0	0.0005179473258483384	0	0	0	0	0	0	0	0.00048620542464103693	2.4348448019712363e-7	0	3.091902196999783e-7	3.091902196999783e-7	3.091902196999783e-7	0	0	0
1.288249551693135e-8	0	0	0	0	0	0	0.0008095841051938624	0	0	0	0	0	0	0	0.00027112050862487195	4.1525465770954115e-7	0	5.27067429947217e-7	5.27067429947217e-7	5.27067429947217e-7	0	0	0
1.3803842646028866e-8	0	0	0	0	0	0	0.0013270020045093854	0	0	0	0	0	0	0	0.00022916520942957097	7.355257113493165e-7	0	9.275873779167425e-7	9.275873779167425e-7	9.275873779167425e-7	0	0	0
1.4791083881682102e-8	0	0	0	0	0	0	0.00217510979856793	0	0	0	0	0	0	0	0.0001937024000112232	1.3028103647048402e-6	0	1.6324635042553711e-6	1.6324635042553711e-6	1.6324635042553711e-6	0	0	0
1.5848931924611173e-8	0	0	0	0	0	0	0.0036691996149735484	0	0	0	0	0	0	0	0.0002801841895490462	2.2822332789706233e-6	0	2.8676528836472627e-6	2.8676528836472627e-6	2.8676528836472627e-6	0	0	0
1.698243652461746e-8	0	0	0	0	0	0	0.006189584462993899	0	0	0	0	0	0	0	0.0004052772710544976	3.9979638485766454e-6	0	5.037437614779223e-6	5.037437614779223e-6	5.037437614779223e-6	0	0	0
1.8197008586099862e-8	0	0	0	0	0	0	0.010499050316696994	0	0	0	0	0	0	0	0.0006771245435352268	6.843796544278863e-6	0	8.656534562031623e-6	8.656534562031623e-6	8.656534562031623e-6	0	0	0
1.9498445997580494e-8	0	0	0	0	0	0	0.017808959262381758	0	0	0	0	0	0	0	0.001131318433586984	0.000011715351342198269	0	0.000014875735712099997	0.000014875735712099997	0.000014875735712099997	0	0	0
2.0892961308540408e-8	0	0	0	0	0	0	0.009403872345040401	0	0	0	0	0	0	0	0.0019206713617399335	0.00002066248194764357	0	0.000026406584490707066	0.000026406584490707066	0.000026406584490707066	0	0	0
2.2387211385683424e-8	0	0	0	0	0	0	0.004965636328261794	0	0	0	0	0	0	0	0.003260778194969836	0.000036442625386646814	0	0.000046875510425856686	0.000046875510425856686	0.000046875510425856686	0	0	0
2.3988329190194947e-8	0	0	0	0	0	0	0.0029532063416487326	0	0	0	0	0	0	0	0.005544131975216248	0.0000378872247591084	0	0.0000633722059266434	0.0000633722059266434	0.0000633722059266434	0	0	0
2.5703957827688646e-8	0	0	0	0	0	0	0.0017563565109906972	0	0	0	0	0	0	0	0.009426399933007017	0.000039389088593852074	0	0.00008567451207514956	0.00008567451207514956	0.00008567451207514956	0	0	0
2.754228703338169e-8	0	0	0	0	0	0	0.0016318637299616425	0	0	0	0	0	0	0	0.010677782043138774	0.00004294127478129784	0	0.00009924729349358597	0.00009924729349358597	0.00009924729349358597	0	0	0
2.95120922666639e-8	0	0	0	0	0	0	0.0015161951554256336	0	0	0	0	0	0	0	0.012095288781621496	0.000046813804169379206	0	0.00011497031062356037	0.00011497031062356037	0.00011497031062356037	0	0	0
3.162277660168386e-8	0	0	0	0	0	0	0.002176584729552353	0	0	0	0	0	0	0	0.014669853556240052	0.000047027622120792885	0	0.00011483370432666657	0.00011483370432666657	0.00011483370432666657	0	0	0
3.3884415613920346e-8	0	0	0	0	0	0	0.0031246116754611946	0	0	0	0	0	0	0	0.01779243201605336	0.00004724241666697761	0	0.00011469726034368016	0.00011469726034368016	0.00011469726034368016	0	0	0
3.6307805477010175e-8	0	0	0	0	0	0	0.005119707668669616	0	0	0	0	0	0	0	0.025111335928067868	0.00004935286486108472	0	0.000108443409346028	0.000108443409346028	0.000108443409346028	0	0	0
3.890451449942813e-8	0	0	0	0	0	0	0.008388692527293651	0	0	0	0	0	0	0	0.035440865617658884	0.0000515575925585346	0	0.00010253054864041845	0.00010253054864041845	0.00010253054864041845	0	0	0
4.1686938347033635e-8	0	0	0	0	0	0	0.01082735734190304	0	0	0	0	0	0	0	0.027104733559894383	0.00007024131572025278	0	0.0001371546546223715	0.0001371546546223715	0.0001371546546223718	0	0	0
4.4668359215096346e-8	0	0	0	0	0	0	0.013974962919171573	0	0	0	0	0	0	0	0.020729363364838733	0.00009569574895318586	0	0.00018347116575523914	0.00018347116575523914	0.0001834711657552399	0	0	0
4.78630092322639e-8	0	0	0	0	0	0	0.010838240779273514	0	0	0	0	0	0	0	0.015981683800384335	0.00007044275774086391	0	0.00015287062203686548	0.00015287062203686548	0.0001528706220368658	0	0	0
5.128613839913659e-8	0	0	0	0	0	0	0.008405565286213522	0	0	0	0	0	0	0	0.012321372952953633	0.00005185373616298841	0	0.00012737384092884852	0.00012737384092884852	0.00012737384092884852	0	0	0
5.495408738576248e-8	0	0	0	0	0	0	0.011284271466519783	0	0	0	0	0	0	0	0.013836525957293936	0.000043733558897904665	0	0.00010184435374892509	0.00010184435374892509	0.00010184435374892509	0	0	0
5.888436553555896e-8	0	0	0	0	0	0	0.015148866042235441	0	0	0	0	0	0	0	0.01553799656076263	0.0000368849829424954	0	0.00008143173131074974	0.00008143173131074974	0.00008143173131074974	0	0	0
6.309573444801943e-8	0	0	0	0	0	0	0.01696070325817317	0	0	0	0	0	0	0	0.011339947238156317	0.000033756400556646046	0	0.0000752430080432348	0.0000752430080432348	0.0000752430080432348	0	0	0
6.760829753919818e-8	0	0	0	0	0	0	0.01898924013254757	0	0	0	0	0	0	0	0.008276125101540176	0.000030893184370377395	0	0.0000695246210324273	0.0000695246210324273	0.00006952462103242745	0	0	0
7.244359600749906e-8	0	0	0	0	0	0	0.018294251987130406	0	0	0	0	0	0	0	0.010885039653301525	0.000027274078432797617	0	0.00007182822478114158	0.00007182822478114158	0.00007182822478114216	0	0	0
7.762471166286928e-8	0	0	0	0	0	0	0.017624699747462967	0	0	0	0	0	0	0	0.014316372311952565	0.000024078947169709068	0	0.0000742081553066477	0.0000742081553066477	0.00007420815530664862	0	0	0
8.317637711026726e-8	0	0	0	0	0	0	0.01576145555578158	0	0	0	0	0	0	0	0.015568890384631086	0.000029676469695370856	0	0.000081599790022325	0.000081599790022325	0.00008159979002232649	0	0	0
8.912509381337478e-8	0	0	0	0	0	0	0.014095189410114096	0	0	0	0	0	0	0	0.016930989396405024	0.00003657522263631749	0	0.00008972768160281926	0.00008972768160281926	0.00008972768160282147	0	0	0
9.549925860214369e-8	0	0	0	0	0	0	0.015726732499098704	0	0	0	0	0	0	0	0.01871023556338585	0.00003766043754559803	0	0.00009954606778088736	0.00009954606778088736	0.00009954606778089144	0	0	0
1.0232929922807557e-7	0	0	0	0	0	0	0.01754712958456149	0	0	0	0	0	0	0	0.020676459398865456	0.000038777851613610955	0	0.00011043882371218879	0.00011043882371218879	0.0001104388237121949	0	0	0
1.0964781961431874e-7	0	0	0	0	0	0	0.018889156399953404	0	0	0	0	0	0	0	0.01857136804134548	0.00004335767226935907	0	0.0001164838943788134	0.0001164838943788134	0.00011648389437882483	0	0	0
1.1748975549395303e-7	0	0	0	0	0	0	0.020333823135142426	0	0	0	0	0	0	0	0.01668059817562553	0.00004847838821368112	0	0.0001228598530260973	0.0001228598530260973	0.0001228598530261149	0	0	0
1.2589254117941688e-7	0	0	0	0	0	0	0.02101103794906771	0	0	0	0	0	0	0	0.01623077892017892	0.000060817931735191995	0	0.00014595666638454115	0.00014595666638454115	0.0001459566663845725	0	0	0
1.3489628825916562e-7	0	0	0	0	0	0	0.021710807296941224	0	0	0	0	0	0	0	0.01579308976704886	0.0000762983456513227	0	0.0001733955229261344	0.0001733955229261344	0.0001733955229261844	0	0	0
1.445439770745928e-7	0	0	0	0	0	0	0.020317539399528364	0	0	0	0	0	0	0	0.017209067994332493	0.00008182642366585516	0	0.0001817802516328283	0.0001817802516328283	0.00018178025163292347	0	0	0
1.5488166189124826e-7	0	0	0	0	0	0	0.019013682983108068	0	0	0	0	0	0	0	0.018752000121690003	0.00008775502997853084	0	0.0001905704329965392	0.0001905704329965392	0.0001905704329966834	0	0	0
1.659586907437563e-7	0	0	0	0	0	0	0.021955504150638485	0	0	0	0	0	0	0	0.017688050912102595	0.00010466127283752924	0	0.00021216484545862806	0.00021216484545862806	0.00021216484545889531	0	0	0
1.7782794100389227e-7	0	0	0	0	0	0	0.025352487623621273	0	0	0	0	0	0	0	0.01668446795215453	0.00012482454891362568	0	0.00023620622013962353	0.00023620622013962353	0.00023620622014003943	0	0	0
1.9054607179632522e-7	0	0	0	0	0	0	0.026837419656094114	0	0	0	0	0	0	0	0.017916545491668	0.00013065505023457334	0	0.00025688480516690383	0.00025688480516690383	0.000256884805167684	0	0	0
2.0417379446695318e-7	0	0	0	0	0	0	0.028409326315033748	0	0	0	0	0	0	0	0.01923960675734691	0.00013675789177985593	0	0.00027937368917139933	0.00027937368917139933	0.0002793736891726037	0	0	0
2.1877616239495564e-7	0	0	0	0	0	0	0.03138657214853801	0	0	0	0	0	0	0	0.022713010993125976	0.00013407239773803936	0	0.00027650954165396076	0.00027650954165396076	0.000276509541656316	0	0	0
2.3442288153199275e-7	0	0	0	0	0	0	0.034675827941547166	0	0	0	0	0	0	0	0.02681348298227889	0.00013143963833665032	0	0.00027367475746356275	0.00027367475746356275	0.0002736747574670446	0	0	0
2.5118864315095823e-7	0	0	0	0	0	0	0.032387330419515206	0	0	0	0	0	0	0	0.029478669302031305	0.00012221686993305503	0	0.0002578194586533654	0.0002578194586533654	0.0002578194586603496	0	0	0
2.6915348039269196e-7	0	0	0	0	0	0	0.030249866664208952	0	0	0	0	0	0	0	0.03240876779763537	0.00011364123855831035	0	0.0002428827337836021	0.0002428827337836021	0.00024288273379367113	0	0	0
2.8840315031266115e-7	0	0	0	0	0	0	0.030497065787434195	0	0	0	0	0	0	0	0.03489626211519818	0.00012095795159678728	0	0.00024668338041306177	0.00024668338041306177	0.000246683380432509	0	0	0
3.090295432513592e-7	0	0	0	0	0	0	0.030746284999117985	0	0	0	0	0	0	0	0.037574680938701276	0.00012874574617543816	0	0.0002505434998365601	0.0002505434998365596	0.00025054349986567656	0	0	0
3.3113112148259143e-7	0	0	0	0	0	0	0.03163438223635696	0	0	0	0	0	0	0	0.039249969093180605	0.00014809306516538835	0	0.0002670182116000093	0.00026701821160000824	0.0002670182116550253	0	0	0
3.5481338923357606e-7	0	0	0	0	0	0	0.03254813189641091	0	0	0	0	0	0	0	0.0409999509065391	0.00017034781032838266	0	0.0002845762327602911	0.0002845762327602894	0.00028457623284448684	0	0	0
3.8018939632056126e-7	0	0	0	0	0	0	0.03403828457630063	0	0	0	0	0	0	0	0.038741916052809716	0.00017628936934715824	0	0.00029766477149412916	0.00029766477149412607	0.0002976647716545449	0	0	0
4.0738027780411303e-7	0	0	0	0	0	0	0.035596660987630514	0	0	0	0	0	0	0	0.03660824040654076	0.00018243816392420406	0	0.00031135529249656877	0.0003113552924965644	0.0003113552927400377	0	0	0
4.365158322401665e-7	0.00021867375706461064	0.000031406800353482704	0	0	0	0	0.037156301805363376	0	0	0	0	0	0	0	0.036405690043748384	0.00018678245272462849	0	0.00032386020766234124	0.0003238602076623326	0.0003238602081273926	0	0	0
4.677351412871981e-7	0.00022493173699390684	0.0000334353147173685	0	0	0	0	0.038784277107647654	0	0	0	0	0	0	0	0.03620426037534106	0.00019123018942638777	0	0.00033686735583031923	0.0003368673558303054	0.00033686735653435843	0	0	0
5.011872336272736e-7	0.00022597431022526804	0.00003407888128366986	0	0	0	0	0.040245440607741316	0	0	0	0	0	0	0	0.03735825286761277	0.00019350688125738876	0	0.0003400723830412277	0.0003400723830412013	0.00034007238440493867	0	0	0
5.370317963702533e-7	0.00022702171585136987	0.00003473483528908343	0	0	0	0	0.04176165215650886	0	0	0	0	0	0	0	0.03854902828704307	0.00019581067825263657	0	0.00034330790355831405	0.00034330790355827475	0.00034330790559418563	0	0	0
5.754399373371578e-7	0.00023862720176014677	0.00003583302111389163	0	0	0	0	0.04538713599025123	0	0	0	0	0	0	0	0.04006841249984033	0.00020528332912844803	0	0.00035860392762018204	0.0003586039276201073	0.0003586039315014813	0	0	0
6.165950018614835e-7	0.0002508259670504756	0.000036965927474892876	0	0	0	0	0.04932736151523427	0	0	0	0	0	0	0	0.041647682226973355	0.0002152142344539968	0	0.0003745814633795008	0.0003745814633793874	0.0003745814692666324	0	0	0
6.606934480075964e-7	0.00026280234919676815	0.0000388132125085656	0	0	0	0	0.049499583274208094	0	0	0	0	0	0	0	0.045095325190909516	0.0002240131923991666	0	0.00039274243016861786	0.0003927424301684018	0.00039274244137320737	0	0	0
7.079457843841387e-7	0.0002753505769577747	0.00004075281125458742	0	0	0	0	0.04967240632896086	0	0	0	0	0	0	0	0.04882836799875539	0.00023317189263144536	0	0.0004117839015928027	0.0004117839015924734	0.00041178391861662806	0	0	0
7.585775750291852e-7	0.0002853021315520634	0.00004227803277743185	0	0	0	0	0.053321928647742496	0	0	0	0	0	0	0	0.05122205929937644	0.00024089291606327074	0	0.0004268417052271509	0.00042684170522652156	0.0004268417377959158	0	0	0
8.128305161640995e-7	0.0002956133492345393	0.0000438603374958185	0	0	0	0	0.057239588029726965	0	0	0	0	0	0	0	0.05373309546073101	0.0002488696058284684	0	0.0004424501312860602	0.00044245013128510913	0.0004424501805138719	0	0	0
8.709635899560814e-7	0.0003165248339121577	0.00004623108259900693	0	0	0	0	0.060891039458612004	0	0	0	0	0	0	0	0.055826640283834494	0.0002672116207217825	0	0.0004713112813477931	0.0004713112813459965	0.0004713113743847988	0	0	0
9.332543007969924e-7	0.0003389155826100037	0.00004872997154843937	0	0	0	0	0.06477542578441761	0	0	0	0	0	0	0	0.05800175364284196	0.0002869054660615099	0	0.0005020550525773927	0.000502055052574643	0.0005020551949295039	0	0	0
1.e-6	0.00035385538286624704	0.00005242111263188757	0	0	0	0	0.06490311907075204	0	0	0	0	0	0	0	0.06055051897284913	0.00029802835262412016	0	0.0005294045150547572	0.0005294045150495376	0.0005294047852951652	0	0	0
1.0715193052376091e-6	0.00036945374721086024	0.00005639184596759788	0	0	0	0	0.06503106408179773	0	0	0	0	0	0	0	0.06321128444594556	0.0003095824565043461	0	0.0005582438402353443	0.0005582438402273926	0.0005582442518750796	0	0	0
1.148153621496884e-6	0.0003723613768398922	0.00005775802314300629	0	0	0	0	0.06587968561333947	0	0	0	0	0	0	0	0.06469244062162638	0.0003115448561845071	0	0.0005657416854864888	0.0005657416854711146	0.0005657424813522761	0	0	0
1.2302687708123837e-6	0.0003752918897394894	0.000059157298012639126	0	0	0	0	0.06673938121408093	0	0	0	0	0	0	0	0.0662083029994666	0.0003135196952404247	0	0.0005733402352673689	0.0005733402352443743	0.0005733414256063872	0	0	0
1.3182567385564101e-6	0.00038137236232103596	0.00006124898365350208	0	0	0	0	0.06892838021618446	0	0	0	0	0	0	0	0.06563202805916662	0.0003168086325946297	0	0.0005864465618674597	0.0005864465618231943	0.0005864488532302513	0	0	0
1.4125375446227554e-6	0.0003875513506121561	0.00006341462718235434	0	0	0	0	0.071189176656982	0	0	0	0	0	0	0	0.06506076899741611	0.0003201320721159517	0	0.0005998524938089886	0.0005998524937424908	0.0005998559359134575	0	0	0
1.5135612484362104e-6	0.00040340701452466906	0.00006481270730210003	0	0	0	0	0.07396033956581606	0	0	0	0	0	0	0	0.06685172601291907	0.00033410429498841434	0	0.0006204122877363011	0.0006204122876089533	0.0006204188796134147	0	0	0
1.6218100973589331e-6	0.0004199113720301966	0.0000662416104055655	0	0	0	0	0.07683937482586857	0	0	0	0	0	0	0	0.06869198350674109	0.00034868633808509634	0	0.0006416767634490467	0.0006416767632567557	0.0006416867169858232	0	0	0
1.7378008287493763e-6	0.0004328525287692904	0.0000690109881400977	0	0	0	0	0.07870348260897747	0	0	0	0	0	0	0	0.07218298685823178	0.00035760535115425936	0	0.0006638977835467385	0.0006638977831785462	0.0006639168422412964	0	0	0
1.8620871366628694e-6	0.0004461925161876718	0.00007189614586532755	0	0	0	0	0.08061281327208718	0	0	0	0	0	0	0	0.07585140690055035	0.00036675250276927383	0	0.0006868883090438948	0.0006868883084878487	0.0006869170916956891	0	0	0
1.995262314968883e-6	0.0004648568636103555	0.0000736765949599662	0	0	0	0	0.08227932218722549	0	0	0	0	0	0	0	0.07997733154608651	0.0003840039340966394	0	0.0007115352710977298	0.0007115352700336211	0.0007115860443529962	0	0	0
2.1379620895022326e-6	0.00048430194547406533	0.00007550113541639418	0	0	0	0	0.08398028284584648	0	0	0	0	0	0	0	0.08432768517555689	0.0004020668442294574	0	0.000737066616726722	0.000737066615118806	0.0007371409223025493	0	0	0
2.2908676527677747e-6	0.0005044814802108306	0.00007711874499856013	0	0	0	0	0.08617183732623039	0	0	0	0	0	0	0	0.0885546778468494	0.000421764045724446	0	0.0007626945111805963	0.000762694508101997	0.0007628315658560842	0	0	0
2.4547089156850335e-6	0.0005255018408538248	0.00007877101181794337	0	0	0	0	0.08842058274331673	0	0	0	0	0	0	0	0.09299355190686924	0.00044242621051422627	0	0.0007892134905910183	0.0007892134859414079	0.0007894175730317223	0	0	0
2.6302679918953817e-6	0.0005374743209523582	0.00008116767060074382	0	0	0	0	0.09246455352773998	0	0	0	0	0	0	0	0.0956464760199283	0.00045149895787056617	0	0.000809214570397357	0.0008092145614571545	0.0008093576876094122	0	0	0
2.8183829312644606e-6	0.0005497195694192718	0.00008363724927105884	0	0	0	0	0.0966934778512366	0	0	0	0	0	0	0	0.09837508286803041	0.00046075775827402615	0	0.0008297225386416029	0.0008297225251963211	0.0008298014749997632	0	0	0
3.0199517204020193e-6	0.0005664607474051196	0.00008719241323590825	0	0	0	0	0.1028160226990129	0	0	0	0	0	0	0	0.10142848242395505	0.00047345149776338645	0	0.0008583788163313685	0.0008583787905856649	0.0008584309900386048	0	0	0
3.2359365692962877e-6	0.0005837117617801819	0.00009089869636030808	0	0	0	0	0.1093262416303576	0	0	0	0	0	0	0	0.10457665444233961	0.0004864949460082269	0	0.000888024801077155	0.0008880247621974237	0.0008880482704117508	0	0	0
3.4673685045253236e-6	0.0006045911537221006	0.00009364247653755125	0	0	0	0	0.11197526550322502	0	0	0	0	0	0	0	0.10849503543508393	0.0005050190774908997	0	0.0009180929207004336	0.0009180928462291214	0.0009181100698379572	0	0	0
3.7153522909717276e-6	0.0006262174023086971	0.00009646907781083215	0	0	0	0	0.11468847641274788	0	0	0	0	0	0	0	0.11256023418257553	0.0005242485471276496	0	0.0009491791333055498	0.0009491790208770007	0.0009491895073980879	0	0	0
3.981071705534978e-6	0.0006462663676974424	0.00009991314824573664	0	0	0	0	0.11896795336678134	0	0	0	0	0	0	0	0.11676171028912452	0.0005396858297358985	0	0.0009807596682775996	0.0009807594879808381	0.000980767300206627	0	0	0
4.265795188015934e-6	0.0006669572204110604	0.00010348017643487367	0	0	0	0	0.12340711439346826	0	0	0	0	0	0	0	0.12112001266386671	0.0005555776862206636	0	0.001013390932405108	0.00101339067984845	0.0010133956282253464	0	0	0
4.570881896148752e-6	0.0006941592132421732	0.00010879553878218752	0	0	0	0	0.12844662571355128	0	0	0	0	0	0	0	0.12477517048543123	0.0005771094971498153	0	0.001058400112722083	0.0010583996652978858	0.0010584036282860452	0	0	0
4.897788193684467e-6	0.0007224706451667405	0.00011438393001152178	0	0	0	0	0.13369193290261763	0	0	0	0	0	0	0	0.12854063360177542	0.0005994757888246627	0	0.0011054083501137076	0.0011054076910103471	0.0011054105713193063	0	0	0
5.248074602497734e-6	0.0007473741731175945	0.00011817813098658695	0	0	0	0	0.1385047210826233	0	0	0	0	0	0	0	0.13315068635220811	0.0006203491560628413	0	0.0011430145832255125	0.0011430133416469768	0.0011430157854747877	0	0	0
5.623413251903491e-6	0.0007731361244639826	0.00012209818846122932	0	0	0	0	0.14349076526665755	0	0	0	0	0	0	0	0.13792607659761225	0.0006419493207263395	0	0.001181900188588042	0.0011818983256655796	0.001181900299981079	0	0	0
6.0255958607435935e-6	0.0007956589834907571	0.00012596883774365245	0	0	0	0	0.14786576421889983	0	0	0	0	0	0	0	0.1423629896649303	0.0006606313151948117	0	0.0012173826794806707	0.0012173791148433713	0.001217380932796079	0	0	0
6.4565422903465625e-6	0.000818837974293924	0.000129962190942131	0	0	0	0	0.15237415583788635	0	0	0	0	0	0	0	0.1469426327949932	0.0006798569926395731	0	0.0012539304102066621	0.0012539250433595806	0.0012539266937821839	0	0	0
6.9183097091893625e-6	0.0008429618344520585	0.0001333718392744889	0	0	0	0	0.1550938678555325	0	0	0	0	0	0	0	0.15239650435955604	0.000700369830068383	0	0.0012894721091979307	0.0012894618072679766	0.001289463632133733	0	0	0
7.413102413009192e-6	0.0008677964098520396	0.0001368709420986969	0	0	0	0	0.1578621237579235	0	0	0	0	0	0	0	0.15805279992100227	0.0007215015866286266	0	0.0013260212104795636	0.0013260056980343765	0.0013260077059052981	0	0	0
7.943282347242822e-6	0.0008973877005141495	0.00014081443993306145	0	0	0	0	0.16427024581261307	0	0	0	0	0	0	0	0.16380259704653843	0.0007468181763040642	0	0.0013688229844487309	0.001368793314258529	0.0013687962643029188	0	0	0
8.511380382023777e-6	0.0009279880348564473	0.00014487155702752038	0	0	0	0	0.17093849377521703	0	0	0	0	0	0	0	0.1697615658349706	0.0007730230934962706	0	0.0014130063289692805	0.001412961603359776	0.001412965554291761	0	0	0
9.120108393559115e-6	0.0009581220152792079	0.00015014791592619394	0	0	0	0	0.17670778899758718	0	0	0	0	0	0	0	0.17589163513696865	0.0007979836520690078	0	0.001460806963238352	0.001460756808856305	0.001460763154837807	0	0	0
9.772372209558111e-6	0.0009892345177755356	0.0001556164447980408	0	0	0	0	0.18267180201948638	0	0	0	0	0	0	0	0.18224306048892025	0.0008237501755469342	0	0.001510224646624378	0.0015101687473645542	0.001510177645909603	0	0	0
0.000010471285480509006	0.0010220069568366592	0.00016143262501271575	0	0	0	0	0.1875078527679679	0	0	0	0	0	0	0	0.18817294905991017	0.0008501836359889428	0	0.0015624591189562602	0.0015624225211458634	0.001562432216030084	0	0	0
0.000011220184543019652	0.0010558651169707046	0.0001674661855456037	0	0	0	0	0.19247193305676769	0	0	0	0	0	0	0	0.19429578642340736	0.0008774653242695342	0	0.0016165002364822059	0.0016164843424577137	0.0016164948781362044	0	0	0
0.000012022644346174132	0.0010926092728620713	0.00017307549595884476	0	0	0	0	0.19868386099316818	0	0	0	0	0	0	0	0.1986099741448361	0.0009080061290893613	0	0.0016720054364056547	0.001671994317821735	0.0016720082658820098	0	0	0
0.000012882495516931348	0.001130632127112219	0.0001788726912469307	0	0	0	0	0.2050962755567563	0	0	0	0	0	0	0	0.20301995506918596	0.0009396099283469642	0	0.001729416498851728	0.0017294105024102844	0.0017294280847960715	0	0	0
0.000013803842646028866	0.0011683746778058638	0.00018453247165519765	0	0	0	0	0.2116390514101355	0	0	0	0	0	0	0	0.21040638831236053	0.0009717599958236554	0	0.0017860596304084026	0.0017860534710762996	0.0017860717531507774	0	0	0
0.000014791083881682102	0.0012073771432840744	0.00019037133537711234	0	0	0	0	0.21839054834219385	0	0	0	0	0	0	0	0.21806156063607016	0.001005010122811817	0	0.00184455797981148	0.0018445516533511228	0.001844570662086385	0	0	0
0.00001584893192461114	0.0012537596030690425	0.00019803789307761048	0	0	0	0	0.2256441760825767	0	0	0	0	0	0	0	0.2268446727391355	0.0010433773271128987	0	0.0019164708989973798	0.0019164603055579837	0.001916480791020735	0	0	0
0.00001698243652461746	0.0013019238860297107	0.00020601319530027525	0	0	0	0	0.23313872594983565	0	0	0	0	0	0	0	0.23598155218198424	0.001083209235432853	0	0.0019911874535270646	0.001991172270023854	0.0019911943184638308	0	0	0
0.000018197008586099864	0.0013489467323796573	0.00021294791431771803	0	0	0	0	0.24064194178325146	0	0	0	0	0	0	0	0.24293091451827264	0.0011230579514898036	0	0.002061030867128264	0.0020610054582328057	0.0020610330117818163	0	0	0
0.000019498445997580493	0.0013976679484289194	0.00022011606657607928	0	0	0	0	0.24838663722334134	0	0	0	0	0	0	0	0.25008492690637457	0.001164372607938918	0	0.002133324126631629	0.0021332877937349608	0.0021333212114283077	0	0	0
0.00002089296130854041	0.0014431043657616442	0.00022654002326058512	0	0	0	0	0.25580439567004704	0	0	0	0	0	0	0	0.2572663146628869	0.0012033226006942183	0	0.002199113452844219	0.0021990578465461022	0.0021991041972898866	0	0	0
0.000022387211385683423	0.0014900178635571261	0.0002331514593059874	0	0	0	0	0.2634436762605735	0	0	0	0	0	0	0	0.26465392168558144	0.0012435755285454665	0	0.0022669316481768414	0.002266855614445435	0.002266915664003628	0	0	0
0.000023988329190194948	0.001540422829616138	0.00024116499987253428	0	0	0	0	0.27118663989386765	0	0	0	0	0	0	0	0.27151655004379316	0.0012861683413362259	0	0.0023408083055802362	0.0023407350925417182	0.0023408033271563517	0	0	0
0.000025703957827688645	0.0015925329165770883	0.0002494539701215838	0	0	0	0	0.2791571796325278	0	0	0	0	0	0	0	0.27855713030116125	0.0013302199699847996	0	0.0024170925170506007	0.002417022389313798	0.002417099278739418	0	0	0
0.00002754228703338169	0.0016491187462487017	0.0002601915946673263	0	0	0	0	0.2885911064609969	0	0	0	0	0	0	0	0.2870823525787699	0.0013758852502149309	0	0.0024999741426131954	0.002499876455317109	0.0024999742075682606	0	0	0
0.0000295120922666639	0.0017077151818464488	0.000271391415027508	0	0	0	0	0.298343846423781	0	0	0	0	0	0	0	0.2958684887120185	0.0014231181793043154	0	0.0025856977627653484	0.0025855707086036074	0.002585690663796836	0	0	0
0.000031622776601683856	0.0017599304367400736	0.00027918668904544603	0	0	0	0	0.30758820159074113	0	0	0	0	0	0	0	0.30455553116768397	0.0014672281331426591	0	0.002663374533655864	0.002663246837552065	0.002663358558355467	0	0	0
0.000033884415613920276	0.0018137422300217008	0.00028720586954549725	0	0	0	0	0.3171189984037312	0	0	0	0	0	0	0	0.3134976352791366	0.0015127052875802984	0	0.0027433847871454822	0.002743256525195439	0.0027433594086421773	0	0	0
0.000036307805477010174	0.0018711127044255948	0.0002955784703606275	0	0	0	0	0.3256657965735215	0	0	0	0	0	0	0	0.3225600263946184	0.0015616533965529349	0	0.0028306279485723613	0.0028305142906351753	0.002830619613618406	0	0	0
0.00003890451449942813	0.0019302978641132212	0.0003041951485148457	0	0	0	0	0.33444294284393694	0	0	0	0	0	0	0	0.33188438737362447	0.0016121853681534436	0	0.00292064555463835	0.002920547559408104	0.002920655373029268	0	0	0
0.00004168693834703355	0.0019925774611726475	0.0003128788602984458	0	0	0	0	0.3433176655082646	0	0	0	0	0	0	0	0.3403066879053786	0.001666342131735148	0	0.0030152465282169785	0.0030151327818324263	0.0030152565054696115	0	0	0
0.00004466835921509635	0.0020568664622116245	0.0003218104618025368	0	0	0	0	0.3524278863466557	0	0	0	0	0	0	0	0.3489427229451282	0.0017223181371357952	0	0.003112911668273382	0.0031127812532260046	0.00311292180437807	0	0	0
0.0000478630092322639	0.0021233309938827214	0.00032988786918977957	0	0	0	0	0.36134880263158303	0	0	0	0	0	0	0	0.35770858341797657	0.0017816921055485416	0	0.0032126025027497526	0.003212444099754915	0.003212589117692067	0	0	0
0.00005128613839913659	0.002191943226462647	0.0003381680186188233	0	0	0	0	0.37049553177197686	0	0	0	0	0	0	0	0.36669465283852903	0.0018431128898479979	0	0.003315485931021771	0.0033152978813898166	0.0033154475080608117	0	0	0
0.00005495408738576248	0.00225876265586042	0.00034841581021859	0	0	0	0	0.3797110571766334	0	0	0	0	0	0	0	0.3757641365408768	0.00189983347941824	0	0.003415435346309769	0.0034152368559275813	0.0034153756869671585	0	0	0
0.00005888436553555896	0.0023276190158187855	0.00035897414931809264	0	0	0	0	0.38915580507171565	0	0	0	0	0	0	0	0.3850579363983441	0.0019582996079074095	0	0.0035183978600769293	0.0035181884703514212	0.003518315718999005	0	0	0
0.00006309573444801943	0.002401323947430329	0.00037104630962731634	0	0	0	0	0.3979903362869883	0	0	0	0	0	0	0	0.39380815736454355	0.0020205398138782842	0	0.003624119941148825	0.0036239296969515084	0.003624069518727148	0	0	0
0.00006760829753919819	0.002477362773423633	0.0003835244519684182	0	0	0	0	0.4070254271258798	0	0	0	0	0	0	0	0.40275722208831916	0.0020847581866340983	0	0.003733018797238998	0.003732849038395978	0.0037330020741583774	0	0	0
0.00007244359600749906	0.0025493667510635637	0.0003931869639998403	0	0	0	0	0.4158617042676587	0	0	0	0	0	0	0	0.41209652686342485	0.0021479523936275614	0	0.0038402435254419535	0.0038400834276303853	0.0038402704310172503	0	0	0
0.00007762471166286927	0.0026234635077068886	0.0004030929132835127	0	0	0	0	0.42488981166996603	0	0	0	0	0	0	0	0.42165239538686244	0.00221306217424638	0	0.003950548104822404	0.00395039836314895	0.0039506211596923475	0	0	0
0.00008317637711026725	0.002701535088517724	0.0004146554678538025	0	0	0	0	0.43371602563667705	0	0	0	0	0	0	0	0.43002421534946506	0.0022812881004478608	0	0.004064751620720112	0.004064590973761265	0.004064875346435168	0	0	0
0.00008912509381337459	0.002781929999427264	0.0004265496895504177	0.002775696303982972	0.0004200899821884317	0	0	0.4427255860872216	0	0	0	0	0	0	0	0.43856225604329874	0.0023516173462307887	0	0.004182256562824347	0.004182084505222506	0.004182433828543359	0	0	0
0.00009549925860214369	0.002861498507814905	0.00043789874863869817	0.0028546873025312664	0.0004308414460823631	0	0	0.45097068423576425	0	0	0	0	0	0	0	0.44722100076731275	0.0024214987225691337	0	0.0042972925495242745	0.004297073263072431	0.004297432898919065	0	0	0
0.00010232929922807557	0.00294334282743013	0.00044954976819101166	0.002935926233550674	0.00044186807477613265	0	0	0.4593693349360814	0	0	0	0	0	0	0	0.4560506992365773	0.0024934567151421645	0	0.004415492684104012	0.004415223701279463	0.004415593952658873	0	0	0
0.00010964781961431851	0.003025420884253345	0.0004605773560635092	0.003018557119000947	0.00045347248360822097	0	0	0.4671785883943033	0	0	0	0	0	0	0	0.4641509239293703	0.002566575944920177	0	0.004529658311456629	0.004529392355698609	0.00452975113428465	0	0	0
0.00011748975549395303	0.0031097877697339286	0.0004718754539059595	0.003103513629377444	0.0004653816492490257	0	0	0.4751205987323099	0	0	0	0	0	0	0	0.4723950221875008	0.002641839355397562	0	0.004646775770326426	0.0046465131780108835	0.004646859643015335	0	0	0
0.00012589254117941688	0.003197675043299827	0.00048514629247339673	0.0031891493861440578	0.00047631152918611966	0	0	0.4821082219780469	0	0	0	0	0	0	0	0.4797188389503322	0.0027192163123624883	0	0.004767127882279435	0.004766854902493623	0.004767192225624548	0	0	0
0.0001348962882591656	0.0032880461432316247	0.0004987903548540765	0.0032771481042869434	0.000487498106557742	0	0	0.4891986125606541	0	0	0	0	0	0	0	0.48715620113480385	0.0027988595666542724	0	0.00489059712997718	0.004890313400801503	0.004890640876191419	0	0	0
0.0001445439770745928	0.003370323640250034	0.0005116525672367288	0.003357591760686828	0.0004984549175833375	0	0	0.4953881643532635	0	0	0	0	0	0	0	0.4928382549245384	0.0028756495256479823	0	0.005011570192262558	0.005011266422396198	0.005011580018330508	0	0	0
0.00015488166189124827	0.003454659985052404	0.0005248464550532885	0.0034400100552931623	0.0005096579894789436	0	0	0.5016560290241372	0	0	0	0	0	0	0	0.49858658260177235	0.0029545463062459172	0	0.0051355356257062335	0.005135210997340087	0.005135509827024656	0	0	0
0.00016595869074375631	0.003540260895868918	0.0005384598353365465	0.0035233972809692537	0.0005209744757594853	0	0	0.5070079094500665	0	0	0	0	0	0	0	0.5036833497090923	0.0030291123865974047	0	0.005258730341727645	0.005258391157567101	0.005258684628395573	0	0	0
0.00017782794100389227	0.003627982859398079	0.0005524263172192368	0.003608805846494398	0.0005325422341958268	0	0	0.5124168860184433	0	0	0	0	0	0	0	0.5088322181682178	0.003105560346521132	0	0.005384880336255843	0.0053845260847708454	0.005384813767739487	0	0	0
0.00019054607179632481	0.0037124525825452015	0.0005615232939251067	0.003694846900311283	0.00054327944554073	0	0	0.5165486775541702	0	0	0	0	0	0	0	0.5131758944301683	0.0031858146471504373	0	0.005506960924902489	0.005506617204068043	0.005506917560976783	0	0	0
0.00020417379446695317	0.0037988890002454956	0.0005707700733876661	0.0037829393426641197	0.0005542331424525286	0	0	0.5207137851295536	0	0	0	0	0	0	0	0.5175566507408963	0.0032681428900158786	0	0.005631809201815858	0.0056314766712526184	0.005631790128950973	0	0	0
0.00021877616239495564	0.0038812134765330705	0.0005777278404890987	0.003868580568700995	0.0005646588679367962	0	0	0.523734640025065	0	0	0	0	0	0	0	0.5202149530026127	0.0033477727883286785	0	0.005752208245203215	0.005751878573233309	0.005752208502362296	0	0	0
0.00023442288153199226	0.003965321979517826	0.0005847704237455739	0.00395616060975254	0.0005752807126054795	0	0	0.5267730200266152	0	0	0	0	0	0	0	0.5228869089791542	0.0034293429080206285	0	0.005875181226934218	0.0058748546877779384	0.0058752016493932085	0	0	0
0.0002511886431509582	0.004047536983194636	0.0005931139455804114	0.004039648778031274	0.0005849543810931046	0	0	0.5281764827293796	0	0	0	0	0	0	0	0.5246836230679947	0.003510080800763912	0	0.005991627113667546	0.0059912909148033345	0.00599164482435989	0	0	0
0.00026915348039269194	0.0041314565916587736	0.0006015765130334637	0.004124898824790212	0.0005947907177529067	0	0	0.5295836846281223	0	0	0	0	0	0	0	0.5264865109230198	0.003592719526261301	0	0.006110380953809181	0.006110034840603325	0.006110395837219715	0	0	0
0.00028840315031266115	0.004212578001088727	0.0006117916384474578	0.004205264738680851	0.0006042206108921621	0	0	0.5301334821538349	0	0	0	0	0	0	0	0.5269657433141745	0.0036722502637509956	0	0.006221679538799039	0.006221306560980623	0.006221664597604725	0	0	0
0.0003090295432513592	0.004295292234483274	0.0006221802227398527	0.004287196431609905	0.000613800006843017	0	0	0.5306838504624619	0	0	0	0	0	0	0	0.5274454119248325	0.0037535415445170035	0	0.006335005391010746	0.006334604684820206	0.006334959533931091	0	0	0
0.0003311311214825914	0.004373853159550013	0.0006328193357908143	0.004363476065622676	0.0006220641437731183	0	0	0.5297371650967343	0	0	0	0	0	0	0	0.5264186631029396	0.0038311263546285373	0	0.0064395906622765646	0.006439198733500482	0.006439544334540048	0	0	0
0.000354813389233576	0.004453850964486714	0.0006436403747892324	0.004441112899534706	0.0006304395481493546	0	0	0.5287921685202558	0	0	0	0	0	0	0	0.5253939129962107	0.0039103148242942915	0	0.006545902542801662	0.006545519790504657	0.006545855741366423	0	0	0
0.00038018939632056124	0.00452455681478832	0.0006507222689553758	0.004512062137712433	0.0006377763697250861	0	0	0.5263563229619265	0	0	0	0	0	0	0	0.5230271580292744	0.003985161318436846	0	0.006641663886531771	0.006641286062284675	0.006641626163518532	0	0	0
0.00040738027780411304	0.004596385135802754	0.0006578820843131443	0.004584144829263657	0.000645198574508443	0	0	0.5239316979623302	0	0	0	0	0	0	0	0.5206710646420316	0.004061440433208996	0	0.006738826142495625	0.006738453472416466	0.00673879777355527	0	0	0
0.00043651583224016654	0.004660012336790499	0.0006636725986082666	0.004648279426944076	0.0006515196126334005	0	0	0.5200090748117766	0	0	0	0	0	0	0	0.5167838638298387	0.004132429661540545	0	0.006823965585797707	0.006823593542494388	0.006823949681795245	0	0	0
0.00046773514128719906	0.004724520321391005	0.000669514079568391	0.00471331130138447	0.0006579025782401539	0	0	0.5161158199404116	0	0	0	0	0	0	0	0.5129256838931668	0.0042046596985511825	0	0.006910180694898634	0.00690980935369935	0.00691017757535494	0	0	0
0.0005011872336272725	0.004779380299828537	0.0006743047721991968	0.0047685684991419655	0.0006631076883844412	0	0	0.510849233665535	0	0	0	0	0	0	0	0.5074925196117099	0.004270223868337403	0	0.0069824652156721435	0.006982091428673849	0.006982465917601966	0	0	0
0.0005370317963702533	0.004834877298964338	0.0006791297445211738	0.004824473512778515	0.0006683539796587458	0	0	0.5056363890701785	0	0	0	0	0	0	0	0.5021169061120444	0.00433681039443018	0	0.007055505874696455	0.0070551296313640524	0.007055510478392982	0	0	0
0.0005754399373371578	0.00488001580806449	0.0006824767900367064	0.004869960547567221	0.0006720648601231717	0	0	0.49892005733750777	0	0	0	0	0	0	0	0.49551802686225843	0.004396274099472835	0	0.007113629815690755	0.007113250105567637	0.007113639876689575	0	0	0
0.0006165950018614823	0.0049255757311691285	0.0006858403312421609	0.004915876452019809	0.0006757963443907324	0	0	0.4922929381554334	0	0	0	0	0	0	0	0.4890058708572453	0.004456553134653495	0	0.0071722325873425155	0.0071718493788434055	0.007172248195250922	0	0	0
0.0006606934480075965	0.004960837933451832	0.0006886608246074704	0.0049502975332321175	0.0006777400650201643	0	0	0.4846113254528614	0	0	0	0	0	0	0	0.48094749037124734	0.0045094895024583	0	0.007213834981822907	0.007213455519762069	0.007213851419566496	0	0	0
0.0007079457843841388	0.004996352577880925	0.0006914929171489443	0.0049849596316553614	0.0006796893761650174	0	0	0.47704957466407844	0	0	0	0	0	0	0	0.4730219048063882	0.004563054665421981	0	0.007255678690176678	0.007255303030914636	0.0072556959668572734	0	0	0
0.0007585775750291852	0.0050174223988186	0.0006915221151604605	0.005006286635167765	0.0006799859551667924	0	0	0.46782758946345204	0	0	0	0	0	0	0	0.4641798338117271	0.004607356508023943	0	0.0072780903214676946	0.007277721024313389	0.007278108244631484	0	0	0
0.0008128305161640995	0.005038581072043499	0.0006915513144048498	0.005027704881360632	0.000680282663579305	0	0	0.45878387716266106	0	0	0	0	0	0	0	0.45550304526737173	0.004652088468913279	0	0.007300571178704144	0.0073002082865525775	0.007300589752180106	0	0	0
0.0008709635899560814	0.005047418792477718	0.0006906275884457599	0.005035833372711857	0.0006786204016640888	0	0	0.44884854243081274	0	0	0	0	0	0	0	0.44568220949048	0.004687743591237089	0	0.007303613936668546	0.0073032603779107355	0.007303644345358961	4.1553065182777544e-11	4.1553065182777544e-11	4.1553065182777544e-11
0.0009332543007969925	0.005056272014359933	0.0006897050963353081	0.0050439750057198	0.000676962201464425	0	0	0.4391283653824565	0	0	0	0	0	0	0	0.43607311503202445	0.004723671986039791	0	0.007306657962804406	0.007306313745295726	0.007306700216590654	3.877957679312482e-11	3.877957679312482e-11	3.877957679312482e-11
0.001	0.0050483039038720645	0.0006855045132042412	0.005036634568352113	0.000673415637330876	0	0	0.4282126667320388	0	0	0	0	0	0	0	0.42493704757104905	0.004748233360023421	0	0.007287989985484437	0.007287647223327244	0.0072880240705113725	3.6191206825270987e-11	3.6191206825270987e-11	3.6191206825270987e-11
0.001071519305237607	0.005040348350221441	0.0006813295133242402	0.005029304813436398	0.0006698876534328644	0	0	0.41756830668422484	0	0	0	0	0	0	0	0.4140853636095839	0.004772922444206601	0	0.0072693697034827654	0.007269028391487406	0.007269395661224627	3.377559942071754e-11	3.377559942071754e-11	3.377559942071754e-11
0.001148153621496884	0.005016683390982035	0.0006751140687577171	0.005006383996446886	0.0006644474181684542	0	0	0.4058098115374328	0.4055756159800281	0	0	0	0	0	0	0.4023224083433557	0.004786945221760516	0	0.00722834706992355	0.0072280040120348546	0.007228355158824966	3.152122342138099e-11	3.152122342138099e-11	3.152122342138099e-11
0.0012302687708123836	0.004993129541185247	0.0006689553247309532	0.004983567639988392	0.0006590513636850759	0	0	0.39438242918321575	0.39448493699476744	0	0	0	0	0	0	0.39089360426612163	0.004801009198033375	0	0.007187555936003614	0.00718721116279773	0.007187546356956642	2.9417317324386634e-11	2.9417317324386634e-11	2.9417317324386634e-11
0.0013182567385564075	0.00495302797447444	0.0006607888670988959	0.004944046355922704	0.0006514888238188655	0	0	0.3819803529393346	0.38225898080705023	0	0	0	0	0	0	0.3787359584401809	0.004803171298631655	0	0.007122629914839994	0.007122290017233207	0.00712261653520025	2.74538379108937e-11	2.74538379108937e-11	2.74538379108937e-11
0.0014125375446227555	0.0049132484774474594	0.0006527221037629902	0.00490483848827012	0.0006440130632423728	0	0	0.36996828264850107	0.3704119339025177	0	0	0	0	0	0	0.36695644198349986	0.004805334372916671	0	0.007058290377908514	0.007057955295950074	0.007058273267122113	2.5621412303725013e-11	2.5621412303725013e-11	2.5621412303725013e-11
0.0015135612484362103	0.004858627199242634	0.0006439324532589982	0.004849749285161856	0.0006347357225222652	0.004858246193536159	0.0006435343025495811	0.35745218945703416	0.35766239490030255	0	0	0	0	0	0	0.35451080643114774	0.00479635308161438	0	0.006971702702612748	0.006971371476068796	0.006971691013421983	2.3911293224944295e-11	2.3911293224944295e-11	2.3911293224944295e-11
0.0016218100973589332	0.004804613153512702	0.0006352611654633274	0.004795278822162235	0.0006255920266857004	0.004803667646508391	0.0006342787036340503	0.3453595179374361	0.3453516936619156	0	0	0	0	0	0	0.3424872750486115	0.00478738857657236	0	0.0068861772428269324	0.006885849827531894	0.006886170844791687	2.2315317239797205e-11	2.2315317239797205e-11	2.2315317239797205e-11
0.0017378008287493763	0.004733620303353365	0.0006237537259114098	0.004724371669400104	0.000614172785099825	0.004732323267035486	0.0006224052218158124	0.3325190885331834	0.33248203405678084	0	0	0	0	0	0	0.3297677326950286	0.004764862280715466	0	0.006777477621052354	0.006777153268364189	0.006777468406439817	2.0825865787690013e-11	2.0825865787690013e-11	2.0825865787690013e-11
0.0018620871366628695	0.004663676441866513	0.000612454737894451	0.004654513011313521	0.0006029619845950915	0.004662038498854805	0.0006107540075428662	0.3201560649009507	0.32009196711440563	0	0	0	0	0	0	0.31752057798756034	0.004742441978762536	0	0.006670493843549165	0.006670172538363652	0.0066704819028752015	1.9435828814182605e-11	1.9435828814182605e-11	1.9435828814182605e-11
0.001995262314968883	0.004578018955068084	0.0005991815225339789	0.0045691284570486945	0.0005899720179878664	0.0045761516035264255	0.0005972425337098133	0.30723669386469443	0.3073371308133429	0	0	0	0	0	0	0.3046656654391877	0.004709174782792307	0	0.006541833050043277	0.006541526349515851	0.006541822597308893	1.8138570830389992e-11	1.8138570830389992e-11	1.8138570830389992e-11
0.0021379620895022326	0.004493934734583491	0.0005861959663834121	0.004485310236810496	0.0005772619019131257	0.0044918469685742675	0.0005840299689676333	0.29483866278188925	0.295090541721773	0	0	0	0	0	0	0.29233118774789973	0.004676140948944938	0	0.006415653871868102	0.006415361332153474	0.006415644854116913	1.6927899237772332e-11	1.6927899237772332e-11	1.6927899237772332e-11
0.0022908676527677745	0.004394508821118923	0.0005712131441825803	0.0043861714618842335	0.0005625769305218861	0.004392956905855175	0.0005696045994513146	0.2822150764856437	0.28239921137085405	0	0	0	0	0	0	0.27967544433853686	0.004632267164407887	0	0.006267726074594039	0.006267444227949759	0.006267722841078837	1.579803476710913e-11	1.579803476710913e-11	1.579803476710913e-11
0.0024547089156850338	0.0042972826530561295	0.0005566132740557575	0.0042892239504770955	0.0005482655302671567	0.004296243953036089	0.0005555355323453847	0.2701319719887497	0.2702537130385974	0	0	0	0	0	0	0.2675675995043399	0.004588805024641735	0	0.006123209096177004	0.006122937605024217	0.0061232113849588555	1.4743583890544973e-11	1.4743583890544973e-11	1.4743583890544973e-11
0.002630267991895387	0.004185440684036391	0.0005398468918267305	0.004178099691453896	0.0005322455495084053	0.004185040075170015	0.0005394338174466637	0.2576487543655118	0.25772629817049214	0	0	0	0	0	0	0.2552148037901632	0.004532718183389709	0	0.005958850866406427	0.0059585886498847345	0.005958850532063297	1.3759513075012322e-11	1.3759513075012322e-11	1.3759513075012322e-11
0.002818382931264455	0.004076509537283685	0.0005235855488882721	0.004069854414989329	0.0005166936627102319	0.004076714595874334	0.000523798796769257	0.24574240560041752	0.2457795825331699	0	0	0	0	0	0	0.243432299704117	0.004477316865655193	0	0.005798904314772113	0.005798651070590948	0.005798901496475068	1.2841124754127703e-11	1.2841124754127703e-11	1.2841124754127703e-11
0.003019951720402019	0.0039540945230312555	0.0005062192941655674	0.003947706619246838	0.0004996042639904477	0.00395431123274141	0.0005064449124086664	0.23370701239071767	0.23366855201279013	0	0	0	0	0	0	0.23143735154499273	0.004409272584715364	0	0.005619593239944804	0.005619348943040165	0.005619589535334542	1.1984034903860374e-11	1.1984034903860374e-11	1.1984034903860374e-11
0.0032359365692962876	0.003835355554566861	0.0004894290423591658	0.0038292248229439834	0.0004830800890573687	0.0038355830308084886	0.0004896659764906038	0.2222610603454688	0.22215430442593898	0	0	0	0	0	0	0.22003344566544664	0.004342262410654175	0	0.005445826740404557	0.00544559107958682	0.005445822206988281	1.1184152114928944e-11	1.1184152114928944e-11	1.1184152114928944e-11
0.0034673685045253167	0.0037040762940563268	0.00047075505598081764	0.003698560516279448	0.00046504494609025834	0.0037044323549963462	0.00047112577898189556	0.21063313085969726	0.21062155728499599	0	0	0	0	0	0	0.20853321600831076	0.0042629110240033985	0	0.005254684970412272	0.005254462789383667	0.0052546849753372085	1.0437658062025216e-11	1.0437658062025216e-11	1.0437658062025216e-11
0.003715352290971728	0.0035772905528544956	0.0004527935687332472	0.003572354856423479	0.0004476831208383918	0.0035777661342534356	0.0004532875680112863	0.19961353440318347	0.1996875122802126	0	0	0	0	0	0	0.1976340553466942	0.004185009720734945	0	0.005070252039679358	0.005070042682513063	0.005070256269953545	9.740989276633412e-12	9.740989276633412e-12	9.740989276633412e-12
0.003981071705534978	0.0034394887939471685	0.0004339022687803227	0.0034346491850597736	0.00042889045326062475	0.003439583083017857	0.0004339989107955446	0.188626804604259	0.18872308803776747	0	0	0	0	0	0	0.18673749962965047	0.004092799333759717	0	0.004869869348022778	0.004869669549947302	0.004869873850686831	9.090820136435498e-12	9.090820136435498e-12	9.090820136435498e-12
0.004265795188015935	0.003306995333171454	0.0004157991452471951	0.003302251735495934	0.0004108866569586544	0.0033067370367547287	0.00041553104003732373	0.17824478446109746	0.17836069743075372	0.17837015105211204	0	0	0	0	0	0.17644172562649874	0.004002620663801532	0	0.004677406030551406	0.0046772153629937125	0.004677410777467598	8.484046990100313e-12	8.484046990100313e-12	8.484046990100313e-12
0.004570881896148752	0.0031646167949286952	0.000396433627999966	0.003160051107565144	0.0003917052971398191	0.0031645755135536087	0.00039639132289913593	0.1679743173504381	0.16808616725116182	0.1680813990932606	0	0	0	0	0	0.16628572409225456	0.0038990745429762683	0	0.004471279246272184	0.004471095671140641	0.004471285116985748	7.917773341674895e-12	7.917773341674895e-12	7.917773341674895e-12
0.004897788193684466	0.0030283681861565936	0.00037797004444485604	0.003023973882755487	0.0003734193778476313	0.003028525724806791	0.0003781331975960535	0.15829563470623603	0.1584035049658536	0.15838612320787956	0	0	0	0	0	0.15671430291618413	0.0037982071169458745	0	0.004274236182952776	0.004274059445425504	0.0042742430691969984	7.389296023853855e-12	7.389296023853855e-12	7.389296023853855e-12
0.005248074602497733	0.0028840591294768394	0.0003588413630885134	0.0028796616606543346	0.00035428593231529357	0.002883851753128209	0.00035862403718385207	0.14879174875606574	0.14881441072644394	0.1487248840968338	0	0	0	0	0	0.14720844170066652	0.003682991468386155	0	0.004065784109710324	0.0040656178810824254	0.00406579365456278	6.896092294123713e-12	6.896092294123713e-12	6.896092294123713e-12
0.005623413251903491	0.0027466267478113743	0.0003406807649329709	0.0027422364085652414	0.0003361328556648525	0.0027460889190733958	0.00034012141981629455	0.1398584650737439	0.13980580066478113	0.13965296139350347	0	0	0	0	0	0.13827918004094727	0.0035712707966047775	0	0.003867498125794526	0.003867341801403422	0.003867510053561042	6.435807792183952e-12	6.435807792183952e-12	6.435807792183952e-12
0.0060255958607435805	0.002601617437327485	0.0003215412892714922	0.002597348419820924	0.0003171184729587891	0.0026010325669877958	0.00032093311205979956	0.13098519598917058	0.13097773084243922	0.13081901149787942	0	0	0	0	0	0.1296215983091577	0.0034439211266609196	0	0.003659059929074221	0.003658911715400439	0.0036590723753642516	6.006245301158458e-12	6.006245301158458e-12	6.006245301158458e-12
0.006456542290346563	0.002464263954175711	0.00030347707105423186	0.002460115689834315	0.00029917969694692227	0.0024636385105890673	0.00030282733287429755	0.12267488821127057	0.12270711154373484	0.1225438658694882	0	0	0	0	0	0.1215060629029279	0.003321112680096209	0	0.003461855475833258	0.00346171495269343	0.0034618683501096334	5.605354258947846e-12	5.605354258947846e-12	5.605354258947846e-12
0.006918309709189377	0.002321069747889383	0.000284661937964288	0.0023172088304057033	0.0002806627593104159	0.002320548591504417	0.0002841209789131806	0.11463678172800532	0.11464939913203473	0.11444771159622384	0	0	0	0	0	0.11350072428580918	0.003183076900922503	0	0.0032569383007287817	0.0032568033815229096	0.0032569469969562985	5.231220969653805e-12	5.231220969653805e-12	5.231220969653805e-12
0.007413102413009177	0.0021861963144972243	0.00026701331551701846	0.0021826033571908173	0.0002632918786521515	0.0021857694391396636	0.00026657016027048194	0.10712536132351652	0.10712080625132897	0.1068864491639459	0	0	0	0	0	0.10602281158344466	0.0030507783183354384	0	0.0030641507621576463	0.003064021275826407	0.0030641557298522735	4.8820594683488265e-12	4.8820594683488265e-12	4.8820594683488265e-12
0.00794328234724282	0.0020474475230766068	0.0002491005447019245	0.002044099731778434	0.0002456332055478529	0.002047215294288118	0.00024886021919076146	0.0998166574854767	0.09980969193970679	0.09948603722253464	0	0	0	0	0	0.09874332580313894	0.002904402395983388	0	0.002866521198134946	0.0028663996987797462	0.002866525147421465	4.556202995583211e-12	4.556202995583211e-12	4.556202995583211e-12
0.008511380382023776	0.001917504540627957	0.00023238946436302557	0.0019143852682580512	0.00022915887864291602	0.0019174439838525847	0.00023232686146428973	0.09300659515615357	0.09299756932118478	0.09259800170798531	0	0	0	0	0	0.09196364673833393	0.0027650495701689133	0	0.002681638214684638	0.002681524210679181	0.0026816412562672845	4.252096040932164e-12	4.252096040932164e-12	4.252096040932164e-12
0.009120108393559097	0.0017853008164080719	0.00021562932530799254	0.0017823154555477183	0.00021253691438282733	0.0017852788009920604	0.00021560670900437525	0.08641085067507683	0.08641724046114616	0.08600343018689902	0	0	0	0	0	0.08546871605629996	0.002621795403455639	0	0.002493844832536428	0.002493737654488534	0.002493846470688388	3.968286917601806e-12	3.968286917601806e-12	3.968286917601806e-12
0.009772372209558112	0.0016622119726629305	0.00020007794269083802	0.0016593568890000796	0.00019712061886007832	0.0016622234725563062	0.00020008987628338673	0.08028285630555504	0.08030252299527949	0.07987850566406923	0	0	0	0	0	0.07943248972169623	0.0024859630770240363	0	0.0023192024989470927	0.0023191017499106874	0.002319202915315317	3.703420832648318e-12	3.703420832648318e-12	3.703420832648318e-12
0.010471285480509006	0.0015383317064083697	0.00018450625318786537	0.001535664762688266	0.00018174366825320616	0.0015384251360025913	0.00018460340681552512	0.07437605622261298	0.07439797033478672	0.07394247414811482	0	0	0	0	0	0.0736250149043697	0.0023334323226766253	0	0.0021440819827697566	0.002143987128953211	0.0021440818655876965	3.456233419730214e-12	3.456233419730214e-12	3.456233419730214e-12
0.011220184543019653	0.0014236839090685377	0.00017014647895509174	0.0014211929205799052	0.0001675662401079293	0.001423846996604376	0.00017031555239523037	0.06890384814131885	0.06892757267740118	0.06844756843772556	0	0	0	0	0	0.06824213667053251	0.002190260368239325	0	0.0019821846306758246	0.001982095356227495	0.0019821840581452535	3.225544703521513e-12	3.225544703521513e-12	3.225544703521513e-12
0.012022644346174132	0.001310352255546081	0.0001561522953302991	0.0013079622928827458	0.00015367633963732355	0.001310541936792223	0.0001563491533123524	0.06369385496466644	0.06372047236335106	0.0631523471762598	0	0	0	0	0	0.06308820131706737	0.0020412648712821355	0	0.0018224646738181757	0.001822379722493361	0.0018224640477303383	3.0102534669744114e-12	3.0102534669744114e-12	3.0102534669744114e-12
0.01288249551693135	0.0012060423122560121	0.00014330910334827833	0.001203753082941775	0.00014093780077129313	0.0012062533208884725	0.00014352804190637147	0.05887780246960099	0.05890673993717759	0.05826677331130283	0	0	0	0	0	0.05832351300250921	0.0019024049994932728	0	0.0016756145900408681	0.0016755338447873316	0.0016756139227441266	2.8093319945429215e-12	2.8093319945429215e-12	2.8093319945429215e-12
0.013803842646028866	0.0011039616494697016	0.00013077563884134194	0.0011018488483211524	0.00012858717611531934	0.001104105191044102	0.00013092449539059563	0.054267043536216	0.05430010496492499	0.05361113794670327	0	0	0	0	0	0.053785758344014965	0.0017614574553484925	0	0.0015323893246364949	0.0015323130793780469	0.0015323877923209498	2.6218211662737685e-12	2.6218211662737685e-12	2.6218211662737685e-12
0.014791083881682071	0.0010105211990615144	0.00011933832055873093	0.0010085713604817204	0.0001173188581830068	0.0010106071848926714	0.00011942769695460619	0.050017356128093424	0.050053718850277124	0.0493274974501276	0	0	0	0	0	0.049601055418529445	0.001630952593075208	0	0.0014014064190039216	0.0014013344943987433	0.001401404174422619	2.4468258793455813e-12	2.4468258793455813e-12	2.4468258793455813e-12
0.01584893192461114	0.0009199879686007036	0.00010842021663038417	0.0009181325751961661	0.00010649832219513134	0.0009200607309815197	0.00010849589227495731	0.0459965574689588	0.04604340600128167	0.04523404880180544	0	0	0	0	0	0.04562267413466656	0.0015005350112559763	0	0.001274739223953572	0.001274671456115398	0.0012747363777168366	2.2835107752006417e-12	2.2835107752006417e-12	2.2835107752006417e-12
0.01698243652461746	0.0008375656672577399	0.00009850099548195309	0.000835803452949249	0.00009667578432007639	0.0008376268854492157	0.0000985647294614864	0.04229898304854436	0.04235440013039357	0.041480295510082144	0	0	0	0	0	0.04196338923910105	0.0013805461480394753	0	0.0011595209405710649	0.0011594571656729825	0.0011595176197788366	2.1310962518722687e-12	2.1310962518722687e-12	2.1310962518722687e-12
0.018197008586099864	0.0007588224565762728	0.00008908005958962152	0.0007571429632481045	0.00008734026598933901	0.0007588306179762545	0.00008908856887019547	0.03880136926039548	0.0388308307440858	0.0379077667729047	0	0	0	0	0	0.038502611992645625	0.00126319912422988	0	0.0010496034872912595	0.0010495437587251194	0.001049601135861217	1.988854742472141e-12	1.988854742472141e-12	1.988854742472141e-12
0.019498445997580455	0.0006874822394400507	0.00008056017076441026	0.0006858854970905839	0.00007890623403511761	0.0006874467818322409	0.00008052346053910524	0.035592965787232506	0.03560039598326927	0.03464292537066585	0	0	0	0	0	0.03532724970829787	0.0011558266485485957	0	0.0009501057221022713	0.0009500498458168472	0.0009501041860936006	1.8561072420726204e-12	1.8561072420726204e-12	1.8561072420726204e-12
0.02089296130854041	0.0006198455205119646	0.00007255520411849266	0.0006183264467476639	0.00007098146028476227	0.0006198333565573663	0.00007254264749760033	0.03256205939196473	0.03256812489496541	0.03154344265951578	0	0	0	0	0	0.03232816428215162	0.0010521300250670232	0	0.0008560115157909386	0.0008559604269595306	0.0008560106976448624	1.7322200664047137e-12	1.7322200664047137e-12	1.7322200664047137e-12
0.022387211385683423	0.0005588631200301027	0.00006534566144442391	0.0005574218967588092	0.00006385259372427955	0.0005588700100932714	0.00006535282600535359	0.029789248757297233	0.029794128123533888	0.028721268893090478	0	0	0	0	0	0.02958368439330568	0.0009577366909108715	0	0.0007712359773450826	0.0007711892757487885	0.0007712357499393819	1.6166018268990478e-12	1.6166018268990478e-12	1.6166018268990478e-12
0.02398832919019495	0.0005015581456010031	0.00005856560336504919	0.0005002184949566355	0.000057177659903789116	0.0005015369592577875	0.00005854358083026279	0.027187124218872958	0.027196731907542064	0.026045784043065595	0	0	0	0	0	0.027024598993831677	0.000867833658451434	0	0.0006916828057544956	0.0006916396723543284	0.0006916826152235918	1.5087006076298081e-12	1.5087006076298081e-12	1.5087006076298081e-12
0.025703957827688646	0.00045012913610253605	0.000052489022556293305	0.0004488853849330385	0.000051200501050754636	0.0004500855600742799	0.000052443804896038586	0.024812298199073234	0.024825771822685826	0.02361952979665227	0	0	0	0	0	0.02468688284623102	0.0007863698508041082	0	0.0006203355624349277	0.0006202957580159996	0.0006203354035911233	1.4080013306855543e-12	1.4080013306855543e-12	1.4080013306855543e-12
0.02754228703338169	0.000402172080182845	0.00004684162930587258	0.0004010153846932404	0.000045643223880694904	0.0004020939046378863	0.000046760441489992527	0.02259551184423147	0.02260878739319399	0.02133209981799654	0	0	0	0	0	0.02250107912263308	0.000709452598841877	0	0.0005538583325387991	0.0005538212104295835	0.000553858104220593	1.3140232973901793e-12	1.3140232973901793e-12	1.3140232973901793e-12
0.0295120922666639	0.0003593244007243134	0.00004180184978060157	0.00035825033328865574	0.00004068913083795944	0.0003592194962225824	0.000041692987239836505	0.020576778152774033	0.020589783513741598	0.01926619566785219	0	0	0	0	0	0.02050880886163768	0.0006400588596940945	0	0.0004945050245363572	0.0004944704669635635	0.0004945047434581388	1.2263178936368277e-12	1.2263178936368277e-12	1.2263178936368277e-12
0.03162277660168379	0.0003195033714856487	0.00003715854870503044	0.00031848830198418496	0.000036106855673418395	0.0003193737489281136	0.00003702399776158812	0.018688682006474458	0.018713314187440717	0.017321540930770065	0	0	0	0	0	0.018646589317479676	0.0005748067762686421	0	0.00043940009470692085	0.0004393679223659393	0.00043939991184895077	1.144466448380878e-12	1.144466448380878e-12	1.144466448380878e-12
0.03388441561392028	0.0002840953861884193	0.00003303102013693339	0.0002831394393122289	0.00003204062116276067	0.0002839478162432355	0.00003287786510390263	0.016973834900000387	0.017007858661755915	0.01557317206722784	0	0	0	0	0	0.016953461096666633	0.0005162069472833455	0	0.0003904357562584387	0.0003904058666832099	0.00039043565322080504	1.0680782350693114e-12	1.0680782350693114e-12	1.0680782350693114e-12
0.03630780547701017	0.000251383488975632	0.000029172531890295315	0.0002505406522136443	0.000028299389001107925	0.00025128459393963847	0.000029069948658578036	0.01537735054403811	0.015419268520360739	0.013927832763091725	0	0	0	0	0	0.015371603530976016	0.0004617427241902429	0	0.0003453096553295975	0.00034528220208796765	0.0003453094331115445	9.967886064660941e-13	9.967886064660941e-13	9.967886064660941e-13
0.038904514499428125	0.0002224381725356496	0.000025764769400467785	0.00022169507209632693	0.000024995002867385888	0.00022237870319565515	0.000025703065340214326	0.013931024494307036	0.013979057942056148	0.012456327114298815	0	0	0	0	0	0.013937342573663173	0.00041302493983212104	0	0.00030539917554302666	0.0003053739947393144	0.00030539886307048527	9.30257253969921e-13	9.30257253969921e-13	9.30257253969921e-13
0.04168693834703355	0.00019585867141796	0.000022681894987736572	0.0001951694648158394	0.000021967900367683826	0.00019584414267238278	0.000022666815369725865	0.01259142290581123	0.012638735353614913	0.01108787917733008	0	0	0	0	0	0.012608152762976098	0.00036773496073011215	0	0.00026872096230712734	0.0002686981301547017	0.00026872063357930807	8.681665831150289e-13	8.681665831150289e-13	8.681665831150289e-13
0.04466835921509635	0.00017245519836960686	0.00001996790082760714	0.00017181762154798983	0.00001930740512913384	0.00017247572572331573	0.00001998923133115121	0.011380636855371029	0.0114269239029436	0.009869768473721563	0	0	0	0	0	0.011405726396862194	0.00032741122460581225	0	0.00023644777512863544	0.00023642709069010887	0.00023644743855709234	8.102201975003285e-13	8.102201975003285e-13	8.102201975003285e-13
0.0478630092322639	0.00015105158444805077	0.000017491897753738773	0.000150453382787038	0.000016872133016856177	0.00015109117640563344	0.000017532994373783944	0.010258962223508515	0.010306902066725456	0.008752705073878951	0	0	0	0	0	0.010287650813440574	0.00029029534299430964	0	0.00020694521538556823	0.00020692602308541248	0.00020694491459488597	7.561414839097688e-13	7.561414839097688e-13	7.561414839097688e-13
0.05128613839913648	0.00013230439777968362	0.000015322916999078396	0.00013174562764937722	0.000014744025446948312	0.00013235800859455268	0.000015378574924593506	0.0092478397510509	0.009296660336182355	0.007762071249622695	0	0	0	0	0	0.00927917745672043	0.00025738697952595527	0	0.00018112381115737068	0.00018110606066742152	0.00018112354245843965	7.056722918698114e-13	7.056722918698114e-13	7.056722918698114e-13
0.05495408738576248	0.00011524061443537861	0.000013360255634262508	0.00011471207456761259	0.000012812626741042379	0.00011528941138787198	0.000013410902274861415	0.008313890162407502	0.008360462132117216	0.006863985582526352	0	0	0	0	0	0.008355479221108492	0.00022725941732372842	0	0.00015762275490578814	0.0001576065805256554	0.00015762270124510428	6.585717013407706e-13	6.585717013407706e-13	6.585717013407706e-13
0.05888436553555896	0.00010037760980219594	0.000011648985021819203	0.00009988081036454588	0.000011134232275708166	0.0001004219428752347	0.000011694991291960498	0.007474261178100708	0.0075185415552429516	0.00606981004965908	0	0	0	0	0	0.0075237307767848614	0.00020065833499985735	0	0.0001371709920707415	0.00013715628363539497	0.00013717110216914126	6.146148726594653e-13	6.146148726594653e-13	6.146148726594653e-13
0.06309573444801943	0.00008692081215179466	0.000010099549660028399	0.00008645713068012009	9.619072545394327e-6	0.00008692031426304277	0.000010099020672286787	0.0066990381337273365	0.006742492411721555	0.0053681511035597535	0	0	0	0	0	0.00675101340233834	0.00017649738895642795	0	0.00011867342734382701	0.00011866015718071787	0.00011867325213116984	5.735919732432408e-13	5.735919732432408e-13	5.735919732432408e-13
0.06760829753919818	0.00007526805629279215	8.756205209666495e-6	0.00007483755306107026	8.310097574973976e-6	0.00007523396595675053	8.72084604367236e-6	0.006004220463772577	0.006046545541857275	0.004747602648993681	0	0.004406076780818196	0.004385932379297508	0	0	0.0060576572063398915	0.00015524562340487322	0	0.00010267026683212733	0.00010265831450772227	0.00010266988125547441	5.353071759318879e-13	5.353071759318879e-13	5.353071759318879e-13
0.07244359600749906	0.00006474217147383571	7.517228425210788e-6	0.00006436708982971492	7.128543160199113e-6	0.00006474667206257092	7.521898437479303e-6	0.005363476459203959	0.005408940437876427	0.004206515211150316	0	0.003906764782255246	0.003887562680962441	0	0	0.0054215814842855795	0.00013600614088476058	0	0.00008824275924439801	0.0000882322735822896	0.00008824268858461386	4.995777241859255e-13	4.995777241859255e-13	4.995777241859255e-13
0.07762471166286927	0.00005568828230188988	6.453563141075513e-6	0.00005536154087995963	6.114985669946333e-6	0.000055721262196758585	6.4877829307405224e-6	0.00479110983715615	0.004838570462748601	0.0037270958691940333	0	0.003464036562030954	0.0034458222998943163	0.0033795257579908736	0.003441316812815055	0.004852295993240622	0.0001191509941000031	0	0.00007584264460709636	0.00007583344942717122	0.00007584280797272221	4.662330596788878e-13	4.662330596788878e-13	4.662330596788878e-13
0.08317637711026708	0.000047562065279925254	5.498820317860554e-6	0.000047277218282273965	5.20364055613693e-6	0.00004760568178411204	5.5440869095303e-6	0.004263130313448693	0.004314558095230252	0.003319227846750088	0	0.003049953252995728	0.0030363177916488365	0.0029705277218541647	0.003035080158463584	0.004328567239219499	0.00010396366942532331	0	0.00006470627527792766	0.00006469818107736282	0.00006470660733699051	4.351140081190629e-13	4.351140081190629e-13	4.351140081190629e-13
0.08912509381337459	0.00004062165253057354	4.685322546185974e-6	0.0000403734313204217	4.428117496751317e-6	0.00004067210340870493	4.737658455677819e-6	0.0037933340472596543	0.003847295745806323	0.002955994126607646	0	0.002685368551654467	0.002675479154037045	0.0026110275755228864	0.0026767984667950295	0.0038613667366015356	0.00009071216435933686	0	0.00005520511688421759	0.000055197998592154374	0.00005520556457468372	4.06072019414132e-13	4.06072019414132e-13	4.06072019414132e-13
0.09549925860214369	0.00003446104626075047	3.994980568804285e-6	0.00003421159607967288	3.736469568808195e-6	0.000034468800458448164	4.003044377619607e-6	0.0033624058441610715	0.0034148956623498462	0.0026389002839217472	0	0.0023497363600457773	0.0023431299062848837	0.0022796804556711402	0.002344668850308901	0.003431037493995411	0.00007843883226143448	0	0.000046726983276774136	0.000046720728171503414	0.00004672735247330049	3.789684585515577e-13	3.789684585515577e-13	3.789684585515577e-13
0.10232929922807536	0.00002923474638289963	3.406354543961083e-6	0.00002899018656674511	3.152853294627432e-6	0.000029211624319140526	3.3823384355593932e-6	0.0029804317046678197	0.00303109330688894	0.0023558215646639603	0	0.002056053333282513	0.002052065234536532	0.0019903822650851385	0.0020537489414326703	0.0030486662076452077	0.00006782607878437419	0	0.00003955088023320803	0.00003954539107484564	0.00003955118448630741	3.53673943809648e-13	3.53673943809648e-13	3.53673943809648e-13
0.10964781961431873	0.0000245992707028068	2.8768133500905835e-6	0.000024367811104608167	2.6368567757853475e-6	0.000024559381549764134	2.835421349898088e-6	0.002627943205472656	0.0026801360305552294	0.0020957060696802097	0	0.0017856792024289715	0.0017846409721728287	0.0017233105634691427	0.0017841206510518643	0.0026959282141909256	0.000058942865137129645	0.0017563160604748887	0.00003320050006164434	0.000033195630850424935	0.00003320050016151665	3.300677291401865e-13	3.300677291401865e-13	3.300677291401865e-13
0.11748975549395303	0.000020698798312953118	2.4295929693905764e-6	0.00002048245590495827	2.205308337008046e-6	0.000020648054881073006	2.3769396187369775e-6	0.0023171426744568384	0.0023698145899880016	0.0018643109462838207	0	0.0015508596797421956	0.0015520673251293276	0.0014920748392205571	0.001549890755044903	0.0023840028527375426	0.000051223090186577086	0.0014931691978848718	0.000027869751516118118	0.00002786544468537652	0.00002786953729177144	3.080371277743758e-13	3.080371277743758e-13	3.080371277743758e-13
0.12589254117941662	0.00001724837398134841	2.019020937430909e-6	0.000017061978144683043	1.8257500347021064e-6	0.000017206867278432743	1.9759507520720057e-6	0.002033144046839339	0.002085028565458873	0.0016303604203026694	0	0.0013370364325728892	0.0013403841325719875	0.00128017906261596	0.001334018401180987	0.002099243151582318	0.00004432159220411109	0.0012457818586797524	0.000023178030418701196	0.00002317435712619029	0.00002317790896084069	2.8747697430058893e-13	2.8747697430058893e-13	2.8747697430058893e-13
0.1348962882591656	0.000014373124492656016	1.67783064782528e-6	0.000014212704744022798	1.5115179738254151e-6	0.000014339185131137628	1.642608564322104e-6	0.0017839534702657805	0.0018344659270586475	0.001425768113086436	0	0.0011526938544977776	0.0011575719646704343	0.0010983754898087966	0.0011482132459315823	0.0018484968692067155	0.000038349961479330473	0.0010393814991723537	0.000019276135051994835	0.000019273004047699184	0.00001927608119836371	2.6828912264612995e-13	2.6828912264612995e-13	2.6828912264612995e-13
0.1445439770745928	0.00001185409329731969	1.3832318982799783e-6	0.000011713960227506708	1.237917388750388e-6	0.000011836494645106752	1.3649316270093958e-6	0.001556836024014549	0.0016059690995724187	0.001207526848540555	0	0.0009857638184481818	0.0009921212197743	0.000932406430105995	0.0009779727417314288	0.001619491658364443	0.00003297662385080143	0.0008479560738122908	0.000015860983144178834	0.000015858353667279358	0.000015861004174185435	2.503819775665526e-13	2.503819775665526e-13	2.503819775665526e-13
0.15488166189124797	9.776547053033472e-6	1.140359718008008e-6	9.654521548357346e-6	1.013841375297848e-6	9.770611384283413e-6	1.1341949548274635e-6	0.0013586331964747533	0.0014059333077484778	0.0010226916120250505	0.0006318875809034579	0.0008430081430293699	0.0008503182046281492	0.0007915159787973279	0.000832973044822962	0.0014188572754454095	0.000028356162005100125	0.0006917859358548401	0.000013050893533446676	0.000013048686152615357	0.000013050964603473569	2.3367005740604123e-13	2.3367005740604123e-13	2.3367005740604123e-13
0.1659586907437563	7.968661969613164e-6	9.248365084854429e-7	7.868380024825337e-6	8.208564247608215e-7	7.972009048653543e-6	9.283129327440611e-7	0.0011777455944212965	0.0012230295991216898	0.0008366524397120208	0.0005044028169323237	0.000715209917157399	0.0007227116226080035	0.0006660429505536985	0.0007028396685418919	0.0012364476473357598	0.000024243003547776966	0.0005519046571759372	0.00001061833628682265	0.00001061650866053803	0.000010618428014732139	2.180735860416672e-13	2.180735860416672e-13	2.180735860416672e-13
0.1778279410038923	6.495092105781577e-6	7.500462826954651e-7	6.412684865321454e-6	6.646062061465727e-7	6.504498620633212e-6	7.598031515058036e-7	0.0010209412583012491	0.001063920594301314	0.0006844558972083731	0.0004026383955283618	0.0006067856281460342	0.0006142548596629292	0.0005604602103628159	0.0005930367167896424	0.0010774887728733835	0.000020726472817859627	0.00044030781029987204	8.639183609237475e-6	8.63767085981216e-6	8.639285825205628e-6	2.0351811206360888e-13	2.0351811206360888e-13	2.0351811206360888e-13
0.1905460717963252	5.224848067346161e-6	5.995484883088569e-7	5.158570935378481e-6	5.308329043424231e-7	5.2374433895272295e-6	6.126330974789533e-7	0.000879703632732754	0.0009214453892217667	0.0005443233894222363	0.00031580119601917235	0.0005098648054807111	0.0005169128799315097	0.00046683021664367143	0.0004951404746630612	0.0009333574199464933	0.000017646442212392142	0.00034348120431625844	6.936994496587209e-6	6.93574076817952e-6	6.937008149889654e-6	1.899341533734465e-13	1.899341533734465e-13	1.899341533734465e-13
0.20417379446695316	4.203025435551729e-6	4.792482785750805e-7	4.14972116269711e-6	4.23985767401141e-7	4.2172064071915236e-6	4.939691436957595e-7	0.0007580049049353458	0.0007980497885517917	0.00043288099858669854	0.0002476922134469318	0.00042842497878891933	0.00043499684412055725	0.0003888419679793172	0.0004134045712662456	0.0008085059402020813	0.000015024115559448831	0.0002679474107856478	5.5701898260649604e-6	5.569151775300932e-6	5.5701458483104e-6	1.7725686550400452e-13	1.7725686550400452e-13	1.7725686550400452e-13
0.21877616239495518	3.3317931648276183e-6	3.8069463997438583e-7	3.2860470925103616e-6	3.332554798203721e-7	3.340825335676192e-6	3.9007147943800467e-7	0.0006495915306003439	0.0006863468394830385	0.00033601063072539	0.00019059350101593156	0.0003569239313912595	0.0003626976099487001	0.0003208397163702389	0.00034171579432054134	0.0006966877590505054	0.000012659528719010329	0.00020437261986959237	4.4025878337840495e-6	4.401751500540128e-6	4.40252400272757e-6	1.6542573207740626e-13	1.6542573207740626e-13	1.6542573207740626e-13
0.23442288153199276	2.641155963343504e-6	3.0240778190405136e-7	2.602127967358995e-6	2.6194090313703767e-7	2.6465657228593147e-6	3.0802684947597756e-7	0.0005566839394841191	0.0005902789410209587	0.0002608179715189325	0.00014665734592134107	0.0002973558945136978	0.00030241496700615043	0.0002647299727842378	0.00028245861851613097	0.0006003342826269085	0.0000106670949616501	0.00015588196067986576	3.479734127458979e-6	3.479060556122123e-6	3.4796606987358017e-6	1.5438427592372975e-13	1.5438427592372975e-13	1.5438427592372975e-13
0.25118864315095824	2.054300855744712e-6	2.3758112669035985e-7	2.0201406180893684e-6	2.0216883004910224e-7	2.0520319595792346e-6	2.3521372222899888e-7	0.0004735011664919298	0.0005041670268668466	0.00019712133259032236	0.00011048565004069432	0.000244036640842247	0.0002482193515025134	0.00021547492118845392	0.0002300998530027764	0.0005126841307244328	8.895185537929764e-6	0.00011587316908750092	2.697527565715383e-6	2.696975386123146e-6	2.6974456768249642e-6	1.4407978948125037e-13	1.4407978948125037e-13	1.4407978948125037e-13
0.2691534803926914	1.5978427872055949e-6	1.8665125415777105e-7	1.568319532338925e-6	1.5603609575263632e-7	1.5910563364303185e-6	1.796125734459242e-7	0.0004027480204961335	0.0004306174137605405	0.0001489806071870471	0.00008323537282245644	0.00020027812857372005	0.00020373610165622273	0.00017538415152942177	0.00018744672274489523	0.00043783109761202574	7.4176077028149915e-6	0.00008613306668598259	2.0911525712190033e-6	2.090701244206446e-6	2.0910697362145734e-6	1.344630831913022e-13	1.344630831913022e-13	1.344630831913022e-13
0.28840315031266117	1.2121073769177226e-6	1.4231179777591584e-7	1.1883839478045964e-6	1.1771088106778856e-7	1.208741086107165e-6	1.3880062689576163e-7	0.00033900242722424397	0.0003642242070014277	0.00010898999699767601	0.00006119457831392096	0.00016191157423922834	0.00016473394244988964	0.0001406594001520009	0.00015046655546180527	0.00037041154530966154	6.111699278724197e-6	0.00006203460178872548	1.5828104510718814e-6	1.5824624305202474e-6	1.5827546809537265e-6	1.2548825068670602e-13	1.2548825068670602e-13	1.2548825068670602e-13
0.30902954325135923	9.194923962124089e-7	1.0850528638342025e-7	9.00490224267934e-7	8.879901445189276e-8	9.182924449561383e-7	1.0726205664247122e-7	0.0002853462706591584	0.00030806759951326507	0.00007973399806754466	0.00004499020414080917	0.00013089476149651517	0.00013319814983440875	0.00011280989005327493	0.00012078196930310102	0.0003133736129000907	5.03570282631458e-6	0.000044678448906453386	1.1980421507752512e-6	1.19777388134601e-6	1.1980051820825126e-6	1.1711244965285954e-13	1.1711244965285954e-13	1.1711244965285954e-13
0.3311311214825908	6.784299913004508e-7	8.078140442721847e-8	6.633285900012217e-7	6.512281438660177e-8	6.780040601427145e-7	8.033518030873618e-8	0.00023659577522915556	0.000256751730558189	0.00005596760066383102	0.00003223780476802301	0.00010366358361541358	0.00010532908951376394	0.000088471012027316	0.00009467106448018573	0.0002616923474830766	4.095830267127123e-6	0.000030948714695232245	8.815530096320403e-7	8.813500582637627e-7	8.815289067974105e-7	1.0929569731540239e-13	1.0929569731540239e-13	1.0929569731540239e-13
0.354813389233576	5.00566676779343e-7	6.014117393482914e-8	4.886280899614524e-7	4.775932458044644e-8	5.005916231750704e-7	6.016797922073057e-8	0.00019617414563356518	0.00021398372061449337	0.00003928527855096989	0.00002310005202484626	0.00008209754496764772	0.00008329107507567183	0.00006938327805692378	0.0000742048709879848	0.00021853430509810064	3.331377199117195e-6	0.000021438142207942962	6.48671424697712e-7	6.485180026872947e-7	6.486559700589846e-7	1.0200067957820517e-13	1.0200067957820517e-13	1.0200067957820517e-13
0.38018939632056126	3.5750239682903014e-7	4.447564038725822e-8	3.47123250581308e-7	3.374016947359555e-8	3.56453208747839e-7	4.34143764029794e-8	0.0001591684241760975	0.00017501633079261986	0.000026181228896205957	0.0000160348790006286	0.0000630675465487905	0.00006385167599867422	0.00005299390472279669	0.000056589327007045096	0.00017888073656179847	2.677990334598997e-6	0.000014251408116893534	4.6019609675635487e-7	4.6008078906426617e-7	4.6017404492799286e-7	9.519257290057594e-14	9.519257290057594e-14	9.519257290057594e-14
0.40738027780411384	2.5532655222041146e-7	3.289065474511998e-8	2.465976753478025e-7	2.3836162803964933e-8	2.538174514801896e-7	3.132576667640749e-8	0.00012914335460914608	0.0001431450764392247	0.000017448183436606694	0.000011130595908972018	0.00004844865250539732	0.000048949260459605356	0.000040475947755952984	0.00004315554879987265	0.0001464224021877344	2.1527529917975126e-6	9.473891503481259e-6	3.2648339267984904e-7	3.2639700299585874e-7	3.264598822795541e-7	8.883887806339337e-14	8.883887806339337e-14	8.883887806339337e-14
0.43651583224016655	1.7289774644954812e-7	2.1900060906692674e-8	1.6730887667300784e-7	1.6106360045490203e-8	1.728293069930734e-7	2.1826963053515292e-8	0.00010140558255372261	0.00011347975321073302	0.000010914831989501803	7.42316484139003e-6	0.00003590095572637643	0.00003615625627536265	0.000029843683252823923	0.00003171377076947113	0.00011615465614643074	1.7278907044131365e-6	5.976733505919365e-6	2.2129013623416626e-7	2.2123050727056267e-7	2.2127367117554413e-7	8.290926503064145e-14	8.290926503064145e-14	8.290926503064145e-14
0.4677351412871981	1.1707999214091313e-7	1.4582034667096743e-8	1.135138852144625e-7	1.0883246437291987e-8	1.1768288264464491e-7	1.5208448720852153e-8	0.00007962540700744342	0.00008996225863371802	6.827848743789961e-6	4.95062229489725e-6	0.000026602981825421356	0.000026706733780554474	0.000022004313165561186	0.000023305537396422333	0.00009214371532572597	1.3868782427771193e-6	3.7705037457578083e-6	1.4999024603544036e-7	1.4994910154800502e-7	1.499787269835981e-7	7.737542816576379e-14	7.737542816576379e-14	7.737542816576379e-14
0.5011872336272735	7.569304032186885e-8	9.920914511290712e-9	7.282082211211311e-8	6.956475841575046e-9	7.616244734727265e-8	1.040483755450326e-8	0.000059561778986085545	0.00006839759553308917	4.008940742160275e-6	3.1305428293600654e-6	0.000018806990152051556	0.00001880904847731689	0.00001541918525427661	0.000016293192272183822	0.00006993768712208924	1.1050670018914108e-6	2.270230475158164e-6	9.614158956858998e-8	9.611000956006184e-8	9.613423324654936e-8	7.221095111170751e-14	7.221095111170751e-14	7.221095111170751e-14
0.5370317963702532	4.893608419679822e-8	6.749712710697937e-9	4.671562534455937e-8	4.44651845506307e-9	4.929109701911413e-8	7.118454125250019e-9	0.00004455368768985663	0.00005200215229983914	2.3538315620671017e-6	1.9796093950773434e-6	0.000013295610277844048	0.000013246857797326575	0.000010804757781661124	0.000011390774213990357	0.00005308316538677382	8.80519313810836e-7	1.3669118923792894e-6	6.16253755766985e-8	6.160179582455318e-8	6.162067773060149e-8	6.73911806896424e-14	6.73911806896424e-14	6.73911806896424e-14
0.5754399373371566	3.0640209186907665e-8	4.971422823680622e-9	2.8454641448389613e-8	2.703973527952173e-9	2.990055278129233e-8	4.203644709225344e-9	0.000031859633057129315	0.00003797368606100334	1.318418744215417e-6	1.2035253316135389e-6	8.937868720607771e-6	8.869933173007753e-6	7.237153509079433e-6	7.60171551255884e-6	0.00003875414489006871	6.844993674197822e-7	7.875229248724018e-7	3.752273648139882e-8	3.750707456370769e-8	3.752438321290074e-8	6.2893109214396e-14	6.2893109214396e-14	6.2893109214396e-14
0.6165950018614835	1.820887393659458e-8	3.1476995081522935e-9	1.6702488808295983e-8	1.5848154899298357e-9	1.765620307959681e-8	2.5739393980049526e-9	0.000021930593864299877	0.00002669213403743929	7.187860541418739e-7	7.050691104528601e-7	5.797130540450661e-6	5.728615747523355e-6	4.656944562423087e-6	4.8741474446016435e-6	0.000027350200835268057	5.392977721183059e-7	4.38504260591707e-7	2.201791012671677e-8	2.2008175448495856e-8	2.2020438347196408e-8	5.869526466482977e-14	5.869526466482977e-14	5.869526466482977e-14
0.6606934480075964	1.0206397631144253e-8	1.6987780032596624e-9	9.431340451550347e-9	8.946863260077919e-10	1.0282015016534338e-8	1.7771772458419318e-9	0.000014499202988977824	0.00001809391234747773	3.876776628704205e-7	3.984675167854876e-7	3.620373643620408e-6	3.5606520646726956e-6	2.904686808402442e-6	3.0257190915279844e-6	0.000018500392768255273	4.016074734832837e-7	2.3728936449500092e-7	1.2432195428650259e-8	1.2426594673402526e-8	1.243360200120834e-8	5.4777608184870124e-14	5.4777608184870124e-14	5.4777608184870124e-14
0.7079457843841374	5.5167670974294065e-9	8.999769588109562e-10	5.116582154216026e-9	4.848003343901422e-10	5.555929451922821e-9	9.405430891232856e-10	9.16720066516637e-6	0.000011703234155333067	2.0543678745745805e-7	2.1941789629838533e-7	2.1738737221411405e-6	2.1247325588543267e-6	1.7224370549660897e-6	1.7848371787124022e-6	0.000011950908213437178	2.8722429059295795e-7	1.2469244664773207e-7	6.742495929065591e-9	6.73960936065259e-9	6.743849406791089e-9	5.112143842590258e-14	5.112143842590258e-14	5.112143842590258e-14
0.7585775750291851	2.8631061053341764e-9	4.67720728515302e-10	2.655046986838617e-9	2.5187373829335935e-10	2.8836788135887185e-9	4.889645086229596e-10	5.495112338943078e-6	7.155326172172246e-6	1.0946609793543063e-7	1.1608031322982844e-7	1.2486264010446043e-6	1.2152033868511593e-6	9.818288001729143e-7	1.01371576328141e-6	7.343081362037141e-6	1.9712570474911e-7	6.642070796724149e-8	3.499885701799609e-9	3.4982764585163817e-9	3.5017190870348363e-9	4.770930227390203e-14	4.770930227390203e-14	4.770930227390203e-14
0.8128305161640995	1.4051626387266929e-9	2.3675538682545106e-10	1.2956144290638207e-9	1.2310446219563142e-10	1.416104193354831e-9	2.4802044542454875e-10	3.158983963461387e-6	4.160087072492705e-6	5.8128646866589486e-8	6.155818629113002e-8	6.945505987252142e-7	6.708768610953038e-7	5.441113744678314e-7	5.576296059407588e-7	4.2842559068665364e-6	1.2505621884433075e-7	3.46964913278475e-8	1.7085566811623871e-9	1.707746759023107e-9	1.710096767221892e-9	4.452491153514279e-14	4.452491153514279e-14	4.452491153514279e-14
0.8709635899560796	6.159729435322753e-10	1.1422442833979132e-10	5.568809561430647e-10	5.2906545594280916e-11	6.218797427893113e-10	1.203056744816094e-10	1.778235984775077e-6	2.3428028547788314e-6	3.115949459726349e-8	3.2931304520980336e-8	3.830713176953526e-7	3.640003096338836e-7	2.979021768869483e-7	3.003498449359201e-7	2.4227639983399634e-6	7.150845022294227e-8	1.771015281744092e-8	7.342227821008219e-10	7.34002869654354e-10	7.350575257748172e-10	4.155306518277763e-14	4.155306518277763e-14	4.155306518277763e-14
0.9332543007969925	1.7587830259557338e-10	4.8272910698254664e-11	1.4233950432951238e-10	1.346338317648695e-11	1.7914341180351037e-10	5.1661729460832816e-11	1.0210754923949559e-6	1.3505751563538092e-6	1.7410043088861183e-8	1.8301350433151052e-8	2.1668531108355662e-7	1.9816346564984375e-7	1.6874545916765714e-7	1.635219144373668e-7	1.3962939711954716e-6	3.993995317639427e-8	8.857194294723238e-9	1.874125697464352e-10	1.874125697464352e-10	1.874125697464352e-10	3.8779576793124825e-14	3.8779576793124825e-14	3.8779576793124825e-14