1.e-9	0	0	0	0	0	0	2.172755858027531e-18	0	0	0	0	0	0	0	2.7256794517412565e-15	5.637946060614015e-18	0	4.2823662060893276e-18	4.2823662060893276e-18	4.2823662060893276e-18	0	0	0
1.0715193052376092e-9	0	0	0	0	0	0	3.686696784357213e-18	0	0	0	0	0	0	0	4.287453973187861e-15	9.575757566652874e-18	0	7.273348441080734e-18	7.273348441080734e-18	7.273348441080734e-18	0	0	0
1.148153621496884e-9	0	0	0	0	0	0	6.255527112985357e-18	0	0	0	0	0	0	0	6.74410248808239e-15	1.6263925193586882e-17	0	1.2353356765739622e-17	1.2353356765739622e-17	1.2353356765739622e-17	0	0	0
1.2302687708123811e-9	0	0	0	0	0	0	1.0614276614050367e-17	0	0	0	0	0	0	0	1.0608374726398377e-14	2.762342935913177e-17	0	2.098145367541036e-17	2.098145367541036e-17	2.098145367541036e-17	0	0	0
1.31825673855641e-9	0	0	0	0	0	0	1.8038650858212203e-17	0	0	0	0	0	0	0	1.7659727673539692e-14	4.695659510533789e-17	0	3.5665974291634714e-17	3.5665974291634714e-17	3.5665974291634714e-17	0	0	0
1.4125375446227555e-9	0	0	0	0	0	0	3.065615647831615e-17	0	0	0	0	0	0	0	2.939809250209672e-14	7.982071288905937e-17	0	6.062791176677515e-17	6.062791176677515e-17	6.062791176677515e-17	0	0	0
1.5135612484362133e-9	0	0	0	0	0	0	5.212149644302633e-17	0	0	0	0	0	0	0	4.968069933573308e-14	1.3572030373421808e-16	0	1.0308647387506644e-16	1.0308647387506644e-16	1.0308647387506644e-16	0	0	0
1.6218100973589331e-9	0	0	0	0	0	0	8.861679687021335e-17	0	0	0	0	0	0	0	8.395687190628051e-14	2.3076718033463254e-16	0	1.7527935213856962e-16	1.7527935213856962e-16	1.7527935213856962e-16	0	0	0
1.7378008287493762e-9	0	0	0	0	0	0	1.5068483113227112e-16	0	0	0	0	0	0	0	1.4250294395459922e-13	3.9240672154485885e-16	0	2.980527338065363e-16	2.980527338065363e-16	2.980527338065363e-16	0	0	0
1.8620871366628732e-9	0	0	0	0	0	0	2.5622589774504803e-16	0	0	0	0	0	0	0	2.418752458809566e-13	6.672657476262222e-16	0	5.068220018255175e-16	5.068220018255175e-16	5.068220018255175e-16	0	0	0
1.9952623149688828e-9	0	0	0	0	0	0	4.3570519436030935e-16	0	0	0	0	0	0	0	4.11078729689332e-13	1.1346742934314587e-15	0	8.618423489475686e-16	8.618423489475686e-16	8.618423489475686e-16	0	0	0
2.1379620895022324e-9	0	0	0	0	0	0	7.409048736418314e-16	0	0	0	0	0	0	0	6.986482696380176e-13	1.9294947429182506e-15	0	1.4655485195277677e-15	1.4655485195277677e-15	1.4655485195277677e-15	0	0	0
2.2908676527677795e-9	0	0	0	0	0	0	1.2599027997642774e-15	0	0	0	0	0	0	0	1.1878513831733315e-12	3.281096413017262e-15	0	2.4921580968690736e-15	2.4921580968690736e-15	2.4921580968690736e-15	0	0	0
2.4547089156850337e-9	0	0	0	0	0	0	2.1424546137094444e-15	0	0	0	0	0	0	0	2.0196012354510953e-12	5.579488470246697e-15	0	4.237902667180835e-15	4.237902667180835e-15	4.237902667180835e-15	0	0	0
2.6302679918953816e-9	0	0	0	0	0	0	3.643239209839158e-15	0	0	0	0	0	0	0	3.4341580875390892e-12	9.487912766208458e-15	0	7.20654786209525e-15	7.20654786209525e-15	7.20654786209525e-15	0	0	0
2.818382931264461e-9	0	0	0	0	0	0	6.195320010596725e-15	0	0	0	0	0	0	0	5.839490273225157e-12	1.6134183113600294e-14	0	1.2254725076830969e-14	1.2254725076830969e-14	1.2254725076830969e-14	0	0	0
3.019951720402019e-9	0	0	0	0	0	0	1.0535138340996184e-14	0	0	0	0	0	0	0	9.929902692020512e-12	2.743617429337264e-14	0	2.0839156868263763e-14	2.0839156868263763e-14	2.0839156868263763e-14	0	0	0
3.2359365692962944e-9	0	0	0	0	0	0	1.7914997074258518e-14	0	0	0	0	0	0	0	1.6885543576484756e-11	4.6655207428620875e-14	0	3.543698094061494e-14	3.543698094061494e-14	3.543698094061494e-14	0	0	0
3.4673685045253237e-9	0	0	0	0	0	0	3.0464452210214073e-14	0	0	0	0	0	0	0	2.8713738205258778e-11	7.933718341870172e-14	0	6.026058849459756e-14	6.026058849459756e-14	6.026058849459756e-14	0	0	0
3.715352290971728e-9	0	0	0	0	0	0	5.180480044855332e-14	0	0	0	0	0	0	0	4.882749305555635e-11	1.349128858218555e-13	0	1.0247313482490077e-13	1.0247313482490077e-13	1.0247313482490077e-13	0	0	0
3.9810717055349855e-9	0	0	0	0	0	0	8.809407038351175e-14	0	0	0	0	0	0	0	8.303104696001458e-11	2.294193846333606e-13	0	1.7425558268947342e-13	1.7425558268947342e-13	1.7425558268947342e-13	0	0	0
4.265795188015934e-9	0	0	0	0	0	0	1.4980397896604334e-13	0	0	0	0	0	0	0	1.411941168356097e-10	3.901277014787806e-13	0	2.963216471354538e-13	2.963216471354538e-13	2.963216471354538e-13	0	0	0
4.570881896148752e-9	0	0	0	0	0	0	2.54741694193217e-13	0	0	0	0	0	0	0	2.401005246715924e-10	6.634122322218882e-13	0	5.038950185597703e-13	5.038950185597703e-13	5.038950185597703e-13	0	0	0
4.8977881936844766e-9	0	0	0	0	0	0	4.3318829852401456e-13	0	0	0	0	0	0	0	4.082908214560446e-10	1.1281326298885e-12	0	8.56873577019755e-13	8.56873577019755e-13	8.56873577019755e-13	0	0	0
5.248074602497734e-9	0	0	0	0	0	0	7.366367886637173e-13	0	0	0	0	0	0	0	6.94298539109502e-10	1.9183897664034695e-12	0	1.4571136918603678e-12	1.4571136918603678e-12	1.4571136918603678e-12	0	0	0
5.623413251903491e-9	0	0	0	0	0	0	1.2526510071063828e-12	0	0	0	0	0	0	0	1.1806546610343146e-9	3.2622221876565935e-12	0	2.4778221291307866e-12	2.4778221291307866e-12	2.4778221291307866e-12	0	0	0
6.025595860743593e-9	0	0	0	0	0	0	2.130133294602436e-12	0	0	0	0	0	0	0	2.0077034194783534e-9	5.547409501755295e-12	0	4.213537040726634e-12	4.213537040726634e-12	4.213537040726634e-12	0	0	0
6.456542290346562e-9	0	0	0	0	0	0	3.6222921045303756e-12	0	0	0	0	0	0	0	3.4140999511690734e-9	9.433370999867122e-12	0	7.165120605247858e-12	7.165120605247858e-12	7.165120605247858e-12	0	0	0
6.918309709189363e-9	0	0	0	0	0	0	6.159708471651332e-12	0	0	0	0	0	0	0	5.805677607548781e-9	1.6041449334997013e-11	0	1.2184289070129147e-11	1.2184289070129147e-11	1.2184289070129147e-11	0	0	0
7.413102413009192e-9	0	0	0	0	0	0	1.047458552784355e-11	0	0	0	0	0	0	0	9.87255586095357e-9	2.7278487909668405e-11	0	2.071938608203559e-11	2.071938608203559e-11	2.071938608203559e-11	0	0	0
7.943282347242822e-9	0	0	0	0	0	0	1.7812034856868007e-11	0	0	0	0	0	0	0	1.6788283227760233e-8	4.638707433496046e-11	0	3.523332031982987e-11	3.523332031982987e-11	3.523332031982987e-11	0	0	0
8.511380382023759e-9	0	0	0	0	0	0	3.028936895869795e-11	0	0	0	0	0	0	0	2.854847900635548e-8	7.888122950519416e-11	0	5.991426849447514e-11	5.991426849447514e-11	5.991426849447514e-11	0	0	0
9.120108393559115e-9	0	0	0	0	0	0	5.150707818346993e-11	0	0	0	0	0	0	0	4.854669441039043e-8	1.3413754710170943e-10	0	1.0188422597688418e-10	1.0188422597688418e-10	1.0188422597688418e-10	0	0	0
9.772372209558111e-9	0	0	0	0	0	0	8.758779711177341e-11	0	0	0	0	0	0	0	8.255366380994113e-8	2.281009266124408e-10	0	1.7325414736334546e-10	1.7325414736334546e-10	1.7325414736334546e-10	0	0	0
1.0471285480509006e-8	0	0	0	0	0	0	1.4894306712031753e-10	0	0	0	0	0	0	0	1.4038252235592547e-7	3.8788567292546614e-10	0	2.9461871345810223e-10	2.9461871345810223e-10	2.9461871345810223e-10	0	0	0
1.1220184543019653e-8	0	0	0	0	0	0	2.532777164711434e-10	0	0	0	0	0	0	0	2.387205082548873e-7	6.595996671091069e-10	0	5.009991832268985e-10	5.009991832268985e-10	5.009991832268985e-10	0	0	0
1.202264434617413e-8	0	0	0	0	0	0	4.306988092934652e-10	0	0	0	0	0	0	0	4.059442736710327e-7	1.1216493704724244e-9	0	8.519492147965127e-10	8.519492147965127e-10	8.519492147965127e-10	0	0	0
1.288249551693135e-8	0	0	0	0	0	0	7.32403414368059e-10	0	0	0	0	0	0	0	6.903083213544149e-7	1.9073649866974417e-9	0	1.448739816135958e-9	1.448739816135958e-9	1.448739816135958e-9	0	0	0
1.3803842646028866e-8	0	0	0	0	0	0	1.2454521577595151e-9	0	0	0	0	0	0	0	1.1738694433427789e-6	3.2434745547543636e-9	0	2.463582357266933e-9	2.463582357266933e-9	2.463582357266933e-9	0	0	0
1.4791083881682102e-8	0	0	0	0	0	0	2.1178916521112848e-9	0	0	0	0	0	0	0	1.996165231371285e-6	5.515529151845704e-9	0	4.189322308559819e-9	4.189322308559819e-9	4.189322308559819e-9	0	0	0
1.5848931924611173e-8	0	0	0	0	0	0	3.60147519287613e-9	0	0	0	0	0	0	0	3.3944793891790233e-6	9.379158464578308e-9	0	7.123943453009711e-9	7.123943453009711e-9	7.123943453009711e-9	0	0	0
1.698243652461746e-8	0	0	0	0	0	0	6.124309311088581e-9	0	0	0	0	0	0	0	5.7723129040001855e-6	1.594926091075626e-8	0	1.2114267316693027e-8	1.2114267316693027e-8	1.2114267316693027e-8	0	0	0
1.8197008586099862e-8	0	0	0	0	0	0	1.0414389251406036e-8	0	0	0	0	0	0	0	9.815819288254784e-6	2.7121721480675885e-8	0	2.06003140800224e-8	2.06003140800224e-8	2.06003140800224e-8	0	0	0
1.9498445997580494e-8	0	0	0	0	0	0	1.7709671078079655e-8	0	0	0	0	0	0	0	0.000016691802731778933	4.612049299282953e-8	0	3.5030838357908087e-8	3.5030838357908087e-8	3.5030838357908087e-8	0	0	0
2.0892961308540408e-8	0	0	0	0	0	0	3.011529933466286e-8	0	0	0	0	0	0	0	0.000028384414001030524	7.842790788251657e-8	0	5.9569947879969284e-8	5.9569947879969284e-8	5.9569947879969284e-8	0	0	0
2.2387211385683424e-8	0	0	0	0	0	0	5.121107275328728e-8	0	0	0	0	0	0	0	0.000048267701885068624	1.333666735909489e-7	0	1.0129870870250195e-7	1.0129870870250195e-7	1.0129870870250195e-7	0	0	0
2.3988329190194947e-8	0	0	0	0	0	0	8.708443981906517e-8	0	0	0	0	0	0	0	0.00008207923704828218	2.2679005605197706e-7	0	1.7225847512022254e-7	1.7225847512022254e-7	1.7225847512022254e-7	0	0	0
2.5703957827688646e-8	0	0	0	0	0	0	1.4808710794119102e-7	0	0	0	0	0	0	0	0.0001395757595932287	3.8565653726815704e-7	0	2.929255726041748e-7	2.929255726041748e-7	2.929255726041748e-7	0	0	0
2.754228703338169e-8	0	0	0	0	0	0	2.518221577120973e-7	0	0	0	0	0	0	0	0.0002373486080842907	6.558090214660052e-7	0	4.981199968570447e-7	4.981199968570447e-7	4.981199968570447e-7	0	0	0
2.95120922666639e-8	0	0	0	0	0	0	4.2822363132352857e-7	0	0	0	0	0	0	0	0.00040361135718499784	1.1152033767734365e-6	0	8.470531577799331e-7	8.470531577799331e-7	8.470531577799331e-7	0	0	0
3.162277660168386e-8	0	0	0	0	0	0	7.281943737197231e-7	0	0	0	0	0	0	0	0.0006863411964517146	1.8964035730809826e-6	0	1.4404140701680638e-6	1.4404140701680638e-6	1.4404140701680638e-6	0	0	0
3.3884415613920346e-8	0	0	0	0	0	0	1.2382946832666815e-6	0	0	0	0	0	0	0	0.0011671233466576392	3.2248346686319844e-6	0	2.4494244245261793e-6	2.4494244245261793e-6	2.4494244245261793e-6	0	0	0
3.6307805477010175e-8	0	0	0	0	0	0	2.1057204363766235e-6	0	0	0	0	0	0	0	0.0019846934926178697	5.4838322568228595e-6	0	4.165246883246133e-6	4.165246883246133e-6	4.165246883246133e-6	0	0	0
3.890451449942813e-8	0	0	0	0	0	0	3.5807781589411873e-6	0	0	0	0	0	0	0	0.003374971695082926	9.325258287963381e-6	0	7.083003429162113e-6	7.083003429162113e-6	7.083003429162113e-6	0	0	0
4.1686938347033635e-8	0	0	0	0	0	0	3.947971956219539e-6	0	0	0	0	0	0	0	0.00573914006620037	0.000010193119936516223	0	7.749397558172683e-6	7.749397558172683e-6	7.749397558172683e-6	0	0	0
4.4668359215096346e-8	0	0	0	0	0	0	4.3528199389220625e-6	0	0	0	0	0	0	0	0.009759408870733203	0.000011141749733014135	0	8.47848841458441e-6	8.47848841458441e-6	8.47848841458441e-6	0	0	0
4.78630092322639e-8	0	0	0	0	0	0	3.205189938200509e-6	0	0	0	0	0	0	0	0.016595876805148155	7.657232966493008e-6	0	5.869550582024714e-6	5.869550582024714e-6	5.869550582024714e-6	0	0	0
5.128613839913659e-8	0	0	0	0	0	0	2.3601349663193446e-6	0	0	0	0	0	0	0	0.028221291942956844	5.262478345695814e-6	0	4.063415829605309e-6	4.063415829605309e-6	4.063415829605309e-6	0	0	0
5.495408738576248e-8	0	0	0	0	0	0	3.0613638486691816e-6	0	0	0	0	0	0	0	0.026357073801364157	6.364793484464842e-6	0	4.9550968691521785e-6	4.9550968691521785e-6	4.9550968691521785e-6	0	0	0
5.888436553555896e-8	0	0	0	0	0	0	3.970937572504277e-6	0	0	0	0	0	0	0	0.0246160005989349	7.698007181924082e-6	0	6.04244950856203e-6	6.04244950856203e-6	6.04244950856203e-6	0	0	0
6.309573444801943e-8	0	0	0	0	0	0	5.076071726284229e-6	0	0	0	0	0	0	0	0.01274041977104593	8.363721473700833e-6	0	6.725143760328587e-6	6.725143760328587e-6	6.725143760328587e-6	0	0	0
6.760829753919818e-8	0	0	0	0	0	0	6.488770901057585e-6	0	0	0	0	0	0	0	0.006594015761824646	9.087005927183223e-6	0	7.484970876959641e-6	7.484970876959641e-6	7.484970876959641e-6	0	0	0
7.244359600749906e-8	0	0	0	0	0	0	8.030151825318843e-6	0	0	0	0	0	0	0	0.0037429271734385782	6.006417260369055e-6	0	5.466596272812778e-6	5.466596272812778e-6	5.466596272812778e-6	0	0	0
7.762471166286928e-8	0	0	0	0	0	0	9.937681468636971e-6	0	0	0	0	0	0	0	0.002124578455934496	3.970179902462407e-6	0	3.992490458702932e-6	3.992490458702932e-6	3.992490458702932e-6	0	0	0
8.317637711026726e-8	0	0	0	0	0	0	0.000015886382719295332	0	0	0	0	0	0	0	0.0018998610102980043	3.722626508436093e-6	0	4.406335177912243e-6	4.406335177912243e-6	4.406335177912243e-6	0	0	0
8.912509381337478e-8	0	0	0	0	0	0	0.000025395979605545712	0	0	0	0	0	0	0	0.001698912011636206	3.4905088589854966e-6	0	4.863077294971045e-6	4.863077294971045e-6	4.863077294971045e-6	0	0	0
9.549925860214369e-8	0	0	0	0	0	0	0.000042505811221846507	0	0	0	0	0	0	0	0.0025229782367067297	5.146101888769374e-6	0	6.367977458655232e-6	6.367977458655232e-6	6.367977458655232e-6	0	0	0
1.0232929922807557e-7	0	0	0	0	0	0	0.00007114291378753508	0	0	0	0	0	0	0	0.003746762127348557	7.586963883911624e-6	0	8.338575443963514e-6	8.338575443963514e-6	8.338575443963514e-6	0	0	0
1.0964781961431874e-7	0	0	0	0	0	0	0.00011911518276325548	0	0	0	0	0	0	0	0.006280790168403521	8.712935679010354e-6	0	9.295276951113408e-6	9.295276951113408e-6	9.295276951113408e-6	0	0	0
1.1748975549395303e-7	0	0	0	0	0	0	0.00019943555878378292	0	0	0	0	0	0	0	0.010528644146253808	0.000010006011536123299	0	0.000010361742743533947	0.000010361742743533947	0.000010361742743533947	0	0	0
1.2589254117941688e-7	0	0	0	0	0	0	0.00033626973179385527	0	0	0	0	0	0	0	0.01788035321661859	9.89151990833917e-6	0	9.52225274156477e-6	9.52225274156477e-6	9.52225274156477e-6	0	0	0
1.3489628825916562e-7	0	0	0	0	0	0	0.0005669868162442556	0	0	0	0	0	0	0	0.03036545130692728	9.778338326299736e-6	0	8.75077672921593e-6	8.75077672921593e-6	8.75077672921593e-6	0	0	0
1.445439770745928e-7	0	0	0	0	0	0	0.000963145104512924	0	0	0	0	0	0	0	0.021161167323618075	0.000014932790641133683	0	0.00001247694447907308	0.00001247694447907308	0.00001247694447907308	0	0	0
1.5488166189124826e-7	0	0	0	0	0	0	0.0016361024026837932	0	0	0	0	0	0	0	0.014746858130706956	0.000022804307735210094	0	0.000017789751510186917	0.000017789751510186917	0.000017789751510186917	0	0	0
1.659586907437563e-7	0	0	0	0	0	0	0.002779500439346509	0	0	0	0	0	0	0	0.00824143655416537	0.000029961781884538634	0	0.000024542966267731694	0.000024542966267731694	0.000024542966267731694	0	0	0
1.7782794100389227e-7	0	0	0	0	0	0	0.0047219676956985245	0	0	0	0	0	0	0	0.004605813378980217	0.00003936573668976609	0	0.00003385978679208055	0.00003385978679208055	0.00003385978679208055	0	0	0
1.9054607179632522e-7	0	0	0	0	0	0	0.008022160634885575	0	0	0	0	0	0	0	0.003922309848805163	0.00004329718602973956	0	0.00003880130120967057	0.00003880130120967057	0.00003880130120967057	0	0	0
2.0417379446695318e-7	0	0	0	0	0	0	0.013628865210266102	0	0	0	0	0	0	0	0.003340238364898885	0.00004762126853785601	0	0.00004446398274178481	0.00004446398274178481	0.00004446398274178481	0	0	0
2.1877616239495564e-7	0	0	0	0	0	0	0.008586668670476841	0	0	0	0	0	0	0	0.004849718881429721	0.000051152144662139656	0	0.00004473593201336894	0.00004473593201336894	0.00004473593201336894	0	0	0
2.3442288153199275e-7	0	0	0	0	0	0	0.00540990594000528	0	0	0	0	0	0	0	0.007041345754259572	0.00005494481738671952	0	0.00004500954457289397	0.00004500954457289397	0.00004500954457289397	0	0	0
2.5118864315095823e-7	0	0	0	0	0	0	0.006015095916629713	0	0	0	0	0	0	0	0.0071233934917512565	0.000043775888121308666	0	0.000037396750345130036	0.000037396750345130036	0.000037396750345130036	0	0	0
2.6915348039269196e-7	0	0	0	0	0	0	0.006687986683594748	0	0	0	0	0	0	0	0.007206397272513974	0.000034877327325006575	0	0.00003107156381267189	0.00003107156381267189	0.00003107156381267189	0	0	0
2.8840315031266115e-7	0	0	0	0	0	0	0.010655364577491425	0	0	0	0	0	0	0	0.00685896021461228	0.000029627854545045158	0	0.000033376835575986224	0.000033376835575986224	0.000033376835575986224	0	0	0
3.090295432513592e-7	0	0	0	0	0	0	0.016976229118062264	0	0	0	0	0	0	0	0.0065282738997849065	0.000025168492894035127	0	0.00003585314082621346	0.00003585314082621346	0.00003585314082621346	0	0	0
3.3113112148259143e-7	0	0	0	0	0	0	0.021014761709987017	0	0	0	0	0	0	0	0.009936400568505838	0.00002484225321599843	0	0.00004213546816960126	0.00004213546816960126	0.00004213546816960126	0	0	0
3.5481338923357606e-7	0	0	0	0	0	0	0.026014034486472368	0	0	0	0	0	0	0	0.015123761314771627	0.00002452024233020491	0	0.00004951860944281338	0.00004951860944281338	0.00004951860944281338	0	0	0
3.8018939632056126e-7	0	0	0	0	0	0	0.02543158667866483	0	0	0	0	0	0	0	0.015051509292546813	0.000022085381957731797	0	0.00004224005578071016	0.00004224005578071016	0.00004224005578071016	0	0	0
4.0738027780411303e-7	0	0	0	0	0	0	0.024862179733434298	0	0	0	0	0	0	0	0.014979602446009871	0.00001989230325093732	0	0.00003603134927320646	0.00003603134927320646	0.00003603134927320646	0	0	0
4.365158322401665e-7	0	0	0	0	0	0	0.01792604030453859	0	0	0	0	0	0	0	0.014609797500593219	0.000019237993545226626	0	0.00003425396450088558	0.00003425396450088558	0.00003425396450088558	0	0	0
4.677351412871981e-7	0	0	0	0	0	0	0.012924969751055733	0	0	0	0	0	0	0	0.01424912201626509	0.000018605205791277315	0	0.00003256425606299577	0.00003256425606299577	0.00003256425606299577	0	0	0
5.011872336272736e-7	0	0	0	0	0	0	0.014215696507795625	0	0	0	0	0	0	0	0.009448332723901305	0.00001867913808200748	0	0.00003250941566907476	0.00003250941566907476	0.00003250941566907476	0	0	0
5.370317963702533e-7	0	0	0	0	0	0	0.015635319160824	0	0	0	0	0	0	0	0.006265016971547219	0.00001875336416059863	0	0.00003245466763005982	0.00003245466763005982	0.00003245466763005982	0	0	0
5.754399373371578e-7	0	0	0	0	0	0	0.019026565910536353	0	0	0	0	0	0	0	0.00748853066623813	0.000020769684329462184	0	0.000032801995234069866	0.000032801995234069866	0.000032801995234069866	0	0	0
6.165950018614835e-7	0	0	0	0	0	0	0.023153362372994746	0	0	0	0	0	0	0	0.008950987969205862	0.000023002794775982234	0	0.000033153039914030156	0.000033153039914030156	0.000033153039914030156	0	0	0
6.606934480075964e-7	0	0	0	0	0	0	0.021346287383751786	0	0	0	0	0	0	0	0.01046715796229365	0.000025266554085235998	0	0.00003320293036208783	0.00003320293036208783	0.00003320293036208783	0	0	0
7.079457843841387e-7	0	0	0	0	0	0	0.019680251089629647	0	0	0	0	0	0	0	0.01224014557773207	0.000027753095289478568	0	0.00003325289588793073	0.00003325289588793073	0.00003325289588793073	0	0	0
7.585775750291852e-7	0	0	0	0	0	0	0.018095575055867567	0	0	0	0	0	0	0	0.015421506569502162	0.000031165039900880496	0	0.00003698039261043569	0.00003698039261043569	0.00003698039261043569	0	0	0
8.128305161640995e-7	0	0	0	0	0	0	0.0166384989252035	0	0	0	0	0	0	0	0.019429741530677065	0.00003499644641049022	0	0.00004112572457541391	0.00004112572457541391	0.00004112572457541391	0	0	0
8.709635899560814e-7	0	0	0	0	0	0	0.019618208525996515	0	0	0	0	0	0	0	0.01998775630950148	0.00003647294902492835	0	0.00004433005293716887	0.00004433005293716887	0.00004433005293716887	0	0	0
9.332543007969924e-7	0	0	0	0	0	0	0.023131540140708316	0	0	0	0	0	0	0	0.020561797060307682	0.00003801174539184819	0	0.00004778404790920088	0.00004778404790920088	0.00004778404790920088	0	0	0
1.e-6	0	0	0	0	0	0	0.024278087033919604	0	0	0	0	0	0	0	0.020076598905331273	0.000040196264919418636	0	0.000050922780423419334	0.000050922780423419334	0.000050922780423419334	0	0	0
1.0715193052376091e-6	0	0	0	0	0	0	0.025481464115278105	0	0	0	0	0	0	0	0.019602850004955697	0.00004250632789460347	0	0.00005426768303470716	0.00005426768303470716	0.00005426768303470716	0	0	0
1.148153621496884e-6	0	0	0	0	0	0	0.028306754220989723	0	0	0	0	0	0	0	0.024195262298018758	0.000044047106039913734	0	0.00005719487261179715	0.00005719487261179715	0.00005719487261179715	0	0	0
1.2302687708123837e-6	0	0	0	0	0	0	0.03144530200080176	0	0	0	0	0	0	0	0.02986355134696874	0.000045643734629396543	0	0.00006027995429595814	0.00006027995429595814	0.00006027995429595814	0	0	0
1.3182567385564101e-6	0	0	0	0	0	0	0.030382241616155166	0	0	0	0	0	0	0	0.029373955677319888	0.00004542655642866911	0	0.00006409026227489958	0.00006409026227489958	0.00006409026227489958	0	0	0
1.4125375446227554e-6	0	0	0	0	0	0	0.02935511974408441	0	0	0	0	0	0	0	0.02889238664579429	0.00004521041158709292	0	0.0000681414205840036	0.0000681414205840036	0.0000681414205840036	0	0	0
1.5135612484362104e-6	0	0	0	0	0	0	0.032553127220035054	0	0	0	0	0	0	0	0.02852240219685202	0.000047437443493263225	0	0.00007065750806813811	0.00007065750806813811	0.00007065750806813811	0	0	0
1.6218100973589331e-6	0	0	0	0	0	0	0.03609953224657959	0	0	0	0	0	0	0	0.028157155622081896	0.000049774177367121805	0	0.00007326650080980262	0.00007326650080980262	0.00007326650080980262	0	0	0
1.7378008287493763e-6	0	0	0	0	0	0	0.033681071739303736	0	0	0	0	0	0	0	0.028164968698055712	0.00004973747440945032	0	0.00007348779193978008	0.00007348779193978008	0.00007348779193978008	0	0	0
1.8620871366628694e-6	0	0	0	0	0	0	0.03142463414094799	0	0	0	0	0	0	0	0.028172783942009862	0.00004970079851615596	0	0.00007370975144839837	0.00007370975144839837	0.00007370975144839837	0	0	0
1.995262314968883e-6	0	0	0	0	0	0	0.02813928359211988	0	0	0	0	0	0	0	0.028328253205687912	0.00004679633558120059	0	0.00007090116712280402	0.00007090116712280402	0.00007090116712280402	0	0	0
2.1379620895022326e-6	0	0	0	0	0	0	0.025197406516372735	0	0	0	0	0	0	0	0.028484580414111574	0.00004406160643709771	0	0.00006819959911131984	0.00006819959911131984	0.00006819959911131984	0	0	0
2.2908676527677747e-6	0	0	0	0	0	0	0.028322420272062002	0	0	0	0	0	0	0	0.030716446164556935	0.00004683069688048961	0	0.00006903174977151077	0.00006903174977151077	0.00006903174977151077	0	0	0
2.4547089156850335e-6	0	0	0	0	0	0	0.03183500212794041	0	0	0	0	0	0	0	0.03312318634374914	0.00004977381325039047	0	0.00006987405407967443	0.00006987405407967443	0.00006987405407967443	0	0	0
2.6302679918953817e-6	0	0	0	0	0	0	0.03169616307816834	0	0	0	0	0	0	0	0.035460357265952785	0.000052203668386969	0	0.00007231495875245893	0.00007231495875245893	0.00007231495875245893	0	0	0
2.8183829312644606e-6	0	0	0	0	0	0	0.03155792953430057	0	0	0	0	0	0	0	0.03796243889037306	0.00005475214405107396	0	0.00007484113135051426	0.00007484113135051426	0.00007484113135051426	0	0	0
3.0199517204020193e-6	0	0	0	0	0	0	0.03652956296034762	0	0	0	0	0	0	0	0.03901430449640892	0.00005700199146812135	0	0.00007696362188354377	0.00007696362188354377	0.00007696362188354377	0	0	0
3.2359365692962877e-6	0.0000521136481077129	8.074690060499315e-6	0	0	0	0	0.042284427076358586	0	0	0	0	0	0	0	0.04009531525975022	0.00005934428847755852	0	0.00007914630613600931	0.00007914630613600931	0.00007914630613600931	0	0	0
3.4673685045253236e-6	0.000054016076215247925	8.645014932222757e-6	0	0	0	0	0.0450421199387299	0	0	0	0	0	0	0	0.039208582512898264	0.00006111711575303429	0	0.0000829679703403663	0.0000829679703403663	0.0000829679703403663	0	0	0
3.7153522909717276e-6	0.000055987953168445036	9.255622521532699e-6	0	0	0	0	0.047979663172714945	0	0	0	0	0	0	0	0.03834146041031335	0.00006294290375361556	0	0.00008697416769609608	0.00008697416769609608	0.00008697416769609608	0	0	0
3.981071705534978e-6	0.00005874756768397348	9.660457805605065e-6	0	0	0	0	0.04537979816237181	0	0	0	0	0	0	0	0.04443501459453311	0.00006599445934921197	0	0.00009108939366727717	0.00009108939366727717	0.00009108939366727717	0	0	0
4.265795188015934e-6	0.00006164320203668692	0.000010083000338092984	0	0	0	0	0.04292081154977129	0	0	0	0	0	0	0	0.05149700874422706	0.00006919395841416975	0	0.0000953993336005741	0.0000953993336005741	0.0000953993336005741	0	0	0
4.570881896148752e-6	0.00006442895238851411	0.000010367888840926744	0	0	0	0	0.04496791206941105	0	0	0	0	0	0	0	0.05377583114952979	0.00007226130899048117	0	0.00009914185162116231	0.00009914185162116231	0.00009914185162116231	0	0	0
4.897788193684467e-6	0.00006734059504908449	0.000010660826679903107	0	0	0	0	0.0471126486864638	0	0	0	0	0	0	0	0.05615549497614127	0.00007546463443762888	0	0.0001030311887085705	0.0001030311887085705	0.0001030311887085705	0	0	0
5.248074602497734e-6	0.00007083743454359914	0.000011528517730141709	0	0	0	0	0.050126987662285134	0	0	0	0	0	0	0	0.055853444194483216	0.00007885033594019906	0	0.00010944243897182768	0.00010944243897182768	0.00010944243897182768	0	0	0
5.623413251903491e-6	0.00007451585672893388	0.00001246683067315381	0	0	0	0	0.053334188634077934	0	0	0	0	0	0	0	0.0555530180922044	0.00008238793607382973	0	0.00011625263765500898	0.00011625263765500898	0.00011625263765500898	0	0	0
6.0255958607435935e-6	0.00007819807095482349	0.00001317574662879832	0	0	0	0	0.0567823861568705	0	0	0	0	0	0	0	0.05775864488303319	0.00008691455977836318	0	0.0001223088846554156	0.0001223088846554156	0.0001223088846554156	0	0	0
6.4565422903465625e-6	0.00008206224244726764	0.000013924974500545953	0	0	0	0	0.06045351884490557	0	0	0	0	0	0	0	0.060051841885301376	0.00009168988885335435	0	0.00012868063527337315	0.00012868063527337315	0.00012868063527337315	0	0	0
6.9183097091893625e-6	0.00008596906836014504	0.000014707112125728857	0	0	0	0	0.06618840750248797	0	0	0	0	0	0	0	0.0619649020080678	0.00009658786533653546	0	0.00013520695846833366	0.00013520695846833366	0.00013520695846833366	0	0	0
7.413102413009192e-6	0.00009006189075884128	0.000015533180837802047	0	0	0	0	0.07246733310851158	0	0	0	0	0	0	0	0.06393890612386516	0.00010174748652154685	0	0.00014206427858722744	0.00014206427858722744	0.00014206427858722744	0	0	0
7.943282347242822e-6	0.00009368506306539628	0.00001602597442364712	0	0	0	0	0.07518917361119107	0	0	0	0	0	0	0	0.06680298631349446	0.0001063480995418234	0	0.0001473383874850457	0.0001473383874850457	0.0001473383874850457	0	0	0
8.511380382023777e-6	0.00009745399488746178	0.000016534401994622856	0	0	0	0	0.0780132452213812	0	0	0	0	0	0	0	0.06979536014825961	0.00011115673382027475	0	0.00015280829665681472	0.00015280829665681472	0.00015280829665681472	0	0	0
9.120108393559115e-6	0.00009950823701383655	0.000016699604719607567	0	0	0	0	0.07850161699028897	0	0	0	0	0	0	0	0.0691231453418981	0.00011354442523915141	0	0.00015541774179908275	0.00015541774179908275	0.00015541774179908275	0	0	0
9.772372209558111e-6	0.00010160578070746493	0.00001686645806009988	0	0	0	0	0.0789930460218958	0	0	0	0	0	0	0	0.06845740478747725	0.0001159834052315206	0	0.00015807174737490957	0.00015807174737490957	0.00015807174737490957	0	0	0
0.000010471285480509006	0.00010480958734593077	0.000017132446767458367	0	0	0	0	0.0805027998851533	0	0	0	0	0	0	0	0.07139065959336367	0.00012018005497678181	0	0.00016217043087900847	0.00016217043087900847	0.00016217043087900847	0	0	0
0.000011220184543019652	0.00010811441556904627	0.000017402630190280433	0	0	0	0	0.08204140890519193	0	0	0	0	0	0	0	0.0744495981551992	0.0001245285529028162	0	0.0001663753902150992	0.0001663753902150992	0.0001663753902150992	0	0	0
0.000012022644346174132	0.00011362835286303829	0.000018247134687736695	0	0	0	0	0.08447535078420695	0	0	0	0	0	0	0	0.07728295836035519	0.00013111779087215359	0	0.00017471668775898474	0.00017471668775898474	0.00017471668775898474	0	0	0
0.000012882495516931348	0.00011942350616621814	0.0000191326207976518	0	0	0	0	0.08698150099252111	0	0	0	0	0	0	0	0.08022414896689753	0.0001380556882935151	0	0.0001834761796321248	0.0001834761796321248	0.0001834761796321248	0	0	0
0.000013803842646028866	0.00012402908744279265	0.00002014538334765696	0	0	0	0	0.0871612590454569	0	0	0	0	0	0	0	0.08302731389112081	0.00014261472349363555	0	0.00019147642552274025	0.00019147642552274025	0.00019147642552274025	0	0	0
0.000014791083881682102	0.0001288122834920026	0.000021211755279959327	0	0	0	0	0.08734138859068935	0	0	0	0	0	0	0	0.08592842605060359	0.0001473243124464679	0	0.00019982551197913557	0.00019982551197913557	0.00019982551197913557	0	0	0
0.00001584893192461114	0.00013224921743628168	0.000021755727251489476	0	0	0	0	0.09137981063973799	0	0	0	0	0	0	0	0.0893536670059453	0.00015086825132798652	0	0.00020508355732757605	0.00020508355732757605	0.00020508355732757605	0	0	0
0.00001698243652461746	0.00013577785470742637	0.000022313649294661773	0	0	0	0	0.09560495805358127	0	0	0	0	0	0	0	0.09291544340294948	0.00015449744092330402	0	0.00021047995858769418	0.00021047995858769418	0.00021047995858769418	0	0	0
0.000018197008586099864	0.00013986138530509788	0.00002279351103864914	0	0	0	0	0.10014869659507607	0	0	0	0	0	0	0	0.0966649797343839	0.00015933801742992087	0	0.00021617160140352307	0.00021617160140352307	0.00021617160140352307	0	0	0
0.000019498445997580493	0.00014406772843488799	0.000023283692353868583	0	0	0	0	0.10490838167693699	0	0	0	0	0	0	0	0.10056582592547027	0.00016433025457749425	0	0.0002220171533998775	0.0002220171533998775	0.0002220171533998775	0	0	0
0.00002089296130854041	0.00014943827027198337	0.00002382020720405764	0	0	0	0	0.10767163072997037	0	0	0	0	0	0	0	0.10451311134245042	0.0001708613848940776	0	0.0002291885180112475	0.0002291885180112475	0.0002291885180112475	0	0	0
0.000022387211385683423	0.00015500901461062104	0.0000243690847061879	0	0	0	0	0.11050766276952133	0	0	0	0	0	0	0	0.1086153307245207	0.00017765208800400996	0	0.0002365915245007426	0.0002365915245007426	0.0002365915245007426	0	0	0
0.000023988329190194948	0.00016006988203695187	0.000025078961260398004	0	0	0	0	0.11393177582234573	0	0	0	0	0	0	0	0.11490457320027125	0.00018335703658906474	0	0.0002440283865464342	0.0002440283865464342	0.0002440283865464342	0	0	0
0.000025703957827688645	0.00016529598100914692	0.0000258095166676835	0	0	0	0	0.11746198604440493	0	0	0	0	0	0	0	0.12155798683542446	0.00018924518841548826	0	0.0002516990140120984	0.0002516990140120984	0.0002516990140120984	0	0	0
0.00002754228703338169	0.00017138878730864993	0.00002676417604130643	0	0	0	0	0.12455953684351281	0	0	0	0	0	0	0	0.1260072281581765	0.00019639574194934228	0	0.0002609853529446431	0.0002609853529446431	0.0002609853529446431	0	0	0
0.0000295120922666639	0.00017770617431711323	0.000027754146983579874	0	0	0	0	0.1320859517291426	0	0	0	0	0	0	0	0.13061931972930368	0.00020381647628022883	0	0.00027061430780323225	0.00027061430780323225	0.00027061430780323225	0	0	0
0.000031622776601683856	0.00018441919359113722	0.00002905938281291266	0	0	0	0	0.13638624980374875	0	0	0	0	0	0	0	0.13399309958511854	0.00021096514982982189	0	0.0002816923322853127	0.0002816923322853127	0.0002816923322853127	0	0	0
0.000033884415613920276	0.00019138580353496336	0.00003042600192205494	0	0	0	0	0.14082655189307608	0	0	0	0	0	0	0	0.1374540211481399	0.00021836455646268157	0	0.0002932238532119121	0.0002932238532119121	0.0002932238532119121	0	0	0
0.000036307805477010174	0.00019760271207908608	0.00003176644332816134	0	0	0	0	0.14362757664096548	0	0	0	0	0	0	0	0.14357383903670123	0.00022478763992419664	0	0.0003039116965296011	0.0003039116965296011	0.0003039116965296011	0	0	0
0.00003890451449942813	0.00020402156847478323	0.00003316593893296919	0	0	0	0	0.1464843134653965	0	0	0	0	0	0	0	0.14996612746250965	0.0002313996551511121	0	0.0003149891056808041	0.0003149891056808041	0.0003149891056808041	0	0	0
0.00004168693834703355	0.0002105588185064475	0.00003442015248511864	0	0	0	0	0.15146268469277932	0	0	0	0	0	0	0	0.15406225883409466	0.00023833110321877846	0	0.0003256657563088006	0.0003256657563088006	0.0003256657563088006	0	0	0
0.00004466835921509635	0.0002173055348131518	0.00003572179577045219	0	0	0	0	0.1566102493272322	0	0	0	0	0	0	0	0.1582702707516209	0.0002454701789610974	0	0.00033670429522618893	0.00033670429522618893	0.00033670429522618893	0	0	0
0.0000478630092322639	0.00022441141329581187	0.00003674507735785277	0	0	0	0	0.16084357820935896	0	0	0	0	0	0	0	0.16376690517264367	0.0002537638433388651	0	0.00034706069432485483	0.00034706069432485483	0.00034706069432485483	0	0	0
0.00005128613839913659	0.00023174965359591722	0.00003779767172711439	0	0	0	0	0.16519133812969103	0	0	0	0	0	0	0	0.1694544345091469	0.0002623377245197562	0	0.0003577356370352625	0.0003577356370352625	0.0003577356370352625	0	0	0
0.00005495408738576248	0.00023982685016072852	0.000038748354932995025	0	0	0	0	0.17134682366016155	0	0	0	0	0	0	0	0.17470944767892493	0.00027218712763717764	0	0.00036849062326072885	0.00036849062326072885	0.00036849062326072885	0	0	0
0.00005888436553555896	0.00024818556215969314	0.000039722949626452835	0	0	0	0	0.17773167958344402	0	0	0	0	0	0	0	0.18012742597555031	0.0002824063240885447	0	0.0003795689480544997	0.0003795689480544997	0.0003795689480544997	0	0	0
0.00006309573444801943	0.0002570495385293545	0.000041341872863672864	0	0	0	0	0.18411301299860194	0	0	0	0	0	0	0	0.1857516888279744	0.000292394158693789	0	0.0003923896237970143	0.0003923896237970143	0.0003923896237970143	0	0	0
0.00006760829753919819	0.00026623009285141005	0.00004302677590533008	0	0	0	0	0.1907234637903074	0	0	0	0	0	0	0	0.1915515625428866	0.00030273523198950594	0	0.0004056433426726352	0.0004056433426726352	0.0004056433426726352	0	0	0
0.00007244359600749906	0.00027652668012609734	0.000045678009533763046	0	0	0	0	0.1972796194679369	0	0	0	0	0	0	0	0.19722305958347408	0.00031294502135843197	0	0.00042062950105356897	0.00042062950105356897	0.00042062950105356897	0	0	0
0.00007762471166286927	0.00028722149326762926	0.00004849260747673383	0	0	0	0	0.20406114425545624	0	0	0	0	0	0	0	0.20306247944470926	0.0003234991373466062	0	0.00043616931068276394	0.00043616931068276394	0.00043616931068276394	0	0	0
0.00008317637711026725	0.0002998510354892051	0.00005280186190489595	0	0	0	0	0.21081961740116856	0	0	0	0	0	0	0	0.21003802268216812	0.0003345295872261622	0	0.0004512131665723998	0.0004512131665723998	0.0004512131665723998	0	0	0
0.00008912509381337459	0.0003130359168496186	0.00005749405457236715	0	0	0	0	0.21780193011922178	0	0	0	0	0	0	0	0.21725318775223187	0.0003459361457579509	0	0.0004667758980327957	0.0004667758980327957	0.0004667758980327957	0	0	0
0.00009549925860214369	0.0003308900417486908	0.00006665889690077827	0	0	0	0	0.22510544873857383	0	0	0	0	0	0	0	0.22410533968534121	0.0003572727391758117	0	0.0004813956304658941	0.0004813956304658941	0.0004813956304658941	0	0	0
0.00010232929922807557	0.00034976248358442634	0.00007728466132851588	0	0	0	0	0.23265387512432736	0	0	0	0	0	0	0	0.23117360806120738	0.00036898084147442533	0	0.0004964732626691331	0.0004964732626691331	0.0004964732626691331	0	0	0
0.00010964781961431851	0.00035144256912894936	0.0000692241179369768	0	0	0	0	0.2405413094243815	0	0	0	0	0	0	0	0.23809708007899857	0.00038131097827380804	0	0.0005136023605548395	0.0005136023605548395	0.0005136023605548395	0	0	0
0.00011748975549395303	0.0003531307249713721	0.00006200426348228514	0	0	0	0	0.24869614361108852	0	0	0	0	0	0	0	0.2452279047664263	0.0003940531480472706	0	0.0005313224388949618	0.0005313224388949618	0.0005313224388949618	0	0	0
0.00012589254117941688	0.00036188560844645207	0.00006143003659417302	0	0	0	0	0.2557435809171004	0	0	0	0	0	0	0	0.25245553985060204	0.00040660624991509947	0	0.0005488228123535001	0.0005488228123535001	0.0005488228123535001	0	0	0
0.0001348962882591656	0.00037085754464235643	0.00006086112767131866	0	0	0	0	0.2629907252706798	0	0	0	0	0	0	0	0.25989619599761155	0.00041955924800830976	0	0.0005668996024072509	0.0005668996024072509	0.0005668996024072509	0	0	0
0.0001445439770745928	0.0003817717787504992	0.00006183594786554001	0	0	0	0	0.26984399423047156	0	0	0	0	0	0	0	0.2676167612986608	0.000432915222756202	0	0.0005838528310942888	0.0005838528310942888	0.0005838528310942888	0	0	0
0.00015488166189124827	0.00039300721572450777	0.0000628263818751377	0	0	0	0	0.2768758523606103	0	0	0	0	0	0	0	0.2755666763535174	0.0004466963628706365	0	0.0006013130489584107	0.0006013130489584107	0.0006013130489584107	0	0	0
0.00016595869074375631	0.00040452762266425383	0.00006439439778115158	0	0	0	0	0.28420415207594923	0	0	0	0	0	0	0	0.2847066275400778	0.0004598609501557393	0	0.0006188053100652307	0.0006188053100652307	0.0006188053100652307	0	0	0
0.00017782794100389227	0.0004163857327573947	0.00006600154810503447	0	0	0	0	0.29172641589563203	0	0	0	0	0	0	0	0.2941497311571058	0.00047341351095661697	0	0.0006368064229243249	0.0006368064229243249	0.0006368064229243249	0	0	0
0.00019054607179632481	0.00042955695809183405	0.00006801446903355893	0	0	0	0	0.29944132894223796	0	0	0	0	0	0	0	0.30261552741622805	0.0004884682963939211	0	0.0006568964811860374	0.0006568964811860374	0.0006568964811860374	0	0	0
0.00020417379446695317	0.00044314481916367496	0.00007008878019884044	0	0	0	0	0.30736026836449515	0	0	0	0	0	0	0	0.3113249740979405	0.0005040018315063361	0	0.000677620343420873	0.000677620343420873	0.000677620343420873	0	0	0
0.00021877616239495564	0.00045688289324911056	0.00007191190706177684	0	0	0	0	0.3162898027782972	0	0	0	0	0	0	0	0.32027880854708746	0.0005202238738456142	0	0.0006974856924087502	0.0006974856924087502	0.0006974856924087502	0	0	0
0.00023442288153199226	0.00047104686575739826	0.00007378245651573195	0	0	0	0	0.32547876104434864	0	0	0	0	0	0	0	0.32949015896190725	0.000536968046544759	0	0.0007179334207396365	0.0007179334207396365	0.0007179334207396365	0	0	0
0.0002511886431509582	0.00048499636919795543	0.00007558589626914755	0	0	0	0	0.3338156751269406	0	0	0	0	0	0	0	0.3382361772096347	0.0005531301069224792	0	0.0007378549177965663	0.0007378549177965663	0.0007378549177965663	0	0	0
0.00026915348039269194	0.0004993589709104323	0.00007743341689351526	0	0	0	0	0.3423661335163793	0	0	0	0	0	0	0	0.34721435060102585	0.0005697786249159424	0	0.000758329204337205	0.000758329204337205	0.000758329204337205	0	0	0
0.00028840315031266115	0.0005141404041196522	0.00007959173007878823	0	0	0	0	0.35123009844928055	0	0	0	0	0	0	0	0.3549535972246432	0.0005865196118067814	0	0.0007801065444839366	0.0007801065444839366	0.0007801065444839366	0	0	0
0.0003090295432513592	0.0005293593798192366	0.00008181020224958164	0	0	0	0	0.36032355417183565	0	0	0	0	0	0	0	0.36286534806128407	0.0006037524750682371	0	0.0008025092760057483	0.0008025092760057483	0.0008025092760057483	0	0	0
0.0003311311214825914	0.0005445398292389438	0.00008405298293002499	0	0	0	0	0.3694627164289511	0	0	0	0	0	0	0	0.37126671604788714	0.00062106277265943	0	0.0008245235517326729	0.0008245235517326729	0.0008245235517326729	0	0	0
0.000354813389233576	0.0005601556087073271	0.00008635724818136832	0	0	0	0	0.37883368225759184	0	0	0	0	0	0	0	0.3798625996707259	0.0006388693769575412	0	0.0008471417187170201	0.0008471417187170201	0.0008471417187170201	0	0	0
0.00038018939632056124	0.0005757794926482888	0.00008888878102677949	0	0	0	0	0.38741353767768344	0	0	0	0	0	0	0	0.3885364331045929	0.0006560977839843665	0	0.000869286298939287	0.000869286298939287	0.000869286298939287	0	0	0
0.00040738027780411304	0.0005918391586212552	0.00009149452488148489	0	0	0	0	0.3961877103469467	0	0	0	0	0	0	0	0.39740832601181686	0.000673790789909476	0	0.0008920097462181365	0.0008920097462181365	0.0008920097462181365	0	0	0
0.00043651583224016654	0.0006078874499483339	0.00009489624662203884	0	0	0	0	0.4039937350430765	0	0	0	0	0	0	0	0.4047634737947942	0.0006902017873152754	0	0.0009138048156248032	0.0009138048156248032	0.0009138048156248032	0	0	0
0.00046773514128719906	0.00062437090621975	0.00009842444271518547	0	0	0	0	0.41195356062693017	0	0	0	0	0	0	0	0.41225474907024856	0.0007070124946011828	0	0.0009361324185070913	0.0009361324185070913	0.0009361324185070913	0	0	0
0.0005011872336272725	0.0006400579175298896	0.0001011026698406389	0	0	0	0	0.420243911886947	0	0	0	0	0	0	0	0.4208247444814709	0.0007239837334215202	0	0.0009576616904164912	0.0009576616904164912	0.0009576616904164912	0	0	0
0.0005370317963702533	0.0006561390572681678	0.00010385377419391954	0	0	0	0	0.42870110215646234	0	0	0	0	0	0	0	0.42957289386548336	0.0007413623525205592	0	0.0009796860947876935	0.0009796860947876935	0.0009796860947876935	0	0	0
0.0005754399373371578	0.0006729811364100601	0.00010738650896863912	0	0	0	0	0.43643377414551027	0	0	0	0	0	0	0	0.4370294429238567	0.0007585505247001119	0	0.0010011092932332496	0.0010011092932332496	0.0010011092932332496	0	0	0
0.0006165950018614823	0.0006902555257866182	0.00011103941477311068	0	0	0	0	0.4443059237701165	0	0	0	0	0	0	0	0.44461542315597025	0.0007761371973725337	0	0.0010230009615632713	0.0010230009615632713	0.0010230009615632713	0	0	0
0.0006606934480075965	0.0007045675417069379	0.00011234454934307025	0.0006960202103686161	0.00010380909803509757	0	0	0.4519782499337352	0	0	0	0	0	0	0	0.4513828644816614	0.0007926872493374648	0	0.0010435573993587443	0.0010435573993587443	0.0010435573993587443	0	0	0
0.0007079457843841388	0.0007191763083116801	0.00011366502419782136	0.0007110791033681466	0.00010557531688335074	0	0	0.45978306271437075	0	0	0	0	0	0	0	0.45825331227026744	0.000809590208263909	0	0.00106452690336893	0.00106452690336893	0.00106452690336893	0	0	0
0.0007585775750291852	0.000731616276994446	0.00011357884966196718	0.0007251374444669135	0.00010712601092972263	0	0	0.46514191475470135	0	0	0	0	0	0	0	0.46428922245513576	0.0008254817141057893	0	0.0010837796935386232	0.0010837796935386232	0.0010837796935386232	0	0	0
0.0008128305161640995	0.0007442714263207352	0.0001134927404588812	0.000739473725043179	0.00010869948162594473	0	0	0.47056322515315624	0	0	0	0	0	0	0	0.4704046349824525	0.0008416851554865955	0	0.0011033806852691682	0.0011033806852691682	0.0011033806852691682	0	0	0
0.0008709635899560814	0.0007577069433391065	0.00011511109512925018	0.0007526176042662416	0.00011002546905910494	0	0	0.47536062548606084	0	0	0	0	0	0	0	0.4755526152980757	0.000856701438948865	0	0.0011209674717469647	0.0011209674717469647	0.0011209674717469647	0	0	0
0.0009332543007969925	0.0007713849970331668	0.00011675252679845193	0.0007659951112101806	0.00011136763175498583	0	0	0.48020693539949333	0	0	0	0	0	0	0	0.48075693370937045	0.000871985623974502	0	0.0011388345740420893	0.0011388345740420893	0.0011388345740420893	0	0	0
0.001	0.0007838889035696499	0.0001185574610968121	0.0007776615817601743	0.0001123331838712864	0	0	0.48359774449818027	0	0	0	0	0	0	0	0.4848652066307754	0.0008854165929240085	0	0.0011537388722248844	0.0011537388722248844	0.0011537388722248844	0	0	0
0.001071519305237607	0.0007965954944716232	0.00012039029875547395	0.0007895057382158637	0.00011330710727890923	0	0	0.4870124965795609	0	0	0	0	0	0	0	0.48900858649544693	0.0008990544356131295	0	0.001168838227801776	0.001168838227801776	0.001168838227801776	0	0	0
0.001148153621496884	0.0008068196519133121	0.00012127008032270089	0.0007996010493142146	0.00011405782162977682	0	0	0.4902056122050563	0	0	0	0	0	0	0	0.4910950890315861	0.0009104733558472056	0	0.001181451611569906	0.001181451611569906	0.001181451611569906	0	0	0
0.0012302687708123836	0.0008171750345453492	0.0001221562911090097	0.0008098254478925411	0.00011481350982606448	0	0	0.49341966361242445	0	0	0	0	0	0	0	0.49319049425973016	0.0009220373081662669	0	0.0011942011112232784	0.0011942011112232784	0.0011942011112232784	0	0	0
0.0013182567385564075	0.000825748379272259	0.0001230975977088257	0.0008179334257878882	0.00011528814542622916	0	0	0.49485644045224736	0	0	0	0	0	0	0	0.4944914894054919	0.0009309747435516331	0	0.001203902553309976	0.001203902553309976	0.001203902553309976	0	0	0
0.0014125375446227555	0.0008344116707507213	0.00012404615778782656	0.0008261225808131013	0.00011576474315570501	0	0	0.4962974010079615	0	0	0	0	0	0	0	0.49579591646729687	0.0009399988107365602	0	0.0012136828078995914	0.0012136828078995914	0.0012136828078995914	0	0	0
0.0015135612484362103	0.0008392193293959326	0.00012322055082990125	0.0008317678247861471	0.00011578412471571829	0	0	0.49665601273995824	0	0	0	0	0	0	0	0.4958530058736248	0.000946157997775209	0	0.0012193987716041224	0.0012193987716041224	0.0012193987716041224	0	0	0
0.0016218100973589332	0.0008440546884945992	0.00012240043881725358	0.0008374516450918771	0.0001158035095206303	0	0	0.4970148835955653	0	0	0	0	0	0	0	0.4959101018536257	0.0009523575418702113	0	0.0012251416552261623	0.0012251416552261623	0.0012251416552261623	0	0	0
0.0017378008287493763	0.0008471139663390904	0.00012202356146635177	0.0008404863646369392	0.00011540193495086647	0	0	0.49525244407431523	0	0	0	0	0	0	0	0.4942643250584732	0.0009555164504869718	0	0.0012268386272401247	0.0012268386272401247	0.0012268386272401247	0	0	0
0.0018620871366628695	0.0008501843325420212	0.00012164784454051807	0.0008435320812619751	0.00011500175293073877	0	0	0.49349625425135024	0	0	0	0	0	0	0	0.4926240101025712	0.0009586858370001189	0	0.0012285379497692307	0.0012285379497692307	0.0012285379497692307	0	0	0
0.001995262314968883	0.0008503306845741033	0.00012092311132990202	0.000843529693329007	0.00011412723868818854	0	0	0.49033917661337356	0	0	0	0	0	0	0	0.48943057213657354	0.0009584534398611208	0	0.0012256154959876132	0.0012256154959876132	0.0012256154959876132	0	0	0
0.0021379620895022326	0.0008504770617994477	0.0001202026958137634	0.0008435273054027983	0.00011325937456305763	0	0	0.4872022959660048	0	0	0	0	0	0	0	0.4862578356504743	0.0009582210990580238	0	0.0012226999941573834	0.0012226999941573834	0.0012226999941573834	0	0	0
0.0022908676527677745	0.0008482455236556719	0.00012018535243962	0.0008400048691545741	0.0001119491741947612	0	0	0.48244658901623094	0	0	0	0	0	0	0	0.4815648134883481	0.000953921375204601	0	0.001214798428802866	0.001214798428802866	0.001214798428802866	0	0	0
0.0024547089156850338	0.0008460198407697421	0.00012016801156785501	0.0008364971420414843	0.00011065413040852897	0	0	0.4777373037454591	0	0	0	0	0	0	0	0.4769170851094779	0.0009496409450457507	0	0.0012069479264526458	0.0012069479264526458	0.0012069479264526458	0	0	0
0.002630267991895387	0.0008381965868469907	0.00011747084843615018	0.0008296947319394246	0.00010898605707865334	0	0	0.47181793311597214	0	0	0	0	0	0	0	0.47102901337647063	0.0009416611570541066	0	0.0011945673487394643	0.0011945673487394643	0.0011945673487394643	0	0	0
0.002818382931264455	0.0008304456755561618	0.00011483422295389237	0.0008229476391610843	0.00010734312938612149	0	0	0.4659719060340261	0	0	0	0	0	0	0	0.46521363643636465	0.0009337484228439194	0	0.0011823137679754906	0.0011823137679754906	0.0011823137679754906	0	0	0
0.003019951720402019	0.0008203170252152529	0.00011292808887855296	0.000812698673993476	0.00010531551238843981	0	0	0.45862797450550163	0	0	0	0	0	0	0	0.4580036878865662	0.0009217154557170528	0	0.0011652819486515544	0.0011652819486515544	0.0011652819486515544	0	0	0
0.0032359365692962876	0.0008103119104176653	0.00011105359473615085	0.0008025773491300714	0.0001033261952867347	0	0	0.4513997867151666	0	0	0	0	0	0	0	0.45090548016725795	0.0009098375542313524	0	0.0011484954811769657	0.0011484954811769657	0.0011484954811769657	0	0	0
0.0034673685045253167	0.0007954903174705383	0.00010769740100690852	0.0007886650981774125	0.00010088543024873571	0	0	0.4427604527483551	0	0	0	0	0	0	0	0.4424677695761948	0.0008936850724020359	0	0.0011264168450972232	0.0011264168450972232	0.0011264168450972232	0	0	0
0.003715352290971728	0.0007809398295320694	0.00010444263610916835	0.0007749940086863618	0.00009850232081253427	0	0	0.4342864668689522	0	0	0	0	0	0	0	0.43418795229792095	0.0008778193479922522	0	0.001104762647928325	0.001104762647928325	0.001104762647928325	0	0	0
0.003981071705534978	0.0007645974314499914	0.00010243195724573467	0.0007579209034502271	0.00009575983690948541	0	0	0.42494945298975506	0	0	0	0	0	0	0	0.4245072236805059	0.0008581404235851221	0	0.0010785121855676888	0.0010785121855676888	0.0010785121855676888	0	0	0
0.004265795188015935	0.0007485970238324451	0.00010045998699443933	0.0007412239184410062	0.00009309370875010278	0	0	0.4158131817881016	0	0	0	0	0	0	0	0.41504233823899656	0.0008389026606387268	0	0.001052885465126133	0.001052885465126133	0.001052885465126133	0	0	0
0.004570881896148752	0.0007293358753035551	0.00009800324807157105	0.0007214440956526137	0.00009011734523233497	0	0	0.4052370178861294	0	0	0	0	0	0	0	0.4043800660904452	0.0008163228755028853	0	0.0010231444497421033	0.0010231444497421033	0.0010231444497421033	0	0	0
0.004897788193684466	0.0007105703096194274	0.00009560658845306764	0.0007021921044408968	0.00008723614109653657	0	0	0.39492985758428445	0	0	0	0	0	0	0	0.39399170346122653	0.0007943508446640587	0	0.0009942435333293016	0.0009942435333293016	0.0009942435333293016	0	0	0
0.005248074602497733	0.0006882754059493327	0.0000922450996562549	0.0006800896665128211	0.00008406654323736059	0	0	0.3836393504256699	0	0	0	0	0	0	0	0.3828571970900733	0.0007691548829400573	0	0.0009615323489059865	0.0009615323489059865	0.0009615323489059865	0	0	0
0.005623413251903491	0.0006666800287341582	0.00008900179943947562	0.0006586829324516435	0.00008101210809013664	0	0	0.3726716235011927	0	0	0	0	0	0	0	0.3720373603706926	0.0007447581102538255	0	0.0009298973812751445	0.0009298973812751445	0.0009298973812751445	0	0	0
0.0060255958607435805	0.0006433959747661493	0.00008646874496320241	0.0006346439723554474	0.00007772628167284258	0	0	0.3608324713250919	0	0	0	0	0	0	0	0.3601756560656557	0.0007173436426820393	0	0.0008948596945317052	0.0008948596945317052	0.0008948596945317052	0	0	0
0.006456542290346563	0.0006209251252527785	0.00008400778301786874	0.0006114823260228795	0.00007457372737374322	0	0	0.34936942914881336	0	0	0	0	0	0	0	0.34869213966325274	0.0006909382987732215	0	0.0008611421959262818	0.0008611421959262818	0.0008611421959262818	4.204015694210884e-11	4.204015694210884e-11	4.204015694210884e-11
0.006918309709189377	0.0005960598581601945	0.00008082035941030061	0.000586484275865233	0.00007125327976705061	0	0	0.3372204434837018	0	0	0	0	0	0	0	0.33657405504405125	0.0006626003528602184	0	0.0008250290936221945	0.0008250290936221945	0.0008250290936221945	3.923415727240354e-11	3.923415727240354e-11	3.923415727240354e-11
0.007413102413009177	0.0005721903335209928	0.00007775387304079681	0.0005625081726798714	0.00006808067742298702	0	0	0.325493927102897	0	0	0	0	0	0	0	0.3248771097570411	0.000635424651361796	0	0.0007904304405742186	0.0007904304405742186	0.0007904304405742186	3.66154460126162e-11	3.66154460126162e-11	3.66154460126162e-11
0.00794328234724282	0.0005470016564904835	0.0000747597998666386	0.0005370069187765168	0.00006477533013440262	0	0	0.31296598159878	0	0	0	0	0	0	0	0.31238860981433236	0.0006066168950450306	0	0.0007538643380190978	0.0007538643380190978	0.0007538643380190978	3.417152246687409e-11	3.417152246687409e-11	3.417152246687409e-11
0.008511380382023776	0.0005229218228174686	0.00007188101965245306	0.0005126617617660213	0.00006163045893259797	0	0	0.30092022456420237	0.3012510052963478	0	0	0	0	0	0	0.3003801764141253	0.0005791151737116855	0	0.0007189898199316754	0.0007189898199316754	0.0007189898199316754	3.1890720306991225e-11	3.1890720306991225e-11	3.1890720306991225e-11
0.009120108393559097	0.0004967699254912932	0.00006802456146872297	0.0004871145408712042	0.00005837838056739636	0	0	0.28844029069586724	0.2885901206072964	0	0	0	0	0	0	0.28776801948635927	0.000550327258572692	0	0.0006825558736737589	0.0006825558736737589	0.0006825558736737589	2.9762151882013546e-11	2.9762151882013546e-11	2.9762151882013546e-11
0.009772372209558112	0.00047192591340515874	0.0000643750044919423	0.0004628404020435961	0.00005529790588447419	0	0	0.276477931708328	0.276461343689808	0	0	0	0	0	0	0.27568541315766865	0.0005229703956590058	0	0.0006479681739177052	0.0006479681739177052	0.0006479681739177052	2.7775656244862386e-11	2.7775656244862386e-11	2.7775656244862386e-11
0.010471285480509006	0.00044599050352244407	0.0000604184575253235	0.00043771878373307125	0.00005215584920192584	0	0	0.26407272810390287	0.2639899902531012	0	0	0	0	0	0	0.26337714104828897	0.0004946082330516816	0	0.0006123279489081859	0.0006123279489081859	0.0006123279489081859	2.5921750647976607e-11	2.5921750647976607e-11	2.5921750647976607e-11
0.011220184543019653	0.0004214804137306115	0.000056705083573178366	0.0004139606931175209	0.00004919232586595611	0.0004212718040691133	0.00005649666707436709	0.2522241297790253	0.25208122779011755	0	0	0	0	0	0	0.2516183849999273	0.00046778423068142145	0	0.0005786480449296351	0.0005786480449296351	0.0005786480449296351	2.4191585276411345e-11	2.4191585276411345e-11	2.4191585276411345e-11
0.012022644346174132	0.000397670703366412	0.00005412250100343258	0.0003897465109395581	0.00004620967917582641	0.0003965234368550377	0.00005298004160788074	0.2399414514810061	0.23994404045069714	0	0	0	0	0	0	0.2394702512310899	0.0004405627452960114	0	0.0005444487666580414	0.0005444487666580414	0.0005444487666580414	2.2576901002308085e-11	2.2576901002308085e-11	2.2576901002308085e-11
0.01288249551693135	0.000375206019459335	0.00005165753985859735	0.0003669487111097155	0.000043407877386228124	0.00037322895683171734	0.00004968230789752678	0.2282569086044659	0.22839123346281462	0	0	0	0	0	0	0.22790862927086109	0.0004149253433789733	0	0.0005122707354027399	0.0005122707354027399	0.0005122707354027399	2.1069989959071907e-11	2.1069989959071907e-11	2.1069989959071907e-11
0.013803842646028866	0.00035113304120750204	0.00004787466451844754	0.00034385539145460805	0.00004060631529449909	0.00035045674509217916	0.000047197918625097915	0.21641120012668005	0.2165843067254495	0	0	0	0	0	0	0.21613814781654728	0.00038916652748549515	0	0.0004797984166083064	0.0004797984166083064	0.0004797984166083064	1.9663658747053263e-11	1.9663658747053263e-11	1.9663658747053263e-11
0.014791083881682071	0.00032860456984484	0.00004436880867783816	0.0003222154122706537	0.000037985567161581754	0.00032907395831021323	0.00004483776251167794	0.20518024110028507	0.20538775157226474	0	0	0	0	0	0	0.2049755601225956	0.00036500683443862586	0	0.00044938448494203596	0.00044938448494203596	0.00044938448494203596	1.8351194095091857e-11	1.8351194095091857e-11	1.8351194095091857e-11
0.01584893192461114	0.0003066134261315393	0.00004152493220522334	0.0003004668289788275	0.00003538422382576861	0.00030656391989476343	0.00004147447690839721	0.19399730967664833	0.19402066857394662	0	0	0	0	0	0	0.19374412566715601	0.00034058391779553227	0	0.00041892710405598533	0.00041892710405598533	0.00041892710405598533	1.712633081400481e-11	1.712633081400481e-11	1.712633081400481e-11
0.01698243652461746	0.00028609399171932197	0.00003886333769222157	0.0002801862104620827	0.00003296102676119566	0.00028559366248194	0.000038363471736065506	0.1834238811688632	0.1832826911328077	0	0	0	0	0	0	0.1831281066292979	0.0003177951592039531	0	0.0003905339957060853	0.0003905339957060853	0.0003905339957060853	1.5983221889042013e-11	1.5983221889042013e-11	1.5983221889042013e-11
0.018197008586099864	0.00026549378385057706	0.00003600723469820898	0.0002600663990513774	0.00003058492732321619	0.00026547108053550836	0.000035982918805330296	0.17266306665968495	0.17252750443611778	0	0	0	0	0	0	0.17253065390964734	0.0002952131425390063	0	0.00036245941994202905	0.00036245941994202905	0.00036245941994202905	1.491641056854106e-11	1.491641056854106e-11	1.491641056854106e-11
0.019498445997580455	0.0002463768946691118	0.00003336102938146262	0.00024139136542090242	0.000028380116497696306	0.0002467663112277471	0.0000337500853587706	0.16253355014814527	0.16240344138872478	0	0	0	0	0	0	0.16254646589421076	0.0002742357679269262	0	0.0003364030597827554	0.0003364030597827554	0.0003364030597827554	1.3920804315544655e-11	1.3920804315544655e-11	1.3920804315544655e-11
0.02089296130854041	0.00022774800993207212	0.00003097518621376258	0.00022299145351271064	0.000026223383579181106	0.00022836170824299358	0.000031586345357006473	0.1524341892607924	0.15239213304959714	0	0	0	0	0	0	0.1525687374351052	0.0002540165548465558	0	0.00031078278309750915	0.00031078278309750915	0.00031078278309750915	1.2991650498035354e-11	1.2991650498035354e-11	1.2991650498035354e-11
0.022387211385683423	0.00021052767995018525	0.000028759968704994536	0.0002059940638432033	0.000024230550512246317	0.0002113297780892319	0.00002956132413907551	0.142962373211044	0.14299796861951503	0	0	0	0	0	0	0.14320348039859235	0.00023528809033147987	0	0.0002871137329494192	0.0002871137329494192	0.0002871137329494192	1.2124513701742859e-11	1.2124513701742859e-11	1.2124513701742859e-11
0.02398832919019495	0.00019366627405229393	0.00002663973963636151	0.0001893064872206948	0.000022284717819143866	0.00019448674529429843	0.000027458810869103495	0.133708732004542	0.13374419854815914	0	0	0	0	0	0	0.13385386185702167	0.00021705901969737423	0	0.00026391186261374446	0.00026391186261374446	0.00026391186261374446	1.131525455722356e-11	1.131525455722356e-11	1.131525455722356e-11
0.025703957827688646	0.00017815531769586345	0.000024675817111368693	0.00017397077097870754	0.00002049514508669045	0.00017898610615678671	0.000025505836301444468	0.12505405871984632	0.125089263980274	0	0	0	0	0	0	0.1251146709854323	0.0002002422560598328	0	0.00024258495235588866	0.00024258495235588866	0.00024258495235588866	1.056000998014166e-11	1.056000998014166e-11	1.056000998014166e-11
0.02754228703338169	0.00016262037913331056	0.000022333586714405037	0.00015902356514805604	0.00001874103606017429	0.00016381954959771873	0.00002353170508912089	0.11647601035407884	0.11661629893089208	0	0	0	0	0	0	0.11661814951119982	0.00018429298353350474	0	0.00022176529752181203	0.00022176529752181203	0.00022176529752181203	9.855174730426343e-12	9.855174730426343e-12	9.855174730426343e-12
0.0295120922666639	0.00014844006932539472	0.000020213681001065893	0.00014536059207033778	0.000017137055196395742	0.00014993814551667565	0.0000217103700446003	0.10848637082940545	0.10871725313280076	0	0	0	0	0	0	0.10869862573510704	0.00016961406871850352	0	0.00020273247251044525	0.00020273247251044525	0.00020273247251044525	9.197384202276209e-12	9.197384202276209e-12	9.197384202276209e-12
0.03162277660168379	0.00013543639329080905	0.00001893570227307862	0.00013205528174087714	0.000015565376043963198	0.0001361645808973536	0.000019670809930746666	0.10074360329332467	0.10101804774533814	0	0	0	0	0	0	0.10095663155631318	0.0001557983576777767	0	0.00018416545444115584	0.00018416545444115584	0.00018416545444115584	8.583498362856587e-12	8.583498362856587e-12	8.583498362856587e-12
0.03388441561392028	0.0001235718678318119	0.0000177385217742264	0.00011996784814431767	0.000014137839238618973	0.0001236562785744862	0.0000178228543565428	0.09355344387436888	0.09386408942667239	0.08375337428129037	0	0	0	0	0	0.09376605625203685	0.00014310798885071733	0	0.00016729887516056375	0.00016729887516056375	0.00016729887516056375	8.010586763019834e-12	8.010586763019834e-12	8.010586763019834e-12
0.03630780547701017	0.0001117160191016812	0.000016154095491959688	0.00010831187892073352	0.000012753605342332426	0.0001118091605348311	0.000016247023697958572	0.08662021389153436	0.08690259064921228	0.07630715307145644	0	0	0	0	0	0.08680678981513806	0.00013228043464244066	0	0.00015100874218531408	0.00015100874218531408	0.00015100874218531408	7.475914548495704e-12	7.475914548495704e-12	7.475914548495704e-12
0.038904514499428125	0.00010099765539607936	0.000014711192087184682	0.00009778839328039822	0.000011504901596536943	0.000101097077508873	0.000014810522139801092	0.08020080441603926	0.08045739651524887	0.06952294949113987	0	0	0	0	0	0.08036403640305463	0.00012227209347093906	0	0.00013630480297315237	0.00013630480297315237	0.00013630480297315237	6.9769294047744084e-12	6.9769294047744084e-12	6.9769294047744084e-12
0.04168693834703355	0.00009071649441752926	0.00001331363376621789	0.00008769802899707902	0.00001029838609058958	0.00009081035641428434	0.000013407376728987423	0.07392434712384693	0.07418118700815889	0.06302325785810552	0	0	0	0	0	0.07409175151105009	0.0001128132615802478	0	0.00012217527831646276	0.00012217527831646276	0.00012217527831646276	6.5112493733627165e-12	6.5112493733627165e-12	6.5112493733627165e-12
0.04466835921509635	0.00008148191487349174	0.00001204884301764956	0.00007864884606416926	9.218397496139588e-6	0.00008157031870051381	0.000012137164986906223	0.06813908086680115	0.06839456338730135	0.05713122156239124	0	0	0	0	0	0.06830900845302142	0.0001040861543063236	0	0.00010951043768168002	0.00010951043768168002	0.00010951043768168002	6.076651481252464e-12	6.076651481252464e-12	6.076651481252464e-12
0.0478630092322639	0.00007267004135453054	0.000010821043032746586	0.00007002281155270477	8.176508260648817e-6	0.00007274067396262902	0.000010891666169300934	0.06261841757365887	0.06284141711652605	0.05152378469483665	0	0	0	0	0	0.06280568657885019	0.00009794619843939602	0	0.0000973964786285217	0.0000973964786285217	0.0000973964786285217	5.671061129323266e-12	5.671061129323266e-12	5.671061129323266e-12
0.05128613839913648	0.00006481112917717192	9.718358197963845e-6	0.00006234286175979148	7.252376279549215e-6	0.00006486680121925517	9.773978690367417e-6	0.057545041253110725	0.057739146353647616	0.046466718489132516	0	0	0	0	0	0.05774574036385825	0.00009216843347383357	0	0.00008662255626089099	0.00008662255626089099	0.00008662255626089099	5.292542189023586e-12	5.292542189023586e-12	5.292542189023586e-12
0.05495408738576248	0.00005733799192471191	8.615780976513766e-6	0.0000550902372332583	6.3699978203362316e-6	0.000057492073968038906	8.768974254843143e-6	0.05268814404845138	0.05287587990784555	0.04181726308422295	0	0	0	0	0	0.05287372134731738	0.00008835442357487833	0	0.00007641616379321777	0.00007641616379321777	0.00007641616379321777	4.93928776005578e-12	4.93928776005578e-12	4.93928776005578e-12
0.05888436553555896	0.00005072655514103153	7.638294485874092e-6	0.00004868134302384695	5.594976138443065e-6	0.00005095578180237595	7.867308894164507e-6	0.048241177047037016	0.048422237815995695	0.03763303174215094	0	0	0	0	0	0.048412755495009424	0.00008469824072105201	0	0.00006741235009602594	0.00006741235009602594	0.00006741235009602594	4.6096115449459905e-12	4.6096115449459905e-12	4.6096115449459905e-12
0.06309573444801943	0.00004467972744141801	6.867498639741759e-6	0.00004267691072242247	4.86809540724688e-6	0.00004476166501861543	6.950938210396479e-6	0.04398119481821394	0.04418385165446038	0.03387784589112632	0	0	0	0	0	0.04417062134469777	0.00008122268717995529	0	0.00005897478174443643	0.00005897478174443643	0.00005897478174443643	4.301939799324306e-12	4.301939799324306e-12	4.301939799324306e-12
0.06760829753919818	0.0000393537081059279	6.1744853715807e-6	0.00003741307440752898	4.235648608262499e-6	0.000039320496798762233	6.141304816515791e-6	0.04009739430179394	0.040316450355759426	0.03049736864376557	0	0	0	0	0	0.040300201259517186	0.00007788975138763598	0	0.00005159328931345121	0.00005159328931345121	0.00005159328931345121	4.0148038194891596e-12	4.0148038194891596e-12	4.0148038194891596e-12
0.07244359600749906	0.000034132490967648824	5.267007549547653e-6	0.00003251343182876889	3.650163212138494e-6	0.000034277808471546014	5.41266555248284e-6	0.03639987371928899	0.036633091599917365	0.027558177055346817	0	0	0	0	0	0.03662507536463293	0.00007523174150696306	0	0.00004473385663024579	0.00004473385663024579	0.00004473385663024579	3.746832931394442e-12	3.746832931394442e-12	3.746832931394442e-12
0.07762471166286927	0.000029603994025689774	4.492903757562882e-6	0.00002825544989350743	3.145608313508017e-6	0.000029881823712079276	4.7704761867944095e-6	0.033043314406116096	0.03328624887176424	0.02490225079694196	0	0	0	0	0	0.033285097928593126	0.0000726644369681341	0	0.000038786399464816854	0.000038786399464816854	0.000038786399464816854	3.496747947591658e-12	3.496747947591658e-12	3.496747947591658e-12
0.08317637711026708	0.000025537887603445844	3.899151934051613e-6	0.000024318499968260277	2.6808307707129437e-6	0.0000257739819318075	4.135050596107881e-6	0.02986815431806377	0.030134163705652965	0.022654757314551237	0	0	0	0	0	0.030119602160857815	0.00007018846897629435	0	0.00003329377198854681	0.00003329377198854681	0.00003329377198854681	3.263355060892971e-12	3.263355060892971e-12	3.263355060892971e-12
0.08912509381337459	0.000022030260602007887	3.3838663423908443e-6	0.000020930101730291784	2.284726165790956e-6	0.000022230843439204288	3.5842634493605442e-6	0.026998098054066458	0.02728056939481029	0.02061010601677171	0	0	0	0	0	0.027255152929835262	0.0000677968671166699	0	0.000028578967589678925	0.000028578967589678925	0.000028578967589678925	3.04554014560599e-12	3.04554014560599e-12	3.04554014560599e-12
0.09549925860214369	0.00001889270999237041	2.9916624074137034e-6	0.00001782126184809234	1.922706940826242e-6	0.00001892071502175412	3.0211207793397558e-6	0.02429215505107215	0.024574899413531807	0.01883941899644432	0	0	0	0	0	0.024541616056360606	0.00006655379043306541	0	0.00002425847485396315	0.00002425847485396315	0.00002425847485396315	2.8422634391366827e-12	2.8422634391366827e-12	2.8422634391366827e-12
0.10232929922807536	0.000016202009467980743	2.6449165109780336e-6	0.000015174191599777091	1.6180503535405623e-6	0.000016103458148740755	2.5464564456016335e-6	0.02185742106142362	0.02213757610572804	0.017220857953606103	0	0	0	0	0	0.0220982402927012	0.00006533350594778862	0	0.00002059114278336942	0.00002059114278336942	0.00002059114278336942	2.65255457857236e-12	2.65255457857236e-12	2.65255457857236e-12
0.10964781961431873	0.00001363177019816865	2.2104119168481515e-6	0.000012764022697089463	1.34339971787648e-6	0.000013550634371177188	2.1293611191513398e-6	0.019519750318440506	0.01983143179288063	0.015685069211006458	0	0	0	0	0	0.0198090260545911	0.00006379822709457077	0	0.000017261774627370426	0.000017261774627370426	0.000017261774627370426	2.4755079685513988e-12	2.4755079685513988e-12	2.4755079685513988e-12
0.11748975549395303	0.000011469266148925427	1.8472873611944932e-6	0.000010736669188638012	1.115368751066116e-6	0.000011402500640875622	1.7805836748494758e-6	0.017432095553428655	0.017765526138786136	0.01428624501850364	0	0	0	0	0	0.017756957478694615	0.00006229902591884696	0	0.000014470729790033266	0.000014470729790033266	0.000014470729790033266	2.3102784583078184e-12	2.3102784583078184e-12	2.3102784583078184e-12
0.12589254117941662	9.599861415262291e-6	1.6054402686612734e-6	8.904088636984086e-6	9.115666107834948e-7	9.516681920553018e-6	1.523151204597013e-6	0.015487157256544684	0.01582910937664477	0.012750033742334634	0	0	0	0	0	0.015823561100404566	0.00006007364945345981	0	0.000011956098061380895	0.000011956098061380895	0.000011956098061380895	2.1560773072544167e-12	2.1560773072544167e-12	2.1560773072544167e-12
0.1348962882591656	8.035155693102032e-6	1.3952558277519653e-6	7.38430076053461e-6	7.450035560894433e-7	7.94275200058439e-6	1.3029376966861373e-6	0.013759220120943367	0.01410375925263206	0.01137901248509439	0	0	0	0	0	0.014100674971973952	0.000057927765409336805	0	9.878443100486213e-6	9.878443100486213e-6	9.878443100486213e-6	2.012168419845975e-12	2.012168419845975e-12	2.012168419845975e-12
0.1445439770745928	6.6039894968033115e-6	1.1821929525639763e-6	6.017013674034525e-6	5.963228874302711e-7	6.518295418969358e-6	1.0968189969747677e-6	0.012156987164696244	0.012494556459284049	0.009777611623254693	0	0	0	0	0	0.012491020496190164	0.00005507335045462182	0	8.013637581076874e-6	8.013637581076874e-6	8.013637581076874e-6	1.877864831749144e-12	1.877864831749144e-12	1.877864831749144e-12
0.15488166189124797	5.427732696122957e-6	1.0016658947368183e-6	4.902895308248155e-6	4.773144814767603e-7	5.349301497243122e-6	9.233073194401022e-7	0.010741330949246867	0.011068959581474889	0.008401580469345292	0	0	0	0	0	0.0110651152052192	0.000052359587994891456	0	6.500861181018181e-6	6.500861181018181e-6	6.500861181018181e-6	1.7525254305453094e-12	1.7525254305453094e-12	1.7525254305453094e-12
0.1659586907437563	4.324420847579025e-6	7.83814444433091e-7	3.913359336548168e-6	3.7320096599903644e-7	4.306008832825586e-6	7.651804446684434e-7	0.009426023755408814	0.009742939462416025	0.006953473715121861	0	0	0	0	0	0.00974161158503681	0.00004889332080934844	0	5.162972775904103e-6	5.162972775904103e-6	5.162972775904103e-6	1.6355518953125045e-12	1.6355518953125045e-12	1.6355518953125045e-12
0.1778279410038923	3.4453825775787042e-6	6.133433178968144e-7	3.123538304231268e-6	2.9179705713453654e-7	3.4661931240794792e-6	6.341345948151403e-7	0.00827177975032616	0.008575771613365653	0.005754964424051858	0	0	0	0	0	0.008576412853700975	0.00004565652464643362	0	4.100424104203417e-6	4.100424104203417e-6	4.100424104203417e-6	1.5263858404770668e-12	1.5263858404770668e-12	1.5263858404770668e-12
0.1905460717963252	2.7003785216419713e-6	4.909729332953717e-7	2.4310002887014647e-6	2.2191261048621337e-7	2.7565902182987903e-6	5.451989638143604e-7	0.007209514171675552	0.007503784256442807	0.00463302108205802	0	0	0	0	0	0.007506818641077243	0.00004225804523539713	0	3.174077085855162e-6	3.174077085855162e-6	3.174077085855162e-6	1.4245061503008487e-12	1.4245061503008487e-12	1.4245061503008487e-12
0.20417379446695316	2.1164686347459213e-6	3.9301711487662735e-7	1.8920089424423258e-6	1.6876526163902144e-7	2.192258007446917e-6	4.68736310200684e-7	0.006283665203917157	0.006565797307321386	0.0037298031343314035	0	0	0	0	0	0.0065706172348859735	0.000039112534318933744	0	2.4570056879294873e-6	2.4570056879294873e-6	2.4570056879294873e-6	1.3294264912800342e-12	1.3294264912800342e-12	1.3294264912800342e-12
0.21877616239495518	1.6598060369507048e-6	3.537057992351312e-7	1.4255545405909143e-6	1.238993182745108e-7	1.686703207359214e-6	3.8388181040066243e-7	0.005441166575906785	0.00571094957566319	0.0029292592232842457	0	0	0	0	0	0.005715803026611003	0.00003559429325152169	0	1.8404561898768743e-6	1.8404561898768743e-6	1.8404561898768743e-6	1.2406929905805474e-12	1.2406929905805474e-12	1.2406929905805474e-12
0.23442288153199276	1.3016758363767028e-6	3.183265758078605e-7	1.0740994413990635e-6	9.096090581557685e-8	1.2977339802394116e-6	3.1438836964304207e-7	0.004711628125621447	0.004967400534798571	0.0023005395427482325	0	0	0	0	0	0.004972197142386452	0.000032392524139301335	0	1.3786207347816465e-6	1.3786207347816465e-6	1.3786207347816465e-6	1.1578820694279734e-12	1.1578820694279734e-12	1.1578820694279734e-12
0.25118864315095824	9.643943430768292e-7	2.5013729799927836e-7	7.77491249158287e-7	6.396328485488259e-8	9.68172839079338e-7	2.53463351481499e-7	0.004048312372183796	0.0042905653785889255	0.0017600613162850566	0	0	0	0	0	0.004290982778225763	0.00002869882249843528	0	9.916995869201937e-7	9.916995869201937e-7	9.916995869201937e-7	1.0805984211093778e-12	1.0805984211093778e-12	1.0805984211093778e-12
0.2691534803926914	7.145069632293875e-7	1.9655496149383913e-7	5.627902028608586e-7	4.497868367452236e-8	7.22304155246068e-7	2.0434493367924664e-7	0.0034783800049191663	0.003705952668600827	0.001346560569605524	0	0	0	0	0	0.003703097981789362	0.000025426311616062303	0	7.133710134233914e-7	7.133710134233914e-7	7.133710134233914e-7	1.0084731239347665e-12	1.0084731239347665e-12	1.0084731239347665e-12
0.28840315031266117	5.189008000185785e-7	1.5925077536196847e-7	3.8827190873064136e-7	3.010796057786112e-8	5.077447386375775e-7	1.4932579693866298e-7	0.002963539753374799	0.003168171490411428	0.0009971612750284662	0	0	0	0	0	0.003165444128718593	0.000022433081556766996	0	4.891046130218634e-7	4.891046130218634e-7	4.891046130218634e-7	9.411618801502954e-13	9.411618801502954e-13	9.411618801502954e-13
0.30902954325135923	3.7684452932823665e-7	1.2902655450996294e-7	2.678708235200222e-7	2.0153753202687153e-8	3.5691988996840326e-7	1.0912036442443904e-7	0.002524901781120071	0.002708429246195803	0.000738422489756776	0	0	0	0	0	0.002705852392055086	0.00001979221979701749	0	3.353420842420614e-7	3.353420842420614e-7	3.353420842420614e-7	8.783433723964464e-13	8.783433723964464e-13	8.783433723964464e-13
0.3311311214825908	2.8026807892656767e-7	1.1521002238170785e-7	1.7432898537433615e-7	1.2674977053953129e-8	2.5836990040195e-7	9.429375385758227e-8	0.002118926519871624	0.002288041847536684	0.0005250750014967357	0	0	0	0	0	0.002283946345628605	0.00001745674006353673	0	2.1678256345223856e-7	2.1678256345223856e-7	2.1678256345223856e-7	8.19717729865518e-13	8.19717729865518e-13	8.19717729865518e-13
0.354813389233576	2.0844191689663268e-7	1.0287300399212426e-7	1.1345242733900432e-7	7.971470212149475e-9	1.8703078004316774e-7	8.148169283938794e-8	0.0017782274265827006	0.0019329046543978118	0.00037336858102412726	0	0	0	0	0	0.0019278253776985786	0.00001539684667870388	0	1.4013952326663544e-7	1.4013952326663544e-7	1.4013952326663544e-7	7.650050968365387e-13	7.650050968365387e-13	7.650050968365387e-13
0.38018939632056126	1.384439147530598e-7	7.372203530289684e-8	6.887965453515051e-8	4.677023638303632e-9	1.2748331545583209e-7	6.239460161731827e-8	0.001461603470759031	0.0016009244932420348	0.0002510160514075771	0	0	0	0	0	0.0015970795816212752	0.000013374559257110792	0	8.454497079192488e-8	8.454497079192488e-8	8.454497079192488e-8	7.139442967543195e-13	7.139442967543195e-13	7.139442967543195e-13
0.40738027780411384	9.195231850442461e-8	5.283153284429734e-8	4.181846894033296e-8	2.7441048553265303e-9	8.689476521383151e-8	4.777866260900619e-8	0.001201356290989288	0.0013259625751487025	0.00016875832961471955	0	0	0	0	0	0.0013230779195761583	0.000011617887678870141	0	5.100525476033911e-8	5.100525476033911e-8	5.100525476033911e-8	6.662915854754502e-13	6.662915854754502e-13	6.662915854754502e-13
0.43651583224016655	5.7984887917751873e-8	3.566241642148374e-8	2.358065901097889e-8	1.505551905601091e-9	5.65945224516129e-8	3.4121052731809396e-8	0.0009568986116988823	0.0010661329787921656	0.00010627627028646374	0	0	0	0	0	0.0010634183705453978	9.697980157451807e-6	0	2.8622542044692486e-8	2.8622542044692486e-8	2.8622542044692486e-8	6.218194877298108e-13	6.218194877298108e-13	6.218194877298108e-13
0.4677351412871981	3.656511637248676e-8	2.407289504106435e-8	1.329669625603542e-8	8.260203818594099e-10	3.685998763727929e-8	2.436749326900287e-8	0.0007621843410977014	0.00085721840855183	0.00006692792973115772	0	0	0	0	0	0.0008547180888452094	8.095345878182528e-6	0	1.6062068838782145e-8	1.6062068838782145e-8	1.6062068838782145e-8	5.803157112432287e-13	5.803157112432287e-13	5.803157112432287e-13
0.5011872336272735	2.077713930096947e-8	1.4067635050490837e-8	7.115731789400182e-9	4.3600511594551343e-10	2.4721574151383407e-8	1.7791946578284118e-8	0.0005798498032135256	0.0006609117972652335	0.00003938570522103983	0	0	0	0	0	0.0006599750683661907	6.683767123471756e-6	0	8.575515721272663e-9	8.575515721272663e-9	8.575515721272663e-9	5.415821333378064e-13	5.415821333378064e-13	5.415821333378064e-13
0.5370317963702532	1.1806047959325682e-8	8.220795860914177e-9	3.807986429388367e-9	2.3014015792533198e-10	1.658047839126928e-8	1.2990805395941135e-8	0.00044113448172201377	0.0005095602234001214	0.000023177674582044096	0	0.00008237052175024406	0.00008275806735399532	0	0	0.0005096032206987087	5.518324186888452e-6	0	4.578455653747086e-9	4.578455653747086e-9	4.578455653747086e-9	5.054338551723181e-13	5.054338551723181e-13	5.054338551723181e-13
0.5754399373371566	6.110483717062684e-9	4.2190511713701245e-9	2.0086243872154763e-9	1.2098996938805164e-10	8.850589994675431e-9	6.95662024008091e-9	0.0003210273011519936	0.00037754689725199057	0.000013052012262948103	0	0.000053606205483134	0.000053799498122722904	0.00003831817756194411	0.00003866663638814078	0.00037768476790619364	4.472522710942736e-6	0	2.4136777629928646e-9	2.4136777629928646e-9	2.4136777629928646e-9	4.716983191079701e-13	4.716983191079701e-13	4.716983191079701e-13
0.6165950018614835	3.156477986402331e-9	2.1675996354499407e-9	1.0505206626914952e-9	6.359232868282689e-11	5.060194158599213e-9	4.069553056450475e-9	0.0002259528512762593	0.0002711049389064056	7.1606364894546435e-6	0	0.00003340789409214114	0.00003349348189958777	0.000023217523204967308	0.000023403643324077924	0.00027083351472566644	3.56669425970996e-6	0	1.2634167195861748e-9	1.2634167195861748e-9	1.2634167195861748e-9	4.4021448498622333e-13	4.4021448498622333e-13	4.4021448498622333e-13
0.6606934480075964	1.6013081586147181e-9	1.1144775515770913e-9	5.179192516302531e-10	3.209181151413227e-11	3.4293682635331996e-9	2.9408449592416484e-9	0.00015253691858815857	0.00018750236560933784	3.901264846826496e-6	0	0.000019802658480270552	0.000019831623271087367	0.000013419318252162191	0.000013510428613242676	0.00018684443874129102	2.7819634907834133e-6	0	6.253570553949569e-10	6.253570553949569e-10	6.253570553949569e-10	4.1083206138652594e-13	4.1083206138652594e-13	4.1083206138652594e-13
0.7079457843841374	7.528513085290437e-10	5.713094175494782e-10	1.9346417991242122e-10	1.2440254974532765e-11	3.1516644460402058e-9	2.9679013674751666e-9	0.00009842932470457193	0.0001233280122141403	2.069897820157677e-6	0	0.000011246293167230984	0.000011244081179176182	7.4701205560929325e-6	7.505609031831204e-6	0.00012342678018851657	2.0449757900515796e-6	0	2.3511199004455236e-10	2.3511199004455236e-10	2.3511199004455236e-10	3.8341078819426937e-13	3.8341078819426937e-13	3.8341078819426937e-13
0.7585775750291851	2.90800759281465e-10	2.905314915230631e-10	3.5819476049222995e-103	3.5786308907406924e-103	4.049020998878367e-9	4.045271796810319e-9	0.000060511580676811936	0.00007680010517169592	1.103650073476146e-6	0	6.128919122505867e-6	6.1110360739694626e-6	4.048841740884578e-6	4.053812043938458e-6	0.00007731752050708876	1.440470741773884e-6	0	3.5833979508024777e-103	3.5833979508024777e-103	3.5833979508024777e-103	3.5781976705426516e-13	3.5781976705426516e-13	3.5781976705426516e-13
0.8128305161640995	1.531236134787666e-10	1.5298182825007044e-10	3.342868007523222e-103	3.339772669748723e-103	2.132046449712212e-9	2.1300722754709158e-9	0.00003535546877413292	0.00004533075183378733	5.85932614949429e-7	0	3.26886456901053e-6	3.259326628865115e-6	2.1572555100517968e-6	2.1599037275756727e-6	0.000045722249273638996	9.351890141098878e-7	4.806764583719244e-8	3.3442215490535417e-103	3.3442215490535417e-103	3.3442215490535417e-103	3.3393683651357094e-13	3.3393683651357094e-13	3.3393683651357094e-13
0.8709635899560796	8.265473604625367e-11	8.257820166734946e-11	3.11974594501772e-103	3.1168572077272495e-103	1.1508593125236756e-9	1.1497936711956236e-9	0.000020069395124176932	0.000025793713285421184	3.162811047183899e-7	0	1.7690284019453512e-6	1.7638667053815822e-6	1.164466934372486e-6	1.165896418143514e-6	0.00002602448084844175	5.190337980857254e-7	2.594647872249214e-8	3.121009143472198e-103	3.121009143472198e-103	3.121009143472198e-103	3.116479888708322e-13	3.116479888708322e-13	3.116479888708322e-13
0.9332543007969925	4.69453723301214e-11	4.690190313421589e-11	2.911516320581753e-103	2.9088203940815485e-103	6.536530332124922e-10	6.530477813986363e-10	0.000011607635067673427	0.000014923409890043469	1.7963803324806493e-7	0	1.0047542459685657e-6	1.0018225595506738e-6	6.613817479211384e-7	6.621936511596068e-7	0.000014989807265211873	2.947953870352467e-7	1.4736809559240955e-8	2.912695205972155e-103	2.912695205972155e-103	2.912695205972155e-103	2.908468259484362e-13	2.908468259484362e-13	2.908468259484362e-13