1.e-9	0	0	0	0	0	0	0.00005503860597965729	0	0	0	0	0	0	0	0.00009275763348918139	4.683805253682039e-8	0	4.971349059872681e-8	4.971349059872681e-8	4.971349059872681e-8	0	0	0
1.0715193052376092e-9	0	0	0	0	0	0	0.0000716773096270596	0	0	0	0	0	0	0	0.00014590640289438003	7.964811803562598e-8	0	8.453780105519247e-8	8.453780105519247e-8	8.453780105519247e-8	0	0	0
1.148153621496884e-9	0	0	0	0	0	0	0.00009334605453619396	0	0	0	0	0	0	0	0.00022950864101183436	1.3544164120891988e-7	0	1.4375654819599015e-7	1.4375654819599015e-7	1.4375654819599015e-7	0	0	0
1.2302687708123811e-9	0	0	0	0	0	0	0.00012156547089742937	0	0	0	0	0	0	0	0.0003610137406871238	2.3031853891590772e-7	0	2.4445803996883484e-7	2.4445803996883484e-7	2.4445803996883484e-7	0	0	0
1.31825673855641e-9	0	0	0	0	0	0	0.00011870116434653615	0	0	0	0	0	0	0	0.0006009784261368217	3.916567231087704e-7	0	4.157009475765384e-7	4.157009475765384e-7	4.157009475765384e-7	0	0	0
1.4125375446227555e-9	0	0	0	0	0	0	0.00011590434613716774	0	0	0	0	0	0	0	0.0010004468749428674	6.660123387301268e-7	0	7.068995474153788e-7	7.068995474153788e-7	7.068995474153788e-7	0	0	0
1.5135612484362133e-9	0	0	0	0	0	0	0.00011084077006104774	0	0	0	0	0	0	0	0.001690684536483643	1.1325541198934722e-6	0	1.2020828267275264e-6	1.2020828267275264e-6	1.2020828267275264e-6	0	0	0
1.6218100973589331e-9	0	0	0	0	0	0	0.00010599840918119454	0	0	0	0	0	0	0	0.0028571374187841385	1.925908515348751e-6	0	2.044142095714418e-6	2.044142095714418e-6	2.044142095714418e-6	0	0	0
1.7378008287493762e-9	0	0	0	0	0	0	0.00013681082500800634	0	0	0	0	0	0	0	0.00484951957135893	3.2750078290664933e-6	0	3.4760640569559073e-6	3.4760640569559073e-6	3.4760640569559073e-6	0	0	0
1.8620871366628732e-9	0	0	0	0	0	0	0.00017658002590752316	0	0	0	0	0	0	0	0.008231259693137627	5.569151491344115e-6	0	5.911047648494222e-6	5.911047648494222e-6	5.911047648494222e-6	0	0	0
1.9952623149688828e-9	0	0	0	0	0	0	0.00027718444690357435	0	0	0	0	0	0	0	0.013989425689569535	9.47034326399813e-6	0	0.000010051737750013751	0.000010051737750013751	0.000010051737750013751	0	0	0
2.1379620895022324e-9	0	0	0	0	0	0	0.0004351070695021885	0	0	0	0	0	0	0	0.023775708508765994	0.00001610432068105076	0	0.000017092982124884994	0.000017092982124884994	0.000017092982124884994	0	0	0
2.2908676527677795e-9	0	0	0	0	0	0	0.0007247554833847792	0	0	0	0	0	0	0	0.04042378613876273	0.000027385400652164267	0	0.000029066619642084624	0.000029066619642084624	0.000029066619642084624	0	0	0
2.4547089156850337e-9	0	0	0	0	0	0	0.0012072212738286265	0	0	0	0	0	0	0	0.06872907636758069	0.000046568879478533666	0	0.00004942779271895163	0.00004942779271895163	0.00004942779271895163	0	0	0
2.6302679918953816e-9	0	0	0	0	0	0	0.00202538125525915	0	0	0	0	0	0	0	0.03520052498290694	0.00005476690763850276	0	0.00005812914355652576	0.00005812914355652576	0.00005812914355652576	0	0	0
2.818382931264461e-9	0	0	0	0	0	0	0.003398025961011557	0	0	0	0	0	0	0	0.01802842442469837	0.00006440812417800852	0	0.00006836229466745734	0.00006836229466745734	0.00006836229466745734	0	0	0
3.019951720402019e-9	0	0	0	0	0	0	0.005741527319411235	0	0	0	0	0	0	0	0.00923539580742949	0.00004494347215893269	0	0.00004770294783331606	0.00004770294783331606	0.00004770294783331606	0	0	0
3.2359365692962944e-9	0	0	0	0	0	0	0.009701260772514616	0	0	0	0	0	0	0	0.004731003315133387	0.00003136119418907657	0	0.000033286934604189416	0.000033286934604189416	0.000033286934604189416	0	0	0
3.4673685045253237e-9	0	0	0	0	0	0	0.01646778179472508	0	0	0	0	0	0	0	0.002428097666725406	0.000036936874499450156	0	0.000039205298557685676	0.000039205298557685676	0.000039205298557685676	0	0	0
3.715352290971728e-9	0	0	0	0	0	0	0.02795387564541973	0	0	0	0	0	0	0	0.0012461750471192288	0.000043503850317770114	0	0.00004617593819539601	0.00004617593819539601	0.00004617593819539601	0	0	0
3.9810717055349855e-9	0	0	0	0	0	0	0.030093775875365665	0	0	0	0	0	0	0	0.0006525212858059028	0.00004787593719929243	0	0.00005081763115608403	0.00005081763115608403	0.00005081763115608403	0	0	0
4.265795188015934e-9	0	0	0	0	0	0	0.0323974878447716	0	0	0	0	0	0	0	0.0003416727284132927	0.00005268741377988654	0	0.00005592591590425543	0.00005592591590425543	0.00005592591590425543	0	0	0
4.570881896148752e-9	0	0	0	0	0	0	0.03540764750147997	0	0	0	0	0	0	0	0.000212633299794083	0.00003187674800120369	0	0.00003384450699906883	0.00003384450699906883	0.00003384450699906883	0	0	0
4.8977881936844766e-9	0	0	0	0	0	0	0.038697491225121984	0	0	0	0	0	0	0	0.00013232815036566523	0.00001928595446679851	0	0.000020481571655814207	0.000020481571655814207	0.000020481571655814207	0	0	0
5.248074602497734e-9	0	0	0	0	0	0	0.020088757593731906	0	0	0	0	0	0	0	0.00014467866430834686	0.000017238195526738453	0	0.00001832118025171919	0.00001832118025171919	0.00001832118025171919	0	0	0
5.623413251903491e-9	0	0	0	0	0	0	0.010428536033822378	0	0	0	0	0	0	0	0.00015818188229946832	0.000015407865113942743	0	0.00001638866642935114	0.00001638866642935114	0.00001638866642935114	0	0	0
6.025595860743593e-9	0	0	0	0	0	0	0.006009973691610519	0	0	0	0	0	0	0	0.00025107789108261465	0.00002228446625529698	0	0.000023714828716886845	0.000023714828716886845	0.000023714828716886845	0	0	0
6.456542290346562e-9	0	0	0	0	0	0	0.00346355266517823	0	0	0	0	0	0	0	0.00039852925299714494	0.000032230126147331535	0	0.00003431597705009348	0.00003431597705009348	0.00003431597705009348	0	0	0
6.918309709189363e-9	0	0	0	0	0	0	0.00316638603069497	0	0	0	0	0	0	0	0.0006731417406791758	0.00003762956623534277	0	0.00004015145475133686	0.00004015145475133686	0.00004015145475133686	0	0	0
7.413102413009192e-9	0	0	0	0	0	0	0.0028947157628580614	0	0	0	0	0	0	0	0.0011369800325494964	0.000043933562300912	0	0.00004697926322468676	0.00004697926322468676	0.00004697926322468676	0	0	0
7.943282347242822e-9	0	0	0	0	0	0	0.004235145036629453	0	0	0	0	0	0	0	0.001932242906123321	0.00003320485104436226	0	0.00003611386649073662	0.00003611386649073662	0.00003611386649073662	0	0	0
8.511380382023759e-9	0	0	0	0	0	0	0.006196274505230951	0	0	0	0	0	0	0	0.0032837539282832436	0.000025096124127757987	0	0.000027761426284467433	0.000027761426284467433	0.000027761426284467433	0	0	0
9.120108393559115e-9	0	0	0	0	0	0	0.010228706589209208	0	0	0	0	0	0	0	0.005583711654956166	0.00003224577305104804	0	0.00003626660142706254	0.00003626660142706254	0.00003626660142706254	0	0	0
9.772372209558111e-9	0	0	0	0	0	0	0.016885378205856724	0	0	0	0	0	0	0	0.009494571312775944	0.00004143228947890099	0	0.00004737747857736362	0.00004737747857736362	0.00004737747857736362	0	0	0
1.0471285480509006e-8	0	0	0	0	0	0	0.008976507183207619	0	0	0	0	0	0	0	0.00888374665893374	0.000056134628592086174	0	0.00006552742307928252	0.00006552742307928252	0.00006552742307928252	0	0	0
1.1220184543019653e-8	0	0	0	0	0	0	0.004772038874570681	0	0	0	0	0	0	0	0.008312218856465747	0.00007605412509912315	0	0.00009063047051775348	0.00009063047051775348	0.00009063047051775348	0	0	0
1.202264434617413e-8	0	0	0	0	0	0	0.0029128902516419733	0	0	0	0	0	0	0	0.0044119747493013995	0.00005017547252215627	0	0.00007730136307158049	0.00007730136307158049	0.00007730136307158049	0	0	0
1.288249551693135e-8	0	0	0	0	0	0	0.0017780512357779502	0	0	0	0	0	0	0	0.002341796038410548	0.00003310245222781057	0	0.00006593257983311238	0.00006593257983311238	0.00006593257983311238	0	0	0
1.3803842646028866e-8	0	0	0	0	0	0	0.0016934923663194123	0	0	0	0	0	0	0	0.0015907925253895176	0.000030462128644047076	0	0.00006999782026419824	0.00006999782026419824	0.00006999782026419824	0	0	0
1.4791083881682102e-8	0	0	0	0	0	0	0.0016129548671455626	0	0	0	0	0	0	0	0.0010806324792285646	0.00002803240301172877	0	0.00007431371340452625	0.00007431371340452625	0.00007431371340452625	0	0	0
1.5848931924611173e-8	0	0	0	0	0	0	0.0022586549146276615	0	0	0	0	0	0	0	0.0013279678777567661	0.000029331701193737484	0	0.00006429375930819883	0.00006429375930819883	0.00006429375930819883	0	0	0
1.698243652461746e-8	0	0	0	0	0	0	0.003162842387772307	0	0	0	0	0	0	0	0.0016319134564720035	0.000030691221675099644	0	0.000055624827459218814	0.000055624827459218814	0.000055624827459218814	0	0	0
1.8197008586099862e-8	0	0	0	0	0	0	0.005107339721541632	0	0	0	0	0	0	0	0.0026574194459595157	0.000025494126865947127	0	0.000053774430317680764	0.000053774430317680764	0.000053774430317680764	0	0	0
1.9498445997580494e-8	0	0	0	0	0	0	0.008247302847616409	0	0	0	0	0	0	0	0.004327360672073011	0.00002117708156219583	0	0.000051985587876405966	0.000051985587876405966	0.000051985587876405966	0	0	0
2.0892961308540408e-8	0	0	0	0	0	0	0.01064276717695425	0	0	0	0	0	0	0	0.007328406720684609	0.000028541632483743317	0	0.00007008766561503205	0.00007008766561503205	0.00007008766561503205	0	0	0
2.2387211385683424e-8	0	0	0	0	0	0	0.0137340043497479	0	0	0	0	0	0	0	0.012410693060637887	0.00003846728277664476	0	0.00009449312919271518	0.00009449312919271518	0.00009449312919271518	0	0	0
2.3988329190194947e-8	0	0	0	0	0	0	0.011235925862413012	0	0	0	0	0	0	0	0.014113120417661948	0.000043708576047288086	0	0.000115451587026753	0.000115451587026753	0.000115451587026753	0	0	0
2.5703957827688646e-8	0	0	0	0	0	0	0.00919222295047269	0	0	0	0	0	0	0	0.016049076949227633	0.000049664012692923065	0	0.00014105860458712982	0.00014105860458712982	0.00014105860458712982	0	0	0
2.754228703338169e-8	0	0	0	0	0	0	0.012733737975632273	0	0	0	0	0	0	0	0.010364744082073846	0.00005027867116543681	0	0.0001550315754911849	0.0001550315754911849	0.0001550315754911849	0	0	0
2.95120922666639e-8	0	0	0	0	0	0	0.017639703008260954	0	0	0	0	0	0	0	0.0066937133036835995	0.00005090093685729022	0	0.00017038867972377344	0.00017038867972377344	0.00017038867972377344	0	0	0
3.162277660168386e-8	0	0	0	0	0	0	0.018383001302181595	0	0	0	0	0	0	0	0.007734754424103472	0.00005765720612879733	0	0.0001735242179664952	0.0001735242179664952	0.0001735242179664952	0	0	0
3.3884415613920346e-8	0	0	0	0	0	0	0.019157620551647114	0	0	0	0	0	0	0	0.008937703676114407	0.00006531025996435122	0	0.00017671745722601945	0.00017671745722601945	0.00017671745722601945	0	0	0
3.6307805477010175e-8	0	0	0	0	0	0	0.01835623162051852	0	0	0	0	0	0	0	0.009464543255313628	0.00007450243699004602	0	0.00017804504259695162	0.00017804504259695162	0.00017804504259695162	0	0	0
3.890451449942813e-8	0	0	0	0	0	0	0.017588365861915835	0	0	0	0	0	0	0	0.01002243778467352	0.00008498837886245726	0	0.00017938260141897927	0.00017938260141897927	0.00017938260141897927	0	0	0
4.1686938347033635e-8	0	0	0	0	0	0	0.019347083397168487	0	0	0	0	0	0	0	0.012348385374834353	0.00008686585275495304	0	0.00017736249977674145	0.00017736249977674145	0.00017736249977674145	0	0	0
4.4668359215096346e-8	0	0	0	0	0	0	0.021281660781658295	0	0	0	0	0	0	0	0.015214125010444135	0.00008878480182634016	0	0.00017536514733432996	0.00017536514733432996	0.00017536514733432996	0	0	0
4.78630092322639e-8	0	0	0	0	0	0	0.019253399144733997	0	0	0	0	0	0	0	0.01896110050373902	0.00008280590003318722	0	0.0001606218651848312	0.0001606218651848312	0.00016062186518483153	0	0	0
5.128613839913659e-8	0	0	0	0	0	0	0.017418442217908538	0	0	0	0	0	0	0	0.02363089116633926	0.00007722962645924336	0	0.00014711807886357413	0.00014711807886357413	0.00014711807886357472	0	0	0
5.495408738576248e-8	0	0	0	0	0	0	0.01869910624736879	0	0	0	0	0	0	0	0.022331351534287322	0.00006960803886997449	0	0.00015805377693950602	0.00015805377693950602	0.000158053776939507	0	0	0
5.888436553555896e-8	0	0	0	0	0	0	0.020073929119269526	0	0	0	0	0	0	0	0.02110327781705794	0.00006273860560339348	0	0.00016980235602456826	0.00016980235602456826	0.00016980235602456965	0	0	0
6.309573444801943e-8	0	0	0	0	0	0	0.022493807867558578	0	0	0	0	0	0	0	0.021964384201310517	0.00006197264146693462	0	0.00017147363581784952	0.00017147363581784952	0.00017147363581785196	0	0	0
6.760829753919818e-8	0	0	0	0	0	0	0.025205398971790787	0	0	0	0	0	0	0	0.022860627506539666	0.00006121602884622457	0	0.00017316136518352122	0.00017316136518352122	0.00017316136518352442	0	0	0
7.244359600749906e-8	0	0	0	0	0	0	0.022995665388226005	0	0	0	0	0	0	0	0.029255756519579842	0.00007042531700825652	0	0.00018538025989693748	0.0001853802598969371	0.00018538025989694282	0	0	0
7.762471166286928e-8	0	0	0	0	0	0	0.020979657066292675	0	0	0	0	0	0	0	0.037439886078721465	0.00008102004277625207	0	0.00019846136419075978	0.00019846136419075894	0.00019846136419076748	0	0	0
8.317637711026726e-8	0	0	0	0	0	0	0.022471146781290287	0	0	0	0	0	0	0	0.03252355013523258	0.00010123777360940191	0	0.00022856004513332082	0.00022856004513331944	0.00022856004513333535	0	0	0
8.912509381337478e-8	0	0	0	0	0	0	0.024068669762842707	0	0	0	0	0	0	0	0.028252791986997428	0.00012650063433923946	0	0.00026322349664558407	0.0002632234966455819	0.00026322349664560776	0	0	0
9.549925860214369e-8	0	0	0	0	0	0	0.025625292994029977	0	0	0	0	0	0	0	0.026752229144057428	0.00013013353729803025	0	0.0002767688987497568	0.0002767688987497534	0.000276768898749802	0	0	0
1.0232929922807557e-7	0	0	0	0	0	0	0.027282589669481272	0	0	0	0	0	0	0	0.025331364224305142	0.00013387077162224856	0	0.0002910113431791874	0.00029101134317918205	0.00029101134317925583	0	0	0
1.0964781961431874e-7	0	0	0	0	0	0	0.031817712536389244	0	0	0	0	0	0	0	0.03061394670564403	0.00012465212295815085	0	0.00028945833531902697	0.00028945833531901575	0.00028945833531916017	0	0	0
1.1748975549395303e-7	0	0	0	0	0	0	0.037106698569041724	0	0	0	0	0	0	0	0.03699815472223001	0.00011606829160452608	0	0.000287913615223142	0.0002879136152231249	0.0002879136152233393	0	0	0
1.2589254117941688e-7	0	0	0	0	0	0	0.037311802283892595	0	0	0	0	0	0	0	0.036415933225145275	0.00011933169839805198	0	0.0002921272874336432	0.0002921272874336109	0.0002921272874340249	0	0	0
1.3489628825916562e-7	0	0	0	0	0	0	0.03751803968984151	0	0	0	0	0	0	0	0.03584287385720488	0.00012268686000034445	0	0.0002964026275631269	0.00029640262756307906	0.00029640262756369857	0	0	0
1.445439770745928e-7	0	0	0	0	0	0	0.03647193907169983	0	0	0	0	0	0	0	0.034041562763352254	0.00013214784882692115	0	0.0003087481048689281	0.00030874810486883656	0.00030874810487001796	0	0	0
1.5488166189124826e-7	0	0	0	0	0	0	0.03545500646213018	0	0	0	0	0	0	0	0.03233077793895463	0.00014233842116045616	0	0.0003216077841275315	0.0003216077841273927	0.0003216077841291824	0	0	0
1.659586907437563e-7	0	0	0	0	0	0	0.03496008375339865	0	0	0	0	0	0	0	0.034971058229868526	0.0001463047853525285	0	0.0003177725091708006	0.0003177725091705296	0.00031777250917403244	0	0	0
1.7782794100389227e-7	0	0	0	0	0	0	0.034472069758331864	0	0	0	0	0	0	0	0.03782695597445926	0.00015038167518325823	0	0.0003139829710858761	0.000313982971085476	0.0003139829710906509	0	0	0
1.9054607179632522e-7	0	0	0	0	0	0	0.038172159233555616	0	0	0	0	0	0	0	0.03646851080537365	0.00015952582318238992	0	0.0003289376637043954	0.0003289376637036332	0.0003289376637134864	0	0	0
2.0417379446695318e-7	0	0	0	0	0	0	0.04226940101847955	0	0	0	0	0	0	0	0.03515885024583119	0.00016922599266836947	0	0.0003446046332675565	0.0003446046332663986	0.000344604633281364	0	0	0
2.1877616239495564e-7	0.0002270391647471161	0.00003788191028764474	0	0	0	0	0.04303324262888326	0	0	0	0	0	0	0	0.03780789298350122	0.00016875961563882487	0	0.0003539580164975293	0.0003539580164953048	0.0003539580165240559	0	0	0
2.3442288153199275e-7	0.0002291599625305198	0.000040147040678189584	0	0	0	0	0.04381088746317293	0	0	0	0	0	0	0	0.04065652778339558	0.00016829452391734856	0	0.0003635652726282157	0.0003635652726248668	0.00036356527266814093	0	0	0
2.5118864315095823e-7	0.0002448650628018426	0.00004308627889628463	0	0	0	0	0.04342424416573084	0	0	0	0	0	0	0	0.042413448517742994	0.000179213547885919	0	0.0003891112975675412	0.00038911129756122504	0.00038911129764284205	0	0	0
2.6915348039269196e-7	0.00026164648623105274	0.00004624070411588131	0	0	0	0	0.0430410131031945	0	0	0	0	0	0	0	0.04424629237280612	0.000190841003012266	0	0.00041645232175275914	0.0004164523217430754	0.0004164523218682108	0	0	0
2.8840315031266115e-7	0.00027032268150152766	0.00004404188014667427	0	0	0	0	0.04649200157622712	0	0	0	0	0	0	0	0.04392394853315414	0.00020131464121666155	0	0.00041808291649857816	0.0004180829164797719	0.0004180829167228065	0	0	0
3.090295432513592e-7	0.00027928657933378847	0.00004194761398946436	0	0	0	0	0.05021968710126519	0	0	0	0	0	0	0	0.043603953038309946	0.0002123630882698091	0	0.00041971989574289905	0.000419719895714899	0.00041971989607675336	0	0	0
3.3113112148259143e-7	0.00028518102946696963	0.0000433607794021479	0	0	0	0	0.04977452189451097	0	0	0	0	0	0	0	0.0428211519394842	0.00021565483344077385	0	0.00043035259343952	0.00043035259338568065	0.00043035259408145347	0	0	0
3.5481338923357606e-7	0.00029119988422587645	0.000044821552683162037	0	0	0	0	0.049333302790823756	0	0	0	0	0	0	0	0.042052404097705505	0.00021899760248014514	0	0.00044125464758422374	0.0004412546475032538	0.00044125464854963113	0	0	0
3.8018939632056126e-7	0.00029986122686505014	0.0000488554105329935	0	0	0	0	0.05235548266773286	0	0	0	0	0	0	0	0.045930986570886	0.00022150744369644066	0	0.0004635917782653317	0.0004635917781113678	0.0004635917801010503	0	0	0
4.0738027780411303e-7	0.0003087801893055243	0.000053252308219210426	0	0	0	0	0.05556280261618985	0	0	0	0	0	0	0	0.05016729893666199	0.00022404604916795903	0	0.0004870596560327223	0.0004870596557985826	0.0004870596588243917	0	0	0
4.365158322401665e-7	0.00032238043590445764	0.000055716251368570585	0	0	0	0	0.055416204761557585	0	0	0	0	0	0	0	0.05138960296170328	0.000233931935458279	0	0.0005089090234095537	0.0005089090229632347	0.0005089090287310463	0	0	0
4.677351412871981e-7	0.00033657970638496847	0.00005829419926338306	0	0	0	0	0.05526999369322805	0	0	0	0	0	0	0	0.05264168788309142	0.0002442540300553653	0	0.0005317385476292988	0.0005317385469522363	0.0005317385557019711	0	0	0
5.011872336272736e-7	0.0003551790911984158	0.000060541640619754254	0	0	0	0	0.05898063439050165	0	0	0	0	0	0	0	0.05760842777668798	0.00025933308373973535	0	0.000557878407289024	0.0005578784060007887	0.0005578784203563664	0	0	0
5.370317963702533e-7	0.00037480627747723893	0.00006287572855012675	0	0	0	0	0.0629403949711729	0	0	0	0	0	0	0	0.06304377926240151	0.00027534304472567287	0	0.0005853032824250125	0.0005853032804671523	0.0005853033009585861	0	0	0
5.754399373371578e-7	0.00039444689026682864	0.00006420392698972182	0	0	0	0	0.0644063573636176	0	0	0	0	0	0	0	0.06471478727985515	0.0002928189453620429	0	0.0006094537986852391	0.0006094537949473168	0.0006094538187501646	0	0	0
6.165950018614835e-7	0.00041511671119387976	0.00006556018253713321	0	0	0	0	0.0659064638973101	0	0	0	0	0	0	0	0.06643008623016666	0.0003114040336423459	0	0.0006346008024984162	0.0006346007968368676	0.0006346008241895119	0	0	0
6.606934480075964e-7	0.00042805380889146744	0.00006753048447850053	0	0	0	0	0.06713533345017543	0	0	0	0	0	0	0	0.06879946418955099	0.0003214577303719437	0	0.0006541342162760853	0.0006541342054168623	0.0006541342372248436	0	0	0
7.079457843841387e-7	0.00044139409078358097	0.00006956000055854048	0	0	0	0	0.06838711608756504	0	0	0	0	0	0	0	0.07125335132592137	0.0003318360112655572	0	0.000674268880875229	0.0006742688645037202	0.000674268901015398	0	0	0
7.585775750291852e-7	0.0004586437848491339	0.00007259953446440717	0	0	0	0	0.07267460104727635	0	0	0	0	0	0	0	0.07426882818719456	0.0003442162803308948	0	0.0007016959719569078	0.000701695940692643	0.0007016959831080337	0	0	0
8.128305161640995e-7	0.0004765675974667195	0.00007577188559699479	0	0	0	0	0.0772308870375237	0	0	0	0	0	0	0	0.07741192151185712	0.00035705843736777936	0	0.0007302387089575029	0.0007302386616159935	0.0007302387103549727	0	0	0
8.709635899560814e-7	0.0004923174227988088	0.00007848461691536285	0	0	0	0	0.07884612102202487	0	0	0	0	0	0	0	0.08006618783268103	0.00036867004560245316	0	0.0007550709084688852	0.0007550708177955391	0.00075507087445649	0	0	0
9.332543007969924e-7	0.0005085877556083451	0.00008129446751679528	0	0	0	0	0.08049513657921965	0	0	0	0	0	0	0	0.08281146248354294	0.0003806592655434598	0	0.0007807475416223175	0.0007807474047248308	0.0007807474697901759	0	0	0
1.e-6	0.0005361468447672803	0.00008464177779999748	0	0	0	0	0.08278180446125197	0	0	0	0	0	0	0	0.08526605891360574	0.00040341219623535356	0	0.0008195271850179739	0.0008195269246021957	0.0008195270001343907	0	0	0
1.0715193052376091e-6	0.0005651992915363685	0.00008812691401987472	0	0	0	0	0.0851334309261864	0	0	0	0	0	0	0	0.08779341149908182	0.0004275251249673056	0	0.0008602330089799716	0.0008602326131133792	0.0008602326999916722	0	0	0
1.148153621496884e-6	0.000578269953003168	0.00009063590566293896	0	0	0	0	0.08890360285124108	0	0	0	0	0	0	0	0.08967606741903959	0.0004365114504011584	0	0.0008817061644223765	0.0008817054031236951	0.0008817055042988433	0	0	0
1.2302687708123837e-6	0.0005916428834107394	0.00009321632882195881	0	0	0	0	0.09284073852003054	0	0	0	0	0	0	0	0.09159909531284366	0.0004456866630841713	0	0.0009037153332470112	0.000903714188519205	0.0009037143046508215	0	0	0
1.3182567385564101e-6	0.0006088257761458017	0.00009623330730837173	0	0	0	0	0.09652797645991987	0	0	0	0	0	0	0	0.0947641437704932	0.00045810863697170155	0	0.0009310000005156804	0.0009309978042712624	0.0009309979401480286	0	0	0
1.4125375446227554e-6	0.0006265077060720849	0.00009934793133932036	0	0	0	0	0.10036165575564114	0	0	0	0	0	0	0	0.09803855500847401	0.0004708768304077231	0	0.0009591084372176755	0.0009591051270071859	0.0009591052837154833	0	0	0
1.5135612484362104e-6	0.0006503610823100995	0.00010185450424058678	0	0	0	0	0.10446926165430741	0	0	0	0	0	0	0	0.10025601173441988	0.0004901557185491168	0	0.0009913717584089132	0.0009913654173125043	0.0009913656091163666	0	0	0
1.6218100973589331e-6	0.000675122641404347	0.00010442431859665396	0	0	0	0	0.10874498381303063	0	0	0	0	0	0	0	0.10252362336453617	0.0005102239331214716	0	0.001024720381171795	0.0010247108090329633	0.0010247110381160329	0	0	0
1.7378008287493763e-6	0.0006948234234725605	0.00010764842122491223	0	0	0	0	0.11319940245487416	0	0	0	0	0	0	0	0.1063906227709197	0.0005246817975519725	0	0.0010552142282115539	0.0010552072862488925	0.0010552076253386525	0	0	0
1.8620871366628694e-6	0.0007150990948872428	0.00011097206807713386	0	0	0	0	0.11783628326408552	0	0	0	0	0	0	0	0.11040347816559463	0.0005395493445361976	0	0.0010866155176369415	0.0010866113708740438	0.0010866118263154314	0	0	0
1.995262314968883e-6	0.0007422723952336491	0.00011593761702794786	0	0	0	0	0.12225655813340276	0	0	0	0	0	0	0	0.1152535303830568	0.0005591207496246781	0	0.0011304172823569433	0.0011304145109227522	0.0011304153319151914	0	0	0
2.1379620895022326e-6	0.0007704782633136711	0.00012112535410961541	0	0	0	0	0.12684264636155282	0	0	0	0	0	0	0	0.12031664659907239	0.0005794020803224066	0	0.0011759847080319477	0.0011759834295465472	0.001175984644822	0	0	0
2.2908676527677747e-6	0.000790404293631837	0.00012558790266184493	0	0	0	0	0.12985932952246546	0	0	0	0	0	0	0	0.12535091596412723	0.0005925552342243939	0	0.0012108654099472111	0.0012108645502305494	0.0012108668675434356	0	0	0
2.4547089156850335e-6	0.0008108456489152188	0.00013021486220570725	0	0	0	0	0.13294775809041898	0	0	0	0	0	0	0	0.1305958284010787	0.0006060069812164735	0	0.001246780703007911	0.0012467802880270034	0.0012467837716846886	0	0	0
2.6302679918953817e-6	0.0008391580257917483	0.00013469620334761505	0	0	0	0	0.13689151427788793	0	0	0	0	0	0	0	0.1345336468963668	0.0006274451972835246	0	0.0012900941778339289	0.0012900938691499113	0.0012901005352970278	0	0	0
2.8183829312644606e-6	0.0008684589887024684	0.00013933176972994493	0	0	0	0	0.14095225786769944	0	0	0	0	0	0	0	0.1385902013014594	0.0006496418156831969	0	0.0013349123736561745	0.0013349121791554521	0.0013349222447167027	0	0	0
3.0199517204020193e-6	0.0009003292217228278	0.00014414162825646007	0	0	0	0	0.14564311940989166	0	0	0	0	0	0	0	0.14316195535185594	0.0006740591062593603	0	0.0013828811142815635	0.0013828808907553902	0.0013828951498524136	0	0	0
3.2359365692962877e-6	0.0009333690111252199	0.00014911752744326348	0	0	0	0	0.15049009183913797	0	0	0	0	0	0	0	0.14788452046177203	0.0006993941396049803	0	0.001432573563610678	0.0014325733092242028	0.0014325920502517141	0	0	0
3.4673685045253236e-6	0.0009683732618862095	0.00015436227269249763	0	0	0	0	0.15511915162413956	0	0	0	0	0	0	0	0.15238136409530645	0.0007258867666521867	0	0.0014851234542369504	0.0014851230131061337	0.0014851380749352407	0	0	0
3.7153522909717276e-6	0.0010046902812914623	0.00015979148554390302	0	0	0	0	0.15989060081319473	0	0	0	0	0	0	0	0.15701494687233702	0.0007533829183904282	0	0.0015396009882841016	0.0015396003470508912	0.0015396114345565415	0	0	0
3.981071705534978e-6	0.0010365291719340785	0.000163605172662808	0	0	0	0	0.16496494865259026	0	0	0	0	0	0	0	0.1613021872023331	0.000778663712106409	0	0.001584177908789122	0.0015841766919000484	0.001584186071418744	0	0	0
4.265795188015934e-6	0.0010693770451220869	0.00016750987970928446	0	0	0	0	0.17020033789069272	0	0	0	0	0	0	0	0.16570648918800687	0.0008047928374148708	0	0.001630045489573538	0.0016300436642317905	0.001630051227568337	0	0	0
4.570881896148752e-6	0.0011089180619715101	0.00017375017215571137	0	0	0	0	0.17567792718862835	0	0	0	0	0	0	0	0.17042593699933592	0.0008345678132604349	0	0.0016903633840756823	0.0016903598969046961	0.0016903676378997058	0	0	0
4.897788193684467e-6	0.0011499211375219506	0.00018022293596373578	0	0	0	0	0.18133180276712507	0	0	0	0	0	0	0	0.17527979830136833	0.0008654443759310672	0	0.0017529132705194391	0.0017529080010321493	0.0017529159224775712	0	0	0
5.248074602497734e-6	0.001190542829663102	0.0001875445689122827	0	0	0	0	0.1866886969122678	0	0	0	0	0	0	0	0.1827912973539121	0.0008946242056400744	0	0.0018177206394430921	0.0018177105613344752	0.0018177203804381075	0	0	0
5.623413251903491e-6	0.0012325995087947284	0.00019516364629400832	0	0	0	0	0.19220384412964908	0	0	0	0	0	0	0	0.19062469669709575	0.0009247878795862505	0	0.001884924016850144	0.0018849087817737226	0.0018849206280185152	0	0	0
6.0255958607435935e-6	0.001279440673325269	0.00020213448605189052	0	0	0	0	0.19875584407755362	0	0	0	0	0	0	0	0.19671004139397635	0.0009610276246088171	0	0.001954145497376972	0.001954116353084522	0.001954129300306805	0	0	0
6.4565422903465625e-6	0.0013280618926740444	0.0002093543097156024	0	0	0	0	0.2055311938939891	0	0	0	0	0	0	0	0.20298964958725405	0.000998687499748024	0	0.0020259090503287405	0.00202586499586417	0.002025879108942544	0	0	0
6.9183097091893625e-6	0.0013720661530549863	0.00021625954304667862	0	0	0	0	0.21306488174207075	0	0	0	0	0	0	0	0.20977957872529276	0.0010322822851454477	0	0.0020902490906891708	0.0020901646281258454	0.002090177028060712	0	0	0
7.413102413009192e-6	0.0014175284591357335	0.00022339253499147407	0	0	0	0	0.2208747147899026	0	0	0	0	0	0	0	0.21679662849629816	0.001067007163395931	0	0.0021566324808203804	0.0021565050887336658	0.002156515652561893	0	0	0
7.943282347242822e-6	0.0014625614658196685	0.00023291305624277371	0	0	0	0	0.2289486590854307	0	0	0	0	0	0	0	0.22460047725900362	0.0010984310524072833	0	0.0022255241896496163	0.0022253030486698365	0.002225314318360554	0	0	0
8.511380382023777e-6	0.001509025111640285	0.0002428393221394792	0	0	0	0	0.23731774162957775	0	0	0	0	0	0	0	0.2326852347052693	0.0011307803905013364	0	0.0022966165829198175	0.0022962958373203514	0.0022963078471596584	0	0	0
9.120108393559115e-6	0.0015632804390694384	0.00025616925863432234	0	0	0	0	0.24327047584141667	0	0	0	0	0	0	0	0.24033535979331305	0.0011673438852178844	0	0.0023723188727165336	0.002372020305054612	0.0023720315004740027	0	0	0
9.772372209558111e-6	0.0016194864567367683	0.0002702309020265108	0	0	0	0	0.2493725248257342	0	0	0	0	0	0	0	0.24823700240431695	0.0012050896511845433	0	0.002450516501405718	0.0024502419227294086	0.0024502522369552865	0	0	0
0.000010471285480509006	0.0016662465439778184	0.0002726588186094034	0	0	0	0	0.2571129237130431	0	0	0	0	0	0	0	0.2553431771998502	0.0012445007323219372	0	0.002531482153716934	0.002531272485198398	0.00253128700655513	0	0	0
0.000011220184543019652	0.0017143567541233746	0.0002751085490518097	0	0	0	0	0.26509358072412137	0	0	0	0	0	0	0	0.2626527774304926	0.0012852007078705356	0	0.0026151229305785813	0.002614982763491813	0.0026150017589685916	0	0	0
0.000012022644346174132	0.00177214708079412	0.00028228117349860546	0	0	0	0	0.2728284568718684	0	0	0	0	0	0	0	0.27080108393585417	0.0013308248165621863	0	0.0027028550477137757	0.002702709122317427	0.002702738281083965	0	0	0
0.000012882495516931348	0.0018318854978192586	0.000289640802462824	0	0	0	0	0.28078902052535304	0	0	0	0	0	0	0	0.2792021762657349	0.0013780685627790485	0	0.0027935304010108302	0.002793378488699427	0.0027934184713198176	0	0	0
0.000013803842646028866	0.001891812307211497	0.00029885699378139784	0	0	0	0	0.2895633233718448	0	0	0	0	0	0	0	0.2875266168736449	0.0014237134701579424	0	0.0028833371745447677	0.0028831947103232416	0.002883257716041837	0	0	0
0.000014791083881682102	0.0019536995134124806	0.00030836643861155443	0	0	0	0	0.29861181211883026	0	0	0	0	0	0	0	0.29609925150482863	0.0014708702453973268	0	0.0029760310677497885	0.0029758988161701803	0.0029759862843560967	0	0	0
0.00001584893192461114	0.0020173362517213775	0.0003187119266440183	0	0	0	0	0.3072660779295515	0	0	0	0	0	0	0	0.3053679780087592	0.0015188201372832474	0	0.0030667614896420048	0.0030666035324694893	0.003066688391974472	0	0	0
0.00001698243652461746	0.002083045793158295	0.00032940449888938075	0	0	0	0	0.31617115872375084	0	0	0	0	0	0	0	0.3149268413184009	0.0015683331800582932	0	0.0031602580148676076	0.0031600729078070217	0.0031601549183570324	0	0	0
0.000018197008586099864	0.0021532999261551626	0.0003396347903242613	0	0	0	0	0.3253083638673705	0	0	0	0	0	0	0	0.32428400028056364	0.0016224395097878634	0	0.003186450475573215	0.0031862483900172364	0.0031863642044060903	0	0	0
0.000019498445997580493	0.002225923494917377	0.0003501828031721642	0	0	0	0	0.334709630154879	0	0	0	0	0	0	0	0.33391918071424437	0.0016784124677020856	0	0.0032128600214011887	0.0032126406887025695	0.0032127908616578268	0	0	0
0.00002089296130854041	0.002297482363344657	0.0003602475554067918	0	0	0	0	0.3439848439835142	0	0	0	0	0	0	0	0.34292733596378977	0.0017341304356090017	0	0.0033164678238854182	0.0033162027344537616	0.0033163830792040613	0	0	0
0.000022387211385683423	0.002371341702413591	0.0003706015829474241	0	0	0	0	0.3535170853483092	0	0	0	0	0	0	0	0.35217850468991097	0.0017916980632434489	0	0.003423416754418854	0.003423103185697347	0.003423315491614609	0	0	0
0.000023988329190194948	0.002390240673628315	0.0003803404942159848	0	0	0	0	0.36273779200067147	0	0	0	0	0	0	0	0.3608829173449059	0.0018440070324279507	0	0.0035317472786290972	0.003531429350782625	0.0035316986581448444	0	0	0
0.000025703957827688645	0.0024092902646852266	0.0003903353309772079	0	0	0	0	0.37219900027146474	0	0	0	0	0	0	0	0.36980246749029216	0.001897843172017606	0	0.00364350581155623	0.003643183562703054	0.003643513267326491	0	0	0
0.00002754228703338169	0.002482015233710868	0.0004000513651105385	0	0	0	0	0.38198025708177563	0	0	0	0	0	0	0	0.3792287345245123	0.0019569085108295968	0	0.0037540001016257364	0.0037537089100054496	0.003754103819703619	0	0	0
0.0000295120922666639	0.002556935422298604	0.0004100092459633135	0	0	0	0	0.392018561828056	0	0	0	0	0	0	0	0.3888952771599308	0.0020178121017692756	0	0.0038678452819557434	0.0038675873281004977	0.0038680510965875075	0	0	0
0.000031622776601683856	0.0026333370102381314	0.00042099888143838616	0	0	0	0	0.4007161563353656	0	0	0	0	0	0	0	0.39816431268687014	0.0020403663359945786	0	0.0039802111970820946	0.003979928412915709	0.003980372504284535	0	0	0
0.000033884415613920276	0.0027120214883080635	0.0004322830763387966	0	0	0	0	0.4096067216802299	0	0	0	0	0	0	0	0.4076542689208605	0.0020631726717317282	0	0.004095841487580704	0.004095532648182802	0.004095955528312876	0	0	0
0.000036307805477010174	0.002792680175805727	0.0004441807374433047	0	0	0	0	0.41896468695266215	0	0	0	0	0	0	0	0.416610974343845	0.0021256657911649713	0	0.004214125402778174	0.00421377534975833	0.004214193755368049	0	0	0
0.00003890451449942813	0.0028757377469025257	0.0004564058560577287	0	0	0	0	0.42853644635835453	0	0	0	0	0	0	0	0.42576447047441984	0.002190051815651671	0	0.004335825242306887	0.00433543185307268	0.004335845173372298	0	0	0
0.00004168693834703355	0.00296413593114486	0.0004697881340334405	0	0	0	0	0.4376348363730409	0	0	0	0	0	0	0	0.4348427186410453	0.002258564494667622	0	0.004462486533377784	0.0044620910064617665	0.00446251851994799	0	0	0
0.00004466835921509635	0.0030552514142736195	0.00048356279383651317	0.0030499146450676754	0.00047789986268193977	0	0	0.44692639712399	0	0	0	0	0	0	0	0.4441145353073677	0.0023292204961165752	0	0.004592847946515203	0.004592450492754434	0.0045928926759601285	0	0	0
0.0000478630092322639	0.003144561279731134	0.0004956087789463437	0.0031388971969942836	0.000489596517878127	0	0	0.45592970885564377	0	0	0	0	0	0	0	0.45324531321086736	0.00239995940582732	0	0.004721958042172299	0.004721552861355772	0.004721967215079055	0	0	0
0.00005128613839913659	0.003236481814814958	0.0005079548404043017	0.00323047585257255	0.000501579450082241	0	0	0.46511439188838366	0	0	0	0	0	0	0	0.46256381544783015	0.0024728466709021766	0	0.004854697567106079	0.004854284538885892	0.0048546691493548165	0	0	0
0.00005495408738576248	0.003324906911639258	0.0005203646711575151	0.003318538966061761	0.000513605088050364	0	0	0.473030224349888	0	0	0	0	0	0	0	0.4708794726801292	0.002541608416878556	0	0.0049735756935120196	0.004973132957458422	0.004973511059024457	0	0	0
0.00005888436553555896	0.0034157479026955687	0.0005330776861449841	0.003409002689340787	0.0005259190471778114	0	0	0.4810807772256649	0	0	0	0	0	0	0	0.4793446231345445	0.0026122822012216384	0	0.005095364816688107	0.005094891165616649	0.005095262209068566	0	0	0
0.00006309573444801943	0.0035079420397309967	0.0005451734577847659	0.003500722109517714	0.0005375072434183353	0	0	0.4884537652207341	0	0	0	0	0	0	0	0.4866845097234723	0.0026856457270137577	0	0.005228333037326706	0.005227864227041498	0.005228271049779005	0	0	0
0.00006760829753919819	0.003602624580227658	0.0005575436879047389	0.0035949092461514125	0.0005493507760891162	0	0	0.4959397507716191	0	0	0	0	0	0	0	0.49413678713215553	0.002761069599469101	0	0.005364771185700814	0.0053643077914643615	0.0053647520085044476	0	0	0
0.00007244359600749906	0.0036875731405767095	0.0005674546862679303	0.0036810554541311415	0.0005605453971925603	0	0	0.5026395361080107	0	0	0	0	0	0	0	0.500800681742688	0.0028355541491468404	0	0.005498725945186407	0.0054982694073283205	0.005498742415667291	0	0	0
0.00007762471166286927	0.003774524756682685	0.0005775418643470582	0.0037692660171866855	0.0005719681412860971	0	0	0.5094298306715515	0	0	0	0	0	0	0	0.5075544451760605	0.002912048046267981	0	0.005636025465700551	0.005635576415593818	0.005636079376255797	0	0	0
0.00008317637711026725	0.0038688354832072586	0.000589069973540342	0.003863552017390955	0.0005834719580115631	0	0	0.515792970520223	0	0	0	0	0	0	0	0.5134098076544136	0.0029829607066868976	0	0.005770928471148843	0.00577046307369276	0.0057709531571574066	0	0	0
0.00008912509381337459	0.003965502668812371	0.0006008281912500415	0.00396019652712838	0.0005952071474127101	0	0	0.5222355904980436	0	0	0	0	0	0	0	0.519332720067713	0.003055600194866832	0	0.005909060493390936	0.005908578223287765	0.0059090545251032	0	0	0
0.00009549925860214369	0.004061614935270057	0.0006135680220716944	0.00405499567305957	0.0006065429892221973	0	0	0.5273336682209783	0	0	0	0	0	0	0	0.5244150214635741	0.003132952848491813	0	0.00604360255530715	0.006043094660938875	0.00604359581007071	0	0	0
0.00010232929922807557	0.004160056683898133	0.0006265779855065104	0.0041520641200236035	0.0006180947244564997	0	0	0.532481513514224	0	0	0	0	0	0	0	0.5295470593510526	0.003212263687953039	0	0.006181207975001623	0.0061806735395554	0.006181200420530272	0	0	0
0.00010964781961431851	0.0042575172145906046	0.0006385504720908808	0.004247914300143761	0.0006283447778688503	0	0	0.5356679166792033	0	0	0	0	0	0	0	0.5330582792314512	0.0032915519749374053	0	0.0063159105526900865	0.006315328445249717	0.006315916268355119	0	0	0
0.00011748975549395303	0.004357261020671984	0.0006507517257853761	0.004345977176591204	0.000638764811044493	0	0	0.538873387482911	0	0	0	0	0	0	0	0.5365927806405267	0.0033727973342743533	0	0.006453548605856682	0.006452917002674931	0.006453568173647829	0	0	0
0.00012589254117941688	0.004449556397785127	0.0006597987019942902	0.00443893639134577	0.0006485271246225396	0	0	0.5413299039248841	0	0	0	0	0	0	0	0.5385312470126885	0.0034503250621156297	0	0.006583441316107679	0.00658278640599804	0.006583486954120392	0	0	0
0.0001348962882591656	0.0045438067729110096	0.0006689714524044561	0.0045338839772437215	0.0006584386367236537	0	0	0.5437976186801704	0	0	0	0	0	0	0	0.5404767161847593	0.0035296348562919083	0	0.00671594841995927	0.006715269520595048	0.006716021169816568	0	0	0
0.0001445439770745928	0.004633650397656185	0.0006786133610954378	0.004623461695078745	0.0006677984743059658	0	0	0.5455925277413953	0	0	0	0	0	0	0	0.5416047978394121	0.003605137598713677	0	0.0068403370778910115	0.006839644510403447	0.006840372427748879	0	0	0
0.00015488166189124827	0.0047252704793042805	0.0006883942389500063	0.004714809234897023	0.0006772913638610508	0	0	0.5473933612466165	0	0	0	0	0	0	0	0.5427352340232804	0.003682255427212412	0	0.006967029585890436	0.00696632307686536	0.006967026125616715	0	0	0
0.00016595869074375631	0.004810805390449054	0.0006984757077991702	0.004799551098993779	0.0006865229688917296	0	0	0.5472565647971259	0	0	0	0	0	0	0	0.5428020526546165	0.0037547638311049613	0	0.007084152215029715	0.007083459042513045	0.007084132278710631	0	0	0
0.00017782794100389227	0.0048978886195274835	0.0007087048188109266	0.004885816075304149	0.0006958804023855913	0	0	0.547119802533779	0	0	0	0	0	0	0	0.5428688795123006	0.003828700019880694	0	0.0072032437909184234	0.007202564603067056	0.007203206825613468	0	0	0
0.00019054607179632481	0.004996470237695379	0.0007164740841582206	0.004984798574781953	0.0007040822062403267	0	0	0.5452474839339548	0	0	0	0	0	0	0	0.5411738535992043	0.003913866599650955	0	0.0073360844790918535	0.007335413620052553	0.00733606544156834	0	0	0
0.00020417379446695317	0.005097036044601635	0.0007243285210500501	0.005085786375943633	0.0007123806784108268	0	0	0.5433815726637929	0	0	0	0	0	0	0	0.5394841201479804	0.004000927646543773	0	0.007471374986950241	0.007470712994971186	0.007471374551068775	0	0	0
0.00021877616239495564	0.005149795304003001	0.0007318433440901651	0.005138235065132671	0.0007195650146085712	0	0	0.5406011814494902	0	0	0	0	0	0	0	0.5364126889890127	0.00406415050696075	0	0.007542878881653644	0.0075422136781751635	0.00754291513330471	0	0	0
0.00023442288153199226	0.00520310067283508	0.0007394361325336623	0.005191224647075427	0.0007268218046054817	0	0	0.5378350170247846	0	0	0	0	0	0	0	0.5333587443305973	0.00412837241820605	0	0.007615067095771722	0.007614398679957861	0.007615140737402657	0	0	0
0.0002511886431509582	0.005266324324364429	0.0007425680582082208	0.0052561417803950105	0.0007317719248306569	0	0	0.5331245782208243	0	0	0	0	0	0	0	0.5289364506129477	0.004174716550972286	0	0.0077009597291966365	0.00770028087918276	0.007701029765276735	0	0	0
0.00026915348039269194	0.005330316215903734	0.0007457132493400642	0.005321870713335097	0.0007367557585329023	0	0	0.528455394138151	0	0	0	0	0	0	0	0.5245508239265095	0.004221580932016602	0	0.0077878211714821855	0.00778713173692604	0.0077878875113089555	0	0	0
0.00028840315031266115	0.005384019162037539	0.000750027306325135	0.005376079688220909	0.0007416106740270995	0	0	0.5225920368721128	0	0	0	0	0	0	0	0.5188620603588594	0.004274747603933854	0	0.00785813425963582	0.007857457747775298	0.007858201616219241	0	0	0
0.0003090295432513592	0.0054382631654569845	0.0007543663207421492	0.0054308408397972865	0.0007464975814048776	0	0	0.5167937351600728	0	0	0	0	0	0	0	0.5132349915392723	0.004328583857945647	0	0.007929082176229498	0.007928418876658887	0.00792915056252163	0	0	0
0.0003311311214825914	0.005481452970051391	0.0007585380758649463	0.005473028674030585	0.0007495979500529219	0	0	0.5096819434811075	0	0	0	0	0	0	0	0.5056498806605387	0.004373555202895238	0	0.007981733581037688	0.007981077615324728	0.007981789268512857	0	0	0
0.000354813389233576	0.005524985781073422	0.0007627329013983983	0.005515544231614606	0.0007527111952138876	0	0	0.5026680198246118	0	0	0	0	0	0	0	0.4981768702971459	0.0044189937726769974	0	0.008034734606440868	0.008034086101247994	0.008034777423457855	0	0	0
0.00038018939632056124	0.0055533110380426	0.0007628215983378467	0.005544869872277302	0.0007538695069694681	0	0	0.49400322232629057	0	0	0	0	0	0	0	0.4897897029641388	0.004455405097345211	0	0.008068140476474913	0.008067512772127949	0.008068185790783623	0	0	0
0.00040738027780411304	0.005581781511708116	0.000762910305591715	0.005574351434670336	0.0007550296011963775	0	0	0.4854877852661235	0	0	0	0	0	0	0	0.48154373964935543	0.0044921164415727055	0	0.00810168523748763	0.008101078518232163	0.00810173306911447	4.2642661470428897e-11	4.2642661470428897e-11	4.2642661470428897e-11
0.00043651583224016654	0.0055970106451195155	0.0007616586381547474	0.005590254562395844	0.0007544987424399557	0	0	0.4755972460311199	0	0	0	0	0	0	0	0.472223894255318	0.004519505704869015	0	0.008114961254314258	0.008114363305867978	0.008115007236428932	3.979644721470789e-11	3.979644721470789e-11	3.979644721470789e-11
0.00046773514128719906	0.005612281329154851	0.0007604090242637364	0.0056062030603270955	0.00075396825692853	0	0	0.4659082005706831	0	0	0	0	0	0	0	0.4630844260752635	0.004547061965560359	0	0.008128259026197729	0.00812766987894658	0.008128303152610759	3.714020551956655e-11	3.714020551956655e-11	3.714020551956655e-11
0.0005011872336272725	0.005613218373970913	0.0007586976273037698	0.00560674218203277	0.0007518318447253847	0	0	0.45540592411730607	0	0	0	0	0	0	0	0.4524328281779761	0.0045640565398055	0	0.008120215591260612	0.008119624659056416	0.008120251583462612	3.466125653361968e-11	3.466125653361968e-11	3.466125653361968e-11
0.0005370317963702533	0.005614155575239034	0.0007569900820597362	0.005607281355583192	0.0007497014861684769	0	0	0.44514038488076235	0.44542392735687875	0	0	0	0	0	0	0.44202623212349895	0.0045811146310108086	0	0.00811218011581954	0.008111587402772548	0.008112207989873997	3.234776673102835e-11	3.234776673102835e-11	3.234776673102835e-11
0.0005754399373371578	0.005598290013968967	0.0007530373917307122	0.005590646260527896	0.0007449256338123463	0	0	0.4339116066069556	0.434056466200906	0	0	0	0	0	0	0.430641765257262	0.004586251190448477	0	0.008080282255330092	0.008079696074622772	0.008080275577216437	3.018869242291002e-11	3.018869242291002e-11	3.018869242291002e-11
0.0006165950018614823	0.005582469288655268	0.0007491053407220802	0.005574060516730355	0.0007401802052530855	0	0	0.42296607709197853	0.42297910884312717	0	0	0	0	0	0	0.41955050742797734	0.004591393509236213	0	0.008048509820249019	0.008047930129676147	0.008048468861407306	2.8173727039118348e-11	2.8173727039118348e-11	2.8173727039118348e-11
0.0006606934480075965	0.0055503171766632725	0.0007428210486945286	0.005541423381102589	0.0007333761934861344	0	0	0.41094576724328336	0.4110538545203512	0	0	0	0	0	0	0.40749584237815206	0.004585455484128467	0	0.007993303838790657	0.00799273751546577	0.007993261156605706	2.629325192873766e-11	2.629325192873766e-11	2.629325192873766e-11
0.0007079457843841388	0.005518350244069867	0.0007365894759898013	0.005508977341825279	0.0007266347267261914	0	0	0.39926706362895087	0.39946481465282746	0	0	0	0	0	0	0.39578753598334115	0.004579525138637397	0	0.007938476523750902	0.00793792341158218	0.007938432143791602	2.453829044443319e-11	2.453829044443319e-11	2.453829044443319e-11
0.0007585775750291852	0.005469289021075497	0.0007277374472693751	0.0054599959790582586	0.0007178666349548543	0.005466214337007922	0.0007244616069147667	0.38684779315826184	0.38674893360967655	0	0	0	0	0	0	0.38343577770765686	0.004562491589406929	0	0.007860537356763387	0.007860004395477661	0.00786050695483258	2.290046509147297e-11	2.290046509147297e-11	2.290046509147297e-11
0.0008128305161640995	0.005420663979819378	0.0007189917985815485	0.005411450118880862	0.0007092043452192361	0.005417482321254951	0.0007156016241808358	0.37481482622491574	0.3744378282182795	0	0	0	0	0	0	0.37146949375501337	0.004545521396483202	0	0.007783363388707007	0.007782850235967994	0.007783346694635864	2.137195753686854e-11	2.137195753686854e-11	2.137195753686854e-11
0.0008709635899560814	0.005354734056084437	0.0007080555037160825	0.00534592465016971	0.0006986990292538074	0.005351741157875938	0.0007048670415797985	0.36176776390728543	0.36142159969328785	0	0	0	0	0	0	0.35858738219288366	0.004517156053056369	0	0.007682651193711327	0.00768215518811119	0.007682639872654711	1.994547128773322e-11	1.994547128773322e-11	1.994547128773322e-11
0.0009332543007969925	0.005289606018402546	0.0006972855564301302	0.005281192607796319	0.0006883493266377292	0.005286797763701533	0.0006942934860917878	0.3491748614126125	0.3488578420252632	0	0	0	0	0	0	0.3461520066375835	0.004488967717421939	0	0.007583242155938848	0.007582762939660185	0.007583236071647878	1.8614196860699916e-11	1.8614196860699916e-11	1.8614196860699916e-11
0.001	0.005209455459724399	0.0006845437501680139	0.0052014480441660155	0.0006760403896180755	0.005207483650063757	0.0006824456903789172	0.3360435237950039	0.33595337807153147	0	0	0	0	0	0	0.3332704330167179	0.004451241820872725	0	0.007462035376270954	0.007461563172464339	0.007462020388810594	1.7371779276130072e-11	1.7371779276130072e-11	1.7371779276130072e-11
0.001071519305237607	0.005130519379408925	0.0006720347805469601	0.0051229076016312365	0.0006639515587635486	0.005129359430366187	0.0006708000717944029	0.3234060133301574	0.3235262580954104	0	0	0	0	0	0	0.3208682295447111	0.004413832977900197	0	0.007342765905624098	0.007342300612548373	0.0073427423011670845	1.621228772194442e-11	1.621228772194442e-11	1.621228772194442e-11
0.001148153621496884	0.005036356932477096	0.0006580171809713317	0.005028802179519626	0.000649993757215977	0.005035035539703464	0.0006566095334499832	0.31037731921465983	0.3105441467663867	0	0	0	0	0	0	0.30793387452129123	0.004366115921888676	0	0.007202184578312342	0.00720173010723733	0.007202163593783303	1.5130187242262876e-11	1.5130187242262876e-11	1.5130187242262876e-11
0.0012302687708123836	0.004943922686095052	0.0006442919667060329	0.004936425430099275	0.0006363293810267308	0.004942446172906837	0.0006427191909268991	0.2978734974372097	0.29808296754207464	0	0	0	0	0	0	0.29552090966513483	0.004318914725323084	0	0.00706429475851189	0.007063850865605906	0.007064276302243779	1.4120312315705586e-11	1.4120312315705586e-11	1.4120312315705586e-11
0.0013182567385564075	0.004836662026145399	0.0006280699662403443	0.004829856705545794	0.0006208456048083276	0.004835765491995306	0.0006271167413292974	0.2851652450683574	0.2852634662116625	0	0	0	0	0	0	0.28268725943585826	0.0042632119874057295	0	0.00690650118553584	0.0069060760353292635	0.006906491766479379	1.3177842197228976e-11	1.3177842197228976e-11	1.3177842197228976e-11
0.0014125375446227555	0.004731728435185961	0.0006122564037386643	0.004725588611927345	0.0006057385946691433	0.004731387469986195	0.0006118930519070291	0.2729991680848947	0.27299528660122463	0	0	0	0	0	0	0.27041093890076123	0.004208227669556572	0	0.006752232212328588	0.006751825189001666	0.006752231435978366	1.2298277905788006e-11	1.2298277905788006e-11	1.2298277905788006e-11
0.0015135612484362103	0.004613499216762716	0.0005949995028203071	0.004607943921221681	0.0005891051767775088	0.0046137355536900425	0.0005952527351919609	0.2604647668328002	0.26042326686133277	0	0	0	0	0	0	0.2578810973780568	0.00414539753210323	0	0.006579040355506197	0.006578647261069573	0.006579048198370007	1.1477420747973261e-11	1.1477420747973261e-11	1.1477420747973261e-11
0.0016218100973589332	0.004498224129854083	0.0005782290004557053	0.004493228024024681	0.0005729285080400356	0.004499009200665964	0.0005790649487671365	0.24850586628955632	0.24843021565349138	0	0	0	0	0	0	0.2459318423109975	0.004083505467986784	0	0.006410290795442318	0.006409911183138528	0.006410306815883599	1.0711352275102657e-11	1.0711352275102657e-11	1.0711352275102657e-11
0.0017378008287493763	0.004371660985226263	0.0005604829886941142	0.004366767449630131	0.0005552909510547382	0.0043723484084536865	0.0005612148866817446	0.23641070322276103	0.23631872248155497	0	0	0	0	0	0	0.2339892356177252	0.00401493655728183	0	0.00622510739350826	0.006224737843094718	0.006225117707221573	9.996415578091205e-12	9.996415578091205e-12	9.996415578091205e-12
0.0018620871366628695	0.004248658852481274	0.0005432816070586393	0.004243866070716126	0.0005381963648101943	0.004249253502766255	0.0005439150646292374	0.22490423036194182	0.224797689960582	0	0	0	0	0	0	0.22262656950184967	0.0039475190336760455	0	0.006045273654085019	0.006044913901019656	0.006045278577422021	9.329197830807651e-12	9.329197830807651e-12	9.329197830807651e-12
0.001995262314968883	0.004114817611501949	0.0005249097030825646	0.00411005783673471	0.0005198581170501235	0.004115146238721805	0.0005252587894568958	0.21329902202177461	0.2132089612270961	0	0	0	0	0	0	0.21117236353917987	0.0038736804501934667	0	0.005850105675542251	0.005849762044596508	0.005850111466938806	8.706513998587195e-12	8.706513998587195e-12	8.706513998587195e-12
0.0021379620895022326	0.0039851926369749045	0.0005071590733247244	0.003980468549153318	0.0005021447180495354	0.0039852714259203306	0.0005072424241269913	0.2022926501748206	0.20221765248347723	0.2023268142157069	0	0	0	0	0	0.20030748002139562	0.0038012230219033527	0	0.005661238576335646	0.005660910401491366	0.0056612451746108775	8.125391634130719e-12	8.125391634130719e-12	8.125391634130719e-12
0.0022908676527677745	0.0038461002787789043	0.00048818885532532876	0.00384149541772566	0.00048330104160828523	0.0038460897759536377	0.00048817711505543036	0.19131426835205764	0.19126376270794304	0.1913475506377093	0	0	0	0	0	0.18942834836679634	0.0037236722976488803	0	0.0054594255768894056	0.00545910529748599	0.005459429954630306	7.58305668821238e-12	7.58305668821238e-12	7.58305668821238e-12
0.0024547089156850338	0.0037118625627221655	0.00046992821581890094	0.0037073743611279663	0.0004651645002399717	0.003711768907002126	0.00046982839827328484	0.1809316811236223	0.18090323211614465	0.18096407674375536	0	0	0	0	0	0.1791400858377307	0.0036477037259799684	0	0.0052648068488373705	0.005264494319003586	0.005264809155975715	7.076920267461587e-12	7.076920267461587e-12	7.076920267461587e-12
0.002630267991895387	0.003570181432087267	0.0004510672112687734	0.003565609351829039	0.00044621285698681715	0.0035698534943904596	0.00045071745940481356	0.17066953920055042	0.17059345822400182	0.17065239706602467	0	0	0	0	0	0.1689307124207779	0.0035677781503766076	0	0.005059610115386857	0.005059306084447486	0.00505960518997857	6.604566276005915e-12	6.604566276005915e-12	6.604566276005915e-12
0.002818382931264455	0.003433908244887448	0.000432963210619806	0.0034292652458174245	0.000428033337964574	0.003433364061908848	0.00043238388517793637	0.16098944877998664	0.16087124397058847	0.16092829664540104	0	0	0	0	0	0.15930318144896738	0.0034896038402584422	0	0.004862410959174733	0.004862115239393409	0.004862399361504263	6.163739881981296e-12	6.163739881981296e-12	6.163739881981296e-12
0.003019951720402019	0.0032903880552735136	0.0004137393677631783	0.003286036808991382	0.00040911976792960635	0.0032899763627864814	0.00041330145906804826	0.1514349971553754	0.15132162695773188	0.1513337017409732	0	0	0	0	0	0.1498385980245902	0.003407595796188795	0	0.004655718496793392	0.004655438359083009	0.004655709015990045	5.752336753852979e-12	5.752336753852979e-12	5.752336753852979e-12
0.0032359365692962876	0.003152866291755411	0.0003953690757975086	0.0031487905239223823	0.00039104193450611107	0.003152576968978926	0.0003950611989100427	0.14244758608242042	0.14233889301758232	0.14231113955732236	0	0	0	0	0	0.1409363281622036	0.0033275149964712273	0	0.0044578121642484545	0.004457546818229139	0.004457804641300647	5.368393015165893e-12	5.368393015165893e-12	5.368393015165893e-12
0.0034673685045253167	0.003009978436927641	0.000376403502668061	0.0030060684027923986	0.0003722519305954333	0.003009823281952704	0.00037623864915950256	0.1336197429017276	0.13355120370376639	0.1335161091162507	0	0	0	0	0	0.13221993300739066	0.0032415077160400743	0	0.0042523983132769574	0.004252148472443063	0.004252394594500999	5.010075869772103e-12	5.010075869772103e-12	5.010075869772103e-12
0.003715352290971728	0.002873566257617942	0.00035834769458132086	0.00286981530642131	0.00035436480746507123	0.002873533708367673	0.00035831289307052347	0.12533898386170794	0.12530604694615471	0.12526462404133912	0	0	0	0	0	0.12404261493430338	0.0031577234916417237	0	0.004056449834244932	0.00405621463307094	0.004056449585028312	4.6756748527840375e-12	4.6756748527840375e-12	4.6756748527840375e-12
0.003981071705534978	0.0027328170273518294	0.0003398409215063416	0.00272928077068124	0.000336086245006202	0.002732828592778639	0.0003398534098078031	0.11731320435798921	0.11724980924720503	0.11721443844609399	0	0	0	0	0	0.11605257535852652	0.003071607761276104	0	0.0038546780884546714	0.0038544550633909493	0.0038546775650521808	4.363593665489039e-12	4.363593665489039e-12	4.363593665489039e-12
0.004265795188015935	0.002598961790139814	0.00032228992589226923	0.0025956281954950386	0.0003187505127565533	0.0025990132274282297	0.0003223449180637149	0.10980133628595541	0.1097115271253702	0.1096816015326004	0	0	0	0	0	0.10857720352380214	0.002987840532619399	0	0.0036629426648335044	0.0036627311865033377	0.0036629418951383075	4.07234255524815e-12	4.07234255524815e-12	4.07234255524815e-12
0.004570881896148752	0.0024616493954293527	0.00030433467497311897	0.0024585605541937302	0.0003010554020794068	0.0024616626435555043	0.0003043488215668918	0.10250422639229251	0.10242738354524304	0.1023542618159706	0	0	0	0	0	0.10129826365567388	0.002899384861106992	0	0.003466465449199013	0.0034662686439933792	0.003466465783118359	3.80053120400395e-12	3.80053120400395e-12	3.80053120400395e-12
0.004897788193684466	0.002331591702889831	0.00028737973777670435	0.0023287310598367745	0.00028434261748283194	0.0023315706540951056	0.00028735742367387546	0.09569206335448117	0.09562686050241147	0.09551642905923803	0	0	0	0	0	0.09450729883096434	0.002813547939068424	0	0.003280527108943077	0.003280344011213651	0.003280528430297868	3.5468620914498513e-12	3.5468620914498513e-12	3.5468620914498513e-12
0.005248074602497733	0.0021990169246181713	0.0002701248957331649	0.0021964086569662704	0.00026735633384189744	0.00219914333561397	0.00027026019717149254	0.08911060341961578	0.08905874629735071	0.08891665116896423	0	0	0	0	0	0.0879934732098873	0.002722167496625722	0	0.0030913284562045142	0.0030911559481524393	0.0030913288613831085	3.310124301179382e-12	3.310124301179382e-12	3.310124301179382e-12
0.005623413251903491	0.0020739803751933573	0.0002539060681847702	0.002071605034861572	0.00025138479021596553	0.0020742375540201297	0.00025418022350474754	0.08298179977991042	0.08294176186884104	0.08277288978422742	0	0	0	0	0	0.08192860681996665	0.0026337549742049536	0	0.00291304150424127	0.002912878973404684	0.0029130410945265	3.089187740248297e-12	3.089187740248297e-12	3.089187740248297e-12
0.0060255958607435805	0.001947684294989216	0.00023781633291967296	0.0019452899082316843	0.00023527368119403787	0.0019478089798325225	0.00023794895219329525	0.07707225899400698	0.0770512506399149	0.07687702220668007	0	0	0	0	0	0.07611623859326526	0.002538679243415851	0	0.002732919649985846	0.0027327658169862467	0.002732918751123399	2.88299774455606e-12	2.88299774455606e-12	2.88299774455606e-12
0.006456542290346563	0.001829079078240541	0.0002227461856571456	0.0018266767860606664	0.0002201951240368965	0.0018290864585703054	0.00022275416658774596	0.071583565579369	0.07157908261658608	0.07140111404558641	0	0	0	0	0	0.0707162248018956	0.002447035644572816	0	0.002563935255438142	0.002563789666056607	0.0025639339294854326	2.6905700442949656e-12	2.6905700442949656e-12	2.6905700442949656e-12
0.006918309709189377	0.0017094539478653033	0.0002075636768195435	0.0017071507988558215	0.0002051176528800351	0.0017094177927537214	0.00020752507228514593	0.06631828277427788	0.06629480707166603	0.06613366037171742	0	0	0	0	0	0.06552719086769211	0.002347648621044603	0	0.0023938367909336128	0.0023936999625117947	0.002393836204016744	2.510986065433826e-12	2.510986065433826e-12	2.510986065433826e-12
0.007413102413009177	0.0015976525206790298	0.00019341601656497733	0.0015954458239539288	0.00019107258485871268	0.0015975784941664592	0.00019333714958813406	0.061440284435854746	0.06140063946071076	0.0612548010297051	0	0	0	0	0	0.06071891924434101	0.002252298228722686	0	0.0022350231229407895	0.002234894533817996	0.0022350231828366087	2.3433885448074365e-12	2.3433885448074365e-12	2.3433885448074365e-12
0.00794328234724282	0.0014854846347487009	0.0001792133180383652	0.001483433703489141	0.00017703540652390585	0.001485532858618048	0.000179265102193156	0.056792440463243596	0.05676939885987792	0.05659529555848796	0	0	0	0	0	0.056144956611216795	0.002148359984044332	0	0.0020760368640041042	0.002075915834217487	0.0020760383279070506	2.1869774378799414e-12	2.1869774378799414e-12	2.1869774378799414e-12
0.008511380382023776	0.0013811918245756033	0.000166053535445088	0.0013792856639869549	0.00016402947176466935	0.0013813455063973665	0.00016621728898342557	0.052496197297694	0.05248747692561249	0.05229022746803668	0	0	0	0	0	0.05191555106885742	0.0020492182439181056	0	0.0019283599424390271	0.0019282460472051224	0.001928362610301468	2.0410060996474383e-12	2.0410060996474383e-12	2.0410060996474383e-12
0.009120108393559097	0.0012777020871919474	0.00015308903595147655	0.0012758922491265096	0.00015116704438967364	0.0012778979613622813	0.00015329790565078355	0.048408712602089225	0.04839526095160118	0.04819607013643864	0	0	0	0	0	0.0478858562198044	0.0019418443812414734	0	0.001781975595527211	0.0017818678406747472	0.0017819788480445211	1.904777720448867e-12	1.904777720448867e-12	1.904777720448867e-12
0.009772372209558112	0.0011819666135920535	0.00014113672958383048	0.0011802493666725272	0.0001393132286757235	0.0011821974966370976	0.00014138269262266575	0.044639489647274024	0.04462209692214573	0.04442247221082363	0	0	0	0	0	0.044168947043678956	0.0018400966379009882	0	0.0016467034774836679	0.0016466015870915058	0.0016467072105186909	1.7776419996711923e-12	1.7776419996711923e-12	1.7776419996711923e-12
0.010471285480509006	0.0010876257542718776	0.00012949607179105717	0.0010859590836714318	0.0001277257924619843	0.0010877905417367867	0.00012967135770577972	0.04109170177504075	0.04106691510844999	0.04084310097139581	0	0	0	0	0	0.040659858987037945	0.0017312046197022217	0	0.0015137659558417458	0.0015136701310035129	0.001513770074515036	1.6589920414705028e-12	1.6589920414705028e-12	1.6589920414705028e-12
0.011220184543019653	0.00100081488576102	0.00011881551073743893	0.000999201664249405	0.00011710214611431751	0.0010009226597569496	0.00011893012289797523	0.03782587946482043	0.03779498573245311	0.03755214003045025	0	0	0	0	0	0.037429557268162314	0.0016287565411222601	0	0.001391560411694218	0.0013914703371197851	0.0013915648294121844	1.548261457690326e-12	1.548261457690326e-12	1.548261457690326e-12
0.012022644346174132	0.0009157742776233006	0.00010841380479832363	0.0009142767584896308	0.00010682330410994216	0.000915839401656329	0.00010848293751970573	0.03473166984490123	0.034701860991763894	0.03442045427210521	0	0	0	0	0	0.034376663166580855	0.001519676032538026	0	0.0012722478909493935	0.0012721629700121367	0.001272250312589192	1.4449216641477175e-12	1.4449216641477175e-12	1.4449216641477175e-12
0.01288249551693135	0.0008379596861399314	0.00009892271638525584	0.0008365698547372109	0.00009744670511696096	0.0008379886312393944	0.00009895346482572857	0.03189057088116392	0.03186187619744714	0.03154993753584695	0	0	0	0	0	0.03157277447878759	0.0014179008253002977	0	0.0011631652369691373	0.001163085248098088	0.0011631659723442558	1.348479357380602e-12	1.348479357380602e-12	1.348479357380602e-12
0.013803842646028866	0.0007629022704771966	0.00008989054510405805	0.0007615695355381905	0.00008847475106767613	0.0007628632579628953	0.00008984878988488386	0.029216909225003748	0.029196064036043128	0.02884009803573902	0	0	0	0	0	0.028938598828389245	0.0013147226362156808	0	0.001057970354650163	0.001057896066750739	0.0010579702246675106	1.258474159811409e-12	1.258474159811409e-12	1.258474159811409e-12
0.014791083881682071	0.0006945678699417419	0.00008168305920387219	0.000693293159173236	0.00008032884813387928	0.000694472846832108	0.00008158183301610932	0.02676740368941792	0.026753294436095698	0.02636300797001598	0	0	0	0	0	0.026524197381294294	0.0012190525453794237	0	0.0009622891363527678	0.0009622201724910056	0.0009622882915214363	1.1744764220858789e-12	1.1744764220858789e-12	1.1744764220858789e-12
0.01584893192461114	0.0006292861666049289	0.00007381556742415958	0.0006281421317304078	0.00007260036124926592	0.0006292596737434674	0.00007378749624776587	0.024458757155845206	0.024452879446560587	0.024028921024883902	0	0	0	0	0	0.024262974968685135	0.0011230519810233382	0	0.0008713581604354196	0.0008712936888629818	0.0008713580335815619	1.096085172096308e-12	1.096085172096308e-12	1.096085172096308e-12
0.01698243652461746	0.0005701402218814719	0.00006670585121636025	0.0005691135595876118	0.0000656154367449582	0.0005701702216378548	0.00006673783122081804	0.022349227760371487	0.02235026847464725	0.021901485834879025	0	0	0	0	0	0.02219452471524004	0.0010346114750024076	0	0.0007890196564362513	0.0007889594439567401	0.0007890201194141961	1.022926200898689e-12	1.022926200898689e-12	1.022926200898689e-12
0.018197008586099864	0.0005141361871924458	0.00006004557138060286	0.0005131831110665517	0.000059033337668865005	0.0005142166173768519	0.000060131324466049004	0.02038524310637438	0.020387564771409114	0.0199076445715151	0	0	0	0	0	0.020248679563602906	0.0009473896322531228	0	0.0007108939964467127	0.0007108373476612899	0.0007108940499381965	9.546502763866279e-13	9.546502763866279e-13	9.546502763866279e-13
0.019498445997580455	0.00046363334638709254	0.000054050290591881496	0.0004627493073171161	0.00005311151047994856	0.0004637540151201351	0.000054178808569274885	0.01859384766944081	0.018597217200316575	0.018095316243550416	0	0	0	0	0	0.018473431142588752	0.0008675209361065913	0	0.0006405040356872425	0.000640450835211556	0.0006405037562448245	8.909314761948577e-13	8.909314761948577e-13	8.909314761948577e-13
0.02089296130854041	0.0004162267447871385	0.000048453216846230315	0.0004153993138426663	0.00004757456180950257	0.00041632857860085087	0.000048561744795853604	0.01692094212282269	0.01692454817036297	0.016389185064798032	0	0	0	0	0	0.016818134753397985	0.0007903071642467441	0	0.0005746538150027052	0.0005746036808444428	0.0005746525031142674	8.314656318742627e-13	8.314656318742627e-13	8.314656318742627e-13
0.022387211385683423	0.00037366747760083215	0.00004343573729278804	0.00037289432358395154	0.000042614847721581356	0.0003737530667306548	0.00004352703796729461	0.015398549424199194	0.015402322169257706	0.01484391781126987	0	0	0	0	0	0.015311159816509124	0.000719965810465453	0	0.000515573655586478	0.0005155265195819749	0.0005155715264990091	7.759688769115429e-13	7.759688769115429e-13	7.759688769115429e-13
0.02398832919019495	0.0003340179493882131	0.00003881062371173583	0.00033326979821045956	0.00003801607383213286	0.0003340490824537643	0.000038843802687294	0.013983252181311717	0.013989494277355604	0.013394644474439533	0	0	0	0	0	0.013910885510264632	0.0006527838706471013	0	0.0004605406571718329	0.00046049700887164526	0.0004605391552223017	7.241762916623079e-13	7.241762916623079e-13	7.241762916623079e-13
0.025703957827688646	0.0002985755978278879	0.000034678000346596005	0.0002978558572083908	0.0000339135758281328	0.0002985628732475893	0.00003466445404217829	0.01269803643055347	0.012706262600245145	0.01208686971174259	0	0	0	0	0	0.012638672576001571	0.0005918708577307643	0	0.00041138195214221744	0.0004113415840404952	0.00041138096770609726	6.758406387290661e-13	6.758406387290661e-13	6.758406387290661e-13
0.02754228703338169	0.0002657364890295301	0.00003086579913912519	0.0002650438996216636	0.000030130002170210258	0.0002656952410665219	0.00003082177127111345	0.011503418316278182	0.011515741874497732	0.010867492461779257	0	0	0	0	0	0.011459770073398486	0.0005342818167558272	0	0.0003659314748830898	0.0003658947928024011	0.00036593134275061815	6.307311827472861e-13	6.307311827472861e-13	6.307311827472861e-13
0.0295120922666639	0.00023650921949237028	0.00002747267855628639	0.00023584652450702126	0.000026768543528925066	0.0002364458794140012	0.000027405064078982337	0.010421188636762838	0.010436767686314151	0.009771131419749697	0	0	0	0	0	0.010390832529717025	0.000482296190101927	0	0.0003255024767440972	0.0003254691589526531	0.0003255030206038521	5.886325889456773e-13	5.886325889456773e-13	5.886325889456773e-13
0.03162277660168379	0.00020959695960846698	0.00002432699891627516	0.0002089877178344492	0.000023679637841719334	0.0002095510157485636	0.000024277999728191563	0.009425361751579044	0.009439215501727608	0.00874338395463534	0	0	0	0	0	0.009400676252593627	0.0004336016599048118	0	0.00028829578966942766	0.0002882652471980251	0.00028829591377649527	5.493438952228215e-13	5.493438952228215e-13	5.493438952228215e-13
0.03388441561392028	0.0001857470316438569	0.000021541506229906097	0.00018518766090339791	0.000020947170611246984	0.00018571534555849987	0.000021507750140752665	0.008524693990735084	0.008537009921653306	0.007823737057067723	0	0.006339823232963392	0.006283628247883572	0	0	0.00850487328646073	0.00038982352199894843	0	0.0002553420274170795	0.00025531406112192173	0.00025534182062592043	5.126775528332695e-13	5.126775528332695e-13	5.126775528332695e-13
0.03630780547701017	0.00016385952856478575	0.000018984073268731167	0.00016335103617296905	0.000018443817349162784	0.0001638299189455475	0.000018952593422042738	0.0076901328218208845	0.007704686630059426	0.006968501136643316	0	0.00573538137335742	0.005680740928050307	0	0	0.007681635164780672	0.0003494735772602737	0	0.0002251284478103533	0.00022510247264986011	0.00022512754922671507	4.784585311037251e-13	4.784585311037251e-13	4.784585311037251e-13
0.038904514499428125	0.0001445511396001994	0.000016730261757286776	0.0001440893031890604	0.00001623963468491688	0.00014452355706518616	0.000016700993598612044	0.006937274567453103	0.006953511429903572	0.006206753593224551	0	0.005188567297400732	0.005135698074197051	0.005188662811636619	0.005179876942164348	0.006938083239726984	0.00031330018408540737	0	0.0001984899177240136	0.00019846585405605083	0.0001984884939591524	4.465234819055621e-13	4.465234819055621e-13	4.465234819055621e-13
0.04168693834703355	0.00012692911880977164	0.000014687592131310784	0.00012649796521677773	0.000014229529312319256	0.00012688847207949114	0.000014644387346652407	0.0062436150655540345	0.006261863314464728	0.005507104946284999	0	0.004673918956276742	0.004623703208500177	0.004662875735388624	0.004663152193542175	0.006251188198716249	0.00027935910520171504	0	0.00017417598877753212	0.00017415364029538884	0.00017417460808271597	4.167199598952139e-13	4.167199598952139e-13	4.167199598952139e-13
0.04466835921509635	0.00011145537313911863	0.000012894320826856396	0.00011105428959559249	0.000012468230251399188	0.00011140525927828951	0.0000128410372408391	0.005619314719025889	0.005639011679827327	0.004886323330525579	0	0.004210318023780234	0.004162750818181079	0.0041903686774392435	0.004197973933151248	0.0056322982220817054	0.00024909500097142635	0	0.00015284038310103354	0.00015281969068376813	0.00015283905628812265	3.889056948001577e-13	3.889056948001577e-13	3.889056948001577e-13
0.0478630092322639	0.00009737673081959589	0.000011265461925980601	0.00009700884626056685	0.000010874639169207243	0.0000973439198394813	0.000011230593718296419	0.005040815875149721	0.005062101884008331	0.004319180379602467	0	0.0037780575577040657	0.003732596182140905	0.003749778551768082	0.003763275198923218	0.005063118808273834	0.0002211568697795322	0	0.00013344271472159774	0.00013342354304475204	0.00013344146143230077	3.62947912276689e-13	3.62947912276689e-13	3.62947912276689e-13
0.05128613839913648	0.0000850764520188395	9.84236658214589e-6	0.0000847397816606251	9.484728359679264e-6	0.00008505737333319984	9.822122068481588e-6	0.004521872498283266	0.004544213940139497	0.0038178642487697186	0	0.0033901759507727635	0.0033468912427048994	0.003355513624135964	0.003373589366763795	0.004551458579766313	0.00019635223854328412	0.0038149271360821205	0.00011650689268750843	0.00011648918904994039	0.000116505715630829	3.3872270009750946e-13	3.3872270009750946e-13	3.3872270009750946e-13
0.05495408738576248	0.0000739297216441212	8.563380110549789e-6	0.00007361064390591655	8.224340932101567e-6	0.00007390276992856797	8.534744045708603e-6	0.004048708641588049	0.004071802363441428	0.0033665480601121267	0	0.0030294790719980645	0.0029897739581691506	0.002990220583172022	0.0030134935515766805	0.004083339659976096	0.00017355022008375487	0.003369579745112042	0.00010115868793675487	0.00010114268350383493	0.00010115749551237192	3.161144166435699e-13	3.161144166435699e-13	3.161144166435699e-13
0.05888436553555896	0.00006424343766906184	7.450594153928743e-6	0.00006394313025190873	7.131441323610937e-6	0.00006421100474993229	7.4161016751667455e-6	0.003625056140059901	0.0036485021843884074	0.0029685827212680297	0	0.002707158442788866	0.0026707615135179276	0.0026646946302678258	0.002691834244813727	0.0036633669155767194	0.0001533961574086162	0.002976221367711315	0.00008783240123425705	0.00008781795555269317	0.0000878312179186152	2.950151388765434e-13	2.950151388765434e-13	2.950151388765434e-13
0.06309573444801943	0.000055526091776807125	6.452187982654359e-6	0.00005524060226021149	6.148726816779448e-6	0.000055487553398305194	6.411182837021373e-6	0.0032373801933625167	0.00326180172766132	0.002616241674433268	0	0.002406026483014596	0.002371926632299294	0.002362701000945873	0.002392794984450995	0.003274946019078536	0.00013501882302216625	0.0026156612777492286	0.00007583835468719097	0.00007582549947168902	0.00007583745637001646	2.7532414715675557e-13	2.7532414715675557e-13	2.7532414715675557e-13
0.06760829753919818	0.00004799162342290406	5.587571796748239e-6	0.00004772247035841367	5.301430629767806e-6	0.00004794923540163159	5.542435523417155e-6	0.0028911636431105817	0.002916087197672288	0.0023057199821326516	0	0.0021383910691994534	0.002106528763625951	0.002094932738806765	0.0021269763725775244	0.0029277087649272303	0.00011884315016920478	0.0022987819367676766	0.0000654821678655984	0.00006547073811894065	0.00006548149877647583	2.569474444473062e-13	2.569474444473062e-13	2.569474444473062e-13
0.07244359600749906	0.0000411999632669708	4.784494345115746e-6	0.000040970722725378475	4.540825333741951e-6	0.00004117092278409288	4.7535953597578636e-6	0.0025735486499992655	0.0025985423203520345	0.002035810970311407	0.001963061978607264	0.00189028313549891	0.0018618751793705482	0.0018476530402748957	0.0018813565064483555	0.002610929171471259	0.00010413268472101381	0.0020100436271200746	0.000056182945713755495	0.00005617264615840014	0.00005618233352687318	2.3979730760924425e-13	2.3979730760924425e-13	2.3979730760924425e-13
0.07762471166286927	0.0000353694426679811	4.096839731306272e-6	0.00003517420846056221	3.889345377033781e-6	0.000035350821941074385	4.077028726602066e-6	0.002290825934289641	0.002315576226955947	0.0017974976748940856	0.0017168621313231886	0.0016709620535823107	0.001645635817281278	0.0016295615100184624	0.0016641004338314776	0.0023284252928788282	0.00009124308815247075	0.0017575722682974743	0.000048204320228883254	0.000048195060374979615	0.000048203762276418317	2.237918686458661e-13	2.237918686458661e-13	2.237918686458661e-13
0.08317637711026708	0.000030164156244892043	3.4932769175872036e-6	0.00002998740966009187	3.3054086424659274e-6	0.000030154086074561845	3.4825655970550207e-6	0.002031807052077052	0.0020577902049257997	0.0015934144028735776	0.001486977975165899	0.0014678125490495669	0.0014461408290709914	0.001429875857518457	0.0014652079505809038	0.0020702994148621818	0.00007963102401211403	0.0015279706283739933	0.000041061699023117004	0.00004105338292329399	0.00004106129908795553	2.0885472389715015e-13	2.0885472389715015e-13	2.0885472389715015e-13
0.08912509381337459	0.000025724926754074608	2.9786333914157287e-6	0.00002556545768841996	2.809142730857431e-6	0.00002572129464224971	2.974779907400664e-6	0.0018020748914518224	0.00182870271260956	0.0014125022216980366	0.0012878748143418865	0.0012893612242890172	0.0012708299585756217	0.0012546595850137447	0.0012900870012409916	0.0018407890003116062	0.00006949677080878315	0.0013283631537013144	0.00003497742772140115	0.000034969979004768736	0.00003497715122571147	1.949145693187834e-13	1.949145693187834e-13	1.949145693187834e-13
0.09549925860214369	0.000021789403045202208	2.5189163141814626e-6	0.000021646916966725985	2.3674515953068225e-6	0.000021792792908770215	2.5225491743404965e-6	0.0015928107547327323	0.001618378978828868	0.0012544389911950482	0.0011000100437085268	0.0011259550704434097	0.0011102938728138544	0.0010932305007365435	0.0011282114316751718	0.0016307243459204553	0.00006066040673012393	0.0011442026785360427	0.000029579469109554715	0.000029572796879330627	0.000029579202798519215	1.819048601047477e-13	1.819048601047477e-13	1.819048601047477e-13
0.10232929922807536	0.000018455954786773826	2.130151168027376e-6	0.000018328989837587835	1.9952090702098605e-6	0.000018464304747103808	2.1390672705350166e-6	0.001407847205699826	0.0014322451107307917	0.001114063509747075	0.0009395494676848465	0.0009832580635859495	0.0009700373174942241	0.0009525714719882248	0.000986647437993038	0.001444631563925876	0.00005294756722997312	0.0009855736858713233	0.000025014560812536968	0.00002500860281176868	0.000025014308127895088	1.6976349302863105e-13	1.6976349302863105e-13	1.6976349302863105e-13
0.10964781961431873	0.00001551119121100519	1.7917198417246162e-6	0.000015393279865240852	1.6663516030749539e-6	0.00001551612578360054	1.796991733635933e-6	0.0012379096409683007	0.0012623833975430449	0.0009850276949650559	0.000787372360577462	0.0008522014103781439	0.0008427967261437693	0.0008232038441135546	0.0008570774999482909	0.0012744801107181668	0.00004582948604080324	0.0008373628205072877	0.00002097721273638834	0.00002097199850865279	0.000020977029648802967	1.5843250998728952e-13	1.5843250998728952e-13	1.5843250998728952e-13
0.11748975549395303	0.000013036283170610424	1.5070573579069367e-6	0.0000129277754589456	1.3916975952692667e-6	0.000013038679908610046	1.5096202607729287e-6	0.0010884847965021375	0.0011126669802902689	0.0008709373849507549	0.0006598431008949093	0.0007386130566800276	0.0007322463876271338	0.0007114054838834346	0.0007445231322060163	0.0011243694192878263	0.0000396683341774995	0.0007114399493610989	0.000017591492310636646	0.000017586936973542716	0.000017591362936640642	1.4785782133170038e-13	1.4785782133170038e-13	1.4785782133170038e-13
0.12589254117941662	0.000010853101623788951	1.2531829817993288e-6	0.000010757437698825396	1.1514513519723472e-6	0.000010860065931748065	1.260607280836416e-6	0.000952030371075764	0.0009764363393094242	0.0007565241288582089	0.0005425466923241242	0.0006346604273554893	0.0006300593734889533	0.0006082462607401213	0.0006391287811139463	0.0009871259456969228	0.00003411655548811774	0.0005933817009660127	0.000014616254440217028	0.000014612343004725602	0.00001461617637381485	1.3798894766428267e-13	1.3798894766428267e-13	1.3798894766428267e-13
0.1348962882591656	9.035536687469282e-6	1.042075523955219e-6	8.951460072276565e-6	9.526783839145791e-7	9.045473381398963e-6	1.0526691763424828e-6	0.0008326821195511936	0.0008568852510346393	0.0006571411073105185	0.0004461013731182823	0.0005453381231325047	0.0005421328405698215	0.0005200459120511297	0.0005486540057363365	0.0008666347696340145	0.000029341775562484052	0.0004949143541313863	0.00001214421665250012	0.00001214086161842537	0.00001214417623920944	1.2877877887014237e-13	1.2877877887014237e-13	1.2877877887014237e-13
0.1445439770745928	7.449715889189725e-6	8.570872571663794e-7	7.377118595427033e-6	7.798778770406861e-7	7.457855699978579e-6	8.657651297927039e-7	0.0007238459824321166	0.0007478794437932647	0.0005535307734494535	0.00036111912488097467	0.00046473110836563636	0.0004630813845627388	0.00044022242839129687	0.00046652138452788893	0.0007567961154318019	0.00002502653149966636	0.0004038327142211943	9.990933180531239e-6	9.988057463880595e-6	9.990899834723128e-6	1.2018334923194525e-13	1.2018334923194525e-13	1.2018334923194525e-13
0.15488166189124797	6.14222140303102e-6	7.049379334895054e-7	6.079665030238406e-6	6.384205975140727e-7	6.14888898529939e-6	7.120463644326495e-7	0.0006292353276007904	0.0006527404477707741	0.0004662565067790969	0.00029232598286628425	0.0003960387031850251	0.00039555686850319984	0.00037265130244822846	0.0003966838844632611	0.0006608785850751604	0.000021345922899928537	0.00032951329803613486	8.219447056495852e-6	8.216986161046396e-6	8.219419542446342e-6	1.121616275548998e-13	1.121616275548998e-13	1.121616275548998e-13
0.1659586907437563	5.007774175916097e-6	5.727596551809885e-7	4.9552111888217515e-6	5.168580010651566e-7	5.016380002669199e-6	5.819326372239829e-7	0.0005442611565767611	0.0005667595012309947	0.0003796449835317387	0.00023292855822869583	0.0003349160717230721	0.0003352331374903234	0.00031250846583299617	0.00033404439333700053	0.0005744060459821948	0.000018104341263890768	0.00026304085119257555	6.687637757276739e-6	6.685590840117851e-6	6.687674325924568e-6	1.0467532130000027e-13	1.0467532130000027e-13	1.0467532130000027e-13
0.1778279410038923	4.082855460826796e-6	4.6536525702220946e-7	4.038728746353595e-6	4.184423157794244e-7	4.092457741771134e-6	4.7559486457920775e-7	0.00047076219907698634	0.0004921042250907231	0.00030912236381743804	0.00018560003700840124	0.00028322680131090866	0.0002841089750175783	0.0002620721853799553	0.00028129616828490126	0.00049924799064775	0.000015355024663774	0.00020997783642870763	5.441302616239616e-6	5.439600847006444e-6	5.441380338193516e-6	9.768869379053228e-14	9.768869379053228e-14	9.768869379053228e-14
0.1905460717963252	3.2847811459928492e-6	3.7223913792762024e-7	3.249137599537498e-6	3.343368029885077e-7	3.292148167933299e-6	3.800849785770855e-7	0.0004044785669313118	0.00042461242992846777	0.0002450459217617764	0.00014518840352883207	0.0002374044058201347	0.0002385819157707445	0.00021779337060744345	0.00023468819596121038	0.00043146652449272755	0.000012920091541718514	0.00016441705759163533	4.369857768867301e-6	4.3684586009992265e-6	4.3699215633646424e-6	9.116839361925432e-14	9.116839361925432e-14	9.116839361925432e-14
0.20417379446695316	2.642706135593951e-6	2.9774886224152946e-7	2.61391536885458e-6	2.6713621834437404e-7	2.6483448928506624e-6	3.037555737019228e-7	0.00034752771447576304	0.0003663770934226805	0.0001942515676657496	0.00011357579911633925	0.00019899547515258784	0.00020035034278419897	0.00018099575203595704	0.0001958027002619662	0.00037288755337061503	0.000010871279538886779	0.00012874201052295284	3.5093907225705498e-6	3.508240969398789e-6	3.5094430609677387e-6	8.508329544192218e-14	8.508329544192218e-14	8.508329544192218e-14
0.21877616239495518	2.0941892678715032e-6	2.3480183303948848e-7	2.0711882150257315e-6	2.1034518524391524e-7	2.0983310695601757e-6	2.3921391364665236e-7	0.0002966671663031474	0.0003140545861896549	0.00015017697363993728	0.0000873395664449213	0.00016536761273509864	0.00016659418752694197	0.0001488642091031958	0.00016150209851081246	0.00032068236849115906	9.083250657655669e-6	0.00009870427858113655	2.7763377696187284e-6	2.7753976829857846e-6	2.7763476871776396e-6	7.9404351397155e-14	7.9404351397155e-14	7.9404351397155e-14
0.23442288153199276	1.659521893334711e-6	1.851624230690796e-7	1.6411474805862687e-6	1.6562747361444882e-7	1.6625452709605896e-6	1.8838599662471e-7	0.00025325003991437514	0.00026920428399427026	0.00011610265843752395	0.00006716395505148869	0.00013742245807718128	0.0001385254596127922	0.00012243686662611456	0.00013321025597961276	0.00027578603933419105	7.589303744299623e-6	0.0000756748676725498	2.1964073026800017e-6	2.1956394574694236e-6	2.196390238048483e-6	7.410445244339029e-14	7.410445244339029e-14	7.410445244339029e-14
0.25118864315095824	1.2914200473486218e-6	1.4434969723144416e-7	1.2760865123234793e-6	1.280473206156642e-7	1.2916212673413793e-6	1.4455758127884749e-7	0.00021461714956505683	0.0002293524337908306	0.00008746485628179662	0.00005053415613323069	0.00011271672758961954	0.00011360161564958884	0.00009958362385824017	0.00010852619240062841	0.00023523287679790431	6.277133534298472e-6	0.00005658941255092253	1.7054393354020585e-6	1.704771965369135e-6	1.705353822570674e-6	6.915829895100017e-14	6.915829895100017e-14	6.915829895100017e-14
0.2691534803926914	1.0049676026524988e-6	1.1253274150034164e-7	9.92230622900624e-7	9.89939407940132e-8	1.0034526742749368e-6	1.1092594290232756e-7	0.00018187764512496538	0.00019540008095449547	0.00006589083477801635	0.000038021896330256986	0.00009245257912194315	0.00009316213145417475	0.00008099601381520738	0.00008841612344608659	0.00020064288410032616	5.191834025223971e-6	0.000042317373143159595	1.3242185651029802e-6	1.32364512034145e-6	1.3240960598788722e-6	6.454227993182505e-14	6.454227993182505e-14	6.454227993182505e-14
0.28840315031266117	7.66380296077526e-7	8.786776556051512e-8	7.541175736938067e-7	7.485384938602386e-8	7.632109650521176e-7	8.45234807672843e-8	0.0001525232875751092	0.0001646173877727046	0.000047992273885262116	0.00002785518785532652	0.00007456948824432761	0.00007506100594656916	0.0000647642628646319	0.00007075054583118419	0.0001693617043486028	4.227617887292492e-6	0.00003071623870608006	1.0051826310238934e-6	1.004717702819267e-6	1.0050825867388851e-6	6.023436032961889e-14	6.023436032961889e-14	6.023436032961889e-14
0.30902954325135923	5.844355148023396e-7	6.860886993119534e-8	5.731463047283914e-7	5.6600421429474916e-8	5.804867455225862e-7	6.440530153805614e-8	0.0001279066112645995	0.0001386840999488636	0.000034955671155747894	0.000020406964547901593	0.00006014552141035082	0.00006047687537593892	0.00005178538482114382	0.000056614557846599626	0.00014295740927209493	3.4424738761144475e-6	0.000022295507735253153	7.630100863550108e-7	7.626346721227206e-7	7.629287910260502e-7	5.621397583337257e-14	5.621397583337257e-14	5.621397583337257e-14
0.3311311214825908	4.3248859236023936e-7	5.0899402014299386e-8	4.237830469562566e-7	4.1637591858811295e-8	4.302070483454628e-7	4.846320026135686e-8	0.00010568331183457435	0.00011528449187592992	0.000024480769166378914	0.000014558391451501829	0.000047602370219369995	0.0000477683006442807	0.00004061823157831086	0.000044401867274914384	0.00011912060824462558	2.7572661276746494e-6	0.000015637852729176122	5.634503859037883e-7	5.631798239169181e-7	5.634244656467596e-7	5.246193471139315e-14	5.246193471139315e-14	5.246193471139315e-14
0.354813389233576	3.2004622885554503e-7	3.776113974783966e-8	3.133442009586586e-7	3.06303206233389e-8	3.188326105180828e-7	3.6467211913984055e-8	0.0000873212282766104	0.00009583300516780053	0.000017144801949510542	0.000010386001365252113	0.000037675052063177636	0.00003773029827116676	0.00003185919622394387	0.00003482365477164099	0.00009925836919415419	2.208445662165168e-6	0.000010968238125958043	4.160840637005789e-7	4.1588918739331495e-7	4.160901151238529e-7	4.896032619753849e-14	4.896032619753849e-14	4.896032619753849e-14
0.38018939632056126	2.283765626048404e-7	2.7150877327003687e-8	2.233040214770627e-7	2.175440447621815e-8	2.2765705064101935e-7	2.6381416281990232e-8	0.00007052557707998146	0.00007789255381785181	0.000011393319918686587	7.170968501829146e-6	0.00002896224868138165	0.000028891536222109784	0.000024292082331077388	0.00002649316062584853	0.00008067483746465747	1.7430139638468627e-6	7.3701189716660765e-6	2.962796747660026e-7	2.9613430284731525e-7	2.9629397780671343e-7	4.569243499227644e-14	4.569243499227644e-14	4.569243499227644e-14
0.40738027780411384	1.6296350228436023e-7	1.9521925041157252e-8	1.5913709542180534e-7	1.545051127392682e-8	1.6255467915389783e-7	1.9085065419458586e-8	0.00005696045647352191	0.00006331065095624727	7.571259157837218e-6	4.951163344371105e-6	0.000022264384592636213	0.000022123357182981934	0.000018522289759976314	0.000020155482373969205	0.00006557058566233353	1.375672370035381e-6	4.9523590783425226e-6	2.109709391384325e-7	2.108627201214734e-7	2.1098824051225496e-7	4.264266147042881e-14	4.264266147042881e-14	4.264266147042881e-14
0.43651583224016655	1.1193580636441495e-7	1.405537982842131e-8	1.0858256165176273e-7	1.0504687255890624e-8	1.1151854570589104e-7	1.3616581404859012e-8	0.000044453120025795925	0.00004993195252506439	4.735162053015793e-6	3.2755398962631203e-6	0.000016478052854275278	0.00001628122419848376	0.0000136500472083029	0.00001478246032710011	0.00005176895329707522	1.0721824712795333e-6	3.2022483321966247e-6	1.4384052928620974e-7	1.437505965148472e-7	1.438388351791553e-7	3.979644721470789e-14	3.979644721470789e-14	3.979644721470789e-14
0.4677351412871981	7.688607921906637e-8	1.0119581020042794e-8	7.408814810656248e-8	7.142058433385782e-9	7.650586314149016e-8	9.714993639273175e-9	0.00003469213560369557	0.00003938041775448316	2.9614307476334946e-6	2.1669981104964476e-6	0.000012195541481891917	0.000011981828038522172	0.000010059436020243775	0.000010841771447976314	0.00004087235912877132	8.356461005969924e-7	2.0706080110184756e-6	9.807084307360852e-8	9.799851764441922e-8	9.80604912172559e-8	3.714020551956663e-14	3.714020551956663e-14	3.714020551956663e-14
0.5011872336272735	5.0144007680170945e-8	6.996840589265322e-9	4.787806673512632e-8	4.598480102270043e-9	4.934087718929677e-8	6.153802733308393e-9	0.0000259031270840827	0.000029749558774599778	1.7284241387158254e-6	1.3698950627198942e-6	8.601267069555733e-6	8.41819776008738e-6	7.041937116941087e-6	7.572467445770597e-6	0.00003088717888681939	6.394747001257824e-7	1.2661738435819787e-6	6.332105364356397e-8	6.327305713753064e-8	6.331535122524918e-8	3.466125653361961e-14	3.466125653361961e-14	3.466125653361961e-14
0.5370317963702532	3.2703208848313534e-8	4.837727780886394e-9	3.0940296563982045e-8	2.960773766863391e-9	3.182138024254323e-8	3.898024999973961e-9	0.000019340752048215648	0.000022474018757269957	1.0087860422476317e-6	8.659963632522379e-7	6.06629851668943e-6	5.914460906975445e-6	4.929588324749031e-6	5.289012362270375e-6	0.00002334139354620306	4.893553524737621e-7	7.742634982768362e-7	4.088428026994507e-8	4.085245221826379e-8	4.088123209473908e-8	3.234776673102836e-14	3.234776673102836e-14	3.234776673102836e-14
0.5754399373371566	1.9970039765379413e-8	2.8381395843135853e-9	1.9007333565010124e-8	1.8134263199900248e-9	1.963268216506559e-8	2.4785178487323014e-9	0.000013744351140651201	0.00001628307082964463	5.64002640585713e-7	5.280052439929829e-7	4.087630808151401e-6	3.956550049413665e-6	3.3124137301889996e-6	3.5305943475720213e-6	0.000016861729583093172	3.70521191806098e-7	4.5414593451620755e-7	2.5099939039395962e-8	2.5078369505846306e-8	2.5100689266797152e-8	3.0188692422910083e-14	3.0188692422910083e-14	3.0188692422910083e-14
0.6165950018614835	1.1881335084919405e-8	1.7036994431307471e-9	1.1288110158651424e-8	1.0723901667768986e-9	1.1903483167140915e-8	1.7271958212472806e-9	9.429279957980317e-6	0.000011395738863209256	3.1171919165756895e-7	3.0626619614804513e-7	2.6484144875954037e-6	2.5444106562029396e-6	2.1331614056182043e-6	2.259339187722712e-6	0.000011840176957303401	2.7789742192817387e-7	2.5610414251407844e-7	1.4893513768207318e-8	1.4878285934382772e-8	1.4895224621795188e-8	2.8173727039118293e-14	2.8173727039118293e-14	2.8173727039118293e-14
0.6606934480075964	6.9326971027677895e-9	1.1146250461987926e-9	6.4597109412024355e-9	6.110412912726489e-10	6.972172539243962e-9	1.1565182714659386e-9	6.2252025043409e-6	7.652869964752512e-6	1.6972173036498207e-7	1.722427328696329e-7	1.6594046398686672e-6	1.5788551556999182e-6	1.322036530720985e-6	1.389191848975955e-6	7.975247749018694e-6	2.0025150383130374e-7	1.3859108738715703e-7	8.513904044284193e-9	8.505370916332602e-9	8.516725702406164e-9	2.6293251928737662e-14	2.6293251928737662e-14	2.6293251928737662e-14
0.7079457843841374	3.793128199174417e-9	5.945475345857925e-10	3.5488556956468768e-9	3.344916798383788e-10	3.8613856267425146e-9	6.670829245153548e-10	3.9178576626552115e-6	4.912831991096091e-6	9.106851306238887e-8	9.492302935759434e-8	9.97584968171361e-7	9.441698071881545e-7	7.898543621922878e-7	8.264928098566409e-7	5.111235549037178e-6	1.440904294557929e-7	7.566292060575886e-8	4.673372847609762e-9	4.66867566727972e-9	4.676740782161839e-9	2.453829044443324e-14	2.453829044443324e-14	2.453829044443324e-14
0.7585775750291851	1.9954587131582842e-9	3.1052769441521384e-10	1.8684534429692365e-9	1.7532249605631062e-10	2.113204607621454e-9	4.35827930382506e-10	2.349756576817296e-6	2.9996527384842713e-6	4.796436385398521e-8	5.102086670531309e-8	5.703355630183918e-7	5.374819803840804e-7	4.536625530468088e-7	4.724428811590862e-7	3.119529197924649e-6	9.771245420626506e-8	4.068670338647414e-8	2.4579435055536714e-9	2.4554026688968845e-9	2.4610406303521268e-9	2.290046509147297e-14	2.290046509147297e-14	2.290046509147297e-14
0.8128305161640995	9.966523838907862e-10	1.5823324560384222e-10	9.297854027475805e-10	8.704612904980829e-11	1.2020597100929381e-9	3.77048560422416e-10	1.3515303407603074e-6	1.7466952155663358e-6	2.534320415087425e-8	2.6928708969910173e-8	3.174173742573131e-7	2.965737679264086e-7	2.511501976984484e-7	2.595765029245059e-7	1.8079836452013585e-6	6.195133751991041e-8	2.1391343419911382e-8	1.2224925289988752e-9	1.221200704349111e-9	1.2243332909855384e-9	2.1371957536868543e-14	2.1371957536868543e-14	2.1371957536868543e-14
0.8709635899560796	4.5279495145565907e-10	7.746913010443806e-11	4.1673050060592776e-10	3.9064550720165395e-11	5.636504429762645e-10	1.9556803551573286e-10	7.568889865773118e-7	9.846041294108702e-7	1.3546808407659323e-8	1.4358238125313207e-8	1.733336180966967e-7	1.5863235113493832e-7	1.3696833548633973e-7	1.3873962119873136e-7	1.0180384830633491e-6	3.5550511195924304e-8	1.0774084070714621e-8	5.480520833849716e-10	5.475118225821333e-10	5.489320696748591e-10	1.994547128773326e-14	1.994547128773326e-14	1.994547128773326e-14
0.9332543007969925	1.5484353653045147e-10	3.442817396209381e-11	1.343923920533173e-10	1.26390284609465e-11	2.1776452590027696e-10	1.0147460179327869e-10	4.3512186098640297e-7	5.646591366697165e-7	7.516708234018302e-9	7.913285959097879e-9	9.769031992123486e-8	8.482965041208733e-8	7.723447814437146e-8	7.430367209089508e-8	5.864719247115959e-7	1.980940827978835e-8	5.072866297430529e-9	1.7684158640544786e-10	1.767056612486574e-10	1.771219415640044e-10	1.8614196860699916e-14	1.8614196860699916e-14	1.8614196860699916e-14