1.e-9	0	0	0	0	0	0	0.0007945777598173405	0	0	0	0	0	0	0	1.4551263504926802e-6	8.584472193772857e-13	0	3.542277337226345e-8	3.542277337226345e-8	3.542277337226345e-8	0	0	0
1.0715193052376092e-9	0	0	0	0	0	0	0.0008456349697871937	0	0	0	0	0	0	0	2.2888924994186852e-6	1.4597896742732673e-12	0	6.023643345302244e-8	6.023643345302244e-8	6.023643345302244e-8	0	0	0
1.148153621496884e-9	0	0	0	0	0	0	0.0008999729646238368	0	0	0	0	0	0	0	3.6003944757930814e-6	2.4823726433181634e-12	0	1.0243206755745606e-7	1.0243206755745606e-7	1.0243206755745606e-7	0	0	0
1.2302687708123811e-9	0	0	0	0	0	0	0.0009578025578313921	0	0	0	0	0	0	0	5.6633679321393776e-6	4.221275193881953e-12	0	1.741857520877109e-7	1.741857520877109e-7	1.741857520877109e-7	0	0	0
1.31825673855641e-9	0	0	0	0	0	0	0.0014131765157541151	0	0	0	0	0	0	0	9.427790587728909e-6	7.1782793411165116e-12	0	2.9620290748640023e-7	2.9620290748640023e-7	2.9620290748640023e-7	0	0	0
1.4125375446227555e-9	0	0	0	0	0	0	0.0020850517137900506	0	0	0	0	0	0	0	0.000015694413012026806	1.2206665505669344e-11	0	5.0369310550275e-7	5.0369310550275e-7	5.0369310550275e-7	0	0	0
1.5135612484362133e-9	0	0	0	0	0	0	0.003434051213202958	0	0	0	0	0	0	0	0.000026522449170663494	2.0757437219506397e-11	0	8.565302301857569e-7	8.565302301857569e-7	8.565302301857569e-7	0	0	0
1.6218100973589331e-9	0	0	0	0	0	0	0.00565583465240047	0	0	0	0	0	0	0	0.00004482106527153199	3.529802628913151e-11	0	1.4565298337562088e-6	1.4565298337562088e-6	1.4565298337562088e-6	0	0	0
1.7378008287493762e-9	0	0	0	0	0	0	0.009383779119080494	0	0	0	0	0	0	0	0.00007607636644090756	6.002430101232876e-11	0	2.365877805125386e-6	2.365877805125386e-6	2.365877805125386e-6	0	0	0
1.8620871366628732e-9	0	0	0	0	0	0	0.015568932963468994	0	0	0	0	0	0	0	0.00012912708557436358	1.0207133629814346e-10	0	3.8429544380493824e-6	3.8429544380493824e-6	3.8429544380493824e-6	0	0	0
1.9952623149688828e-9	0	0	0	0	0	0	0.014802401657516999	0	0	0	0	0	0	0	0.00021945775440170343	1.7357232850656492e-10	0	4.51113555793671e-6	4.51113555793671e-6	4.51113555793671e-6	0	0	0
2.1379620895022324e-9	0	0	0	0	0	0	0.014073610268898048	0	0	0	0	0	0	0	0.0003729791139698882	2.9515978055966714e-10	0	5.2954944822116105e-6	5.2954944822116105e-6	5.2954944822116105e-6	0	0	0
2.2908676527677795e-9	0	0	0	0	0	0	0.009964641195245252	0	0	0	0	0	0	0	0.000634144212013075	5.019192679479152e-10	0	6.242131405377507e-6	6.242131405377507e-6	6.242131405377507e-6	0	0	0
2.4547089156850337e-9	0	0	0	0	0	0	0.0070553377742324855	0	0	0	0	0	0	0	0.001078180698509897	8.53513819056482e-10	0	7.357991706513158e-6	7.357991706513158e-6	7.357991706513158e-6	0	0	0
2.6302679918953816e-9	0	0	0	0	0	0	0.008963614169975855	0	0	0	0	0	0	0	0.0018333534861347468	1.451400426006426e-9	0	8.764364070136429e-6	8.764364070136429e-6	8.764364070136429e-6	0	0	0
2.818382931264461e-9	0	0	0	0	0	0	0.011388027272292343	0	0	0	0	0	0	0	0.0031174598189039667	2.468106724903798e-9	0	0.000010439543916025888	0.000010439543916025888	0.000010439543916025888	0	0	0
3.019951720402019e-9	0	0	0	0	0	0	0.018466483806161307	0	0	0	0	0	0	0	0.0053011600669904575	4.1970159966646295e-9	0	0.00001290851137645654	0.00001290851137645654	0.00001290851137645654	0	0	0
3.2359365692962944e-9	0	0	0	0	0	0	0.029944696830234752	0	0	0	0	0	0	0	0.0090144860522168	7.137026571226013e-9	0	0.0000159613932654967	0.0000159613932654967	0.0000159613932654967	0	0	0
3.4673685045253237e-9	0	0	0	0	0	0	0.029521530939223925	0	0	0	0	0	0	0	0.00849258563351126	1.2136515161930892e-8	0	0.00002236744842187868	0.00002236744842187868	0.00002236744842187868	0	0	0
3.715352290971728e-9	0	0	0	0	0	0	0.029104345051026808	0	0	0	0	0	0	0	0.00800090103026821	2.063814654545569e-8	0	0.00003134455373559922	0.00003134455373559922	0.00003134455373559922	0	0	0
3.9810717055349855e-9	0	0	0	0	0	0	0.02352765691000139	0	0	0	0	0	0	0	0.004615082779184698	3.5095172473210394e-8	0	0.0000481433483056156	0.0000481433483056156	0.0000481433483056156	0	0	0
4.265795188015934e-9	0	0	0	0	0	0	0.019019518862363482	0	0	0	0	0	0	0	0.00266207380620645	5.967934805635906e-8	0	0.0000739452858581753	0.0000739452858581753	0.0000739452858581753	0	0	0
4.570881896148752e-9	0	0	0	0	0	0	0.011917649140486469	0	0	0	0	0	0	0	0.002488889455480912	1.0148474372510722e-7	0	0.00007887311992323714	0.00007887311992323714	0.00007887311992323714	0	0	0
4.8977881936844766e-9	0	0	0	0	0	0	0.007467610619572321	0	0	0	0	0	0	0	0.0023269718169203223	1.725748277146817e-7	0	0.00008412935286174992	0.00008412935286174992	0.00008412935286174992	0	0	0
5.248074602497734e-9	0	0	0	0	0	0	0.007600980918915893	0	0	0	0	0	0	0	0.0035184334563168464	2.934635302565367e-7	0	0.00011422595574490065	0.00011422595574490065	0.00011422595574490065	0	0	0
5.623413251903491e-9	0	0	0	0	0	0	0.007736733189904099	0	0	0	0	0	0	0	0.005319950115646093	4.990347939562735e-7	0	0.00015508937751223736	0.00015508937751223736	0.00015508937751223736	0	0	0
6.025595860743593e-9	0	0	0	0	0	0	0.011652116834156324	0	0	0	0	0	0	0	0.00893723836352234	8.486087704365824e-7	0	0.00012845827687302014	0.00012845827687302014	0.00012845827687302014	0	0	0
6.456542290346562e-9	0	0	0	0	0	0	0.017548986553393757	0	0	0	0	0	0	0	0.015014093709544037	1.4430593898126823e-6	0	0.00010640012334747902	0.00010640012334747902	0.00010640012334747902	0	0	0
6.918309709189363e-9	0	0	0	0	0	0	0.018730515084751743	0	0	0	0	0	0	0	0.018113140174865212	2.453922791129422e-6	0	0.0000968757954394917	0.0000968757954394917	0.0000968757954394917	0	0	0
7.413102413009192e-9	0	0	0	0	0	0	0.01999159292034826	0	0	0	0	0	0	0	0.021851858216774673	4.172896214345301e-6	0	0.00008820403066061409	0.00008820403066061409	0.00008820403066061409	0	0	0
7.943282347242822e-9	0	0	0	0	0	0	0.017925537062738174	0	0	0	0	0	0	0	0.026005472573740637	6.934330855308565e-6	0	0.00007992366101083587	0.00007992366101083587	0.00007992366101083587	0	0	0
8.511380382023759e-9	0	0	0	0	0	0	0.016073000299067774	0	0	0	0	0	0	0	0.030948608446691832	0.00001152315848296984	0	0.00007242063136494917	0.00007242063136494917	0.00007242063136494917	0	0	0
9.120108393559115e-9	0	0	0	0	0	0	0.015575853641975605	0	0	0	0	0	0	0	0.03278484120548244	0.000017098922778760347	0	0.00005943569641967288	0.00005943569641967288	0.00005943569641967288	0	0	0
9.772372209558111e-9	0	0	0	0	0	0	0.015094084001872185	0	0	0	0	0	0	0	0.034730020728398814	0.000025372658080344125	0	0.000048778945202641036	0.000048778945202641036	0.000048778945202641036	0	0	0
1.0471285480509006e-8	0	0	0	0	0	0	0.015959260869154914	0	0	0	0	0	0	0	0.03106388379873969	0.00003519156008191857	0	0.00005761602998559498	0.00005761602998559498	0.00005761602998559498	0	0	0
1.1220184543019653e-8	0	0	0	0	0	0	0.016874028755779275	0	0	0	0	0	0	0	0.027784748077404456	0.00004881025460862959	0	0.00006805409377981561	0.00006805409377981561	0.00006805409377981561	0	0	0
1.202264434617413e-8	0	0	0	0	0	0	0.015531949235889781	0	0	0	0	0	0	0	0.022159784630639816	0.00006474865441424278	0	0.00009030745910489002	0.00009030745910489002	0.00009030745910489002	0	0	0
1.288249551693135e-8	0	0	0	0	0	0	0.014296612300345558	0	0	0	0	0	0	0	0.017673583129432246	0.00008589154639881395	0	0.00011983756916031743	0.00011983756916031743	0.00011983756916031743	0	0	0
1.3803842646028866e-8	0	0	0	0	0	0	0.016084159340931846	0	0	0	0	0	0	0	0.017084069049315944	0.00008191602051184758	0	0.0001302922251810184	0.0001302922251810184	0.0001302922251810184	0	0	0
1.4791083881682102e-8	0	0	0	0	0	0	0.01809520858995622	0	0	0	0	0	0	0	0.016514218602097973	0.00007812450349118513	0	0.00014165894770371113	0.00014165894770371113	0.00014165894770371113	0	0	0
1.5848931924611173e-8	0	0	0	0	0	0	0.01935779865128387	0	0	0	0	0	0	0	0.014096617758621989	0.00007669135114205268	0	0.00016553273386620465	0.00016553273386620432	0.00016553273386620432	0	0	0
1.698243652461746e-8	0	0	0	0	0	0	0.020708485716580016	0	0	0	0	0	0	0	0.012032941855780813	0.00007528448920839843	0	0.00019342996983522974	0.00019342996983522892	0.00019342996983522892	0	0	0
1.8197008586099862e-8	0	0	0	0	0	0	0.01955401648235622	0	0	0	0	0	0	0	0.014936274874824988	0.00006916874009345797	0	0.00019756308283896566	0.00019756308283896447	0.00019756308283896447	0	0	0
1.9498445997580494e-8	0	0	0	0	0	0	0.0184639072999011	0	0	0	0	0	0	0	0.018540130070448975	0.00006354980496543847	0	0.00020178451009470776	0.0002017845100947061	0.0002017845100947061	0	0	0
2.0892961308540408e-8	0	0	0	0	0	0	0.019947287303330997	0	0	0	0	0	0	0	0.020711985300602004	0.00007546303997057266	0	0.00019599765719079942	0.00019599765719079544	0.00019599765719079544	0	0	0
2.2387211385683424e-8	0	0	0	0	0	0	0.021549841228013428	0	0	0	0	0	0	0	0.023138259195716715	0.0000896095653589688	0	0.00019037676185477262	0.0001903767618547664	0.0001903767618547664	0	0	0
2.3988329190194947e-8	0	0	0	0	0	0	0.023302864343472885	0	0	0	0	0	0	0	0.023893219292644065	0.0001041767918214293	0	0.00019896614143805576	0.00019896614143804437	0.00019896614143804437	0	0	0
2.5703957827688646e-8	0	0	0	0	0	0	0.025198491295815188	0	0	0	0	0	0	0	0.024672812389968254	0.00012111211465795962	0	0.00020794305488265133	0.00020794305488263434	0.00020794305488263434	0	0	0
2.754228703338169e-8	0	0	0	0	0	0	0.023168219716181573	0	0	0	0	0	0	0	0.023705723085343113	0.00012726029609108112	0	0.00022446889594485687	0.0002244688959448252	0.0002244688959448252	0	0	0
2.95120922666639e-8	0	0	0	0	0	0	0.021301529465234725	0	0	0	0	0	0	0	0.022776540352062138	0.00013372058614390047	0	0.00024230809379585926	0.00024230809379581017	0.00024230809379581017	0	0	0
3.162277660168386e-8	0	0	0	0	0	0	0.02450816194815874	0	0	0	0	0	0	0	0.02297973216117469	0.00014206590152902822	0	0.00026268997325226457	0.0002626899732521732	0.0002626899732521732	0	0	0
3.3884415613920346e-8	0	0	0	0	0	0	0.028197505867241873	0	0	0	0	0	0	0	0.02318473666486932	0.00015093203641462107	0	0.0002847862857829777	0.0002847862857828362	0.0002847862857828362	0	0	0
3.6307805477010175e-8	0	0	0	0	0	0	0.031622019452269834	0	0	0	0	0	0	0	0.025790123219292218	0.00015658040919805274	0	0.00029841246641846517	0.000298412466418196	0.00029841246641819667	0	0	0
3.890451449942813e-8	0	0	0	0	0	0	0.03546243128550695	0	0	0	0	0	0	0	0.028688290286864697	0.00016244016265227364	0	0.000312690619455648	0.0003126906194552387	0.00031269061945524	0	0	0
4.1686938347033635e-8	0	0	0	0	0	0	0.03479770211281479	0	0	0	0	0	0	0	0.03125226306564602	0.00016579198468476841	0	0.0003150116083423567	0.00031501160834156237	0.0003150116083415643	0	0	0
4.4668359215096346e-8	0	0	0	0	0	0	0.03414543302413289	0	0	0	0	0	0	0	0.034045387053669655	0.00016921296886752296	0	0.00031734982508649655	0.0003173498250853114	0.00031734982508531406	0	0	0
4.78630092322639e-8	0	0	0	0	0	0	0.03640234960969791	0	0	0	0	0	0	0	0.03473662649957636	0.0001812171597753168	0	0.0003254427443325085	0.00032544274433023027	0.0003254427443302356	0	0	0
5.128613839913659e-8	0	0	0	0	0	0	0.03880844200072394	0	0	0	0	0	0	0	0.035441900503845374	0.00019407294379866769	0	0.0003337420457370868	0.00033374204573366115	0.00033374204573366934	0	0	0
5.495408738576248e-8	0	0	0	0	0	0	0.038786006067773666	0	0	0	0	0	0	0	0.03500441636787445	0.00018516003901027824	0	0.00033126898419854033	0.00033126898419185086	0.0003312689841918671	0	0	0
5.888436553555896e-8	0	0	0	0	0	0	0.03876358310548291	0	0	0	0	0	0	0	0.034572332404199754	0.0001766564641893326	0	0.00032881424829037684	0.00032881424828047287	0.0003288142482804964	0	0	0
6.309573444801943e-8	0	0	0	0	0	0	0.03882773323729745	0	0	0	0	0	0	0	0.035657413390225885	0.00017791614638017873	0	0.0003305968006170653	0.00033059680059784226	0.00033059680059788893	0	0	0
6.760829753919818e-8	0.0002339632782045931	0.00002939989583314554	0	0	0	0	0.038891989531625495	0	0	0	0	0	0	0	0.03677655053226906	0.00017918481097214535	0	0.000332389016432528	0.0003323890164038852	0.0003323890164039552	0	0	0
7.244359600749906e-8	0.00023217313195475684	0.00003155613723479415	0	0	0	0	0.04036057753457308	0	0	0	0	0	0	0	0.03649413719235561	0.00017479058973273294	0	0.0003380411017397602	0.0003380411016844759	0.00033804110168461	0	0	0
7.762471166286928e-8	0.00023039668282705185	0.000033870521270980176	0	0	0	0	0.04188462042034799	0	0	0	0	0	0	0	0.036213892552154445	0.000170504129749401	0	0.00034378929752820747	0.0003437892974453833	0.0003437892974455844	0	0	0
8.317637711026726e-8	0.00023777921840264254	0.00003710472864378536	0	0	0	0	0.0439730788884527	0	0	0	0	0	0	0	0.03735677388860429	0.00017290981340207148	0	0.00036214461686945136	0.0003621446167121465	0.00036214461671252936	0	0	0
8.912509381337478e-8	0.0002453983104722575	0.00004064776200856734	0	0	0	0	0.04616567244789178	0	0	0	0	0	0	0	0.0385357236412652	0.00017534943942226725	0	0.00038147994853376656	0.0003814799482942646	0.0003814799482948466	0	0	0
9.549925860214369e-8	0.00025861587556627385	0.00004156985010132952	0	0	0	0	0.04971343792439472	0	0	0	0	0	0	0	0.04029095203645766	0.00018632329303802962	0	0.00039782530187062884	0.00039782530141368945	0.0003978253014148008	0	0	0
1.0232929922807557e-7	0.00027254536091222216	0.00004251285561755638	0	0	0	0	0.05353384407109463	0	0	0	0	0	0	0	0.0421261277228437	0.0001979839208093143	0	0.000414871008074621	0.0004148710073820515	0.0004148710073837357	0	0	0
1.0964781961431874e-7	0.0002880023604389924	0.0000460324531487933	0	0	0	0	0.05380390799236227	0	0	0	0	0	0	0	0.04448911578499088	0.00020771654325958954	0	0.00044214083528769783	0.00044214083397905996	0.0004421408339822419	0	0	0
1.1748975549395303e-7	0.0003043359804063774	0.000049843434700273834	0	0	0	0	0.05407533431386169	0	0	0	0	0	0	0	0.04698465133924519	0.00021792760829940643	0	0.0004712031316339673	0.0004712031296312648	0.0004712031296361351	0	0	0
1.2589254117941688e-7	0.0003179458781684201	0.00005071654574725464	0	0	0	0	0.05445200867255775	0	0	0	0	0	0	0	0.049831339449664884	0.00022939579293616808	0	0.00048777457681543917	0.0004877745729816386	0.0004877745729909597	0	0	0
1.3489628825916562e-7	0.0003321644102327433	0.00005160495114353026	0	0	0	0	0.054831306844389666	0	0	0	0	0	0	0	0.05285050161207863	0.00024146747733089607	0	0.000504928812680942	0.0005049288068897258	0.0005049288069038079	0	0	0
1.445439770745928e-7	0.00035706686137978625	0.0000536040010942946	0	0	0	0	0.05523348282895287	0	0	0	0	0	0	0	0.05703817286564021	0.00026188026298769497	0	0.0005365939400207477	0.0005365939290644331	0.0005365939290910744	0	0	0
1.5488166189124826e-7	0.0003838362556851825	0.00005568048936477675	0	0	0	0	0.055638608688904516	0	0	0	0	0	0	0	0.06155765914447158	0.0002840186715850115	0	0.0005702448528104362	0.0005702448360639709	0.0005702448361046927	0	0	0
1.659586907437563e-7	0.00040077728909946355	0.00006146854046276249	0	0	0	0	0.057348222270990214	0	0	0	0	0	0	0	0.06197661417147844	0.0002921656150199363	0	0.0006067742616214669	0.0006067742299566476	0.0006067742300336466	0	0	0
1.7782794100389227e-7	0.00041846603357254545	0.00006785826614901246	0	0	0	0	0.05911036733560115	0	0	0	0	0	0	0	0.062398420562834025	0.0003005462497363591	0	0.0006456437138393066	0.0006456436654135379	0.0006456436655312948	0	0	0
1.9054607179632522e-7	0.0004224205351865143	0.00006987452458699929	0	0	0	0	0.06209341231322195	0	0	0	0	0	0	0	0.06659750525206834	0.00030161313650024703	0	0.0006563780380264628	0.0006563779445396377	0.0006563779447669694	0	0	0
2.0417379446695318e-7	0.0004264124068180251	0.00007195069168931654	0	0	0	0	0.06522699868890248	0	0	0	0	0	0	0	0.07107916619993769	0.0003026838105260562	0	0.0006672908286236327	0.0006672906885907901	0.000667290688931308	0	0	0
2.1877616239495564e-7	0.0004338434705186232	0.00007221516028990682	0	0	0	0	0.07028187157226196	0	0	0	0	0	0	0	0.07405504038360557	0.00030922990054463767	0	0.0006756216793143362	0.0006756214084537677	0.0006756214091124188	0	0	0
2.3442288153199275e-7	0.00044140403492520314	0.00007248060099568532	0	0	0	0	0.07572848009240553	0	0	0	0	0	0	0	0.07715550560611746	0.0003159175617111993	0	0.0006840565372388479	0.0006840561323057429	0.0006840561332904175	0	0	0
2.5118864315095823e-7	0.00045286459582984725	0.00007455003547443891	0	0	0	0	0.07813934950444888	0	0	0	0	0	0	0	0.07972888031347239	0.00032390533355165655	0	0.0007024457665247988	0.0007024449884696078	0.0007024449903616025	0	0	0
2.6915348039269196e-7	0.00046462271734983685	0.00007667855554303313	0	0	0	0	0.08062697063942172	0	0	0	0	0	0	0	0.08238808502521168	0.0003320950710524886	0	0.0007213293464021415	0.0007213281754566956	0.0007213281783040804	0	0	0
2.8840315031266115e-7	0.0004883273611369191	0.00007906907657621561	0	0	0	0	0.08303621134049019	0	0	0	0	0	0	0	0.08358642352553965	0.0003510576794071588	0	0.0007530683666800947	0.0007530661337875711	0.0007530661392172919	0	0	0
3.090295432513592e-7	0.0005132413950723687	0.00008153412419338993	0	0	0	0	0.08551744334558024	0	0	0	0	0	0	0	0.08480219191467853	0.00037110305154531946	0	0.0007862039271282562	0.0007862005411041958	0.0007862005493379825	0	0	0
3.3113112148259143e-7	0.0005400033523146692	0.00008323258747158106	0	0	0	0	0.08920770358754004	0	0	0	0	0	0	0	0.08522445107446439	0.0003937624879297747	0	0.0008187363512842553	0.0008187298870567423	0.0008187299027758044	0	0	0
3.5481338923357606e-7	0.0005681607588763605	0.0000849664319786242	0	0	0	0	0.09305720643686251	0	0	0	0	0	0	0	0.08564881280723753	0.00041780550242042475	0	0.0008526149384202937	0.0008526051470512839	0.000852605170860938	0	0	0
3.8018939632056126e-7	0.0005808269115645606	0.00008764238160764267	0	0	0	0	0.0953003783554125	0	0	0	0	0	0	0	0.08850771883271803	0.00042602416124859293	0	0.0008742487684740181	0.0008742299419893296	0.0008742299877697622	0	0	0
4.0738027780411303e-7	0.0005937754340247186	0.0000904026081240184	0	0	0	0	0.09759762260698017	0	0	0	0	0	0	0	0.0914620534274294	0.00043440448944813534	0	0.0008964315246392867	0.0008964032109281811	0.0008964032797785745	0	0	0
4.365158322401665e-7	0.000602886005090874	0.00009356503127927728	0	0	0	0	0.10078922969161876	0	0	0	0	0	0	0	0.09325233135503261	0.000438609154696215	0	0.0009161707552090034	0.0009161162308834391	0.0009161163634709996	0	0	0
4.677351412871981e-7	0.0006121363638619361	0.00009683808089123307	0	0	0	0	0.10408520771799354	0	0	0	0	0	0	0	0.09507765217679758	0.00044285451752058006	0	0.0009363446394168136	0.0009362627646313957	0.0009362629637261494	0	0	0
5.011872336272736e-7	0.0006348068567866359	0.0001019024186763455	0	0	0	0	0.10783832101209774	0	0	0	0	0	0	0	0.09920804198799599	0.0004573921697941883	0	0.000976003528867708	0.0009758472864936248	0.0009758476664341446	0	0	0
5.370317963702533e-7	0.0006583169522570928	0.00010723160596039095	0	0	0	0	0.11172676438534751	0	0	0	0	0	0	0	0.10351786534221774	0.0004724070517792865	0	0.0010173421711000739	0.0010171054137049637	0.0010171059894274542	0	0	0
5.754399373371578e-7	0.000685526969124304	0.00011032663448867814	0	0	0	0	0.11475386582700026	0	0	0	0	0	0	0	0.10803076817528123	0.0004936454302759771	0	0.0010549046694431636	0.001054611998327665	0.0010546130996084736	0	0	0
6.165950018614835e-7	0.0007138616494463745	0.00011351099490288801	0	0	0	0	0.11786298291806833	0	0	0	0	0	0	0	0.1127404128162774	0.0005158386393990773	0	0.0010938540573912111	0.001093501668588405	0.0010935033334056783	0	0	0
6.606934480075964e-7	0.0007432409005508671	0.00011692281161114411	0	0	0	0	0.12192434726331274	0	0	0	0	0	0	0	0.11638220621996763	0.000538977089616391	0	0.001134626093482254	0.0011340189284311205	0.0011340221127564803	0	0	0
7.079457843841387e-7	0.0007738292660490698	0.00012043717779719018	0	0	0	0	0.1261256595373848	0	0	0	0	0	0	0	0.12014163853293525	0.0005631534378071562	0	0.0011769178560082623	0.0011760374647623176	0.0011760422789160135	0	0	0
7.585775750291852e-7	0.0008021800018836944	0.00012442340862983626	0	0	0	0	0.1296005391265988	0	0	0	0	0	0	0	0.1242483824680533	0.000584316525687125	0	0.0012182294487858168	0.0012173472809707971	0.0012173564969371496	0	0	0
8.128305161640995e-7	0.0008315694219056797	0.00012854157576771392	0	0	0	0	0.13317115489038486	0	0	0	0	0	0	0	0.1284955052589495	0.0006062749142055106	0	0.0012609911408112521	0.001260108157172095	0.0012601220782649369	0	0	0
8.709635899560814e-7	0.0008585211292797771	0.0001332485842654254	0	0	0	0	0.13718234104751623	0	0	0	0	0	0	0	0.1329935418070687	0.0006251361276666308	0	0.0013024953111399954	0.0013018644775398172	0.001301891150912029	0	0	0
9.332543007969924e-7	0.0008863463590697319	0.00013812795667625288	0	0	0	0	0.14131434626940914	0	0	0	0	0	0	0	0.1376490339233601	0.000644584113505905	0	0.0013453655467002218	0.001345004480951505	0.0013450447365836002	0	0	0
1.e-6	0.0009134398124982286	0.00014267625642942706	0	0	0	0	0.14733220312323175	0	0	0	0	0	0	0	0.1431602267344968	0.0006641145213875143	0	0.0013844256764777706	0.0013841023601434462	0.0013841580655898139	0	0	0
1.0715193052376091e-6	0.0009413614469320011	0.0001473743233343237	0	0	0	0	0.1536063297901981	0	0	0	0	0	0	0	0.14889207671507163	0.0006842366857583498	0	0.0014246198428314555	0.0014243367739558655	0.0014244087935719359	0	0	0
1.148153621496884e-6	0.0009684933142466659	0.00015367637872813338	0	0	0	0	0.1585443765333087	0	0	0	0	0	0	0	0.1545540353708822	0.0007022538400335569	0	0.0014635024603934586	0.0014631862540526105	0.0014632355833990314	0	0	0
1.2302687708123837e-6	0.0009964071747334282	0.00016024792409338433	0	0	0	0	0.1636411687244117	0	0	0	0	0	0	0	0.1604313028364512	0.000720745417640531	0	0.0015034463140150822	0.0015030953726641863	0.0015031207208122043	0	0	0
1.3182567385564101e-6	0.0010458068738466199	0.00017322202310411547	0	0	0	0	0.16889974673292946	0	0	0	0	0	0	0	0.1650326012404563	0.0007526687832313989	0	0.0015698676238965537	0.0015694179053367047	0.0015694354631235541	0	0	0
1.4125375446227554e-6	0.001097655702526869	0.00018724653974797563	0	0	0	0	0.17432730815122818	0	0	0	0	0	0	0	0.1697658685721476	0.0007860061033833423	0	0.0016392233853545393	0.0016386668513427272	0.0016386758819869742	0	0	0
1.5135612484362104e-6	0.001140276068650921	0.00019316940128339514	0	0	0	0	0.18060031392155343	0	0	0	0	0	0	0	0.1752391152188597	0.0008174465474211178	0	0.001706830996517734	0.001706320671330064	0.001706326994946583	0	0	0
1.6218100973589331e-6	0.0011845513212793357	0.000199279610947196	0	0	0	0	0.18709904796022547	0	0	0	0	0	0	0	0.18088881917767874	0.0008501446172165526	0	0.0017772269946256395	0.0017767676395129123	0.0017767710171904354	0	0	0
1.7378008287493763e-6	0.0012074110766594377	0.00019992499264562223	0	0	0	0	0.19160783826784378	0	0	0	0	0	0	0	0.1875815770602153	0.0008675691928778207	0	0.0018288837345333858	0.0018285288906180392	0.0018285314084651987	0	0	0
1.8620871366628694e-6	0.0012307119850792263	0.00020057246446021705	0	0	0	0	0.19622528327071556	0	0	0	0	0	0	0	0.19452196223269785	0.0008853509028793308	0	0.0018820419251764555	0.001881798063781402	0.0018817996688345253	0	0	0
1.995262314968883e-6	0.0012720609087043724	0.00020559883049937108	0	0	0	0	0.20261032898981698	0	0	0	0	0	0	0	0.200535063282815	0.0009164990620749784	0	0.0019465438785037836	0.0019462676941487211	0.0019462693332135963	0	0	0
2.1379620895022326e-6	0.0013147990554017671	0.00021075115777466845	0	0	0	0	0.20920314002924678	0	0	0	0	0	0	0	0.20673404249200533	0.0009487430667914554	0	0.0020132564637662534	0.0020129460276280893	0.002012947701151296	0	0	0
2.2908676527677747e-6	0.0013650627545210472	0.00021779580903930377	0	0	0	0	0.21570076324982426	0	0	0	0	0	0	0	0.21361647484101237	0.000986403924532995	0	0.002087086507997439	0.0020865832189436765	0.002086585896616847	0	0	0
2.4547089156850335e-6	0.0014172479939995005	0.00022507593759366943	0	0	0	0	0.2224001956187287	0	0	0	0	0	0	0	0.22072803188795367	0.0010255597499380402	0	0.002163624044060535	0.0021629141913494785	0.0021629179444007315	0	0	0
2.6302679918953817e-6	0.0014811727226299327	0.00023542647302282125	0	0	0	0	0.22928673540977293	0	0	0	0	0	0	0	0.22780675344965157	0.0010721051660775892	0	0.002257190776589719	0.002256487540222228	0.002256494517091142	0	0	0
2.8183829312644606e-6	0.0015479807652236102	0.00024625299706637475	0	0	0	0	0.23638651435810237	0	0	0	0	0	0	0	0.23511248876451715	0.0011207630634877223	0	0.002354803837528056	0.002354109117940256	0.0023541195905483897	0	0	0
3.0199517204020193e-6	0.0016015288106501608	0.000257438255876324	0	0	0	0	0.2437378036931735	0	0	0	0	0	0	0	0.2425349836290914	0.0011576782977926758	0	0.002525460438231898	0.002524818965862859	0.002524847725610437	0	0	0
3.2359365692962877e-6	0.0016569292002617437	0.00026913156947600523	0	0	0	0	0.2513177078247976	0	0	0	0	0	0	0	0.25019180645431127	0.001195809430950995	0	0.002708484810254794	0.002707907956262614	0.002707957600418746	0	0	0
3.4673685045253236e-6	0.00170821862674808	0.0002792062729888194	0	0	0	0	0.2594937967026525	0	0	0	0	0	0	0	0.25730695235810985	0.001231449436652389	0	0.0027336797349557765	0.0027331943694250036	0.002733256140873026	0	0	0
3.7153522909717276e-6	0.001761095692144312	0.0002896581141635886	0	0	0	0	0.2679358773003774	0	0	0	0	0	0	0	0.2646244442217916	0.0012681516601064666	0	0.002759109028418309	0.0027587169068208997	0.002758791027771204	0	0	0
3.981071705534978e-6	0.0018886743024571072	0.0002967270800541014	0	0	0	0	0.27630236951340265	0	0	0	0	0	0	0	0.2724475358676103	0.0013136628153162444	0	0.002852565316104288	0.002852234881750236	0.0028523737958650484	0	0	0
4.265795188015934e-6	0.0020254950578060377	0.00030396856063112654	0	0	0	0	0.284930111517443	0	0	0	0	0	0	0	0.28050190154814025	0.0013608072651182012	0	0.0029491871465861645	0.0029489230303255927	0.002949131046692778	0	0	0
4.570881896148752e-6	0.002049522692375959	0.0003153656990494424	0	0	0	0	0.2943298978320536	0	0	0	0	0	0	0	0.28904561251095223	0.0014538465754016605	0	0.0030430849166217045	0.003042797322733709	0.0030430490135774607	0	0	0
4.897788193684467e-6	0.002073835357126918	0.00032719016707005786	0	0	0	0	0.3040397811816517	0	0	0	0	0	0	0	0.2978495534280463	0.0015532470460638938	0	0.0031399722531986036	0.003139659954506564	0.0031399578901111494	0	0	0
5.248074602497734e-6	0.0021417560088864552	0.0003336612595773597	0	0	0	0	0.31328952073105654	0	0	0	0	0	0	0	0.30820436325079587	0.0016105257149915608	0	0.0032425548748153316	0.003242177709238119	0.0032426035302409203	0	0	0
5.623413251903491e-6	0.002211901145304148	0.0003402603358765149	0	0	0	0	0.32282066319885544	0	0	0	0	0	0	0	0.3189191604740024	0.0016699166338169163	0	0.003348488861797504	0.0033480429252194725	0.0033486046699685965	0	0	0
6.0255958607435935e-6	0.002286819521563191	0.00035297141098940434	0	0	0	0	0.33203416873182234	0	0	0	0	0	0	0	0.3282493508795055	0.0016930437836765063	0	0.0034595194336444696	0.003459075590424056	0.003459763427852401	0	0	0
6.4565422903465625e-6	0.0023642754267317995	0.0003661573326050747	0	0	0	0	0.3415106335294327	0	0	0	0	0	0	0	0.3378525021597142	0.0017164912280045793	0	0.0035742316028905966	0.003573790482236195	0.003574612161314734	0	0	0
6.9183097091893625e-6	0.002435261544219238	0.00037573045641764463	0	0	0	0	0.35057610035160947	0	0	0	0	0	0	0	0.3466174899173177	0.0017703755505078674	0	0.0036844475405911014	0.0036840235580456295	0.0036849178040820663	0	0	0
7.413102413009192e-6	0.0025083789822876075	0.0003855538679927991	0	0	0	0	0.3598822117705756	0	0	0	0	0	0	0	0.3556098698354076	0.001825951416879422	0	0.003798062125685765	0.0037976567579146316	0.0037986272664184387	0	0	0
7.943282347242822e-6	0.002586220076878223	0.00039962953684501514	0	0	0	0	0.3685079166819973	0	0	0	0	0	0	0	0.3649984835974082	0.0018835378981805755	0	0.003848966987561005	0.003848472655705307	0.0038496054370623207	0	0	0
8.511380382023777e-6	0.00266647676976952	0.00041421907540542275	0	0	0	0	0.3773403636406379	0	0	0	0	0	0	0	0.37463497031190285	0.0019429405301185948	0	0.003900554119730095	0.0038999685137011556	0.003901267742710761	0	0	0
9.120108393559115e-6	0.00274564974117129	0.0004288888950029395	0	0	0	0	0.3875577957550457	0	0	0	0	0	0	0	0.3837163315172404	0.002001033474683835	0	0.004018506760779104	0.004017899601556985	0.004019039356462479	0	0	0
9.772372209558111e-6	0.002827173514752031	0.00044407825515230704	0	0	0	0	0.3980518903446914	0	0	0	0	0	0	0	0.39301782999719626	0.0020608633690712276	0	0.004140026286199747	0.004139396805763227	0.004140366264011072	0	0	0
0.000010471285480509006	0.0029105479027559623	0.00045703251177453167	0	0	0	0	0.4076930489976892	0	0	0	0	0	0	0	0.4024052463580057	0.0021233257887732235	0	0.004263430448458278	0.004262711824189679	0.0042635371962793395	0	0	0
0.000011220184543019652	0.0029963810321631743	0.00047036465847060375	0	0	0	0	0.41756772479361737	0	0	0	0	0	0	0	0.41201688558913885	0.00218768137322042	0	0.004390512990082028	0.0043897004681425	0.004390372316106952	0	0	0
0.000012022644346174132	0.0030445844704927614	0.0004860789659192678	0	0	0	0	0.42766676658207264	0	0	0	0	0	0	0	0.4226897355046016	0.002252685726918242	0	0.004521540833973149	0.004520637339412348	0.004521289571350747	0	0	0
0.000012882495516931348	0.0030935633680986576	0.0005023182691433221	0	0	0	0	0.438010057719767	0	0	0	0	0	0	0	0.4336390540049725	0.0023196216077805668	0	0.004656478994474985	0.004655479822097434	0.004656110670388746	0	0	0
0.000013803842646028866	0.0031855392924022463	0.0005248873370993986	0.003178967061052448	0.0005175311947388798	0	0	0.44708126160613115	0	0	0	0	0	0	0	0.44336029754738077	0.0023867631068891122	0	0.004786218629973808	0.004785223541912756	0.004785921571812159	0	0	0
0.000014791083881682102	0.003280249788345347	0.0005484704291507416	0.0032735077338647517	0.0005409285326882791	0	0	0.4563403304478692	0	0	0	0	0	0	0	0.4532994702064977	0.0024558480181849675	0	0.0049195730939813	0.00491858309370988	0.004919351560349501	0	0	0
0.00001584893192461114	0.003378143489469052	0.000563345460410079	0.003370197515526545	0.0005544322697053333	0	0	0.46532099168068797	0	0	0	0	0	0	0	0.46232142330890186	0.0025016966910144586	0	0.005058310233696401	0.005057411242908734	0.005058134098816052	0	0	0
0.00001698243652461746	0.0034789586683271058	0.0005786239164361981	0.0034697432286960425	0.0005682731139415618	0	0	0.4744783900344622	0	0	0	0	0	0	0	0.4715229390252785	0.002548401321046794	0	0.005200959906789646	0.005200157848834431	0.005200831907973675	0	0	0
0.000018197008586099864	0.003569537215049374	0.0005714643184380033	0.0035610985278054087	0.0005620213541441092	0	0	0.48413192459856347	0	0	0	0	0	0	0	0.4802274749311718	0.00262272955546201	0	0.005334232101282045	0.005333510447813285	0.005334246555470248	0	0	0
0.000019498445997580493	0.003662474074677481	0.0005643933096633813	0.0036548591318971194	0.0005558383720164215	0	0	0.4939818658516496	0	0	0	0	0	0	0	0.4890927006764497	0.0026992256927054416	0	0.005470919334179534	0.005470282734457693	0.005471083630086506	0	0	0
0.00002089296130854041	0.003758313485199573	0.0005754135832223728	0.0037517445233125495	0.0005680492467761755	0	0	0.5026072416636108	0	0	0	0	0	0	0	0.49702306078118913	0.0027718773921179747	0	0.005612794865536982	0.005612141800242098	0.005613009075830211	0	0	0
0.000022387211385683423	0.003856660815893124	0.0005866490372720571	0.003851198215921284	0.0005805283748086567	0	0	0.5113832244371671	0	0	0	0	0	0	0	0.5050820071668224	0.0028464845669254886	0	0.005758349607858557	0.005757679651113543	0.005758616211255824	0	0	0
0.000023988329190194948	0.0039574780916087375	0.0005998730519406349	0.0039513954782694595	0.0005930524170285015	0	0	0.5190099800626535	0	0	0	0	0	0	0	0.5131061271251416	0.00291784477471183	0	0.005902395220842664	0.005901686637748372	0.005902621731529689	0	0	0
0.000025703957827688645	0.0040609308397104435	0.0006133951572099745	0.004054199589400605	0.0006058466469606667	0	0	0.5267504809159704	0	0	0	0	0	0	0	0.5212577244043576	0.0029909939538189795	0	0.006050044147281694	0.00604929542466673	0.006050228392964693	0	0	0
0.00002754228703338169	0.004162555596199958	0.0006284157582452473	0.004153758649391183	0.0006185350352606586	0	0	0.5333939226952146	0	0	0	0	0	0	0	0.5282947622093959	0.003068634769597858	0	0.006197014406983563	0.0061961831624887855	0.006197153479960729	0	0	0
0.0000295120922666639	0.0042667235112753485	0.0006438041783818137	0.004255762583199083	0.0006314891594501885	0	0	0.5401211523783614	0	0	0	0	0	0	0	0.5354268008149065	0.0031482910011107496	0	0.006347554931085366	0.006346637597919085	0.006347646528327308	0	0	0
0.000031622776601683856	0.004370268396168921	0.0006580259626637042	0.00435745234623521	0.0006436117089055712	0	0	0.5459598983349705	0	0	0	0	0	0	0	0.5412989759664915	0.0032474316642126548	0	0.0064919243806529385	0.006490970957137967	0.006491975829441138	0	0	0
0.000033884415613920276	0.004476326109268774	0.000672561909473504	0.0044615719459231915	0.000655966972102904	0	0	0.5518617615277679	0	0	0	0	0	0	0	0.5472355529017702	0.0033496942976396563	0	0.00663957738399745	0.006638586703016212	0.006639586810948936	0	0	0
0.000036307805477010174	0.0045977076057218645	0.0006813204477946117	0.004585469146266091	0.0006676036417201199	0	0	0.5568039968940919	0	0	0	0	0	0	0	0.5522772624694285	0.0034237113904893065	0	0.00681175944344382	0.006810797931917338	0.006811810539212351	0	0	0
0.00003890451449942813	0.004722380521817185	0.0006901930454944009	0.00471280695374001	0.0006794467425839323	0	0	0.5617904927838248	0	0	0	0	0	0	0	0.5573654215691546	0.0034993640146881045	0	0.0069884066457570095	0.006987476483260123	0.006988501565429864	0	0	0
0.00004168693834703355	0.004817491939566392	0.0007002572825451456	0.00480901898555165	0.000690763439681176	0	0	0.5655636749917625	0	0	0	0	0	0	0	0.5610575708974266	0.0035744092020277536	0	0.00709645794959078	0.007095496835779039	0.00709657379214659	0	0	0
0.00004466835921509635	0.00491451895512572	0.0007104682739975356	0.004907195187582037	0.0007022686248896458	0	0	0.5693621992162632	0	0	0	0	0	0	0	0.564774178087872	0.0036510637618474145	0	0.007206179889501097	0.007205187089668795	0.007206317279301325	0	0	0
0.0000478630092322639	0.004991875877095035	0.0007223777235340024	0.004983706828530942	0.000713228593238895	0	0	0.5719160725235892	0	0	0	0	0	0	0	0.5673833134788855	0.003722042098036327	0	0.007339593171105215	0.007338539684720454	0.007339661558880312	0	0	0
0.00005128613839913659	0.005070450434692798	0.0007344868089915229	0.005061411417992555	0.0007243596085379252	0	0	0.5744814012258772	0	0	0	0	0	0	0	0.5700045025149686	0.0037944002852869233	0	0.007475476430420276	0.007474360350952698	0.0074754732148190894	0	0	0
0.00005495408738576248	0.005162087471035146	0.0007466318937965714	0.00515147031503194	0.0007347229763769801	0	0	0.5754155872976325	0	0	0	0	0	0	0	0.5707562692500027	0.0038542188073746584	0	0.00759990444933104	0.007598715615337227	0.007599829832123176	0	0	0
0.00005888436553555896	0.0052553806415884165	0.0007589778032905277	0.005243131651443708	0.0007452346122747495	0	0	0.576351292484916	0	0	0	0	0	0	0	0.5715090274740899	0.003914980365335197	0	0.007726403551206792	0.007725139850316458	0.007726255157029189	0	0	0
0.00006309573444801943	0.0053372891110041246	0.0007661995881010403	0.0053266772173124165	0.0007543112837804057	0	0	0.5757299445803762	0	0	0	0	0	0	0	0.5711844805703075	0.003981519993287909	0	0.007840167791827068	0.007838964660519783	0.007840100333980079	0	0	0
0.00006760829753919819	0.005420474176316432	0.0007734900892503254	0.005411554022226881	0.0007634985056607587	0	0	0.5751092665333084	0	0	0	0	0	0	0	0.5708601179692901	0.004049190539323212	0	0.00795560710706108	0.00795446660378077	0.00795562300203783	0	0	0
0.00007244359600749906	0.005497723771822878	0.0007809693297141533	0.005488780768476342	0.0007709545945986386	0	0	0.5734121985488311	0	0	0	0	0	0	0	0.5690214061820329	0.0041112306871746605	0	0.008059934535596974	0.008058761983444575	0.008059923728523065	0	0	0
0.00007762471166286927	0.005576074285775182	0.0007885208904813642	0.005567109595627501	0.0007784834973820464	0	0	0.5717201383774996	0	0	0	0	0	0	0	0.5671886167931556	0.0041742213904292546	0	0.008165630082517646	0.008164424837102719	0.008165591870425403	0	0	0
0.00008317637711026725	0.005647187566617683	0.0007966237780215119	0.005637087718343878	0.0007853012584447213	0	0	0.568613045169055	0	0	0	0	0	0	0	0.5636788702277445	0.004231063776480557	0	0.008258914290017285	0.008257694309883315	0.008258856148209363	0	0	0
0.00008912509381337459	0.005719207775605876	0.000804809931315658	0.005707945460470445	0.0007921787277299406	0	0	0.5655228378940567	0	0	0	0	0	0	0	0.5601908418713901	0.004288680212719871	0	0.008353264176868184	0.008352029282650315	0.008353185655023713	0	0	0
0.00009549925860214369	0.005777773474382248	0.0008092574053155783	0.005767269177687855	0.0007974829220614302	0	0	0.5606206590414713	0	0	0	0	0	0	0	0.5556802124670953	0.0043375885763852874	0	0.008432652712577463	0.00843146680282437	0.00843259906431235	0	0	0
0.00010232929922807557	0.005836938896268487	0.0008137294565780424	0.005827209457107702	0.0008028226317084943	0	0	0.5557609742419859	0	0	0	0	0	0	0	0.5512059024313124	0.004387054693932501	0	0.008512795748499906	0.00851165986627992	0.008512767453776849	0	0	0
0.00010964781961431851	0.005883944978812379	0.0008191413650731151	0.005874248037492492	0.0008082713609187034	0	0	0.5495209723347112	0	0	0	0	0	0	0	0.5452530154818088	0.004427288449422942	0	0.008571551943935473	0.008570412590948314	0.008571519527941067	0	0	0
0.00011748975549395303	0.005931329611112453	0.000824589266800731	0.005921666324160507	0.0008137570704640845	0	0	0.5433510322446691	0	0	0	0	0	0	0	0.539364418233988	0.0044678911893901545	0	0.008630713680700107	0.008629570863149156	0.008630677087893213	0	0	0
0.00012589254117941688	0.0059653989755357045	0.0008266072188338674	0.00595523899730145	0.0008152121064243048	0	0	0.5357628930855524	0	0	0	0	0	0	0	0.5317701203044285	0.004498592653880552	0	0.008670467277397316	0.008669322073256134	0.008670430992652993	4.312154614508825e-11	4.312154614508825e-11	4.312154614508825e-11
0.0001348962882591656	0.005999664033280392	0.0008286301092412585	0.00598900200949901	0.0008166697440573339	0	0	0.528280725669343	0	0	0	0	0	0	0	0.5242827507503657	0.0045295050858904905	0	0.00871040398159972	0.008709256393129498	0.008710368008532254	4.0243368396919496e-11	4.0243368396919496e-11	4.0243368396919496e-11
0.0001445439770745928	0.006019114022041745	0.0008287985115120739	0.00600827190789347	0.0008166322600329189	0	0	0.5195134953797005	0	0	0	0	0	0	0	0.5156229413806801	0.004549436724377209	0	0.008729525533704588	0.008728401185699765	0.008729503197936412	3.7557296634982884e-11	3.7557296634982884e-11	3.7557296634982884e-11
0.00015488166189124827	0.006038627064677548	0.0008289669480072343	0.006027603808101161	0.0008165947777289666	0	0	0.5108917641083185	0	0	0	0	0	0	0	0.5071061699007803	0.0045694560700648605	0	0.008748689062479581	0.008747588062584213	0.008748680424080342	3.505050861090612e-11	3.505050861090612e-11	3.505050861090612e-11
0.00016595869074375631	0.00604178982359298	0.0008241387744816656	0.006031533344766216	0.0008126363521932294	0	0	0.5009438652165586	0.5005414460070344	0	0	0	0	0	0	0.49717732561704703	0.0045781424498736855	0	0.008743803033928823	0.00874273039682371	0.008743809803494476	3.271103790625008e-11	3.271103790625008e-11	3.271103790625008e-11
0.00017782794100389227	0.006044954239018044	0.0008193387218113949	0.006035465443188615	0.0008086971150397204	0	0	0.49118966819927157	0.49077012754308785	0	0	0	0	0	0	0.4874428823378011	0.004586845342193624	0	0.008738919734161167	0.008737875428597244	0.008738941894511236	3.052771680954134e-11	3.052771680954134e-11	3.052771680954134e-11
0.00019054607179632481	0.006031466489755184	0.0008144696038696921	0.006022430721541658	0.0008043405545434351	0	0	0.4801617499938256	0.47987172981092585	0	0	0	0	0	0	0.47647129142824407	0.0045827008650473604	0	0.00871195341427362	0.008710920968541716	0.008711953572005922	2.8490123006017034e-11	2.8490123006017034e-11	2.8490123006017034e-11
0.00020417379446695317	0.006018008834910425	0.00080962942183557	0.006009424150825248	0.0008000074634264839	0	0	0.46938142449608505	0.4692153498106159	0	0	0	0	0	0	0.4657466541853601	0.004578560132673284	0	0.00868507030631965	0.008684049657178677	0.008685048597068382	2.6588529825600684e-11	2.6588529825600684e-11	2.6588529825600684e-11
0.00021877616239495564	0.005989126163139575	0.0008035114757436988	0.005980487323466866	0.0007938264095503007	0	0	0.45756596226188845	0.45742658265793473	0	0	0	0	0	0	0.45404360181977044	0.004562645340810312	0	0.008635517310507127	0.008634517146751926	0.008635511427921115	2.4813859811610887e-11	2.4813859811610887e-11	2.4813859811610887e-11
0.00023442288153199226	0.005960382110096546	0.0007974397597706635	0.005951689833914677	0.0007876931120123633	0.0059594051442002065	0.0007963352106736074	0.4460479237017499	0.44593400153377266	0	0	0	0	0	0	0.4426346179857342	0.004546785867779626	0	0.008586247041178972	0.00858526716229937	0.00858625680539404	2.315764138855951e-11	2.315764138855951e-11	2.315764138855951e-11
0.0002511886431509582	0.005916009220423218	0.0007889513899221195	0.005907301326283461	0.0007791852267255841	0.005915043767592128	0.0007878590591489586	0.4333450896670913	0.43355005518356404	0	0	0	0	0	0	0.43042965411697376	0.0045197532314102794	0	0.0085140529527296	0.008513092589889153	0.008514072602760499	2.1611968422187555e-11	2.1611968422187555e-11	2.1611968422187555e-11
0.00026915348039269194	0.005871966670869293	0.0007805533747640753	0.005863243874144836	0.0007707692352372269	0.005871012613831284	0.000779473127350508	0.4210040149500705	0.42151002099676377	0	0	0	0	0	0	0.41856122321916717	0.004492881315921641	0	0.008442465879939336	0.008441524774240735	0.008442495248865343	2.0169462478695285e-11	2.0169462478695285e-11	2.0169462478695285e-11
0.00028840315031266115	0.005809999301847962	0.0007699862944489551	0.005801642968227496	0.000760616606526453	0.005808764336501959	0.0007685896708213789	0.4080995705464268	0.4085354931815777	0	0	0	0	0	0	0.4056423186374098	0.0044526656834257185	0	0.008347115960898027	0.00834618111497021	0.008347118050922106	1.8823237603005904e-11	1.8823237603005904e-11	1.8823237603005904e-11
0.0003090295432513592	0.005748685879798526	0.00075956227057302	0.005740689258928844	0.0007505977089832294	0.0057471760557158864	0.0007578581754335206	0.39559066794156333	0.3959603351645978	0	0	0	0	0	0	0.39312215642913173	0.0044128100197300705	0	0.00825284293185433	0.008251914324346793	0.008252818355496721	1.756686744792893e-11	1.756686744792893e-11	1.756686744792893e-11
0.0003311311214825914	0.005671201065133111	0.0007472320384587128	0.005663542745933485	0.0007386480670482515	0.005669795157907747	0.0007456455196794214	0.38236359915719764	0.3825498416924021	0	0	0	0	0	0	0.3797741164781004	0.004361019996331736	0	0.008136041300036643	0.008135143638287132	0.008136018325088375	1.6394354597310326e-11	1.6394354597310326e-11	1.6394354597310326e-11
0.000354813389233576	0.005594760645070098	0.0007351019671868849	0.005587432969852273	0.0007268886654253154	0.005593456128886569	0.0007336296671866758	0.3695787939619525	0.36959353849937443	0	0	0	0	0	0	0.36687929486549287	0.004309837795729222	0	0.008020892749624722	0.00802002534373167	0.008020871335679578	1.5300101936730776e-11	1.5300101936730776e-11	1.5300101936730776e-11
0.00038018939632056124	0.005503147927220324	0.0007208877689174924	0.0054965236065457656	0.0007134685025450309	0.005502602807045126	0.0007202759944421964	0.3560376608192713	0.3560975207096229	0	0	0	0	0	0	0.3533899011370946	0.004247877658198072	0	0.007885083986867868	0.007884247619802576	0.007885056954369432	1.4278885935086392e-11	1.4278885935086392e-11	1.4278885935086392e-11
0.00040738027780411304	0.0054130353432644334	0.0007069484215415273	0.005407093368336848	0.0007002961090691956	0.005413225196445435	0.0007071653878982028	0.3429926662261591	0.3430943213195673	0	0	0	0	0	0	0.3403964845480616	0.004186808287054163	0	0.007751574721263928	0.007750768590643792	0.007751542266621089	1.3325831709509031e-11	1.3325831709509031e-11	1.3325831709509031e-11
0.00043651583224016654	0.005309890886914709	0.000692023285351124	0.0053040571614011	0.000685489912093173	0.00531043527272145	0.0006926404696783277	0.3296841518456424	0.32962630280761046	0	0	0	0	0	0	0.3269902648286632	0.004116042665863542	0	0.007598723015414933	0.007597960083443571	0.0075987045107442424	1.2436389754596214e-11	1.2436389754596214e-11	1.2436389754596214e-11
0.00046773514128719906	0.005208711830419415	0.0006774132495039917	0.005202984386427131	0.0006709967590796319	0.005209597192498477	0.0006784138879620564	0.31689202330207444	0.316686965510606	0	0	0	0	0	0	0.3141120374221217	0.004046473128371806	0	0.007448885360880817	0.00744816423745233	0.007448880268671238	1.1606314224864548e-11	1.1606314224864548e-11	1.1606314224864548e-11
0.0005011872336272725	0.005095463705506691	0.0006609798132429453	0.005090116070190812	0.0006549904671843132	0.005096374130614069	0.0006620089355926454	0.30358843532215624	0.30345802454752846	0	0	0	0	0	0	0.3009510430513595	0.0039688611242900485	0	0.007282384004372546	0.00728169785570702	0.00728237886170799	1.0831642666756147e-11	1.0831642666756147e-11	1.0831642666756147e-11
0.0005370317963702533	0.004984677828115768	0.0006449450373676293	0.004979696205816704	0.000639365997371995	0.004985611808258794	0.0006460006768449567	0.2908433513124393	0.29078169514748864	0	0	0	0	0	0	0.28834148177513474	0.003892737730903697	0	0.007119604372709798	0.007118951995605413	0.0071195991843901055	1.0108677103446361e-11	1.0108677103446361e-11	1.0108677103446361e-11
0.0005754399373371578	0.004861804274178038	0.0006273947553157925	0.004857250588403831	0.0006222983619695147	0.004862787404976016	0.0006285065186185616	0.2778731873677615	0.2778093862077105	0	0	0	0	0	0	0.2755471210567247	0.003808435165807854	0	0.006940013477695388	0.006939383781838632	0.006940003521110537	9.43396638215938e-12	9.43396638215938e-12	9.43396638215938e-12
0.0006165950018614823	0.004741959584046138	0.0006103220525649092	0.004737815783017226	0.000605686340690134	0.004742988875873171	0.0006114861146512884	0.2654814280934769	0.26541579594946363	0	0	0	0	0	0	0.2633204749286161	0.0037259582881775007	0	0.00676495273462253	0.006764344990859833	0.0067649382536346505	8.804289699724483e-12	8.804289699724483e-12	8.804289699724483e-12
0.0006606934480075965	0.004612659534057472	0.0005925613370013625	0.004608451448191693	0.0005878509139905699	0.004613326628882776	0.0005933151968852225	0.2530091837772558	0.252962060812196	0.2528344417380774	0	0	0	0	0	0.2509142658875493	0.003636982080675967	0	0.006576045437805698	0.006575459492503855	0.006576033023404059	8.21664122773052e-12	8.21664122773052e-12	8.21664122773052e-12
0.0007079457843841388	0.004486885136835499	0.0005753174682664746	0.00448261935942453	0.0005705406806529577	0.004487209045127859	0.0005756842460040129	0.24112288206124052	0.2410926749157653	0.24099246762417442	0	0	0	0	0	0.23909256901862685	0.003550130632736683	0	0.006392413265323135	0.006391848374969282	0.0063924028133836314	7.668215763885372e-12	7.668215763885372e-12	7.668215763885372e-12
0.0007585775750291852	0.004352760346477702	0.0005571276411860279	0.004348500373652383	0.0005523551327018304	0.004352914468555102	0.0005573013346970302	0.22915660352948128	0.22921038775295985	0.2290099070258422	0	0	0	0	0	0.2272408318914063	0.0034581679910574378	0	0.00619725490093224	0.006196716274005231	0.0061972562069173434	7.1563953410853035e-12	7.1563953410853035e-12	7.1563953410853035e-12
0.0008128305161640995	0.00422264489864594	0.0005395129223327201	0.004218394198449744	0.0005347492351866805	0.004222639101498884	0.00053950543168577	0.21778417913829826	0.2179137208221619	0.21762313998034707	0	0	0	0	0	0.2159765813327117	0.0033685875511447	0	0.00600805465996218	0.006007541219359085	0.006008067015702738	6.678736730271419e-12	6.678736730271419e-12	6.678736730271419e-12
0.0008709635899560814	0.004085146664943365	0.000520843574568451	0.004081088773104283	0.0005162964508332518	0.0040851636747932345	0.0005208624619329565	0.20648880525105326	0.20657881784871385	0.20625560257755712	0	0	0	0	0	0.20473851154430422	0.0032747474289256413	0	0.00580911643726496	0.005808621365982055	0.0058091214658681665	6.232959777416631e-12	6.232959777416631e-12	6.232959777416631e-12
0.0009332543007969925	0.003952125664047504	0.0005028202623883458	0.003948252531752161	0.0004984804233519958	0.003952164001874166	0.0005028637124248189	0.19577926579750082	0.19583350613612246	0.19548184810895106	0	0	0	0	0	0.19408520058386705	0.0031835214494012254	0	0.0056167654409979	0.005616288085484463	0.00561676361415606	5.816936518968724e-12	5.816936518968724e-12	5.816936518968724e-12
0.001	0.0038138084361286576	0.00048423011549110826	0.0038100214851123533	0.0004799864153212858	0.003813644038023423	0.00048404467821451855	0.18517871009778453	0.18518300286056052	0.18483883517182384	0	0	0	0	0	0.1835160692100698	0.0030902205802283192	0	0.005416440203592478	0.005415977368932161	0.005416429201853177	5.428681023790647e-12	5.428681023790647e-12	5.428681023790647e-12
0.001071519305237607	0.0036803320602386788	0.00046632727892623296	0.0036766300028371495	0.0004621785492472439	0.0036799790802848013	0.00046592992239984993	0.1751521262162023	0.17511173253783083	0.17477528127642147	0	0	0	0	0	0.17352249196229813	0.002999654120836145	0	0.005223259683402516	0.005222810941019426	0.005223240163560973	5.066339913107631e-12	5.066339913107631e-12	5.066339913107631e-12
0.001148153621496884	0.003541608087151332	0.00044800854271240405	0.0035379830521819057	0.00044394514484157223	0.0035412035804656176	0.000447552999170091	0.16531496379036015	0.16516719426231147	0.16489910553068263	0	0	0	0	0	0.16371642765149969	0.0029065487263360864	0	0.005024030808874402	0.005023304569599398	0.005024009046170936	4.728183513207149e-12	4.728183513207149e-12	4.728183513207149e-12
0.0012302687708123836	0.0034081130826445786	0.00043040942148066307	0.0034045645245420757	0.00042643106641232715	0.003407661436306861	0.0004299008873146537	0.1560302911725661	0.1557874030775783	0.15558101126333349	0	0	0	0	0	0.1544645214569206	0.002816333203179791	0	0.004832401048089733	0.004831419150323085	0.004832377242022014	4.412597598657996e-12	4.412597598657996e-12	4.412597598657996e-12
0.0013182567385564075	0.0032705889148909803	0.00041228599453514003	0.003267247859506183	0.0004085402222517491	0.0032702546944166225	0.0004119096012046342	0.1468283798505453	0.14660613561454464	0.14644490526477302	0	0	0	0	0	0.14536407524301995	0.002725077223914114	0	0.004635117613025637	0.004634459937329416	0.004635103325708136	4.118075686634055e-12	4.118075686634055e-12	4.118075686634055e-12
0.0014125375446227555	0.003138614121896285	0.0003949256981993505	0.0031354696022051543	0.0003913999854694539	0.003138388588845393	0.0003946712476552205	0.13816915271722902	0.13796596242847092	0.1378452942545092	0	0	0	0	0	0.13679979177064025	0.0026367781581778217	0	0.0044458883012355324	0.004445530028019836	0.0044458827951521784	3.843211845558752e-12	3.843211845558752e-12	3.843211845558752e-12
0.0015135612484362103	0.0030045148765850834	0.00037726725875917157	0.0030015554782792317	0.0003739496127789032	0.003004487721241996	0.0003772370006270621	0.12971693081868718	0.12957602124766007	0.12943318734937653	0	0	0	0	0	0.1284393783491863	0.0025489537380399344	0	0.004253723431672781	0.004253381535551298	0.004253723208600144	3.5866939837416445e-12	3.5866939837416445e-12	3.5866939837416445e-12
0.0016218100973589332	0.0028761451051418497	0.0003603983867867069	0.0028733607504444827	0.00035727725623128605	0.002876299798940742	0.0003605728957646801	0.12178175670988169	0.12169628643788771	0.12153443523786292	0	0	0	0	0	0.12058990512488424	0.002464054527498703	0	0.0040698645146198574	0.004069538249194341	0.004069869128154594	3.3472975859695813e-12	3.3472975859695813e-12	3.3472975859695813e-12
0.0017378008287493763	0.0027468046739256863	0.00034354894293241243	0.002744197665431852	0.00034062724641522327	0.002747018093965188	0.0003437903668809343	0.11410255229381042	0.11402069741691186	0.1138827748073165	0	0	0	0	0	0.11297939647431432	0.0023805270342599286	0	0.0038847638961071775	0.003884451670131837	0.0038847629657571825	3.1238798681535017e-12	3.1238798681535017e-12	3.1238798681535017e-12
0.0018620871366628695	0.0026232806902584545	0.0003274872488811351	0.0026208407091927797	0.0003247531685176909	0.0026235472433545144	0.00032778896513969394	0.10690757623884141	0.10682922067695426	0.10671285362400298	0	0	0	0	0	0.10584919205700828	0.00229983098896554	0	0.0037080817983709685	0.0037077830096761467	0.003708075818880549	2.915374322127391e-12	2.915374322127391e-12	2.915374322127391e-12
0.001995262314968883	0.0024990584008951593	0.00031144991367699685	0.0024967551528316586	0.00030886937455192195	0.0024991847304874637	0.00031159301413732346	0.09995503971022694	0.099877570366037	0.09979637114572476	0	0	0	0	0	0.09892360865444207	0.002221050753922086	0	0.003530887350504732	0.0035306011422137334	0.0035308796833575387	2.7207856245584985e-12	2.7207856245584985e-12	2.7207856245584985e-12
0.0021379620895022326	0.002380718508040928	0.0002961979407162093	0.002378544514867315	0.0002937624626467616	0.0023807173028512186	0.00029619730004579447	0.09345464853821234	0.09337828170054846	0.09332817327654244	0	0	0	0	0	0.0924511577183012	0.0021449691195424554	0	0.003362160318963679	0.0033618861710274944	0.0033621511391077256	2.53918488566585e-12	2.53918488566585e-12	2.53918488566585e-12
0.0022908676527677745	0.0022619740705200372	0.00028105539181037456	0.0022598296844463864	0.00027865221086357844	0.002261951449317807	0.00028103040207538117	0.08717150264976604	0.08710252067012991	0.08704606126604301	0	0	0	0	0	0.08623621332954957	0.002070816132163742	0	0.0031928571756628123	0.003192596336955172	0.0031928492885213325	2.3697052150663695e-12	2.3697052150663695e-12	2.3697052150663695e-12
0.0024547089156850338	0.0021491523161700143	0.00026668697653562133	0.002147039994746508	0.0002643191846894606	0.0021491104185042643	0.00026664013101550797	0.08131078542455906	0.08124854054843722	0.08118681118380093	0	0	0	0	0	0.08043906288420061	0.001999226662127581	0	0.003032079370719513	0.0030318311960051835	0.0030320726693793478	2.211537583581746e-12	2.211537583581746e-12	2.211537583581746e-12
0.002630267991895387	0.0020368813268369906	0.00025228948938501233	0.002034869957412808	0.0002500347438266164	0.0020368863144385697	0.0002522955690662416	0.07569233920189232	0.07566772591383411	0.07558496131908912	0	0	0	0	0	0.07490871840540947	0.0019303213336733986	0	0.002872137191947837	0.002871902017173182	0.0028721324456378776	2.0639269612518482e-12	2.0639269612518482e-12	2.0639269612518482e-12
0.002818382931264455	0.0019304753359738226	0.000238669271671947	0.0019285601356811629	0.00023652226830939754	0.00193052242556932	0.00023872270812361977	0.07046211869605007	0.07047024729702996	0.07036963632768146	0	0	0	0	0	0.06975859603460258	0.0018637908956602711	0	0.0027206319626825915	0.0027204091069156305	0.002720628983794902	1.9261687131191553e-12	1.9261687131191553e-12	1.9261687131191553e-12
0.003019951720402019	0.0018247661741170114	0.000225153047875842	0.0018229838421046478	0.00022315509363096038	0.0018247292072813399	0.00022511112835784143	0.06547289562138046	0.06548072329181248	0.06538078620440979	0	0	0	0	0	0.06479931234784778	0.001800380294599916	0	0.002570381535628484	0.002570173648716374	0.0025703810973882134	1.797605235579056e-12	1.797605235579056e-12	1.797605235579056e-12
0.0032359365692962876	0.0017248454451358954	0.00021240226951989204	0.001723187173212441	0.00021054337153701366	0.0017247334896530208	0.00021227565868722924	0.06083694530304385	0.06084447390607676	0.06074562023884176	0	0	0	0	0	0.06019259445346521	0.0017391270730697423	0	0.0024284288831868906	0.0024282349914809724	0.0024284307140604606	1.6776228172393417e-12	1.6776228172393417e-12	1.6776228172393417e-12
0.0034673685045253167	0.0016258230481813174	0.00019984515573924535	0.0016242852964992328	0.0001981213911940968	0.0016257596324221698	0.00019977296617903435	0.05642450057808517	0.056424789679636204	0.056317808145119594	0	0	0	0	0	0.05580892294675694	0.0016800817368401273	0	0.0022878287859648934	0.0022876491951127954	0.002287837009893542	1.5656487093037822e-12	1.5656487093037822e-12	1.5656487093037822e-12
0.003715352290971728	0.0015324854707717472	0.00018803041211714935	0.0015310598671095933	0.00018643230305535264	0.0015324653914763362	0.0001880066620109869	0.05233208619577152	0.05232614707632798	0.052212743927873444	0	0	0	0	0	0.05174450293690142	0.0016230410567305	0	0.0021553690907434213	0.0021552027947296876	0.0021553829613226924	1.4611483914950117e-12	1.4611483914950117e-12	1.4611483914950117e-12
0.003981071705534978	0.0014406212812167012	0.00017648850714977547	0.0014392222506502707	0.00017491966769455622	0.001440570326931262	0.00017642985913807568	0.04843163569551383	0.04844163001218628	0.048313186701366355	0	0	0	0	0	0.047883640173583736	0.001568712759470421	0	0.0020249815455694645	0.002024823615994095	0.0020249947922780795	1.3636230204653245e-12	1.3636230204653245e-12	1.3636230204653245e-12
0.004265795188015935	0.0013542638514212472	0.0001656550810331148	0.0013528933330851664	0.00016411796477829057	0.001354185796545532	0.00016556591592303333	0.04482189621426744	0.04484548642220077	0.044704871524574356	0	0	0	0	0	0.04431085170668648	0.0015162030014709102	0	0.0019024817037171808	0.001902331736908139	0.0019024943512761766	1.2726070485150467e-12	1.2726070485150467e-12	1.2726070485150467e-12
0.004570881896148752	0.0012691216304408057	0.00015489290460425105	0.0012678498386391865	0.00015346664017277625	0.001269117059804561	0.00015488683653102936	0.04139881085508814	0.041416862185860825	0.041292860055139456	0	0	0	0	0	0.04091202347314038	0.0014654174732117576	0	0.0017819075266331708	0.0017817665588510116	0.001781920606255919	1.187666001251234e-12	1.187666001251234e-12	1.187666001251234e-12
0.004897788193684466	0.0011893322790550679	0.00014482991857005316	0.001188152217197908	0.00014350659099226042	0.0011893922647805706	0.00014489656277891143	0.03823714936160631	0.038250370553978376	0.03814126365615505	0	0	0	0	0	0.037773899625003424	0.0014163330165624472	0	0.0016689750168256844	0.0016688425097715076	0.0016689884229456624	1.1083944035780784e-12	1.1083944035780784e-12	1.1083944035780784e-12
0.005248074602497733	0.0011110506574719776	0.00013499127644704526	0.001109920790465883	0.0001337241013824045	0.0011110976377118169	0.0001350435308983728	0.03524908503120164	0.03526301037894508	0.03515024130280446	0	0	0	0	0	0.03483650989618908	0.0013680905663871184	0	0.0015579490305023876	0.0015578232885849206	0.0015579583930762017	1.0344138441185569e-12	1.0344138441185569e-12	1.0344138441185569e-12
0.005623413251903491	0.001037921517147152	0.00012582099677138514	0.0010368403503161695	0.00012460845991036078	0.0010379569441344402	0.00012586050964732764	0.03249452473003833	0.03250896352051832	0.03239377370356206	0	0	0	0	0	0.03212753869192747	0.0013214913272163384	0	0.0014543088765101885	0.0014541895860441692	0.0014543146741980777	9.653711688275926e-13	9.653711688275926e-13	9.653711688275926e-13
0.0060255958607435805	0.0009660210071805923	0.00011682125353798188	0.0009650252171288525	0.00011570469481997199	0.0009660520354053228	0.00011685589517176589	0.029895574573566404	0.02991686647078267	0.02980334021580271	0	0	0	0	0	0.029565543496369397	0.0012743402500391304	0	0.0013526602891888065	0.0013525479000495524	0.0013526648692222794	9.009367951737688e-13	9.009367951737688e-13	9.009367951737688e-13
0.006456542290346563	0.0008991013009145479	0.00010846524529591993	0.0008981842473729054	0.00010743713880272187	0.0008991283698082639	0.00010849551042386605	0.027504491495377384	0.027531449868149153	0.027420055969620192	0	0	0	0	0	0.027207853381415324	0.0012288715328087362	0	0.0012581164067009842	0.0012580105369238205	0.0012581199109725266	8.408031388421769e-13	8.408031388421769e-13	8.408031388421769e-13
0.006918309709189377	0.0008335708941845907	0.00010032226162614214	0.000832716664025053	0.00009936468126110819	0.0008336211509726204	0.00010037880858834206	0.02526360588788969	0.02528330564654517	0.02517629058644463	0	0	0	0	0	0.02498040958216567	0.0011814622444055144	0	0.001165576826269262	0.0011654768006015468	0.0011655806510324379	7.846831454480707e-13	7.846831454480707e-13	7.846831454480707e-13
0.007413102413009177	0.0007728166280317044	0.00009279060910548392	0.0007720209350956516	0.00009189876044866814	0.0007728865495558862	0.00009286932864088924	0.02320529294518627	0.02321873884150799	0.02311613106827228	0	0	0	0	0	0.02293532143623656	0.0011358819841528294	0	0.0010798439084808934	0.0010797494399863478	0.0010798479876302286	7.323089202523239e-13	7.323089202523239e-13	7.323089202523239e-13
0.00794328234724282	0.0007134835463996113	0.00008547960463185538	0.0007127047908410296	0.000084606317532925	0.0007135199886093293	0.0000855203639711934	0.02126850413217278	0.021283576756956354	0.021185489494150563	0	0	0	0	0	0.02102052826690385	0.0010873953912665256	0	0.0009960349019599234	0.000995946433905819	0.0009960394746313084	6.834304493374817e-13	6.834304493374817e-13	6.834304493374817e-13
0.008511380382023776	0.0006587057686368546	0.00007874463675210936	0.0006579460423891507	0.00007789255188572971	0.0006587134611639975	0.00007875293986507015	0.01949336597856164	0.019509700447616223	0.019416093626618686	0	0	0	0	0	0.019265594766053065	0.0010409785113631909	0	0.0009187304925560616	0.0009186476625746237	0.0009187354575721403	6.378144061398244e-13	6.378144061398244e-13	6.378144061398244e-13
0.009120108393559097	0.0006054126389272416	0.00007212734519039878	0.0006047048357484653	0.00007133306272489463	0.000605447842785371	0.00007216674080415816	0.01783689577696904	0.01785287052745166	0.017747552058256986	0	0	0	0	0	0.01762979868865248	0.0009910357485451333	0	0.0008436696928070335	0.0008435939543382562	0.0008436757535048246	5.952430376402709e-13	5.952430376402709e-13	5.952430376402709e-13
0.009772372209558112	0.0005564312335253149	0.00006606613654961804	0.0005557719247763152	0.00006532596139844737	0.0005564894479091196	0.00006613135315605513	0.016321185951587554	0.016336744222482116	0.016222398290700553	0	0	0	0	0	0.0161328941865877	0.0009434890770302796	0	0.0007747414027598295	0.0007746721499313076	0.0007747483469647637	5.555131248972477e-13	5.555131248972477e-13	5.555131248972477e-13
0.010471285480509006	0.0005090155238020001	0.00006026570674766789	0.000508421985399218	0.00005959956475050627	0.0005090981711440239	0.00006035871666413416	0.0149049296434899	0.014915510290825046	0.014795434713954315	0	0.00828031704193314	0.008468111309498259	0	0	0.014739897370431921	0.0008920707611399534	0	0.0007081469890743148	0.0007080822272088943	0.0007081535346783232	5.184350129595322e-13	5.184350129595322e-13	5.184350129595322e-13
0.011220184543019653	0.00046564029454259026	0.000054974539143335193	0.00046510610506516616	0.00005437513727175263	0.00046574278961802824	0.000055089976289221735	0.01361156770937806	0.013617918246497872	0.013493990497099996	0	0.0078200134321354	0.007960768886814905	0	0	0.013467179042895587	0.0008434546432542067	0	0.0006472768285632394	0.0006472162972859775	0.0006472829927834763	4.838317055282269e-13	4.838317055282269e-13	4.838317055282269e-13
0.012022644346174132	0.0004239287224800968	0.00004991536270557101	0.00042345403054511036	0.000049383022115222154	0.0004240154379252026	0.00005001302653154713	0.012406670456448722	0.012411323616500141	0.012277515859731523	0	0.007346263905577307	0.007444596809937256	0.00788472273756298	0.007426739601740185	0.012282448819003852	0.0007914335701003576	0	0.0005888815142451081	0.0005888230241311977	0.0005888869391291322	4.5153802004616166e-13	4.5153802004616166e-13	4.5153802004616166e-13
0.01288249551693135	0.00038595362955034943	0.00004532177027500854	0.0003855320625382356	0.00004484922697380274	0.00038602657004384793	0.00004540395533505806	0.011308430821591995	0.011311637441582423	0.01117070563510133	0	0.006901214919735887	0.00696189305964165	0.007366894520086881	0.006971381532025909	0.011201941290817839	0.0007426209588047965	0	0.0005357544446467541	0.0005356981200889178	0.0005357592134247254	4.2139979918143813e-13	4.2139979918143813e-13	4.2139979918143813e-13
0.013803842646028866	0.0003498209088562072	0.00004101082706675341	0.0003494007902114556	0.00004053988481518135	0.00034987345648412074	0.00004106991305158617	0.010287763029935865	0.010289297613351034	0.010140322960389777	0	0.006443822365836178	0.006472963007331719	0.006839545029754743	0.006498919784496049	0.010195795720830007	0.0006914672855952836	0	0.00048512184696006337	0.00048506960892695516	0.00048512580817759786	3.9327317494106526e-13	3.9327317494106526e-13	3.9327317494106526e-13
0.014791083881682071	0.0003170709093098934	0.000037109934728798276	0.00031665566644870774	0.00003664460619997225	0.00031710624358898855	0.000037149577511861825	0.009359217899448187	0.009359356319795648	0.009204982487220969	0	0.0060167444667901665	0.006018370252938309	0.0063499451616271015	0.00605847753006861	0.009280020996548725	0.0006438372111366571	0	0.0004392743891338419	0.0004392259682850758	0.0004392776528387867	3.670238819018371e-13	3.670238819018371e-13	3.670238819018371e-13
0.01584893192461114	0.00028601844593104445	0.00003341420325208851	0.0002856284275637818	0.000032976858318923115	0.00028606354858828827	0.000033464988113803436	0.008499764612755431	0.00850321983126016	0.008337141150248464	0	0.005581020752321164	0.005562144672464222	0.005858686273172981	0.00560991569721998	0.008430467327143107	0.0005953988520165633	0.007120105642391375	0.00039599058989474577	0.0003959450820456582	0.0003959928714571044	3.4252661628009627e-13	3.4252661628009627e-13	3.4252661628009627e-13
0.01698243652461746	0.0002580071176850066	0.00003008652500014887	0.0002576413665591974	0.000029676214246972914	0.00025805973702930113	0.00003014584564520069	0.00771923458225169	0.007725397455571471	0.0075511194785717675	0	0.005176851503294156	0.005140503501312124	0.005405433271280458	0.005194564801754529	0.007658687343537221	0.0005506046976638593	0.006537384471143428	0.0003569717496947242	0.0003569290509125617	0.000356973210978232	3.1966443778084025e-13	3.1966443778084025e-13	3.1966443778084025e-13
0.018197008586099864	0.00023175085031253492	0.000026983597846443828	0.00023140468975822395	0.000026595219999146086	0.0002317966543067526	0.000027035308922215036	0.006997664921583134	0.007000785543562453	0.0068187336504915855	0	0.004770092774827816	0.004722935549047845	0.004956931700286445	0.004779136331658822	0.006946160912182606	0.0005058155559381495	0.005968707086051489	0.0003204346562146296	0.0003203944023342368	0.0003204351919855474	2.9832821137082115e-13	2.9832821137082115e-13	2.9832821137082115e-13
0.019498445997580455	0.00020816656959888314	0.000024200686278492048	0.0002078398013379441	0.00002383409557959806	0.0002082064004494574	0.000024245726496511962	0.006343545313073196	0.006344139380376731	0.006157382190586213	0	0.004395294140847155	0.004339287035747811	0.004545643364400321	0.004396931205645342	0.006299924419639438	0.00046466980342622216	0.005449498103765381	0.0002876372401771201	0.00028759937804070864	0.00028763702458635263	2.784160863108931e-13	2.784160863108931e-13	2.784160863108931e-13
0.02089296130854041	0.00018620214352070864	0.000021610324697743212	0.00018590519044417932	0.000021277210132802814	0.00018623004096068063	0.000021641885971024692	0.005736958464991437	0.005738359643506492	0.005542995688213739	0	0.0040279602642949944	0.003967028492577208	0.004148122356756524	0.0040243013148156	0.005703574794785002	0.00042449630308293013	0.004952106123369902	0.00025714687444626023	0.0002571118814453116	0.0002571463858181615	2.59833009960707e-13	2.59833009960707e-13	2.59833009960707e-13
0.022387211385683423	0.00016655526542285224	0.000019297226870666664	0.00016628547377165468	0.000018994623459636285	0.00016657330457348673	0.00001931768175518341	0.005188375081235455	0.0051904237003488705	0.004989912961149318	0.004916212208503721	0.0036913260798541883	0.0036267052470308207	0.003785364954360716	0.0036832509573116274	0.0051636755098672495	0.00038779604356125485	0.0045001125957219905	0.0002298885742220405	0.00022985626752986546	0.0002298878728648907	2.4249027403485715e-13	2.4249027403485715e-13	2.4249027403485715e-13
0.02398832919019495	0.00014838621405363912	0.000017173363941130955	0.00014813439937493182	0.000016890862746705663	0.00014839493512744191	0.000017183242448141016	0.004681027245737322	0.004685339909481085	0.004476095465319497	0.004387199760214101	0.0033641770609503835	0.0032994185035435065	0.003439170489610316	0.003355462200771598	0.004667000909127277	0.0003525194837609362	0.00407059701768669	0.00020469335900118177	0.0002046639849642948	0.00020469315994109272	2.2630509114447123e-13	2.2630509114447123e-13	2.2630509114447123e-13
0.025703957827688646	0.00013219917404155179	0.000015283254481650256	0.00013196462553491237	0.000015020105291074474	0.0001322003956628165	0.000015284640505705075	0.004223290670441953	0.004229406178516943	0.004015186391154827	0.003915112065896936	0.0030660220886993147	0.0030016672765005633	0.0031246375974873543	0.003056844812177812	0.004218099577359938	0.00032045191923534444	0.0036820767765126114	0.00018225947662243482	0.00018223278047453195	0.00018225967818361145	2.112001996028331e-13	2.112001996028331e-13	2.112001996028331e-13
0.02754228703338169	0.00011731316691015996	0.000013550742639307823	0.00011709119994452503	0.000013301661033585837	0.0001173115456345113	0.000013548909011692798	0.003805108271258053	0.0038113906674054916	0.003590259999330058	0.00348758001686338	0.0027824290480453666	0.0027199751172652634	0.0028271881518912466	0.0027731690120118527	0.0038051362100282467	0.0002900350777558781	0.0033150644396561296	0.00016164325212236367	0.00016161837544593035	0.00016164345292879147	1.9710349460852688e-13	1.9710349460852688e-13	1.9710349460852688e-13
0.0295120922666639	0.00010410336698597945	0.000012014628579090942	0.00010389412351131587	0.000011779823298413022	0.00010409952761607958	0.00001201028806262146	0.003428333516641724	0.0034346899319751584	0.003210303484586706	0.003106734665394113	0.0025250670684799133	0.0024647184238112177	0.0025580543652875855	0.002515818381929507	0.0034326030742807667	0.00026250535971069977	0.0029846341904584566	0.00014335902549979004	0.00014333589826025933	0.00014335922314325615	1.8394768404552414e-13	1.8394768404552414e-13	1.8394768404552414e-13
0.03162277660168379	0.00009199757330470988	0.000010615659625647075	0.00009179692758851999	0.000010390445164202815	0.00009200045789029305	0.000010618933546882658	0.003082770337919317	0.003090175558361628	0.0028582043656667365	0.0027604493939501337	0.0022820937954940376	0.0022247682232754396	0.002306154862718667	0.0022737619540806036	0.0030895085575771315	0.00023659195372523152	0.00267662654431536	0.00012660716333214058	0.00012658541972473624	0.00012660698125216684	1.7166996725713173e-13	1.7166996725713173e-13	1.7166996725713173e-13
0.03388441561392028	0.00008129951738348005	9.379584940620757e-6	0.00008110830170076113	9.16493804494079e-6	0.00008130761441338338	9.388763124179161e-6	0.0027720386334128956	0.0027802174783224756	0.002544722713954903	0.0024527620402989806	0.002062500500062973	0.002008178134864808	0.002079060681043434	0.0020549946931619537	0.002780706921478906	0.00021323660830853639	0.0024004046059102075	0.00011181279833012494	0.0001117924307963142	0.0001118123225721491	1.602117352603967e-13	1.602117352603967e-13	1.602117352603967e-13
0.03630780547701017	0.00007153036668471039	8.249637033966393e-6	0.0000713502170902945	8.047401234888726e-6	0.00007153136163039577	8.250822186861425e-6	0.0024868046815169215	0.0024951514224751175	0.002256956388514384	0.002175555213566627	0.001856954451354414	0.0018059904629639139	0.0018669509029861863	0.0018501041697522064	0.0024982474131689243	0.00019138817377820116	0.0021428923499394363	0.00009831380782908542	0.00009829472875265348	0.00009831303390386437	1.495182909699141e-13	1.495182909699141e-13	1.495182909699141e-13
0.038904514499428125	0.00006293510124930708	7.255812663676956e-6	0.0000627661210021905	7.066132506049789e-6	0.0000629305844675751	7.250802460218261e-6	0.0022309203953628075	0.0022393142513570928	0.0020017317060605135	0.0019296778119984254	0.0016718928476864303	0.0016241594785296196	0.0016764809733266842	0.0016656419845385666	0.0022444796642164086	0.0001717783515350002	0.0019130056708451138	0.0000864445300914197	0.00008642672524190488	0.00008644353692899593	1.3953858809548817e-13	1.3953858809548817e-13	1.3953858809548817e-13
0.04168693834703355	0.00005513300045260718	6.363339110371213e-6	0.000054967372077928774	6.177333018544014e-6	0.000055117729573100935	6.346156702434639e-6	0.0019973164600669085	0.0020045589365621595	0.0017675874345895045	0.0017067053617626587	0.0015001849560257862	0.0014554792720323	0.0015004748944308511	0.001494525526680315	0.0020126988618552008	0.0001535744193219731	0.0017004867255192922	0.00007567149003135928	0.00007565507514669741	0.00007567053702494181	1.3022498746725432e-13	1.3022498746725432e-13	1.3022498746725432e-13
0.04466835921509635	0.00004829813059116416	5.580640861400074e-6	0.00004813762496248589	5.400329414898891e-6	0.000048274843448479014	5.554378996368848e-6	0.0017881736389816058	0.0017944138602770993	0.001560831219018641	0.0015094971677436563	0.0013461119266108515	0.0013043176728146863	0.0013429468897280157	0.0013409883820368778	0.0018048533800939892	0.00013729961930200292	0.0015115768592519965	0.00006624102644216297	0.00006622593161353779	0.00006624011900792983	1.215330296250493e-13	1.215330296250493e-13	1.215330296250493e-13
0.0478630092322639	0.00004210164364315916	4.858940829408116e-6	0.00004195995639236653	4.6997862539609795e-6	0.000042086955758522	4.842370007879536e-6	0.0015971091603099062	0.0016037409841231907	0.0013741571269291532	0.001331225722883257	0.001203234948654574	0.0011643991044269445	0.0011970682566870864	0.0011985932865193033	0.001614090692062298	0.00012223965950768247	0.001338492966713849	0.00005771202555719841	0.000057698494409549734	0.000057711624357778996	1.134212225864653e-13	1.134212225864653e-13	1.134212225864653e-13
0.05128613839913648	0.0000367001450316971	4.230572539972806e-6	0.00003657508948190508	4.090119164209213e-6	0.000036692233852818505	4.221632572883613e-6	0.0014264597208795235	0.00143332884408241	0.0012098090981787573	0.001174008115507115	0.0010755230029860056	0.0010394900741200852	0.0010670358017345585	0.0010713186525203179	0.001443490529998888	0.00010883157894041018	0.0011852281350939724	0.00005028119388854655	0.000050269074001947666	0.00005028118360739481	1.0585084378047171e-13	1.0585084378047171e-13	1.0585084378047171e-13
0.05495408738576248	0.00003183003270801326	3.666474644348493e-6	0.00003171722505671354	3.5397665011535555e-6	0.00003182495692264644	3.660724950989193e-6	0.0012703335461773315	0.0012788829189804604	0.0010623928293694432	0.0010322898703454871	0.0009570282947886285	0.000923884772860263	0.0009468667755494878	0.0009535034568162524	0.0012880078096820797	0.00009648253759072658	0.0010446351625106281	0.000043579876741723035	0.00004356901499073674	0.00004358007691803644	9.87857552011156e-14	9.87857552011156e-14	9.87857552011156e-14
0.05888436553555896	0.00002760618469813019	3.1775926758454355e-6	0.000027504577009877476	3.063467439367732e-6	0.0000276033311896736	3.1743423747655175e-6	0.001131295398616986	0.0011410790532908211	0.0009329393584448329	0.0009076788842789263	0.0008515886266339091	0.0008211363386471872	0.0008402311236249565	0.0008486446493036305	0.0011492726022963983	0.00008553473312229507	0.000920719472008724	0.000037771689770007416	0.00003776196607857738	0.00003777204448907715	9.219223089891981e-14	9.219223089891981e-14	9.219223089891981e-14
0.06309573444801943	0.000023809171915714065	2.7368680702664948e-6	0.000023719601395930466	2.6363036449567162e-6	0.000023808016635856287	2.7355358763351494e-6	0.0010050724067910395	0.0010151424936566593	0.0008194243805379069	0.0007946625138044964	0.0007543066473619232	0.0007266118658167504	0.0007421871880439262	0.0007521971007153394	0.001023510010606614	0.00007547699042384067	0.0008074430440410357	0.00003255492336779903	0.00003254611943134851	0.000032555301027377907	8.60387959864861e-14	8.60387959864861e-14	8.60387959864861e-14
0.06760829753919818	0.000020534408267956894	2.3572709274486746e-6	0.000020455486015283208	2.2687027187227206e-6	0.000020534538104779916	2.3573879711918345e-6	0.0008929326010939979	0.0009031050736191389	0.0007197212866431341	0.0006957179700701619	0.0006681377609555443	0.0006429685043722669	0.0006555836919252525	0.0006667107119438524	0.0009115093666365719	0.00006660190399256258	0.0007081030533088143	0.000028058660916060576	0.000028050708160572308	0.00002805904841316393	8.029607638978316e-14	8.029607638978316e-14	8.029607638978316e-14
0.07244359600749906	0.000017605730715795795	2.017891058475667e-6	0.000017536566245300834	1.9402869490911745e-6	0.00001760848283733267	2.0209782986220373e-6	0.0007915278229437596	0.0008013128225708289	0.0006326925332991325	0.0006050898615914577	0.0005885496394030056	0.0005660684111456496	0.0005759614095453865	0.0005880206906292854	0.0008096459309831411	0.000058459436493985464	0.0006178499834145491	0.000024039517425490974	0.000024032323267912703	0.000024039846518144642	7.493665862788884e-14	7.493665862788884e-14	7.493665862788884e-14
0.07762471166286927	0.000015094749748440408	1.7273722237278562e-6	0.000015034165184149325	1.6594124094553342e-6	0.00001509937385737764	1.7325757717497316e-6	0.0007016389520625582	0.0007109939456360734	0.0005561873035039993	0.0005262674766958301	0.0005184420014609164	0.0004983656958590849	0.0005060094529064813	0.0005186182348863485	0.0007191659872639814	0.000051312432683245027	0.0005391003473598587	0.000020596079042378627	0.00002058958933754327	0.000020596358511745594	6.993495895183316e-14	6.993495895183316e-14	6.993495895183316e-14
0.08317637711026708	0.000012854620043404111	1.4718051398415231e-6	0.00001279828829455226	1.4086006535030434e-6	0.000012857782977964303	1.4753609129782699e-6	0.000619770885017455	0.0006288168448147144	0.0004901725080083355	0.0004534975294296112	0.00045396771988612917	0.0004363004632733136	0.0004418500103172424	0.0004549065495657339	0.0006374372017516841	0.000044841563938189	0.00046749900221536284	0.000017519968239313094	0.00001751405233251983	0.000017520208192802385	6.526710121785943e-14	6.526710121785943e-14	6.526710121785943e-14
0.08912509381337459	0.000010946935803116485	1.2540495556823285e-6	0.000010894930397809152	1.1956978203510295e-6	0.000010948969451978312	1.2563316762451428e-6	0.0005474552813611039	0.0005561378219177192	0.0004319931183136996	0.0003907898897533936	0.000397511563719527	0.0003819646814260905	0.00038582566095544523	0.00039902177539736925	0.0005649963893910725	0.00003918671852561097	0.0004054074870155286	0.000014903287488601943	0.00001489791875289738	0.000014903493495905498	6.09108029121198e-14	6.09108029121198e-14	6.09108029121198e-14
0.09549925860214369	9.261258900204464e-6	1.0622506365426248e-6	9.212150942037905e-6	1.0071163880237523e-6	9.259174883815355e-6	1.0598780827203332e-6	0.0004819188801200554	0.0004901746969534971	0.0003807337777877912	0.0003318612073489525	0.00034539606397549193	0.0003321471550100402	0.0003346098741265395	0.00034783604735763373	0.0004985540249880607	0.00003406602101482666	0.0003484735235834076	0.000012588548676104876	0.000012583819890084339	0.000012588747500771185	5.684526878273365e-14	5.684526878273365e-14	5.684526878273365e-14
0.10232929922807536	7.835152955971347e-6	8.997861445924014e-7	7.789285647566445e-6	8.482773839365561e-7	7.830172502087577e-6	8.94144095441674e-7	0.0004242279048596461	0.0004320354129214426	0.00033555675635392804	0.00028181860337431745	0.00030011313354882973	0.00028882705115397214	0.00029019264189353257	0.00030321632377304123	0.0004399251402290892	0.00002961446713187176	0.0002995351603705949	0.000010633328914299064	0.00001062917080248448	0.00001063351781793392	5.30510915714472e-14	5.30510915714472e-14	5.30510915714472e-14
0.10964781961431873	6.575750955496324e-6	7.530478604454761e-7	6.535508263384646e-6	7.078450336934917e-7	6.5710455510796245e-6	7.477209653225547e-7	0.00037154089637958857	0.00037941264655180513	0.00029399412837188333	0.00023526391882654988	0.0002590643784377959	0.00024962989532083555	0.00024957056690501204	0.0002623444758077064	0.000386504010944893	0.000025604335948848107	0.0002542949650307913	8.908898975910796e-6	8.905276479244203e-6	8.909006052618187e-6	4.951015937102797e-14	4.951015937102797e-14	4.951015937102797e-14
0.11748975549395303	5.518781939765033e-6	6.302398448004555e-7	5.483541135009462e-6	5.906612638891474e-7	5.51439187614986e-6	6.252757747136175e-7	0.0003253973538780294	0.00033319943703230976	0.00025757951786248496	0.00019639977928678532	0.00022363017366729915	0.00021575224477388737	0.00021463489721473117	0.00022698192211556667	0.00033956993319067725	0.000022137221529673547	0.00021588760785213047	7.464123568702486e-6	7.460972322812257e-6	7.464170390698592e-6	4.620556916615638e-14	4.620556916615638e-14	4.620556916615638e-14
0.12589254117941662	4.5914571017594024e-6	5.227721382448404e-7	4.560687840894551e-6	4.882048074725884e-7	4.5875206969920715e-6	5.18321464630485e-7	0.00028337677542278106	0.00029105422673445755	0.00022185576659615016	0.00016102844953339325	0.0001914852526874238	0.0001850815992622276	0.0001829574127552834	0.00019473134860506757	0.0002972832330269665	0.000019049966753538544	0.00018015445005008587	6.197850556051482e-6	6.195135981894472e-6	6.197872972453574e-6	4.312154614508834e-14	4.312154614508834e-14	4.312154614508834e-14
0.1348962882591656	3.819951313059889e-6	4.336296899977947e-7	3.7931462662488588e-6	4.035205093186468e-7	3.816440074988691e-6	4.296618413207133e-7	0.0002467825748795512	0.00025423981401198446	0.0001910865490409151	0.0001320274475526001	0.00016396088862013827	0.00015877099411579066	0.00015595513738205587	0.000167063076108066	0.0002602625026560843	0.000016393260230263066	0.0001503357519949854	5.146398121839345e-6	5.144062753967806e-6	5.146403065843577e-6	4.024336839691949e-14	4.024336839691949e-14	4.024336839691949e-14
0.1445439770745928	3.1469634935142783e-6	3.555908109604383e-7	3.1242615679758602e-6	3.3008947908000303e-7	3.1452880455372666e-6	3.5370121797590596e-7	0.00021365829081212184	0.00022073936647565125	0.00015962161627113553	0.00010649890535427665	0.00013921235130234563	0.00013511892593967215	0.00013159194883133316	0.0001419512383691494	0.0002267454422027016	0.00001399317217294711	0.0001229965289582867	4.231384710996922e-6	4.229362977155094e-6	4.231389849479017e-6	3.755729663498289e-14	3.755729663498289e-14	3.755729663498289e-14
0.15488166189124797	2.5925406943416475e-6	2.9159632690313517e-7	2.5733282241140347e-6	2.700211307308453e-7	2.5921635594996075e-6	2.9116979812097657e-7	0.0001849800994054699	0.0001916531763580309	0.00013333780168668015	0.00008590650695674835	0.0001181994005901438	0.00011499029938538894	0.00011103475837930694	0.00012061404916009552	0.00019754476743673451	0.00001194447380883181	0.00010062906484341303	3.4790578086988895e-6	3.4773120096042542e-6	3.4790629162154814e-6	3.505050861090618e-14	3.505050861090618e-14	3.505050861090618e-14
0.1659586907437563	2.11334394319658e-6	2.378916077142121e-7	2.0960948231471276e-6	2.1851333163768225e-7	2.1145157805869967e-6	2.392102527148918e-7	0.00015925378697458688	0.00016566811183406084	0.00010791599433483174	0.00006827842597582947	0.00009952539768395558	0.00009703389656404033	0.00009284410527376131	0.00010153789409444452	0.00017115602728746967	0.000010115067493986439	0.00008071883545464651	2.8291816076384823e-6	2.8276510137686275e-6	2.8291663504473567e-6	3.271103790625008e-14	3.271103790625008e-14	3.271103790625008e-14
0.1778279410038923	1.7227203538187368e-6	1.940779488613122e-7	1.707366151916708e-6	1.7683088717599324e-7	1.72488227834458e-6	1.9652294081733125e-7	0.00013710538997038375	0.00014320620091049714	0.00008734103671996366	0.000054267640704842595	0.00008380164987888753	0.0000818814902885394	0.00007763359879289684	0.00008547879794210337	0.00014829238990706796	8.565851626904663e-6	0.00006474799708506747	2.300700077183659e-6	2.2993652089841633e-6	2.3006718852933654e-6	3.0527716809541334e-14	3.0527716809541334e-14	3.0527716809541334e-14
0.1905460717963252	1.3870084111622178e-6	1.5712265912717083e-7	1.372942753897899e-6	1.4131718028858128e-7	1.3876498183545046e-6	1.578544933310382e-7	0.00011737056512996306	0.00012305669301139965	0.00006896423256056952	0.00004230811934345001	0.00007002961605768807	0.0000684685868266147	0.00006428456743938577	0.00007120134147839215	0.0001277893170233051	7.2013063612714195e-6	0.00005100601818551232	1.8472060652273432e-6	1.8460548407408481e-6	1.8471454194483563e-6	2.8490123006016974e-14	2.8490123006016974e-14	2.8490123006016974e-14
0.20417379446695316	1.1167177124077696e-6	1.2720419891100102e-7	1.1040231782530546e-6	1.1293584375245327e-7	1.1163498185089714e-6	1.267945663807285e-7	0.00010047635298585095	0.00010574227651193834	0.00005445396060407972	0.00003298424142142419	0.00005852088989029291	0.00005725283413276951	0.000053230890685529966	0.00005930863735070808	0.00011012102209369402	6.0541339691203965e-6	0.00004018060802286729	1.4831008531931924e-6	1.4821127421199636e-6	1.483021643546541e-6	2.6588529825600682e-14	2.6588529825600682e-14	2.6588529825600682e-14
0.21877616239495518	8.849316806385041e-7	1.0061748107119457e-7	8.745490515755935e-7	8.894799294412798e-8	8.845910612421078e-7	1.0023798511424718e-7	0.00008542990916295756	0.00009032418628411895	0.0000419646959699502	0.000025241191246210235	0.00004832726370656876	0.00004733077889830603	0.00004361350870306959	0.000048868929146443894	0.00009420754542170405	5.02244940972476e-6	0.00003106491060132671	1.173166592681524e-6	1.1723351481037575e-6	1.1730947763642874e-6	2.4813859811610947e-14	2.4813859811610947e-14	2.4813859811610947e-14
0.23442288153199276	7.012551790812156e-7	7.958760468430195e-8	6.927717267874705e-7	7.005522060941498e-8	7.009463634567156e-7	7.924356655468673e-8	0.00007263668676966059	0.0000771541799269571	0.000032339901236098306	0.000019315821982612693	0.00003990924303684611	0.00003912823993874728	0.00003573372748222248	0.00004026685391198947	0.00008059370904522838	4.166574146179529e-6	0.0000240172739576065	9.280015254665044e-7	9.273044218711642e-7	9.279374716623762e-7	2.3157641388559467e-14	2.3157641388559467e-14	2.3157641388559467e-14
0.25118864315095824	5.467950621980068e-7	6.295925963049326e-8	5.389934664276462e-7	5.419508987841339e-8	5.455039670993877e-7	6.151271260103054e-8	0.00006128697680928851	0.00006541081274732438	0.00002424248334488978	0.000014477664648985311	0.00003254582380395389	0.00003186712280623994	0.000028950007378421044	0.000032733085289490083	0.00006850944119056331	3.415075553860354e-6	0.000018155889915041812	7.210166426209652e-7	7.204314044490882e-7	7.209482284931312e-7	2.1611968422187557e-14	2.1611968422187557e-14	2.1611968422187557e-14
0.2691534803926914	4.263566943432095e-7	4.980509702413128e-8	4.19350192304853e-7	4.192560870380844e-8	4.24532594268243e-7	4.774916092306048e-8	0.00005171069460165882	0.0000554548623070859	0.000018172535359237944	0.000010851351491909336	0.000026540985658386985	0.000025953467816024942	0.000023454114257394232	0.000026608854888710522	0.000058237095523290624	2.7991200034850177e-6	0.000013724968919826907	5.601984314358473e-7	5.597098388349936e-7	5.601307890242181e-7	2.0169462478695328e-14	2.0169462478695328e-14	2.0169462478695328e-14
0.28840315031266117	3.2512659709486387e-7	3.8762367447260985e-8	3.188741061778725e-7	3.1736707564785466e-8	3.233045710163101e-7	3.6715700115693166e-8	0.000043137936378752386	0.000046591739425144915	0.000013179755501793706	7.944954468985077e-6	0.0000213147828950031	0.000020796025954204737	0.000018696570250295486	0.000021247788775621738	0.00004896987465587436	2.252893404069059e-6	0.000010101514614082795	4.2552353182384273e-7	4.251238952085662e-7	4.2545837277482e-7	1.8823237603005904e-14	1.8823237603005904e-14	1.8823237603005904e-14
0.30902954325135923	2.479316158066354e-7	3.016801933722781e-8	2.424720375871927e-7	2.4023947133801163e-8	2.4621394694136695e-7	2.823175546807344e-8	0.00003598639641861656	0.00003914517307138363	9.55870777815062e-6	5.816999067932737e-6	0.000017117675119859653	0.000016663464726703374	0.000014904069080930429	0.00001696685294206292	0.00004117733898410207	1.8132586969400026e-6	7.434668748220164e-6	3.2322524658224693e-7	3.229000345133965e-7	3.2316528659233215e-7	1.7566867447928933e-14	1.7566867447928933e-14	1.7566867447928933e-14
0.3311311214825908	1.835150288839657e-7	2.236946203001507e-8	1.7935686118816086e-7	1.7689687281863168e-8	1.8249002902018825e-7	2.121305236315693e-8	0.000029562930708422155	0.000032353144053611074	6.66366096804649e-6	4.138519136748659e-6	0.000013456570609707447	0.000013051949286169871	0.000011641299135690955	0.000013258023731869117	0.00003410838454149227	1.439212999116358e-6	5.317982817622158e-6	2.388255175098112e-7	2.3857932069513763e-7	2.387739733525581e-7	1.639435459731036e-14	1.639435459731036e-14	1.639435459731036e-14
0.354813389233576	1.3583489833159407e-7	1.6586863920986147e-8	1.3267048842158043e-7	1.302554631789993e-8	1.3525883121364855e-7	1.593927062278919e-8	0.00002428603469779033	0.000026739591321896294	4.645437283747212e-6	2.9443602182527585e-6	0.00001057849803236156	0.000010223166848113811	9.092808469334931e-6	0.0000103599172972752	0.000028252964488051538	1.1423268286654242e-6	3.803927546239952e-6	1.764640244440636e-7	1.762777521815062e-7	1.7642058945052524e-7	1.5300101936730777e-14	1.5300101936730777e-14	1.5300101936730777e-14
0.38018939632056126	9.700201263668175e-8	1.169160174162086e-8	9.485614717232511e-8	9.278347271233142e-9	9.708725783245071e-8	1.17848402017091e-8	0.00001947848209919397	0.000021637018621786225	3.0783121500790473e-6	2.023765945625915e-6	8.12042644154902e-6	7.79426639681855e-6	6.9173982370546475e-6	7.86702401878265e-6	0.00002287259936047518	8.82582378993834e-7	2.629033120757683e-6	1.2605436656046717e-7	1.259186022985841e-7	1.2603356386626544e-7	1.4278885935086392e-14	1.4278885935086392e-14	1.4278885935086392e-14
0.40738027780411384	6.92707880753661e-8	8.241072690764677e-9	6.781982009281588e-8	6.6091452891533715e-9	6.968813458498538e-8	8.71322545846288e-9	0.000015622610673579223	0.000017508142484442314	2.039852249534683e-6	1.3910079946350722e-6	6.233524399293811e-6	5.9424432337991575e-6	5.262444329645691e-6	5.9739923723503e-6	0.000018516846319827807	6.81899116928251e-7	1.8170207150430104e-6	9.004500140478807e-8	8.994608910432937e-8	9.003744557426651e-8	1.3325831709509005e-14	1.3325831709509005e-14	1.3325831709509005e-14
0.43651583224016655	4.754665561316403e-8	5.7321903768156585e-9	4.645952786577886e-8	4.509656825425054e-9	4.788604745205904e-8	6.114604667770302e-9	0.000012113402566647503	0.000013707866725908266	1.2701893460448777e-6	9.193719033723783e-7	4.599158027062619e-6	4.344950179116027e-6	3.871808974924732e-6	4.368490507029464e-6	0.00001452716986457554	5.128309642809431e-7	1.206706106785529e-6	6.162669997263574e-8	6.155716398918282e-8	6.162821898181547e-8	1.2436389754596215e-14	1.2436389754596215e-14	1.2436389754596215e-14
0.4677351412871981	3.263546615836415e-8	3.987103105264468e-9	3.182679822147939e-8	3.077100561925752e-9	3.2904791529244144e-8	4.290993091060704e-9	9.392445655054197e-6	0.000010732469783258596	7.90930311336986e-7	6.076490573530448e-7	3.3933058095177853e-6	3.1769074295272405e-6	2.8486581138459317e-6	3.194464960874836e-6	0.000011397117015992734	3.856810947490852e-7	8.01388567614113e-7	4.217724571344521e-8	4.212839575488298e-8	4.2182864592019495e-8	1.1606314224864572e-14	1.1606314224864572e-14	1.1606314224864572e-14
0.5011872336272735	2.1238229865783886e-8	2.666083660635695e-9	2.0632928911761303e-8	1.9855688689233425e-9	2.139786224066324e-8	2.846353753178858e-9	6.939673309895783e-6	8.05656752354407e-6	4.5902934590729596e-7	3.820265241132165e-7	2.3886962141562197e-6	2.210788213692881e-6	1.9938738047424133e-6	2.216424145101089e-6	8.563211685108779e-6	2.818750480177257e-7	5.045483608943507e-7	2.7311078819669403e-8	2.728032280327577e-8	2.7318576607472742e-8	1.0831642666756129e-14	1.0831642666756129e-14	1.0831642666756129e-14
0.5370317963702532	1.3821233796480719e-8	1.7827485013175515e-9	1.3376078627679714e-8	1.2812333084006436e-9	1.3914949379438587e-8	1.8880780081220886e-9	5.12742553076851e-6	6.047841882832542e-6	2.664051906771739e-7	2.4017854279536195e-7	1.6815076282014236e-6	1.5384724403287946e-6	1.3955808631140894e-6	1.5378274769499556e-6	6.433959944527027e-6	2.0600839340255225e-7	3.176599452112014e-7	1.7684773239150528e-8	1.7665424921020996e-8	1.76921277176507e-8	1.0108677103446362e-14	1.0108677103446362e-14	1.0108677103446362e-14
0.5754399373371566	8.55176545397569e-9	1.1079354355189188e-9	8.267265531146985e-9	7.873176713787338e-10	8.704229820328761e-9	1.2795812536151327e-9	3.6180682602288922e-6	4.345589031392914e-6	1.4944189739805098e-7	1.4410149024269697e-7	1.1317027807021952e-6	1.0227107823700961e-6	9.312395762810513e-7	1.0211386544120344e-6	4.6363042221086195e-6	1.4909530575833708e-7	1.959458630501805e-7	1.0914153664000764e-8	1.0903068170110562e-8	1.092237012034613e-8	9.4339663821594e-15	9.4339663821594e-15	9.4339663821594e-15
0.6165950018614835	5.087279470765692e-9	6.324716613641151e-10	4.941100953730534e-9	4.677803930379572e-10	5.2473932602247384e-9	8.127725591900648e-10	2.4667818350266274e-6	3.030611626418144e-6	8.282755299440997e-8	8.333654262550166e-8	7.337348508291176e-7	6.581602414184871e-7	5.950474876860189e-7	6.521616423046502e-7	3.208864035484731e-6	1.04552745681217e-7	1.1680202204435351e-7	6.513430811197673e-9	6.507148356509788e-9	6.521494035623498e-9	8.804289699724465e-15	8.804289699724465e-15	8.804289699724465e-15
0.6606934480075964	2.9188631008941427e-9	3.52751325728153e-10	2.8436392272874572e-9	2.6801027493822157e-10	3.05081697158207e-9	5.013322843058736e-10	1.606782383074776e-6	2.0216504066550037e-6	4.489769727573707e-8	4.7245515824427424e-8	4.5921912690737945e-7	4.0626257937194103e-7	3.673945014214734e-7	3.994577133184015e-7	2.1389066144178016e-6	7.394137488376856e-8	6.615200435978215e-8	3.7442485612837975e-9	3.740891017298029e-9	3.75101939880316e-9	8.216641227730519e-15	8.216641227730519e-15	8.216641227730519e-15
0.7079457843841374	1.6119358158999506e-9	1.9139775565055618e-10	1.573087604333968e-9	1.4763767280738088e-10	1.6802166152575197e-9	2.682227712189173e-10	1.001138492245897e-6	1.2883624037544884e-6	2.4106347577530826e-8	2.5749707013667864e-8	2.754734153978679e-7	2.395185196944655e-7	2.1858006989056523e-7	2.345082197605437e-7	1.3613290179102124e-6	5.0594175451086154e-8	3.717955053998339e-8	2.0691276750905853e-9	2.0673528567760696e-9	2.073410269010606e-9	7.668215763885387e-15	7.668215763885387e-15	7.668215763885387e-15
0.7585775750291851	8.548085989356229e-10	1.0065750060730764e-10	8.346230981379651e-10	7.791579729367105e-11	8.903417682188722e-10	1.4062228509013252e-10	5.948383098485758e-7	7.797961496293834e-7	1.2670267414203865e-8	1.3714942380154093e-8	1.590730677705452e-7	1.367802656947307e-7	1.2477162757244818e-7	1.3302971858591022e-7	8.222422329964472e-7	3.333533545895063e-8	2.0364115351680658e-8	1.0963416049125267e-9	1.0954716369037337e-9	1.098763265419485e-9	7.156395341085302e-15	7.156395341085302e-15	7.156395341085302e-15
0.8128305161640995	4.3113150733981765e-10	5.114304202345554e-11	4.205113832004958e-10	3.917453456046326e-11	4.4984746883474907e-10	7.21909529320292e-11	3.375411711784388e-7	4.4895888660732527e-7	6.653836670469177e-9	7.198379584196176e-9	8.890072265689398e-8	7.533309334020277e-8	6.910467425101777e-8	7.292435679032832e-8	4.7453715354934095e-7	2.0478668499370148e-8	1.0926747487163189e-8	5.520729329662911e-10	5.51660911946394e-10	5.533780177949563e-10	6.6787367302714186e-15	6.6787367302714186e-15	6.6787367302714186e-15
0.8709635899560796	1.9905283488336897e-10	2.445453537798149e-11	1.9332519895129064e-10	1.799767971193768e-11	2.0914241739870272e-10	3.5806483433148645e-11	1.8817278658448364e-7	2.515744004995674e-7	3.5411425198164123e-9	3.817764850428238e-9	4.8650441754660153e-8	3.9980397699374884e-8	3.7994239733151183e-8	3.898014854468536e-8	2.675143464076872e-7	1.1406095020710574e-8	5.630643877377914e-9	2.5377424358665877e-10	2.535783005956032e-10	2.5440940838893125e-10	6.232959777416645e-15	6.232959777416645e-15	6.232959777416645e-15
0.9332543007969925	7.183269136610686e-11	1.0030604186037517e-11	6.858417900386014e-11	6.366652378061808e-12	7.7538681249363e-11	1.646032427647001e-11	1.0782138344454658e-7	1.4388795458269447e-7	1.939241615690147e-9	2.0706300997111042e-9	2.7254810564699185e-8	2.057489937364248e-8	2.1210105846551084e-8	2.0229869389339632e-8	1.534578588513914e-7	6.164596715709686e-9	2.6729550549771514e-9	8.998556520961382e-11	8.989862392171484e-11	9.021647757579501e-11	5.816936518968724e-15	5.816936518968724e-15	5.816936518968724e-15