1.e-9	0	0	0	0	0	0	6.479721077329282e-19	0	0	0	0	0	0	0	2.6847226295518873e-22	1.1577617614956635e-51	0	1.737177927613007e-93	1.737177927613007e-93	1.737177927613007e-93	0	0	0
1.0715193052376092e-9	0	0	0	0	0	0	1.0192506628171847e-18	0	0	0	0	0	0	0	4.223029489996054e-22	1.8211423434837147e-51	0	1.6212287721944387e-93	1.6212287721944387e-93	1.6212287721944387e-93	0	0	0
1.148153621496884e-9	0	0	0	0	0	0	1.6032664080062434e-18	0	0	0	0	0	0	0	6.642763716843234e-22	2.864630311286693e-51	0	1.5130187242262873e-93	1.5130187242262873e-93	1.5130187242262873e-93	0	0	0
1.2302687708123811e-9	0	0	0	0	0	0	2.521914646527392e-18	0	0	0	0	0	0	0	1.0448970319137747e-21	4.5060216460868944e-51	0	1.4120312315705612e-93	1.4120312315705612e-93	1.4120312315705612e-93	0	0	0
1.31825673855641e-9	0	0	0	0	0	0	4.19822329265562e-18	0	0	0	0	0	0	0	1.739436766366187e-21	7.501159905574708e-51	0	1.317784219722895e-93	1.317784219722895e-93	1.317784219722895e-93	0	0	0
1.4125375446227555e-9	0	0	0	0	0	0	6.988768965382857e-18	0	0	0	0	0	0	0	2.895634853746955e-21	1.2487157041924275e-50	0	1.2298277905788005e-93	1.2298277905788005e-93	1.2298277905788005e-93	0	0	0
1.5135612484362133e-9	0	0	0	0	0	0	1.1810525790791612e-17	0	0	0	0	0	0	0	4.893418324498875e-21	2.1102413175741968e-50	0	1.1477420747973238e-93	1.1477420747973238e-93	1.1477420747973238e-93	0	0	0
1.6218100973589331e-9	0	0	0	0	0	0	1.995895416573008e-17	0	0	0	0	0	0	0	8.269531245473133e-21	3.5661587368897805e-50	0	1.0711352275102658e-93	1.0711352275102658e-93	1.0711352275102658e-93	0	0	0
1.7378008287493762e-9	0	0	0	0	0	0	3.3877033080107935e-17	0	0	0	0	0	0	0	1.4036165484106265e-20	6.052966327562579e-50	0	9.996415578091205e-94	9.996415578091205e-94	9.996415578091205e-94	0	0	0
1.8620871366628732e-9	0	0	0	0	0	0	5.75006766778024e-17	0	0	0	0	0	0	0	2.3824076075057108e-20	1.02739120902286e-49	0	9.329197830807632e-94	9.329197830807632e-94	9.329197830807632e-94	0	0	0
1.9952623149688828e-9	0	0	0	0	0	0	9.772519316268252e-17	0	0	0	0	0	0	0	4.0490174566175197e-20	1.7461012662162464e-49	0	8.706513998587195e-94	8.706513998587195e-94	8.706513998587195e-94	0	0	0
2.1379620895022324e-9	0	0	0	0	0	0	1.6608871287197865e-16	0	0	0	0	0	0	0	6.88150185230405e-20	2.967583920424843e-49	0	8.12539163413072e-94	8.12539163413072e-94	8.12539163413072e-94	0	0	0
2.2908676527677795e-9	0	0	0	0	0	0	2.823863106634167e-16	0	0	0	0	0	0	0	1.170002395884338e-19	5.045526937876778e-49	0	7.583056688212364e-94	7.583056688212364e-94	7.583056688212364e-94	0	0	0
2.4547089156850337e-9	0	0	0	0	0	0	4.801170836428565e-16	0	0	0	0	0	0	0	1.9892541421269284e-19	8.578474194318372e-49	0	7.076920267461589e-94	7.076920267461589e-94	7.076920267461589e-94	0	0	0
2.6302679918953816e-9	0	0	0	0	0	0	8.163977803219773e-16	0	0	0	0	0	0	0	3.3825554671093125e-19	1.4586957076495952e-48	0	6.604566276005929e-94	6.604566276005929e-94	6.604566276005929e-94	0	0	0
2.818382931264461e-9	0	0	0	0	0	0	1.388214163631898e-15	0	0	0	0	0	0	0	5.751744458270929e-19	2.4803865108373333e-48	0	6.163739881981284e-94	6.163739881981284e-94	6.163739881981284e-94	0	0	0
3.019951720402019e-9	0	0	0	0	0	0	2.360622402909817e-15	0	0	0	0	0	0	0	9.780693195410407e-19	4.217833327704513e-48	0	5.75233675385298e-94	5.75233675385298e-94	5.75233675385298e-94	0	0	0
3.2359365692962944e-9	0	0	0	0	0	0	4.014177549190986e-15	0	0	0	0	0	0	0	1.6631816673495072e-18	7.172316855686613e-48	0	5.368393015165881e-94	5.368393015165881e-94	5.368393015165881e-94	0	0	0
3.4673685045253237e-9	0	0	0	0	0	0	6.826078339427232e-15	0	0	0	0	0	0	0	2.828227753980393e-18	1.2196470169083165e-47	0	5.010075869772093e-94	5.010075869772093e-94	5.010075869772093e-94	0	0	0
3.715352290971728e-9	0	0	0	0	0	0	1.160769421008468e-14	0	0	0	0	0	0	0	4.809379748113673e-18	2.074000460079929e-47	0	4.6756748527840377e-94	4.6756748527840377e-94	4.6756748527840377e-94	0	0	0
3.9810717055349855e-9	0	0	0	0	0	0	1.97388590472669e-14	0	0	0	0	0	0	0	8.178339921318794e-18	3.5268333231864234e-47	0	4.36359366548903e-94	4.36359366548903e-94	4.36359366548903e-94	0	0	0
4.265795188015934e-9	0	0	0	0	0	0	3.356588737058311e-14	0	0	0	0	0	0	0	1.3907249452462147e-17	5.997372483253294e-47	0	4.072342555248151e-94	4.072342555248151e-94	4.072342555248151e-94	0	0	0
4.570881896148752e-9	0	0	0	0	0	0	5.707877459319153e-14	0	0	0	0	0	0	0	2.364927069987315e-17	1.0198528891657736e-46	0	3.8005312040039504e-94	3.8005312040039504e-94	3.8005312040039504e-94	0	0	0
4.8977881936844766e-9	0	0	0	0	0	0	9.70624274904615e-14	0	0	0	0	0	0	0	4.021557293177313e-17	1.7342593251362163e-46	0	3.5468620914498434e-94	3.5468620914498434e-94	3.5468620914498434e-94	0	0	0
5.248074602497734e-9	0	0	0	0	0	0	1.6505465728747773e-13	0	0	0	0	0	0	0	6.838658149700233e-17	2.9491079706006316e-46	0	3.310124301179382e-94	3.310124301179382e-94	3.310124301179382e-94	0	0	0
5.623413251903491e-9	0	0	0	0	0	0	2.8067544359494647e-13	0	0	0	0	0	0	0	1.162913813706081e-16	5.014958083951685e-46	0	3.0891877402482967e-94	3.0891877402482967e-94	3.0891877402482967e-94	0	0	0
6.025595860743593e-9	0	0	0	0	0	0	4.772886318642181e-13	0	0	0	0	0	0	0	1.9775351060664327e-16	8.527936937012664e-46	0	2.8829977445560536e-94	2.8829977445560536e-94	2.8829977445560536e-94	0	0	0
6.456542290346562e-9	0	0	0	0	0	0	8.116293865577803e-13	0	0	0	0	0	0	0	3.362798729909399e-16	1.4501757977676435e-45	0	2.690570044294966e-94	2.690570044294966e-94	2.690570044294966e-94	0	0	0
6.918309709189363e-9	0	0	0	0	0	0	1.3801759241270984e-12	0	0	0	0	0	0	0	5.718439871171081e-16	2.466024216199556e-45	0	2.510986065433831e-94	2.510986065433831e-94	2.510986065433831e-94	0	0	0
7.413102413009192e-9	0	0	0	0	0	0	2.346989417939955e-12	0	0	0	0	0	0	0	9.724208073874873e-16	4.193474642346424e-45	0	2.3433885448074319e-94	2.3433885448074319e-94	2.3433885448074319e-94	0	0	0
7.943282347242822e-9	0	0	0	0	0	0	3.991055977385611e-12	0	0	0	0	0	0	0	1.6536017785987582e-15	7.13100447297361e-45	0	2.186977437879941e-94	2.186977437879941e-94	2.186977437879941e-94	0	0	0
8.511380382023759e-9	0	0	0	0	0	0	6.78679149248446e-12	0	0	0	0	0	0	0	2.8119501571869096e-15	1.2126274540942198e-44	0	2.0410060996474426e-94	2.0410060996474426e-94	2.0410060996474426e-94	0	0	0
9.120108393559115e-9	0	0	0	0	0	0	1.1540940326079544e-11	0	0	0	0	0	0	0	4.781721819499107e-15	2.0620732346005498e-44	0	1.9047777204488629e-94	1.9047777204488629e-94	1.9047777204488629e-94	0	0	0
9.772372209558111e-9	0	0	0	0	0	0	1.9625371393481553e-11	0	0	0	0	0	0	0	8.13131893559169e-15	3.5065559587154175e-44	0	1.777641999671193e-94	1.777641999671193e-94	1.777641999671193e-94	0	0	0
1.0471285480509006e-8	0	0	0	0	0	0	3.337294810720441e-11	0	0	0	0	0	0	0	1.3827309529070247e-14	5.962899131890459e-44	0	1.6589920414705027e-94	1.6589920414705027e-94	1.6589920414705027e-94	0	0	0
1.1220184543019653e-8	0	0	0	0	0	0	5.6750705147730526e-11	0	0	0	0	0	0	0	2.3513342709488416e-14	1.0139911205103404e-43	0	1.5482614576903257e-94	1.5482614576903257e-94	1.5482614576903257e-94	0	0	0
1.202264434617413e-8	0	0	0	0	0	0	9.650458584361139e-11	0	0	0	0	0	0	0	3.9984444141639734e-14	1.7242921101899983e-43	0	1.4449216641477175e-94	1.4449216641477175e-94	1.4449216641477175e-94	0	0	0
1.288249551693135e-8	0	0	0	0	0	0	1.6410606819075782e-10	0	0	0	0	0	0	0	6.799355553435482e-14	2.93215909007869e-43	0	1.348479357380602e-94	1.348479357380602e-94	1.348479357380602e-94	0	0	0
1.3803842646028866e-8	0	0	0	0	0	0	2.7906240292495894e-10	0	0	0	0	0	0	0	1.1562305525943464e-13	4.986137139575296e-43	0	1.2584741598114087e-94	1.2584741598114087e-94	1.2584741598114087e-94	0	0	0
1.4791083881682102e-8	0	0	0	0	0	0	4.745456739340668e-10	0	0	0	0	0	0	0	1.9661702940026068e-13	8.478927237875526e-43	0	1.1744764220858763e-94	1.1744764220858763e-94	1.1744764220858763e-94	0	0	0
1.5848931924611173e-8	0	0	0	0	0	0	8.069650167620273e-10	0	0	0	0	0	0	0	3.34347299197434e-13	1.4418417523256146e-42	0	1.0960851720963057e-94	1.0960851720963057e-94	1.0960851720963057e-94	0	0	0
1.698243652461746e-8	0	0	0	0	0	0	1.3722441780560455e-9	0	0	0	0	0	0	0	5.685576514994634e-13	2.451852198309649e-42	0	1.0229262008986889e-94	1.0229262008986889e-94	1.0229262008986889e-94	0	0	0
1.8197008586099862e-8	0	0	0	0	0	0	2.333501508870644e-9	0	0	0	0	0	0	0	9.668324040794484e-13	4.169375170815787e-42	0	9.546502763866278e-95	9.546502763866278e-95	9.546502763866278e-95	0	0	0
1.9498445997580494e-8	0	0	0	0	0	0	3.968119798923342e-9	0	0	0	0	0	0	0	1.6440987032937897e-12	7.090023341129418e-42	0	8.909314761948561e-95	8.909314761948561e-95	8.909314761948561e-95	0	0	0
2.0892961308540408e-8	0	0	0	0	0	0	6.747788539573899e-9	0	0	0	0	0	0	0	2.795790185322593e-12	1.2056586159411053e-41	0	8.314656318742627e-95	8.314656318742627e-95	8.314656318742627e-95	0	0	0
2.2387211385683424e-8	0	0	0	0	0	0	1.1474615808514162e-8	0	0	0	0	0	0	0	4.754241788942794e-12	2.0502227260107145e-41	0	7.75968876911543e-95	7.75968876911543e-95	7.75968876911543e-95	0	0	0
2.3988329190194947e-8	0	0	0	0	0	0	1.9512586557934906e-8	0	0	0	0	0	0	0	8.084589146354171e-12	3.486404170032882e-41	0	7.24176291662308e-95	7.24176291662308e-95	7.24176291662308e-95	0	0	0
2.5703957827688646e-8	0	0	0	0	0	0	3.318115748140215e-8	0	0	0	0	0	0	0	1.3747845517104104e-11	5.928631012920971e-41	0	6.75840638729066e-95	6.75840638729066e-95	6.75840638729066e-95	0	0	0
2.754228703338169e-8	0	0	0	0	0	0	5.6424565166532806e-8	0	0	0	0	0	0	0	2.3378214148016113e-11	1.0081638264861204e-40	0	6.30731182747286e-95	6.30731182747286e-95	6.30731182747286e-95	0	0	0
2.95120922666639e-8	0	0	0	0	0	0	9.594998474711917e-8	0	0	0	0	0	0	0	3.975465799863176e-11	1.7143827956571884e-40	0	5.886325889456773e-95	5.886325889456773e-95	5.886325889456773e-95	0	0	0
3.162277660168386e-8	0	0	0	0	0	0	1.6316296892675644e-7	0	0	0	0	0	0	0	6.760280415697808e-11	2.9153082989393163e-40	0	5.4934389522282026e-95	5.4934389522282026e-95	5.4934389522282026e-95	0	0	0
3.3884415613920346e-8	0	0	0	0	0	0	2.7745866243917013e-7	0	0	0	0	0	0	0	1.1495858246458043e-10	4.957482365895262e-40	0	5.126775528332684e-95	5.126775528332684e-95	5.126775528332684e-95	0	0	0
3.6307805477010175e-8	0	0	0	0	0	0	4.7181851291936236e-7	0	0	0	0	0	0	0	1.954870932805996e-10	8.430199789539759e-40	0	4.7845853110372506e-95	4.7845853110372506e-95	4.7845853110372506e-95	0	0	0
3.890451449942813e-8	0	0	0	0	0	0	8.023274788988067e-7	0	0	0	0	0	0	0	3.3242584259487374e-10	1.4335556487396149e-39	0	4.465234819055621e-95	4.465234819055621e-95	4.465234819055621e-95	0	0	0
4.1686938347033635e-8	0	0	0	0	0	0	1.3643580439712526e-6	0	0	0	0	0	0	0	5.652902141538653e-10	2.4377616774671004e-39	0	4.16719959895213e-95	4.16719959895213e-95	4.16719959895213e-95	0	0	0
4.4668359215096346e-8	0	0	0	0	0	0	2.320091136232672e-6	0	0	0	0	0	0	0	9.612761261992394e-10	4.1454142372163537e-39	0	3.889056948001577e-95	3.889056948001577e-95	3.889056948001577e-95	0	0	0
4.78630092322639e-8	0	0	0	0	0	0	3.945315457486395e-6	0	0	0	0	0	0	0	1.6346502516124286e-9	7.049277768601221e-39	0	3.629479122766889e-95	3.629479122766889e-95	3.629479122766889e-95	0	0	0
5.128613839913659e-8	0	0	0	0	0	0	6.709009752244392e-6	0	0	0	0	0	0	0	2.779723091284482e-9	1.1987298304900453e-38	0	3.387227000975088e-95	3.387227000975088e-95	3.387227000975088e-95	0	0	0
5.495408738576248e-8	0	0	0	0	0	0	0.000011408672472641003	0	0	0	0	0	0	0	4.726919692208322e-9	2.0384403249183846e-38	0	3.161144166435699e-95	3.161144166435699e-95	3.161144166435699e-95	0	0	0
5.888436553555896e-8	0	0	0	0	0	0	0.00001940044990163499	0	0	0	0	0	0	0	8.038127915202628e-9	3.466368194536951e-38	0	2.9501513887654338e-95	2.9501513887654338e-95	2.9501513887654338e-95	0	0	0
6.309573444801943e-8	0	0	0	0	0	0	0.00003299046907415711	0	0	0	0	0	0	0	1.3668838183915666e-8	5.894559832443681e-38	0	2.753241471567555e-95	2.753241471567555e-95	2.753241471567555e-95	0	0	0
6.760829753919818e-8	0	0	0	0	0	0	0.00005610029949053755	0	0	0	0	0	0	0	2.3243862161573687e-8	1.0023700215406252e-37	0	2.5694744444730615e-95	2.5694744444730615e-95	2.5694744444730615e-95	0	0	0
7.244359600749906e-8	0	0	0	0	0	0	0.00009539857089796396	0	0	0	0	0	0	0	3.952619241787494e-8	1.7045304291480088e-37	0	2.3979730760924425e-95	2.3979730760924425e-95	2.3979730760924425e-95	0	0	0
7.762471166286928e-8	0	0	0	0	0	0	0.0001622252895621129	0	0	0	0	0	0	0	6.721429838960411e-8	2.8985543476507948e-37	0	2.237918686458661e-95	2.237918686458661e-95	2.237918686458661e-95	0	0	0
8.317637711026726e-8	0	0	0	0	0	0	0.00027586413848548075	0	0	0	0	0	0	0	1.1429792832673429e-7	4.928992268260764e-37	0	2.088547238971497e-95	2.088547238971497e-95	2.088547238971497e-95	0	0	0
8.912509381337478e-8	0	0	0	0	0	0	0.0004691070246060177	0	0	0	0	0	0	0	1.9436365078242229e-7	8.38175237261418e-37	0	1.9491456931878294e-95	1.9491456931878294e-95	1.9491456931878294e-95	0	0	0
9.549925860214369e-8	0	0	0	0	0	0	0.0007977165924605609	0	0	0	0	0	0	0	3.305154283941201e-7	1.425317164488335e-36	0	1.819048601047477e-95	1.819048601047477e-95	1.819048601047477e-95	0	0	0
1.0232929922807557e-7	0	0	0	0	0	0	0.0013565172306284742	0	0	0	0	0	0	0	5.620415544099963e-7	2.4237521332923254e-36	0	1.697634930286307e-95	1.697634930286307e-95	1.697634930286307e-95	0	0	0
1.0964781961431874e-7	0	0	0	0	0	0	0.0023067578315200984	0	0	0	0	0	0	0	9.557517796322577e-7	4.121591004446983e-36	0	1.584325099872895e-95	1.584325099872895e-95	1.584325099872895e-95	0	0	0
1.1748975549395303e-7	0	0	0	0	0	0	0.003922642170062183	0	0	0	0	0	0	0	1.6252560991315277e-6	7.008766356344626e-36	0	1.4785782133170037e-95	1.4785782133170037e-95	1.4785782133170037e-95	0	0	0
1.2589254117941688e-7	0	0	0	0	0	0	0.006670453822285567	0	0	0	0	0	0	0	2.763748333045885e-6	1.1918408639971332e-35	0	1.3798894766428241e-95	1.3798894766428241e-95	1.3798894766428241e-95	0	0	0
1.3489628825916562e-7	0	0	0	0	0	0	0.011343108105764018	0	0	0	0	0	0	0	4.69975461251644e-6	2.0267256359709447e-35	0	1.2877877887014237e-95	1.2877877887014237e-95	1.2877877887014237e-95	0	0	0
1.445439770745928e-7	0	0	0	0	0	0	0.019288957682186424	0	0	0	0	0	0	0	7.99193369156242e-6	3.4464473635564044e-35	0	1.2018334923194524e-95	1.2018334923194524e-95	1.2018334923194524e-95	0	0	0
1.5488166189124826e-7	0	0	0	0	0	0	0.03280087653190341	0	0	0	0	0	0	0	0.000013590284897052186	5.860684455237198e-35	0	1.1216162755489957e-95	1.1216162755489957e-95	1.1216162755489957e-95	0	0	0
1.659586907437563e-7	0	0	0	0	0	0	0.05577789733318414	0	0	0	0	0	0	0	0.0000231102822809996	9.966095129453638e-35	0	1.0467532130000026e-95	1.0467532130000026e-95	1.0467532130000026e-95	0	0	0
1.7782794100389227e-7	0	0	0	0	0	0	0.0948503259626351	0	0	0	0	0	0	0	0.00003929903980330376	1.6947346830891585e-34	0	9.768869379053229e-96	9.768869379053229e-96	9.768869379053229e-96	0	0	0
1.9054607179632522e-7	0	0	0	0	0	0	0.04858630831916141	0	0	0	0	0	0	0	0.00006682802532150022	2.8818966794498676e-34	0	9.116839361925434e-96	9.116839361925434e-96	9.116839361925434e-96	0	0	0
2.0417379446695318e-7	0	0	0	0	0	0	0.024887941418509744	0	0	0	0	0	0	0	0.00011364107089445049	4.900665900036419e-34	0	8.508329544192216e-96	8.508329544192216e-96	8.508329544192216e-96	0	0	0
2.1877616239495564e-7	0	0	0	0	0	0	0.01276386098432463	0	0	0	0	0	0	0	0.00019324666458284012	8.333583377584484e-34	0	7.940435139715485e-96	7.940435139715485e-96	7.940435139715485e-96	0	0	0
2.3442288153199275e-7	0	0	0	0	0	0	0.00654598725091824	0	0	0	0	0	0	0	0.0003286159931304939	1.4171260258863016e-33	0	7.410445244339029e-96	7.410445244339029e-96	7.410445244339029e-96	0	0	0
2.5118864315095823e-7	0	0	0	0	0	0	0.0034008080352992006	0	0	0	0	0	0	0	0.0005588115643509473	2.4098231004037025e-33	0	6.915829895100018e-96	6.915829895100018e-96	6.915829895100018e-96	0	0	0
2.6915348039269196e-7	0	0	0	0	0	0	0.0017668068771953735	0	0	0	0	0	0	0	0.0009502591808681325	4.097904681136119e-33	0	6.454227993182491e-96	6.454227993182491e-96	6.454227993182491e-96	0	0	0
2.8840315031266115e-7	0	0	0	0	0	0	0.001035526804313274	0	0	0	0	0	0	0	0.0016159159337960705	6.968487758651112e-33	0	6.02343603296189e-96	6.02343603296189e-96	6.02343603296189e-96	0	0	0
3.090295432513592e-7	0	0	0	0	0	0	0.0006069230181815355	0	0	0	0	0	0	0	0.0027478653799591674	1.1849914876254562e-32	0	5.621397583337258e-96	5.621397583337258e-96	5.621397583337258e-96	0	0	0
3.3113112148259143e-7	0	0	0	0	0	0	0.0005902286154219863	0	0	0	0	0	0	0	0.004672745647504365	2.0150782700329327e-32	0	5.246193471139305e-96	5.246193471139305e-96	5.246193471139305e-96	0	0	0
3.5481338923357606e-7	0	0	0	0	0	0	0.0005739934193083348	0	0	0	0	0	0	0	0.0079460049409679	3.4266410153675377e-32	0	4.896032619753848e-96	4.896032619753848e-96	4.896032619753848e-96	0	0	0
3.8018939632056126e-7	0	0	0	0	0	0	0.0008802771591569716	0	0	0	0	0	0	0	0.013512183047157499	5.827003756041488e-32	0	4.569243499227645e-96	4.569243499227645e-96	4.569243499227645e-96	0	0	0
4.0738027780411303e-7	0	0	0	0	0	0	0.0013499943568468277	0	0	0	0	0	0	0	0.022977470069084457	9.908821093498503e-32	0	4.264266147042891e-96	4.264266147042891e-96	4.264266147042891e-96	0	0	0
4.365158322401665e-7	0	0	0	0	0	0	0.0022716424275157484	0	0	0	0	0	0	0	0.021718994742580513	1.6849952320892819e-31	0	3.9796447214707885e-96	3.9796447214707885e-96	3.9796447214707885e-96	0	0	0
4.677351412871981e-7	0	0	0	0	0	0	0.0038225043625682883	0	0	0	0	0	0	0	0.02052944607086723	2.8653347410081132e-31	0	3.7140205519566628e-96	3.7140205519566628e-96	3.7140205519566628e-96	0	0	0
5.011872336272736e-7	0	0	0	0	0	0	0.0064938974066638235	0	0	0	0	0	0	0	0.012267412825973118	4.87250232028758e-31	0	3.4661256533619605e-96	3.4661256533619605e-96	3.4661256533619605e-96	0	0	0
5.370317963702533e-7	0	0	0	0	0	0	0.011032218547931212	0	0	0	0	0	0	0	0.00733041782634419	8.285691204390961e-31	0	3.234776673102835e-96	3.234776673102835e-96	3.234776673102835e-96	0	0	0
5.754399373371578e-7	0	0	0	0	0	0	0.018758645303781046	0	0	0	0	0	0	0	0.007438010016744148	1.408981960843244e-30	0	3.0188692422910016e-96	3.0188692422910016e-96	3.0188692422910016e-96	0	0	0
6.165950018614835e-7	0	0	0	0	0	0	0.03189628378954287	0	0	0	0	0	0	0	0.007547181391265693	2.3959741161119327e-30	0	2.8173727039118294e-96	2.8173727039118294e-96	2.8173727039118294e-96	0	0	0
6.606934480075964e-7	0	0	0	0	0	0	0.025450892861773523	0	0	0	0	0	0	0	0.011733961366724109	4.0743544804808535e-30	0	2.6293251928737664e-96	2.6293251928737664e-96	2.6293251928737664e-96	0	0	0
7.079457843841387e-7	0	0	0	0	0	0	0.020307944076978474	0	0	0	0	0	0	0	0.01824334704809367	6.928440637561064e-30	0	2.453829044443319e-96	2.453829044443319e-96	2.453829044443319e-96	0	0	0
7.585775750291852e-7	0	0	0	0	0	0	0.016517358626909635	0	0	0	0	0	0	0	0.02152369821279632	1.1781814738550443e-29	0	2.290046509147297e-96	2.290046509147297e-96	2.290046509147297e-96	0	0	0
8.128305161640995e-7	0	0	0	0	0	0	0.013434306051651091	0	0	0	0	0	0	0	0.02539389200535622	2.0034978402064259e-29	0	2.137195753686854e-96	2.137195753686854e-96	2.137195753686854e-96	0	0	0
8.709635899560814e-7	0	0	0	0	0	0	0.007288910501357151	0	0	0	0	0	0	0	0.022665670389577064	3.406948492050208e-29	0	1.9945471287733223e-96	1.9945471287733223e-96	1.9945471287733223e-96	0	0	0
9.332543007969924e-7	0	0	0	0	0	0	0.0039546677061347586	0	0	0	0	0	0	0	0.020230558360277782	5.793516616063369e-29	0	1.8614196860699918e-96	1.8614196860699918e-96	1.8614196860699918e-96	0	0	0
1.e-6	0	0	0	0	0	0	0.0030042062293447734	0	0	0	0	0	0	0	0.022264139324376132	9.851876205033131e-29	0	1.7371779276130073e-96	1.7371779276130073e-96	1.7371779276130073e-96	0	0	0
1.0715193052376091e-6	0	0	0	0	0	0	0.0022821778564184854	0	0	0	0	0	0	0	0.02450213637348275	1.6753117526268263e-28	0	1.621228772194439e-96	1.621228772194439e-96	1.621228772194439e-96	0	0	0
1.148153621496884e-6	0	0	0	0	0	0	0.0030953015880373145	0	0	0	0	0	0	0	0.022437346035478877	2.8488679821775077e-28	0	1.5130187242262874e-96	1.5130187242262874e-96	1.5130187242262874e-96	0	0	0
1.2302687708123837e-6	0	0	0	0	0	0	0.0041981355195260224	0	0	0	0	0	0	0	0.020546555183680138	4.844500593486755e-28	0	1.4120312315705583e-96	1.4120312315705583e-96	1.4120312315705583e-96	0	0	0
1.3182567385564101e-6	0	0	0	0	0	0	0.006951248500158733	0	0	0	0	0	0	0	0.0144558936465043	8.238074262169286e-28	0	1.317784219722895e-96	1.317784219722895e-96	1.317784219722895e-96	0	0	0
1.4125375446227554e-6	0	0	0	0	0	0	0.011509837042233703	0	0	0	0	0	0	0	0.010170700599243762	1.4008846988326607e-27	0	1.2298277905788006e-96	1.2298277905788006e-96	1.2298277905788006e-96	0	0	0
1.5135612484362104e-6	0	0	0	0	0	0	0.019523832579880114	0	0	0	0	0	0	0	0.01295147441121726	2.3822047203865792e-27	0	1.147742074797326e-96	1.147742074797326e-96	1.147742074797326e-96	0	0	0
1.6218100973589331e-6	0	0	0	0	0	0	0.03311776154679616	0	0	0	0	0	0	0	0.0164925402913627	4.050939620199238e-27	0	1.0711352275102658e-96	1.0711352275102658e-96	1.0711352275102658e-96	0	0	0
1.7378008287493763e-6	0	0	0	0	0	0	0.02129102064452695	0	0	0	0	0	0	0	0.018714694205100343	6.888623662804561e-27	0	9.996415578091207e-97	9.996415578091207e-97	9.996415578091207e-97	0	0	0
1.8620871366628694e-6	0	0	0	0	0	0	0.013687747568480147	0	0	0	0	0	0	0	0.0212362542702924	1.1714105964734087e-26	0	9.329197830807651e-97	9.329197830807651e-97	9.329197830807651e-97	0	0	0
1.995262314968883e-6	0	0	0	0	0	0	0.015717906400110906	0	0	0	0	0	0	0	0.022732362889306808	1.9919839618171924e-26	0	8.706513998587195e-97	8.706513998587195e-97	8.706513998587195e-97	0	0	0
2.1379620895022326e-6	0	0	0	0	0	0	0.018049177219746273	0	0	0	0	0	0	0	0.024333873382465343	3.387369139465578e-26	0	8.125391634130718e-97	8.125391634130718e-97	8.125391634130718e-97	0	0	0
2.2908676527677747e-6	0	0	0	0	0	0	0.01914021656024626	0	0	0	0	0	0	0	0.023346862189515854	5.760221922939836e-26	0	7.583056688212382e-97	7.583056688212382e-97	7.583056688212382e-97	0	0	0
2.4547089156850335e-6	0	0	0	0	0	0	0.0202972072085552	0	0	0	0	0	0	0	0.022399885358531494	9.795258572483546e-26	0	7.076920267461588e-97	7.076920267461588e-97	7.076920267461588e-97	0	0	0
2.6302679918953817e-6	0	0	0	0	0	0	0.020070238903611173	0	0	0	0	0	0	0	0.020567312879828825	1.6656839230395944e-25	0	6.604566276005929e-97	6.604566276005929e-97	6.604566276005929e-97	0	0	0
2.8183829312644606e-6	0	0	0	0	0	0	0.019845808613425688	0	0	0	0	0	0	0	0.018884666252796885	2.832495855971253e-25	0	6.163739881981284e-97	6.163739881981284e-97	6.163739881981284e-97	0	0	0
3.0199517204020193e-6	0	0	0	0	0	0	0.022196188780775724	0	0	0	0	0	0	0	0.023521734420655534	4.816659789483627e-25	0	5.752336753852979e-97	5.752336753852979e-97	5.752336753852979e-97	0	0	0
3.2359365692962877e-6	0	0	0	0	0	0	0.024824929333367676	0	0	0	0	0	0	0	0.029297419543959768	8.190730969197819e-25	0	5.368393015165893e-97	5.368393015165893e-97	5.368393015165893e-97	0	0	0
3.4673685045253236e-6	0	0	0	0	0	0	0.027314349766772848	0	0	0	0	0	0	0	0.02525399218506273	1.3928339708827694e-24	0	5.010075869772093e-97	5.010075869772093e-97	5.010075869772093e-97	0	0	0
3.7153522909717276e-6	0	0	0	0	0	0	0.030053406926672726	0	0	0	0	0	0	0	0.021768610724445296	2.368514455841014e-24	0	4.675674852784038e-97	4.675674852784038e-97	4.675674852784038e-97	0	0	0
3.981071705534978e-6	0	0	0	0	0	0	0.03098536667695307	0	0	0	0	0	0	0	0.02151400687419752	4.027659322505375e-24	0	4.3635936654890393e-97	4.3635936654890393e-97	4.3635936654890393e-97	0	0	0
4.265795188015934e-6	0	0	0	0	0	0	0.031946226610771865	0	0	0	0	0	0	0	0.021262380849286437	6.849035511756527e-24	0	4.07234255524815e-97	4.07234255524815e-97	4.07234255524815e-97	0	0	0
4.570881896148752e-6	0	0	0	0	0	0	0.0313980412340494	0	0	0	0	0	0	0	0.021927643446581654	1.1646786305680521e-23	0	3.80053120400395e-97	3.80053120400395e-97	3.80053120400395e-97	0	0	0
4.897788193684467e-6	0	0	0	0	0	0	0.030859262514673778	0	0	0	0	0	0	0	0.022613720943511065	1.9805362524015126e-23	0	3.5468620914498505e-97	3.5468620914498505e-97	3.5468620914498505e-97	0	0	0
5.248074602497734e-6	0	0	0	0	0	0	0.03146027894175161	0	0	0	0	0	0	0	0.02291808870864372	3.367902307234163e-23	0	3.310124301179382e-97	3.310124301179382e-97	3.310124301179382e-97	0	0	0
5.623413251903491e-6	0	0	0	0	0	0	0.03207300079262054	0	0	0	0	0	0	0	0.023226553090015926	5.727118570700059e-23	0	3.0891877402482967e-97	3.0891877402482967e-97	3.0891877402482967e-97	0	0	0
6.0255958607435935e-6	0	0	0	0	0	0	0.026373160432989828	0	0	0	0	0	0	0	0.025054199244299823	9.738966315146563e-23	0	2.8829977445560533e-97	2.8829977445560533e-97	2.8829977445560533e-97	0	0	0
6.4565422903465625e-6	0	0	0	0	0	0	0.021686264896805668	0	0	0	0	0	0	0	0.02702565883712212	1.656111423514077e-22	0	2.690570044294966e-97	2.690570044294966e-97	2.690570044294966e-97	0	0	0
6.9183097091893625e-6	0	0	0	0	0	0	0.021663316758912275	0	0	0	0	0	0	0	0.02880771580588957	2.8162178185462126e-22	0	2.5109860654338316e-97	2.5109860654338316e-97	2.5109860654338316e-97	0	0	0
7.413102413009192e-6	0	0	0	0	0	0	0.02164039290445543	0	0	0	0	0	0	0	0.030707280623737742	4.788978983472521e-22	0	2.343388544807432e-97	2.343388544807432e-97	2.343388544807432e-97	0	0	0
7.943282347242822e-6	0	0	0	0	0	0	0.02427149981037901	0	0	0	0	0	0	0	0.030677928796504408	8.143659752845262e-22	0	2.1869774378799413e-97	2.1869774378799413e-97	2.1869774378799413e-97	0	0	0
8.511380382023777e-6	0	0	0	0	0	0	0.027222504953869926	0	0	0	0	0	0	0	0.030648605025476193	1.3848295095674793e-21	0	2.0410060996474384e-97	2.0410060996474384e-97	2.0410060996474384e-97	0	0	0
9.120108393559115e-6	0	0	0	0	0	0	0.029813738764188615	0	0	0	0	0	0	0	0.033483535339181386	2.3549028677173116e-21	0	1.9047777204488628e-97	1.9047777204488628e-97	1.9047777204488628e-97	0	0	0
9.772372209558111e-6	0	0	0	0	0	0	0.032651624845160265	0	0	0	0	0	0	0	0.03658069063431315	4.004512814082825e-21	0	1.7776419996711927e-97	1.7776419996711927e-97	1.7776419996711927e-97	0	0	0
0.000010471285480509006	0	0	0	0	0	0	0.03426775928640162	0	0	0	0	0	0	0	0.03540872503451565	6.809674869392242e-21	0	1.658992041470503e-97	1.658992041470503e-97	1.658992041470503e-97	0	0	0
0.000011220184543019652	0	0	0	0	0	0	0.03596388639399703	0	0	0	0	0	0	0	0.03427430665822012	1.1579853525191196e-20	0	1.548261457690326e-97	1.548261457690326e-97	1.548261457690326e-97	0	0	0
0.000012022644346174132	0	0	0	0	0	0	0.0376054838123696	0	0	0	0	0	0	0	0.0354342042544118	1.9691543316935975e-20	0	1.444921664147717e-97	1.444921664147717e-97	1.444921664147717e-97	0	0	0
0.000012882495516931348	0	0	0	0	0	0	0.03932201312365496	0	0	0	0	0	0	0	0.036633354648539264	3.3485473487140385e-20	0	1.3484793573806021e-97	1.3484793573806021e-97	1.3484793573806021e-97	0	0	0
0.000013803842646028866	0	0	0	0	0	0	0.043085942410976706	0	0	0	0	0	0	0	0.03864291731635798	5.694205459729709e-20	0	1.258474159811409e-97	1.258474159811409e-97	1.258474159811409e-97	0	0	0
0.000014791083881682102	0	0	0	0	0	0	0.04721015751671229	0	0	0	0	0	0	0	0.04076271673848496	9.682997563127265e-20	0	1.1744764220858764e-97	1.1744764220858764e-97	1.1744764220858764e-97	0	0	0
0.00001584893192461114	0	0	0	0	0	0	0.048301250235493816	0	0	0	0	0	0	0	0.041853758858942096	1.6465939360744479e-19	0	1.096085172096308e-97	1.096085172096308e-97	1.096085172096308e-97	0	0	0
0.00001698243652461746	0	0	0	0	0	0	0.049417559631863554	0	0	0	0	0	0	0	0.04297400347137873	2.800033329184897e-19	0	1.022926200898689e-97	1.022926200898689e-97	1.022926200898689e-97	0	0	0
0.000018197008586099864	0	0	0	0	0	0	0.05258505540049966	0	0	0	0	0	0	0	0.04829498144259321	4.761457255962783e-19	0	9.546502763866276e-98	9.546502763866276e-98	9.546502763866276e-98	0	0	0
0.000019498445997580493	0	0	0	0	0	0	0.05595557676406786	0	0	0	0	0	0	0	0.05427479508847392	8.09685904951745e-19	0	8.909314761948561e-98	8.909314761948561e-98	8.909314761948561e-98	0	0	0
0.00002089296130854041	3.0954318831711684e-20	3.0954318831711684e-20	0	0	0	0	0.05451396906610362	0	0	0	0	0	0	0	0.05666761795106246	1.37687104899765e-18	0	8.314656318742626e-98	8.314656318742626e-98	8.314656318742626e-98	0	0	0
0.000022387211385683423	5.263782558172145e-20	5.263782558172145e-20	0	0	0	0	0.053109502130062186	0	0	0	0	0	0	0	0.059165933634810784	2.341369503870716e-18	0	7.759688769115428e-98	7.759688769115428e-98	7.759688769115428e-98	0	0	0
0.000023988329190194948	8.951063329919414e-20	8.951063329919414e-20	0	0	0	0	0.05538055026966033	0	0	0	0	0	0	0	0.05983663457006378	3.981499326059935e-18	0	7.241762916623079e-98	7.241762916623079e-98	7.241762916623079e-98	0	0	0
0.000025703957827688645	1.522128504564403e-19	1.522128504564403e-19	0	0	0	0	0.05774871209787402	0	0	0	0	0	0	0	0.06051493852477274	6.770540428244627e-18	0	6.75840638729066e-98	6.75840638729066e-98	6.75840638729066e-98	0	0	0
0.00002754228703338169	2.588379837134229e-19	2.588379837134229e-19	0	0	0	0	0.06364830149007637	0	0	0	0	0	0	0	0.0617525778319603	1.1513305399918061e-17	0	6.307311827472859e-98	6.307311827472859e-98	6.307311827472859e-98	0	0	0
0.0000295120922666639	4.401540448912604e-19	4.401540448912604e-19	0	0	0	0	0.07015059098990366	0	0	0	0	0	0	0	0.06301552908842947	1.9578378216132e-17	0	5.886325889456772e-98	5.886325889456772e-98	5.886325889456772e-98	0	0	0
0.000031622776601683856	7.48482044461587e-19	7.48482044461587e-19	0	0	0	0	0.07093445173115215	0	0	0	0	0	0	0	0.06689186865275312	3.329303620979548e-17	0	5.493438952228204e-98	5.493438952228204e-98	5.493438952228204e-98	0	0	0
0.000033884415613920276	1.2727938715632575e-18	1.2727938715632575e-18	0	0	0	0	0.07172707131039449	0	0	0	0	0	0	0	0.07100665751100924	5.661481496732958e-17	0	5.1267755283326936e-98	5.1267755283326936e-98	5.1267755283326936e-98	0	0	0
0.000036307805477010174	2.164386242096691e-18	2.164386242096691e-18	0	0	0	0	0.07104275184422662	0	0	0	0	0	0	0	0.0726565307132064	9.627350457276926e-17	0	4.7845853110372505e-98	4.7845853110372505e-98	4.7845853110372505e-98	0	0	0
0.00003890451449942813	3.68053925277281e-18	3.68053925277281e-18	0	0	0	0	0.07036496119797578	0	0	0	0	0	0	0	0.07434473949799128	1.637131144572546e-16	0	4.4652348190556206e-98	4.4652348190556206e-98	4.4652348190556206e-98	0	0	0
0.00004168693834703355	6.258757761313074e-18	6.258757761313074e-18	0	0	0	0	0.07231853364720577	0	0	0	0	0	0	0	0.07713856078134354	2.7839418502767917e-16	0	4.167199598952138e-98	4.167199598952138e-98	4.167199598952138e-98	0	0	0
0.00004466835921509635	1.0643018868847783e-17	1.0643018868847783e-17	0	0	0	0	0.07432634396212047	0	0	0	0	0	0	0	0.08003737183822907	4.734093692748135e-16	0	3.8890569480015777e-98	3.8890569480015777e-98	3.8890569480015777e-98	0	0	0
0.0000478630092322639	1.8098455789873712e-17	1.8098455789873712e-17	0	0	0	0	0.07668789420589499	0	0	0	0	0	0	0	0.08259422968943562	8.050327304605928e-16	0	3.62947912276689e-98	3.62947912276689e-98	3.62947912276689e-98	0	0	0
0.00005128613839913659	3.0776427817557825e-17	3.0776427817557825e-17	0	0	0	0	0.07912447732841132	0	0	0	0	0	0	0	0.08523276840947996	1.3689583248121304e-15	0	3.387227000975087e-98	3.387227000975087e-98	3.387227000975087e-98	0	0	0
0.00005495408738576248	5.2335321875322886e-17	5.2335321875322886e-17	0	0	0	0	0.08355510631285047	0	0	0	0	0	0	0	0.08960391826050036	2.3279139147550174e-15	0	3.1611441664356997e-98	3.1611441664356997e-98	3.1611441664356997e-98	0	0	0
0.00005888436553555896	8.899622568383898e-17	8.899622568383898e-17	0	0	0	0	0.08823383138412134	0	0	0	0	0	0	0	0.09419924188149983	3.958618093983207e-15	0	2.950151388765434e-98	2.950151388765434e-98	2.950151388765434e-98	0	0	0
0.00006309573444801943	1.51338100200032e-16	1.51338100200032e-16	0	0	0	0	0.09304035241470385	0	0	0	0	0	0	0	0.09587175930107414	6.731630888361093e-15	0	2.7532414715675554e-98	2.7532414715675554e-98	2.7532414715675554e-98	0	0	0
0.00006760829753919819	2.5735047072130167e-16	2.5735047072130167e-16	0	0	0	0	0.09810870775594775	0	0	0	0	0	0	0	0.09757397244285335	1.1447139719290694e-14	0	2.569474444473061e-98	2.569474444473061e-98	2.569474444473061e-98	0	0	0
0.00007244359600749906	4.3762452874019147e-16	4.3762452874019147e-16	0	0	0	0	0.10068687768507216	0	0	0	0	0	0	0	0.10171482677370981	1.946586346252641e-14	0	2.3979730760924423e-98	2.3979730760924423e-98	2.3979730760924423e-98	0	0	0
0.00007762471166286927	7.441806017230208e-16	7.441806017230208e-16	0	0	0	0	0.10333279858488553	0	0	0	0	0	0	0	0.10603141110878916	3.310170484799593e-14	0	2.237918686458661e-98	2.237918686458661e-98	2.237918686458661e-98	0	0	0
0.00008317637711026725	1.265479267295838e-15	1.265479267295838e-15	0	0	0	0	0.10742350986925497	0	0	0	0	0	0	0	0.1085011745873749	5.628945594697921e-14	0	2.0885472389714978e-98	2.0885472389714978e-98	2.0885472389714978e-98	0	0	0
0.00008912509381337459	2.1519477560255703e-15	2.1519477560255703e-15	0	0	0	0	0.11167616314146622	0	0	0	0	0	0	0	0.11102846565685458	9.57202314913022e-14	0	1.9491456931878336e-98	1.9491456931878336e-98	1.9491456931878336e-98	0	0	0
0.00009549925860214369	3.65938760463382e-15	3.65938760463382e-15	0	0	0	0	0.11666743643248652	0	0	0	0	0	0	0	0.11395057593070781	1.6277227346767982e-13	0	1.819048601047477e-98	1.819048601047477e-98	1.819048601047477e-98	0	0	0
0.00010232929922807557	6.222789379273687e-15	6.222789379273687e-15	0	0	0	0	0.12188179053470981	0	0	0	0	0	0	0	0.1169495919638369	2.7679428473012784e-13	0	1.697634930286307e-98	1.697634930286307e-98	1.697634930286307e-98	0	0	0
0.00010964781961431851	1.0581854627743468e-14	1.0581854627743468e-14	0	0	0	0	0.12390970503428375	0	0	0	0	0	0	0	0.12116435256464775	4.70688738487609e-13	0	1.5843250998728984e-98	1.5843250998728984e-98	1.5843250998728984e-98	0	0	0
0.00011748975549395303	1.7994445985212552e-14	1.7994445985212552e-14	0	0	0	0	0.12597136072849793	0	0	0	0	0	0	0	0.1255310094365257	8.004062972436829e-13	0	1.478578213317004e-98	1.478578213317004e-98	1.478578213317004e-98	0	0	0
0.00012589254117941688	3.05995591231994e-14	3.05995591231994e-14	0	0	0	0	0.12885472570394252	0	0	0	0	0	0	0	0.12926553446447625	1.361091074169016e-12	0	1.379889476642824e-98	1.379889476642824e-98	1.379889476642824e-98	0	0	0
0.0001348962882591656	5.2034556623950436e-14	5.2034556623950436e-14	0	0	0	0	0.1318040881690822	0	0	0	0	0	0	0	0.13311116094255407	2.314535653407687e-12	0	1.287787788701424e-98	1.287787788701424e-98	1.287787788701424e-98	0	0	0
0.0001445439770745928	8.848477431161218e-14	8.848477431161218e-14	0	0	0	0	0.13470548767456073	0	0	0	0	0	0	0	0.13585129558046505	3.9358683577923145e-12	0	1.2018334923194524e-98	1.2018334923194524e-98	1.2018334923194524e-98	0	0	0
0.00015488166189124827	1.5046837703567645e-13	1.5046837703567645e-13	0	0	0	0	0.13767075560177996	0	0	0	0	0	0	0	0.13864783674192113	6.692944957258771e-12	0	1.1216162755489957e-98	1.1216162755489957e-98	1.1216162755489957e-98	0	0	0
0.00016595869074375631	2.558715063002632e-13	2.558715063002632e-13	0	0	0	0	0.14280638909793322	0	0	0	0	0	0	0	0.1419801133862654	1.1381354285442355e-11	0	1.0467532130000026e-98	1.0467532130000026e-98	1.0467532130000026e-98	0	0	0
0.00017782794100389227	4.3510954943602665e-13	4.3510954943602665e-13	0	0	0	0	0.14813360090925926	0	0	0	0	0	0	0	0.14539247831684113	1.935399531864764e-11	0	9.768869379053229e-99	9.768869379053229e-99	9.768869379053229e-99	0	0	0
0.00019054607179632481	7.399038788956005e-13	7.399038788956005e-13	0	0	0	0	0.15367336445189553	0	0	0	0	0	0	0	0.1494322537494135	3.291147304616935e-11	0	9.116839361925452e-99	9.116839361925452e-99	9.116839361925452e-99	0	0	0
0.00020417379446695317	1.2582066992424305e-12	1.2582066992424305e-12	0	0	0	0	0.15942029895317988	0	0	0	0	0	0	0	0.15358427560445975	5.596596672859149e-11	0	8.508329544192217e-99	8.508329544192217e-99	8.508329544192217e-99	0	0	0
0.00021877616239495564	2.1395807525451343e-12	2.1395807525451343e-12	0	0	0	0	0.16561419167910504	0	0	0	0	0	0	0	0.1593008321490693	9.517013800846372e-11	0	7.940435139715485e-99	7.940435139715485e-99	7.940435139715485e-99	0	0	0
0.00023442288153199226	3.638357512655052e-12	3.638357512655052e-12	0	0	0	0	0.17204873322674377	0	0	0	0	0	0	0	0.16523016450421762	1.6183683938622753e-10	0	7.410445244339044e-99	7.410445244339044e-99	7.410445244339044e-99	0	0	0
0.0002511886431509582	6.1870277035099834e-12	6.1870277035099834e-12	0	0	0	0	0.1779111199183662	0	0	0	0	0	0	0	0.17207090119608603	2.752035788809565e-10	0	6.915829895100018e-99	6.915829895100018e-99	6.915829895100018e-99	0	0	0
0.00026915348039269194	1.0521041890703616e-11	1.0521041890703616e-11	0	0	0	0	0.18397326151127494	0	0	0	0	0	0	0	0.17919485299354904	4.67983742861776e-10	0	6.454227993182491e-99	6.454227993182491e-99	6.454227993182491e-99	0	0	0
0.00028840315031266115	1.78910339132866e-11	1.78910339132866e-11	0	0	0	0	0.19009551523693227	0	0	0	0	0	0	0	0.18786977712377304	7.958064516219555e-10	0	6.02343603296189e-99	6.02343603296189e-99	6.02343603296189e-99	0	0	0
0.0003090295432513592	3.042370687347923e-11	3.042370687347923e-11	0	0	0	0	0.1964215050401768	0	0	0	0	0	0	0	0.1969646592349761	1.3532690357369207e-9	0	5.621397583337257e-99	5.621397583337257e-99	5.621397583337257e-99	0	0	0
0.0003311311214825914	5.17355198368959e-11	5.17355198368959e-11	0	0	0	0	0.20391431696028597	0	0	0	0	0	0	0	0.2030199226628005	2.3012342754345705e-9	0	5.246193471139305e-99	5.246193471139305e-99	5.246193471139305e-99	0	0	0
0.000354813389233576	8.797626219331692e-11	8.797626219331692e-11	0	0	0	0	0.2116929541542548	0	0	0	0	0	0	0	0.20926134240578675	3.913249361795286e-9	0	4.896032619753848e-99	4.896032619753848e-99	4.896032619753848e-99	0	0	0
0.00038018939632056124	1.4960365207323787e-10	1.4960365207323787e-10	0	0	0	0	0.21754877933404468	0	0	0	0	0	0	0	0.21502498601690925	6.65448134988295e-9	0	4.5692434992276455e-99	4.5692434992276455e-99	4.5692434992276455e-99	0	0	0
0.00040738027780411304	2.5440104132261134e-10	2.5440104132261134e-10	0	0	0	0	0.22356658764961435	0	0	0	0	0	0	0	0.22094737651980928	1.1315946913136606e-8	0	4.26426614704289e-99	4.26426614704289e-99	4.26426614704289e-99	0	0	0
0.00043651583224016654	4.3260902343711447e-10	4.3260902343711447e-10	0	0	0	0	0.22962543949912417	0	0	0	0	0	0	0	0.2280534730420992	1.9242770068501098e-8	0	3.979644721470789e-99	3.979644721470789e-99	3.979644721470789e-99	0	0	0
0.00046773514128719906	7.356517339167787e-10	7.356517339167787e-10	0	0	0	0	0.23584849158141558	0	0	0	0	0	0	0	0.2353881154225906	3.2722334485268736e-8	0	3.714020551956655e-99	3.714020551956655e-99	3.714020551956655e-99	0	0	0
0.0005011872336272725	1.2509759258256149e-9	1.2509759258256149e-9	0	0	0	0	0.24151310949319668	0	0	0	0	0	0	0	0.24303804688262604	5.5644336566622306e-8	0	3.4661256533619672e-99	3.4661256533619672e-99	3.4661256533619672e-99	0	0	0
0.0005370317963702533	2.127284820852871e-9	2.127284820852871e-9	0	0	0	0	0.24731378041032548	0	0	0	0	0	0	0	0.2509365951907894	9.462320585144886e-8	0	3.234776673102835e-99	3.234776673102835e-99	3.234776673102835e-99	0	0	0
0.0005754399373371578	3.61744827826677e-9	3.61744827826677e-9	0	0	0	0	0.25531266732635854	0	0	0	0	0	0	0	0.25760089867208147	1.609067811399954e-7	0	3.0188692422910016e-99	3.0188692422910016e-99	3.0188692422910016e-99	0	0	0
0.0006165950018614823	6.151471546103834e-9	6.151471546103834e-9	0	0	0	0	0.2635702628019761	0	0	0	0	0	0	0	0.2644421908498881	2.736220146406872e-7	0	2.817372703911835e-99	2.817372703911835e-99	2.817372703911835e-99	0	0	0
0.0006606934480075965	1.0460578637673403e-8	1.0460578637673403e-8	0	0	0	0	0.27062723619099766	0	0	0	0	0	0	0	0.27202602353469674	4.6529429254377176e-7	0	2.6293251928737665e-99	2.6293251928737665e-99	2.6293251928737665e-99	0	0	0
0.0007079457843841388	1.7788216138990943e-8	1.7788216138990943e-8	0	0	0	0	0.2778731568189217	0	0	0	0	0	0	0	0.27982734994849856	7.912330407993944e-7	0	2.4538290444433194e-99	2.4538290444433194e-99	2.4538290444433194e-99	0	0	0
0.0007585775750291852	3.024886522700405e-8	3.024886522700405e-8	0	0	0	0	0.2872643739741446	0	0	0	0	0	0	0	0.28799618832282986	1.3454919496863726e-6	0	2.290046509147297e-99	2.290046509147297e-99	2.290046509147297e-99	0	0	0
0.0008128305161640995	5.143820158086708e-8	5.143820158086708e-8	0	0	0	0	0.29697298400267086	0	0	0	0	0	0	0	0.29640349488262735	2.2880093389954998e-6	0	2.137195753686854e-99	2.137195753686854e-99	2.137195753686854e-99	0	0	0
0.0008709635899560814	8.747067243738685e-8	8.747067243738685e-8	0	0	0	0	0.3056133763504732	0	0	0	0	0	0	0	0.3044969274657558	3.890760354642706e-6	0	1.994547128773322e-99	1.994547128773322e-99	1.994547128773322e-99	0	0	0
0.0009332543007969925	1.4874389658861055e-7	1.4874389658861055e-7	0	0	0	0	0.31450515984812955	0	0	0	0	0	0	0	0.31281135491604534	6.616238788564332e-6	0	1.8614196860699917e-99	1.8614196860699917e-99	1.8614196860699917e-99	0	0	0
0.001	2.529390269430065e-7	2.529390269430065e-7	0	0	0	0	0.32367408010298715	0	0	0	0	0	0	0	0.321803183986211	0.000011250915429696874	0	1.737177927613007e-99	1.737177927613007e-99	1.737177927613007e-99	0	0	0
0.001071519305237607	4.3012286768191823e-7	4.3012286768191823e-7	0	0	0	0	0.3331103063018258	0	0	0	0	0	0	0	0.3310534850995317	0.000019132184017448254	0	1.6212287721944418e-99	1.6212287721944418e-99	1.6212287721944418e-99	0	0	0
0.001148153621496884	7.314240255403682e-7	7.314240255403682e-7	0	0	0	0	0.3425517581574853	0	0	0	0	0	0	0	0.3395545177885606	0.000016342228436645583	0	1.5130187242262877e-99	1.5130187242262877e-99	1.5130187242262877e-99	0	0	0
0.0012302687708123836	1.2437867068562875e-6	1.2437867068562875e-6	0	0	0	0	0.3522608121000698	0	0	0	0	0	0	0	0.34827384619122054	0.000013959118835149496	0	1.4120312315705587e-99	1.4120312315705587e-99	1.4120312315705587e-99	0	0	0
0.0013182567385564075	2.1150595525071196e-6	2.1150595525071196e-6	0	0	0	0	0.35993765171899056	0	0	0	0	0	0	0	0.3574429191579745	0.000014137718346957832	0	1.3177842197228975e-99	1.3177842197228975e-99	1.3177842197228975e-99	0	0	0
0.0014125375446227555	3.59665920691386e-6	3.59665920691386e-6	0	0	0	0	0.36778179313394	0	0	0	0	0	0	0	0.3668533880836538	0.000014318602944665594	0	1.2298277905788004e-99	1.2298277905788004e-99	1.2298277905788004e-99	0	0	0
0.0015135612484362103	6.116119725964404e-6	6.116119725964404e-6	0	0	0	0	0.37689459326641944	0	0	0	0	0	0	0	0.3762059704139384	0.000010771124463584368	0	1.1477420747973262e-99	1.1477420747973262e-99	1.1477420747973262e-99	0	0	0
0.0016218100973589332	0.000010400462860207285	0.000010400462860207285	0	0	0	0	0.38623318795372685	0	0	0	0	0	0	0	0.38579698804040924	8.102544826361541e-6	0	1.0711352275102656e-99	1.0711352275102656e-99	1.0711352275102656e-99	0	0	0
0.0017378008287493763	5.327422654383568e-6	5.327422654383568e-6	0	0	0	0	0.39568367013404687	0	0	0	0	0	0	0	0.3943334519148197	5.065511597380915e-6	0	9.996415578091206e-100	9.996415578091206e-100	9.996415578091206e-100	0	0	0
0.0018620871366628695	2.72886240929025e-6	2.72886240929025e-6	0	0	0	0	0.4053653898574522	0	0	0	0	0	0	0	0.40305880066323907	3.166833173167753e-6	0	9.329197830807652e-100	9.329197830807652e-100	9.329197830807652e-100	0	0	0
0.001995262314968883	1.399130778687706e-6	1.399130778687706e-6	0	0	0	0	0.4124800238800574	0	0	0	0	0	0	0	0.4123306804309248	3.4880636820296566e-6	0	8.706513998587195e-100	8.706513998587195e-100	8.706513998587195e-100	0	0	0
0.0021379620895022326	7.173564080060929e-7	7.173564080060929e-7	0	0	0	0	0.41971952800391454	0	0	0	0	0	0	0	0.421815848568161	3.8418784901524e-6	0	8.125391634130719e-100	8.125391634130719e-100	8.125391634130719e-100	0	0	0
0.0022908676527677745	3.71615682747306e-7	3.71615682747306e-7	0	0	0	0	0.42801158006780443	0	0	0	0	0	0	0	0.4296741925241093	6.109360000700163e-6	0	7.58305668821238e-100	7.58305668821238e-100	7.58305668821238e-100	0	0	0
0.0024547089156850338	1.925099073800596e-7	1.925099073800596e-7	0	0	0	0	0.436467451355826	0	0	0	0	0	0	0	0.43767893583878215	9.715111946883759e-6	0	7.076920267461587e-100	7.076920267461587e-100	7.076920267461587e-100	0	0	0
0.002630267991895387	1.101378722669389e-7	1.101378722669389e-7	0	0	0	0	0.4442106546284565	0	0	0	0	0	0	0	0.4448499060349258	0.000013978047871605874	0	6.604566276005915e-100	6.604566276005915e-100	6.604566276005915e-100	0	0	0
0.002818382931264455	6.301156689842718e-8	6.301156689842718e-8	0	0	0	0	0.45209122712927385	0	0	0	0	0	0	0	0.4521383660377369	0.000020111535859715647	0	6.163739881981297e-100	6.163739881981297e-100	6.163739881981297e-100	0	0	0
0.003019951720402019	5.7629251879276113e-8	5.7629251879276113e-8	0	0	0	0	0.45880081290971836	0	0	0	0	0	0	0	0.4579505687010343	0.000020273417053824036	0	5.752336753852979e-100	5.752336753852979e-100	5.752336753852979e-100	0	0	0
0.0032359365692962876	5.2706682846320336e-8	5.2706682846320336e-8	0	0	0	0	0.46560997713505126	0	0	0	0	0	0	0	0.46383748676637876	0.000020436601257368758	0	5.368393015165893e-100	5.368393015165893e-100	5.368393015165893e-100	0	0	0
0.0034673685045253167	7.900976448789011e-8	7.900976448789011e-8	0	0	0	0	0.4704148945903028	0	0	0	0	0	0	0	0.4690374559870246	0.00001927129773478152	0	5.010075869772102e-100	5.010075869772102e-100	5.010075869772102e-100	0	0	0
0.003715352290971728	1.1843930498592827e-7	1.1843930498592827e-7	0	0	0	0	0.4752693969618697	0	0	0	0	0	0	0	0.4742957207975428	0.000018172440304802985	0	4.675674852784038e-100	4.675674852784038e-100	4.675674852784038e-100	0	0	0
0.003981071705534978	1.9876837917722666e-7	1.9876837917722666e-7	0	0	0	0	0.4800255308122409	0	0	0	0	0	0	0	0.4787591188822862	0.00001897847497909272	0	4.3635936654890387e-100	4.3635936654890387e-100	4.3635936654890387e-100	0	0	0
0.004265795188015935	3.3357903075702593e-7	3.3357903075702593e-7	4.0723425552481497e-100	4.0723425552481497e-100	0	0	0.48482926042482055	0	0	0	0	0	0	0	0.48326452013422977	0.000019820261147692528	0	4.0723425552481497e-100	4.0723425552481497e-100	4.0723425552481497e-100	0	0	0
0.004570881896148752	5.665633834232769e-7	5.665633834232769e-7	3.8005312040039493e-100	3.8005312040039493e-100	0	0	0.4882399449052103	0	0	0	0	0	0	0	0.4870962606039904	0.000021611646705971842	0	3.8005312040039493e-100	3.8005312040039493e-100	3.8005312040039493e-100	0	0	0
0.004897788193684466	9.622729183773135e-7	9.622729183773135e-7	3.54686209144985e-100	3.54686209144985e-100	0	0	0.49167462292224184	0	0	0	0	0	0	0	0.4909583824371996	0.00002356494043460784	0	3.54686209144985e-100	3.54686209144985e-100	3.54686209144985e-100	0	0	0
0.005248074602497733	1.6361649591595858e-6	1.6361649591595858e-6	3.3101243011793816e-100	3.3101243011793816e-100	0	0	0.4928666487902794	0	0	0	0	0	0	0	0.492178270387219	0.000028120109196156232	0	3.3101243011793816e-100	3.3101243011793816e-100	3.3101243011793816e-100	0	0	0
0.005623413251903491	2.7819922211839542e-6	2.7819922211839542e-6	3.089187740248297e-100	3.089187740248297e-100	0	0	0.49406156462986334	0	0	0	0	0	0	0	0.4934011894019154	0.00003355580479390708	0	3.089187740248297e-100	3.089187740248297e-100	3.089187740248297e-100	0	0	0
0.0060255958607435805	3.622944922216768e-6	3.622944922216768e-6	2.88299774455606e-100	2.88299774455606e-100	0	0	0.4936301710551697	0	0	0	0	0	0	0	0.4936394010812879	0.00003911730005117148	0	2.88299774455606e-100	2.88299774455606e-100	2.88299774455606e-100	0	0	0
0.006456542290346563	4.718104461064986e-6	4.718104461064986e-6	2.6905700442949655e-100	2.6905700442949655e-100	0	0	0.49319915415502336	0	0	0	0	0	0	0	0.4938777277680932	0.00004560055026816743	0	2.6905700442949655e-100	2.6905700442949655e-100	2.6905700442949655e-100	0	0	0
0.006918309709189377	3.765008698815828e-6	3.765008698815828e-6	2.5109860654338264e-100	2.5109860654338264e-100	0	0	0.4910931919874943	0	0	0	0	0	0	0	0.49236082446975815	0.00004843632076273382	0	2.5109860654338264e-100	2.5109860654338264e-100	2.5109860654338264e-100	0	0	0
0.007413102413009177	3.004446090402856e-6	3.004446090402856e-6	2.3433885448074366e-100	2.3433885448074366e-100	0	0	0.4889962222860177	0	0	0	0	0	0	0	0.4908485802104663	0.00005144843988139701	0	2.3433885448074366e-100	2.3433885448074366e-100	2.3433885448074366e-100	0	0	0
0.00794328234724282	3.1837310346283894e-6	3.1837310346283894e-6	2.1869774378799413e-100	2.1869774378799413e-100	0	0	0.4857910693635618	0	0	0	0	0	0	0	0.4873314461548031	0.00005435846651320795	0	2.1869774378799413e-100	2.1869774378799413e-100	2.1869774378799413e-100	0	0	0
0.008511380382023776	3.3737144870843443e-6	3.3737144870843443e-6	2.0410060996474383e-100	2.0410060996474383e-100	0	0	0.4826069247941116	0	0	0	0	0	0	0	0.48383951382623896	0.000057433090069966856	0	2.0410060996474383e-100	2.0410060996474383e-100	2.0410060996474383e-100	0	0	0
0.009120108393559097	4.5601963583576915e-6	4.5601963583576915e-6	1.9047777204488665e-100	1.9047777204488665e-100	0	0	0.478260536189875	0	0	0	0	0	0	0	0.47840495264000044	0.00005100617433786222	0	1.9047777204488665e-100	1.9047777204488665e-100	1.9047777204488665e-100	0	0	0
0.009772372209558112	6.163945083791269e-6	6.163945083791269e-6	1.7776419996711923e-100	1.7776419996711923e-100	0	0	0.4739532914373497	0	0	0	0	0	0	0	0.47303143329603176	0.00004529844759205885	0	1.7776419996711923e-100	1.7776419996711923e-100	1.7776419996711923e-100	0	0	0
0.010471285480509006	6.0260325606212605e-6	6.0260325606212605e-6	1.6589920414705026e-100	1.6589920414705026e-100	0	0	0.4674225007414784	0	0	0	0	0	0	0	0.4666981904096115	0.00004785433874913044	0	1.6589920414705026e-100	1.6589920414705026e-100	1.6589920414705026e-100	0	0	0
0.011220184543019653	5.891205701549243e-6	5.891205701549243e-6	1.548261457690326e-100	1.548261457690326e-100	0	0	0.46098170040517167	0	0	0	0	0	0	0	0.4604497409695355	0.00005055444190361145	0	1.548261457690326e-100	1.548261457690326e-100	1.548261457690326e-100	0	0	0
0.012022644346174132	5.400679873994181e-6	5.400679873994181e-6	1.4449216641477173e-100	1.4449216641477173e-100	0	0	0.45265648453520024	0	0	0	0	0	0	0	0.45222858109243164	0.00005712164454664636	0	1.4449216641477173e-100	1.4449216641477173e-100	1.4449216641477173e-100	0	0	0
0.01288249551693135	4.950997228580116e-6	4.950997228580116e-6	1.348479357380602e-100	1.348479357380602e-100	0	0	0.44448162001154146	0	0	0	0	0	0	0	0.44415420698521957	0.00006454195027876138	0	1.348479357380602e-100	1.348479357380602e-100	1.348479357380602e-100	0	0	0
0.013803842646028866	4.071273672428386e-6	4.071273672428386e-6	1.258474159811409e-100	1.258474159811409e-100	0	0	0.4345129272497908	0	0	0	0	0	0	0	0.4354237709663352	0.00007179213394570307	0	1.258474159811409e-100	1.258474159811409e-100	1.258474159811409e-100	0	0	0
0.014791083881682071	3.3478647938088413e-6	3.3478647938088413e-6	1.174476422085879e-100	1.174476422085879e-100	0	0	0.42476780916673196	0	0	0	0	0	0	0	0.4268649431679325	0.00007985675168191841	0	1.174476422085879e-100	1.174476422085879e-100	1.174476422085879e-100	0	0	0
0.01584893192461114	2.9163374199277046e-6	2.9163374199277046e-6	1.0960851720963078e-100	1.0960851720963078e-100	0	0	0.4139045471960194	0	0	0	0	0	0	0	0.41602661835316695	0.00008330204850002353	0	1.0960851720963078e-100	1.0960851720963078e-100	1.0960851720963078e-100	0	0	0
0.01698243652461746	2.5404323264783187e-6	2.5404323264783187e-6	1.0229262008986888e-100	1.0229262008986888e-100	0	0	0.40331910868108106	0	0	0	0	0	0	0	0.4054634842905831	0.00008689598735421023	0	1.0229262008986888e-100	1.0229262008986888e-100	1.0229262008986888e-100	0	0	0
0.018197008586099864	3.332492464237071e-6	3.332492464237071e-6	9.546502763866277e-101	9.546502763866277e-101	0	0	0.391759245564044	0	0	0	0	0	0	0	0.3935510088855641	0.00009369872764710733	0	9.546502763866277e-101	9.546502763866277e-101	9.546502763866277e-101	0	0	0
0.019498445997580455	4.371502404707553e-6	4.371502404707553e-6	8.909314761948579e-101	8.909314761948579e-101	0	0	0.3805307092609576	0	0	0	0	0	0	0	0.3819885207809392	0.0001010340273469645	0	8.909314761948579e-101	8.909314761948579e-101	8.909314761948579e-101	0	0	0
0.02089296130854041	4.091834617508065e-6	4.091834617508065e-6	8.314656318742624e-101	8.314656318742624e-101	0	0	0.36829072198898233	0	0	0	0	0	0	0	0.36951749386822946	0.00010809890551938362	0	8.314656318742624e-101	8.314656318742624e-101	8.314656318742624e-101	0	0	0
0.022387211385683423	3.8300586359067386e-6	3.8300586359067386e-6	7.759688769115428e-101	7.759688769115428e-101	0	0	0.35644444088781535	0	0	0	0	0	0	0	0.35745361665713776	0.00011565780045924019	0	7.759688769115428e-101	7.759688769115428e-101	7.759688769115428e-101	0	0	0
0.02398832919019495	3.3413855678262478e-6	3.3413855678262478e-6	7.241762916623079e-101	7.241762916623079e-101	0	0	0.34348454358119906	0	0	0	0	0	0	0	0.3445075560567019	0.00012897082806154097	0	7.241762916623079e-101	7.241762916623079e-101	7.241762916623079e-101	0	0	0
0.025703957827688646	2.915061771693832e-6	2.915061771693832e-6	6.75840638729066e-101	6.75840638729066e-101	0	0	0.3309958527767232	0	0	0	0	0	0	0	0.33203036883524506	0.00014381627892656886	0	6.75840638729066e-101	6.75840638729066e-101	6.75840638729066e-101	0	0	0
0.02754228703338169	3.0099286545343843e-6	3.0099286545343843e-6	6.307311827472861e-101	6.307311827472861e-101	0	0	0.31820318353250737	0	0	0	0	0	0	0	0.3188213311806465	0.00014934047930305734	0	6.307311827472861e-101	6.307311827472861e-101	6.307311827472861e-101	0	0	0
0.0295120922666639	3.107882856328966e-6	3.107882856328966e-6	5.886325889456773e-101	5.886325889456773e-101	0	0	0.305904938568895	0	0	0	0	0	0	0	0.30613778363821054	0.00015507687255525792	0	5.886325889456773e-101	5.886325889456773e-101	5.886325889456773e-101	0	0	0
0.03162277660168379	3.607208979465156e-6	3.607208979465156e-6	5.4934389522282144e-101	5.4934389522282144e-101	0	0	0.29275088942909533	0	0	0	0	0	0	0	0.29306124443853915	0.00016789404898077294	0	5.4934389522282144e-101	5.4934389522282144e-101	5.4934389522282144e-101	0	0	0
0.03388441561392028	4.186759032772494e-6	4.186759032772494e-6	5.126775528332694e-101	5.126775528332694e-101	0	0	0.2801624702839653	0	0	0	0	0	0	0	0.2805432637918444	0.00018177057106380582	0	5.126775528332694e-101	5.126775528332694e-101	5.126775528332694e-101	0	0	0
0.03630780547701017	3.775104442228479e-6	3.775104442228479e-6	4.7845853110372505e-101	4.7845853110372505e-101	0	0	0.26707383505702714	0	0	0	0	0	0	0	0.26757906426033307	0.00019523449544397634	0	4.7845853110372505e-101	4.7845853110372505e-101	4.7845853110372505e-101	0	0	0
0.038904514499428125	3.403924954404616e-6	3.403924954404616e-6	4.465234819055621e-101	4.465234819055621e-101	0	0	0.25459667492141796	0	0	0	0	0	0	0	0.25521395403583685	0.00020969570590106257	0	4.465234819055621e-101	4.465234819055621e-101	4.465234819055621e-101	0	0	0
0.04168693834703355	3.529326849313e-6	3.529326849313e-6	4.1671995989521385e-101	4.1671995989521385e-101	0	0	0.24164840523761374	0	0	0	0	0	0	0	0.24250035663730016	0.0002190686166072607	0	4.1671995989521385e-101	4.1671995989521385e-101	4.1671995989521385e-101	4.1671995989521385e-11	4.1671995989521385e-11	4.1671995989521385e-11
0.04466835921509635	3.659348597907124e-6	3.659348597907124e-6	3.8890569480015766e-101	3.8890569480015766e-101	0	0	0.2293586582460488	0	0	0	0	0	0	0	0.23042009278599293	0.0002288604746387219	0	3.8890569480015766e-101	3.8890569480015766e-101	3.8890569480015766e-101	3.889056948001577e-11	3.889056948001577e-11	3.889056948001577e-11
0.0478630092322639	3.695360237122054e-6	3.695360237122054e-6	3.6294791227668894e-101	3.6294791227668894e-101	0	0	0.21695151336250368	0	0	0	0	0	0	0	0.21807383727529883	0.0002448239408640343	0	3.6294791227668894e-101	3.6294791227668894e-101	3.6294791227668894e-101	3.629479122766889e-11	3.629479122766889e-11	3.629479122766889e-11
0.05128613839913648	3.7317262667767563e-6	3.7317262667767563e-6	3.387227000975095e-101	3.387227000975095e-101	0	0	0.20521553234666923	0	0	0	0	0	0	0	0.20638911272439395	0.00026190089011575755	0	3.387227000975095e-101	3.387227000975095e-101	3.387227000975095e-101	3.387227000975095e-11	3.387227000975095e-11	3.387227000975095e-11
0.05495408738576248	4.252827584414462e-6	4.252827584414462e-6	3.161144166435699e-101	3.161144166435699e-101	0	0	0.19325689301560933	0.19468530962253872	0	0	0	0	0	0	0.1944792606365259	0.00027133914258077856	0	3.161144166435699e-101	3.161144166435699e-101	3.161144166435699e-101	3.1611441664357e-11	3.1611441664357e-11	3.1611441664357e-11
0.05888436553555896	4.84669591759164e-6	4.84669591759164e-6	2.950151388765434e-101	2.950151388765434e-101	0	0	0.18199512615329017	0.18359274463536743	0	0	0	0	0	0	0.183256676277476	0.00028111752603792426	0	2.950151388765434e-101	2.950151388765434e-101	2.950151388765434e-101	2.950151388765434e-11	2.950151388765434e-11	2.950151388765434e-11
0.06309573444801943	4.0912366674512424e-6	4.0912366674512424e-6	2.753241471567555e-101	2.753241471567555e-101	0	0	0.17059080774695334	0.17221865178217743	0	0	0	0	0	0	0.17194842929053092	0.00028844874138568815	0	2.753241471567555e-101	2.753241471567555e-101	2.753241471567555e-101	2.7532414715675553e-11	2.7532414715675553e-11	2.7532414715675553e-11
0.06760829753919818	3.4535315921810574e-6	3.4535315921810574e-6	2.5694744444730617e-101	2.5694744444730617e-101	0	0	0.15990111550155905	0.1615492163406406	0	0	0	0	0	0	0.16133798198278662	0.0002959711462307156	0	2.5694744444730617e-101	2.5694744444730617e-101	2.5694744444730617e-101	2.5694744444730618e-11	2.5694744444730618e-11	2.5694744444730618e-11
0.07244359600749906	3.1820518197768815e-6	3.1820518197768815e-6	2.3979730760924425e-101	2.3979730760924425e-101	3.104255293184474e-6	3.104255293184474e-6	0.1490437706454697	0.15079259077565582	0	0	0	0	0	0	0.15052986287856002	0.0003023314832900457	0	2.3979730760924425e-101	2.3979730760924425e-101	2.3979730760924425e-101	2.3979730760924428e-11	2.3979730760924428e-11	2.3979730760924428e-11
0.07762471166286927	2.9319128878594433e-6	2.9319128878594433e-6	2.2379186864586615e-101	2.2379186864586615e-101	2.620736977012513e-6	2.620736977012513e-6	0.13892364351893963	0.14075218653421687	0	0	0	0	0	0	0.14044578554760673	0.0003088285022118598	0	2.2379186864586615e-101	2.2379186864586615e-101	2.2379186864586615e-101	2.2379186864586615e-11	2.2379186864586615e-11	2.2379186864586615e-11
0.08317637711026708	2.6260860231256204e-6	2.6260860231256204e-6	2.0885472389715016e-101	2.0885472389715016e-101	2.043901323743286e-6	2.043901323743286e-6	0.1287714502374667	0.1305765125356426	0	0	0	0	0	0	0.1303358346092738	0.0003079764077577537	0	2.0885472389715016e-101	2.0885472389715016e-101	2.0885472389715016e-101	2.0885472389715016e-11	2.0885472389715016e-11	2.0885472389715016e-11
0.08912509381337459	2.3521598576179576e-6	2.3521598576179576e-6	1.9491456931878334e-101	1.9491456931878334e-101	1.5940297167713805e-6	1.5940297167713805e-6	0.11936115391329818	0.12113648850368575	0	0	0	0	0	0	0.12095364568656092	0.00030712666433327536	0	1.9491456931878334e-101	1.9491456931878334e-101	1.9491456931878334e-101	1.9491456931878335e-11	1.9491456931878335e-11	1.9491456931878335e-11
0.09549925860214369	2.108868772993406e-6	2.108868772993406e-6	1.8190486010474767e-101	1.8190486010474767e-101	1.4299627967873004e-6	1.4299627967873004e-6	0.11005585522310073	0.11172437558553477	0	0	0	0	0	0	0.11164599680567786	0.00030599705691795523	0	1.8190486010474767e-101	1.8190486010474767e-101	1.8190486010474767e-101	1.819048601047477e-11	1.819048601047477e-11	1.819048601047477e-11
0.10232929922807536	1.8907420289922607e-6	1.8907420289922607e-6	1.6976349302863107e-101	1.6976349302863107e-101	1.282782609810675e-6	1.282782609810675e-6	0.10147599006697179	0.10304356890449136	0	0	0	0	0	0	0.10305459196355932	0.00030487160418231926	0	1.6976349302863107e-101	1.6976349302863107e-101	1.6976349302863107e-101	1.6976349302863106e-11	1.6976349302863106e-11	1.6976349302863106e-11
0.10964781961431873	1.6365488356960164e-6	1.6365488356960164e-6	1.584325099872895e-101	1.584325099872895e-101	1.0583891878942423e-6	1.0583891878942423e-6	0.09282873719114246	0.09452380456537354	0	0	0	0	0	0	0.0945774751115723	0.0003004277531101386	0	1.584325099872895e-101	1.584325099872895e-101	1.584325099872895e-101	1.584325099872895e-11	1.584325099872895e-11	1.584325099872895e-11
0.11748975549395303	1.4165296219947554e-6	1.4165296219947554e-6	1.4785782133170038e-101	1.4785782133170038e-101	8.732482530432597e-7	8.732482530432597e-7	0.08491835795654819	0.086708464434053	0	0	0	0	0	0	0.08679767323364967	0.00029604867623168744	0	1.4785782133170038e-101	1.4785782133170038e-101	1.4785782133170038e-101	1.478578213317004e-11	1.478578213317004e-11	1.478578213317004e-11
0.12589254117941662	1.3162691275740898e-6	1.3162691275740898e-6	1.3798894766428266e-101	1.3798894766428266e-101	9.275127905682199e-7	9.275127905682199e-7	0.07712328653477084	0.07902075680173816	0	0	0	0	0	0	0.07911690025728771	0.0002868020192597577	0	1.3798894766428266e-101	1.3798894766428266e-101	1.3798894766428266e-101	1.3798894766428266e-11	1.3798894766428266e-11	1.3798894766428266e-11
0.1348962882591656	1.2231049667460133e-6	1.2231049667460133e-6	1.287787788701424e-101	1.287787788701424e-101	9.851493818276568e-7	9.851493818276568e-7	0.07004376284534213	0.07201465331298267	0	0	0	0	0	0	0.07211580302932484	0.00027784416839310997	0	1.287787788701424e-101	1.287787788701424e-101	1.287787788701424e-101	1.2877877887014238e-11	1.2877877887014238e-11	1.2877877887014238e-11
0.1445439770745928	9.734352179914087e-7	9.734352179914087e-7	1.2018334923194526e-101	1.2018334923194526e-101	1.0622548582300206e-6	1.0622548582300206e-6	0.06319765595569081	0.06520313517513149	0	0	0	0	0	0	0.06525471902408111	0.0002654516214872395	0	1.2018334923194526e-101	1.2018334923194526e-101	1.2018334923194526e-101	1.2018334923194525e-11	1.2018334923194525e-11	1.2018334923194525e-11
0.15488166189124797	7.747300104151681e-7	7.747300104151681e-7	1.1216162755489977e-101	1.1216162755489977e-101	1.145395210764781e-6	1.145395210764781e-6	0.05702069043767047	0.05903588562996002	0	0	0	0	0	0	0.05904639726718768	0.0002536118132611201	0	1.1216162755489977e-101	1.1216162755489977e-101	1.1216162755489977e-101	1.1216162755489978e-11	1.1216162755489978e-11	1.1216162755489978e-11
0.1659586907437563	6.707213849776478e-7	6.707213849776478e-7	1.0467532130000026e-101	1.0467532130000026e-101	9.011808025171167e-7	9.011808025171167e-7	0.05106536707107792	0.05304659357317614	0	0	0	0	0	0	0.053061044958834215	0.00023785526114873917	0	1.0467532130000026e-101	1.0467532130000026e-101	1.0467532130000026e-101	1.0467532130000027e-11	1.0467532130000027e-11	1.0467532130000027e-11
0.1778279410038923	5.80676068073394e-7	5.80676068073394e-7	9.768869379053228e-102	9.768869379053228e-102	7.090363493690022e-7	7.090363493690022e-7	0.04573202628885039	0.04766492548880655	0	0	0	0	0	0	0.04768240946832522	0.00022307764188368045	0	9.768869379053228e-102	9.768869379053228e-102	9.768869379053228e-102	9.768869379053227e-12	9.768869379053227e-12	9.768869379053227e-12
0.1905460717963252	5.77133895382755e-7	5.77133895382755e-7	9.116839361925433e-102	9.116839361925433e-102	6.479622203254842e-7	6.479622203254842e-7	0.04068063029060607	0.04255556268095927	0	0	0	0	0	0	0.04256032716356086	0.00020867216036847647	0	9.116839361925433e-102	9.116839361925433e-102	9.116839361925433e-102	9.116839361925433e-12	9.116839361925433e-12	9.116839361925433e-12
0.20417379446695316	5.736133302424515e-7	5.736133302424515e-7	8.508329544192217e-102	8.508329544192217e-102	5.921488219084656e-7	5.921488219084656e-7	0.03618719342082729	0.03799388956389637	0.019340958715470598	0	0	0	0	0	0.03798846300903951	0.00019519692850058254	0	8.508329544192217e-102	8.508329544192217e-102	8.508329544192217e-102	8.508329544192216e-12	8.508329544192216e-12	8.508329544192216e-12
0.21877616239495518	4.4843895297601507e-7	4.4843895297601507e-7	7.940435139715502e-102	7.940435139715502e-102	4.2964601813431533e-7	4.2964601813431533e-7	0.031931198600843674	0.03365913681029402	0.015457180440616268	0	0	0	0	0	0.03365005020163878	0.00017786715957983625	0	7.940435139715502e-102	7.940435139715502e-102	7.940435139715502e-102	7.940435139715502e-12	7.940435139715502e-12	7.940435139715502e-12
0.23442288153199276	3.505802322641683e-7	3.505802322641683e-7	7.410445244339028e-102	7.410445244339028e-102	3.117386948499305e-7	3.117386948499305e-7	0.028175753566445097	0.029818939408895188	0.012353287687991077	0	0	0	0	0	0.029807099021178087	0.00016207594402236893	0	7.410445244339028e-102	7.410445244339028e-102	7.410445244339028e-102	7.410445244339028e-12	7.410445244339028e-12	7.410445244339028e-12
0.25118864315095824	2.9129463137806037e-7	2.9129463137806037e-7	6.915829895100017e-102	6.915829895100017e-102	2.4033411643916555e-7	2.4033411643916555e-7	0.024650982357303976	0.02621836414935567	0.009606280817851944	0	0	0	0	0	0.02619083220035474	0.00014709411418786238	0	6.915829895100017e-102	6.915829895100017e-102	6.915829895100017e-102	6.9158298951000175e-12	6.9158298951000175e-12	6.9158298951000175e-12
0.2691534803926914	2.4203464559787907e-7	2.4203464559787907e-7	6.454227993182505e-102	6.454227993182505e-102	1.8528494690850022e-7	1.8528494690850022e-7	0.021567158079626177	0.02305255090538742	0.007470127263460281	0	0	0	0	0	0.02301329931033414	0.00013349716121798875	0	6.454227993182505e-102	6.454227993182505e-102	6.454227993182505e-102	6.4542279931825055e-12	6.4542279931825055e-12	6.4542279931825055e-12
0.28840315031266117	2.1650458274148392e-7	2.1650458274148392e-7	6.02343603296189e-102	6.02343603296189e-102	1.6073225155479488e-7	1.6073225155479488e-7	0.01867861147374619	0.020075222149494656	0.005605051797267118	0	0	0	0	0	0.020009184584356816	0.00011853879381409118	0	6.02343603296189e-102	6.02343603296189e-102	6.02343603296189e-102	6.02343603296189e-12	6.02343603296189e-12	6.02343603296189e-12
0.30902954325135923	1.9366745712075564e-7	1.9366745712075564e-7	5.621397583337257e-102	5.621397583337257e-102	1.3943311165278998e-7	1.3943311165278998e-7	0.016176935565597385	0.017482427259595767	0.004205631917908611	0	0	0	0	0	0.01739722159486625	0.00010525651265314157	0	5.621397583337257e-102	5.621397583337257e-102	5.621397583337257e-102	5.621397583337257e-12	5.621397583337257e-12	5.621397583337257e-12
0.3311311214825908	1.4063205631941083e-7	1.4063205631941083e-7	5.2461934711393145e-102	5.2461934711393145e-102	1.2807495423613958e-7	1.2807495423613958e-7	0.013829119376769875	0.014995750745243834	0.003015665272840569	0	0	0	0	0	0.014954762597309285	0.000091882490564799	0	5.2461934711393145e-102	5.2461934711393145e-102	5.2461934711393145e-102	5.246193471139315e-12	5.246193471139315e-12	5.246193471139315e-12
0.354813389233576	1.0212028163458576e-7	1.0212028163458576e-7	4.896032619753848e-102	4.896032619753848e-102	1.1764202712075575e-7	1.1764202712075575e-7	0.011822050100988198	0.012862775693235079	0.002162394906480259	0	0	0	0	0	0.012855209271339856	0.00008020778818894606	0	4.896032619753848e-102	4.896032619753848e-102	4.896032619753848e-102	4.896032619753849e-12	4.896032619753849e-12	4.896032619753849e-12
0.38018939632056126	8.438870176983995e-8	8.438870176983995e-8	4.5692434992276446e-102	4.5692434992276446e-102	6.402463510206454e-8	6.402463510206454e-8	0.009891981601108072	0.01080489968625047	0.0014640596077593268	0	0	0	0	0	0.010820933708575203	0.00006830638020296127	0	4.5692434992276446e-102	4.5692434992276446e-102	4.5692434992276446e-102	4.569243499227645e-12	4.569243499227645e-12	4.569243499227645e-12
0.40738027780411384	6.973593171120887e-8	6.973593171120887e-8	4.264266147042881e-102	4.264266147042881e-102	3.484429842189608e-8	3.484429842189608e-8	0.008277016182538432	0.00907625694595097	0.0009912484202810466	0	0	0	0	0	0.009108572552485074	0.00005817092930477379	0	4.264266147042881e-102	4.264266147042881e-102	4.264266147042881e-102	4.2642661470428816e-12	4.2642661470428816e-12	4.2642661470428816e-12
0.43651583224016655	4.840851076977515e-8	4.840851076977515e-8	3.9796447214707886e-102	3.9796447214707886e-102	2.6828865236048864e-8	2.6828865236048864e-8	0.006689163821817419	0.007402333435282849	0.00062362128937424	0	0	0	0	0	0.007439074365375461	0.00004885347930632113	0	3.9796447214707886e-102	3.9796447214707886e-102	3.9796447214707886e-102	3.979644721470789e-12	3.979644721470789e-12	3.979644721470789e-12
0.4677351412871981	3.36036797307288e-8	3.36036797307288e-8	3.714020551956663e-102	3.714020551956663e-102	2.0657267973625148e-8	2.0657267973625148e-8	0.005405923058300518	0.006037129690510902	0.00039233708180894247	0	0	0	0	0	0.006075576287580659	0.000041028439271250994	0	3.714020551956663e-102	3.714020551956663e-102	3.714020551956663e-102	3.714020551956663e-12	3.714020551956663e-12	3.714020551956663e-12
0.5011872336272735	4.2252974958408263e-8	4.2252974958408263e-8	3.4661256533619616e-102	3.4661256533619616e-102	2.829475337216777e-8	2.829475337216777e-8	0.004170350245685464	0.0047276366783323455	0.00022963529281441755	0	0	0	0	0	0.004755950413055742	0.00003367070941186671	0	3.4661256533619616e-102	3.4661256533619616e-102	3.4661256533619616e-102	3.4661256533619615e-12	3.4661256533619615e-12	3.4661256533619615e-12
0.5370317963702532	5.3128523636157235e-8	5.3128523636157235e-8	3.2347766731028357e-102	3.2347766731028357e-102	3.875599955492588e-8	3.875599955492588e-8	0.003217178821105267	0.003702181286157216	0.0001344057703208487	0	0	0	0	0	0.0037229496035926565	0.00002763245915358977	0	3.2347766731028357e-102	3.2347766731028357e-102	3.2347766731028357e-102	3.2347766731028356e-12	3.2347766731028356e-12	3.2347766731028356e-12
0.5754399373371566	4.779057399251978e-8	4.779057399251978e-8	3.0188692422910087e-102	3.0188692422910087e-102	2.6063375016982524e-8	2.6063375016982524e-8	0.0023769740750911746	0.0027836450002690486	0.00007528116322209192	0	0	0	0	0	0.0027966239487733856	0.000022434949449309933	0	3.0188692422910087e-102	3.0188692422910087e-102	3.0188692422910087e-102	3.0188692422910087e-12	3.0188692422910087e-12	3.0188692422910087e-12
0.6165950018614835	2.4536411712500823e-8	2.4536411712500823e-8	2.8173727039118292e-102	2.8173727039118292e-102	2.3927861334662965e-8	2.3927861334662965e-8	0.0016903385685008297	0.002021612396419169	0.00004096507151325298	0	0	0	0	0	0.0020345557843610544	0.00001793994469866501	0	2.8173727039118292e-102	2.8173727039118292e-102	2.8173727039118292e-102	2.8173727039118293e-12	2.8173727039118293e-12	2.8173727039118293e-12
0.6606934480075964	1.2622514220604891e-8	1.2622514220604891e-8	2.6293251928737667e-102	2.6293251928737667e-102	3.032293147662316e-8	3.032293147662316e-8	0.0011527431869471634	0.0014078810795881181	0.00002194157488878678	0	0	0	0	0	0.0014204736997682674	0.000013570279268310182	0	2.6293251928737667e-102	2.6293251928737667e-102	2.6293251928737667e-102	2.629325192873767e-12	2.629325192873767e-12	2.629325192873767e-12
0.7079457843841374	6.5173936527004414e-9	6.5173936527004414e-9	2.453829044443324e-102	2.453829044443324e-102	1.565666535866605e-8	1.565666535866605e-8	0.0007480320295267798	0.0009316539698175669	0.000011642624851834259	0	0	0	0	0	0.0009400532858611241	9.819301577711507e-6	0	2.453829044443324e-102	2.453829044443324e-102	2.453829044443324e-102	2.453829044443324e-12	2.453829044443324e-12	2.453829044443324e-12
0.7585775750291851	3.3881062430387414e-9	3.3881062430387414e-9	2.290046509147297e-102	2.290046509147297e-102	8.139211542774491e-9	8.139211542774491e-9	0.0004573753243686362	0.0005814039597330124	6.1255222653534624e-6	0	0	0	0	0	0.0005853010142253105	6.538489343735979e-6	0	2.290046509147297e-102	2.290046509147297e-102	2.290046509147297e-102	2.290046509147297e-12	2.290046509147297e-12	2.290046509147297e-12
0.8128305161640995	1.7840361629933588e-9	1.7840361629933588e-9	2.137195753686854e-102	2.137195753686854e-102	4.285771073559774e-9	4.285771073559774e-9	0.00026621535345827305	0.0003436448701848598	3.2408504331641315e-6	0	0	0	0	0	0.0003447358236087246	3.873933228586547e-6	0	2.137195753686854e-102	2.137195753686854e-102	2.137195753686854e-102	2.137195753686854e-12	2.137195753686854e-12	2.137195753686854e-12
0.8709635899560796	9.630065200207337e-10	9.630065200207337e-10	1.994547128773326e-102	1.994547128773326e-102	2.3134203065869564e-9	2.3134203065869564e-9	0.00014979531172747146	0.00019443439500577237	1.7493816337851308e-6	0	0	0	0	0	0.0001947915229285483	2.091113977753878e-6	0	1.994547128773326e-102	1.994547128773326e-102	1.994547128773326e-102	1.994547128773326e-12	1.994547128773326e-12	1.994547128773326e-12
0.9332543007969925	5.469583692507231e-10	5.469583692507231e-10	1.861419686069992e-102	1.861419686069992e-102	1.3139522650948084e-9	1.3139522650948084e-9	0.00008551626700179951	0.00011140410371097944	9.935954801133432e-7	0	0	0	0	0	0.00011165550762413573	1.1876890419859578e-6	0	1.861419686069992e-102	1.861419686069992e-102	1.861419686069992e-102	1.861419686069992e-12	1.861419686069992e-12	1.861419686069992e-12