1.e-9	0	0	0	0	0	0	2.4765705380194292e-26	0	0	0	0	0	0	0	6.020821829868586e-23	2.3475905167423788e-45	0	4.342944819032518e-93	4.342944819032518e-93	4.342944819032518e-93	0	0	0
1.0715193052376092e-9	0	0	0	0	0	0	3.89560928976008e-26	0	0	0	0	0	0	0	9.470664813441364e-23	3.692725599848241e-45	0	4.053071930486097e-93	4.053071930486097e-93	4.053071930486097e-93	0	0	0
1.148153621496884e-9	0	0	0	0	0	0	6.127736523345918e-26	0	0	0	0	0	0	0	1.4897217446892724e-22	5.808603441922208e-45	0	3.782546810565719e-93	3.782546810565719e-93	3.782546810565719e-93	0	0	0
1.2302687708123811e-9	0	0	0	0	0	0	9.638840064955058e-26	0	0	0	0	0	0	0	2.3433105492768202e-22	9.13684838832848e-45	0	3.530078078926403e-93	3.530078078926403e-93	3.530078078926403e-93	0	0	0
1.31825673855641e-9	0	0	0	0	0	0	1.6045746405651538e-25	0	0	0	0	0	0	0	3.900901619904561e-22	1.5210082457851293e-44	0	3.294460549307237e-93	3.294460549307237e-93	3.294460549307237e-93	0	0	0
1.4125375446227555e-9	0	0	0	0	0	0	2.671130301773086e-25	0	0	0	0	0	0	0	6.493818522205335e-22	2.5320175901150176e-44	0	3.074569476447001e-93	3.074569476447001e-93	3.074569476447001e-93	0	0	0
1.5135612484362133e-9	0	0	0	0	0	0	4.514021493043846e-25	0	0	0	0	0	0	0	1.097409451036621e-21	4.278930838737883e-44	0	2.8693551869933094e-93	2.8693551869933094e-93	2.8693551869933094e-93	0	0	0
1.6218100973589331e-9	0	0	0	0	0	0	7.628377404927023e-25	0	0	0	0	0	0	0	1.8545444396181008e-21	7.231090808445039e-44	0	2.677838068775665e-93	2.677838068775665e-93	2.677838068775665e-93	0	0	0
1.7378008287493762e-9	0	0	0	0	0	0	1.2947912578404869e-24	0	0	0	0	0	0	0	3.1477833361302512e-21	1.2273584101093618e-43	0	2.4991038945228013e-93	2.4991038945228013e-93	2.4991038945228013e-93	0	0	0
1.8620871366628732e-9	0	0	0	0	0	0	2.1976946241507677e-24	0	0	0	0	0	0	0	5.3428430829404595e-21	2.0832384861034344e-43	0	2.332299457701908e-93	2.332299457701908e-93	2.332299457701908e-93	0	0	0
1.9952623149688828e-9	0	0	0	0	0	0	3.7350887688010935e-24	0	0	0	0	0	0	0	9.080421353020815e-21	3.540565002376505e-43	0	2.176628499646799e-93	2.176628499646799e-93	2.176628499646799e-93	0	0	0
2.1379620895022324e-9	0	0	0	0	0	0	6.347964797982533e-24	0	0	0	0	0	0	0	1.5432617179357636e-20	6.0173622077714185e-43	0	2.0313479085326797e-93	2.0313479085326797e-93	2.0313479085326797e-93	0	0	0
2.2908676527677795e-9	0	0	0	0	0	0	1.079289693156491e-23	0	0	0	0	0	0	0	2.6238747677687085e-20	1.0230801867239325e-42	0	1.8957641720530913e-93	1.8957641720530913e-93	1.8957641720530913e-93	0	0	0
2.4547089156850337e-9	0	0	0	0	0	0	1.8350231591138645e-23	0	0	0	0	0	0	0	4.4611479160784733e-20	1.7394549843039347e-42	0	1.769230066865397e-93	1.769230066865397e-93	1.769230066865397e-93	0	0	0
2.6302679918953816e-9	0	0	0	0	0	0	3.120298954107518e-23	0	0	0	0	0	0	0	7.585798090625053e-20	2.957793497746295e-42	0	1.651141569001482e-93	1.651141569001482e-93	1.651141569001482e-93	0	0	0
2.818382931264461e-9	0	0	0	0	0	0	5.30579982854608e-23	0	0	0	0	0	0	0	1.2898996795047814e-19	5.029473285743538e-42	0	1.5409349704953207e-93	1.5409349704953207e-93	1.5409349704953207e-93	0	0	0
3.019951720402019e-9	0	0	0	0	0	0	9.022375847147965e-23	0	0	0	0	0	0	0	2.193441156787275e-19	8.552489683652968e-42	0	1.4380841884632448e-93	1.4380841884632448e-93	1.4380841884632448e-93	0	0	0
3.2359365692962944e-9	0	0	0	0	0	0	1.5342317569019647e-22	0	0	0	0	0	0	0	3.729890149391886e-19	1.4543288259693272e-41	0	1.3420982537914704e-93	1.3420982537914704e-93	1.3420982537914704e-93	0	0	0
3.4673685045253237e-9	0	0	0	0	0	0	2.6089494137000692e-22	0	0	0	0	0	0	0	6.342649781980434e-19	2.4730750884087364e-41	0	1.2525189674430232e-93	1.2525189674430232e-93	1.2525189674430232e-93	0	0	0
3.715352290971728e-9	0	0	0	0	0	0	4.436498601091494e-22	0	0	0	0	0	0	0	1.078562763126246e-18	4.205445346124612e-41	0	1.1689187131960094e-93	1.1689187131960094e-93	1.1689187131960094e-93	0	0	0
3.9810717055349855e-9	0	0	0	0	0	0	7.544256332516098e-22	0	0	0	0	0	0	0	1.834093659745399e-18	7.151350769218222e-41	0	1.0908984163722574e-93	1.0908984163722574e-93	1.0908984163722574e-93	0	0	0
4.265795188015934e-9	0	0	0	0	0	0	1.2828991673006886e-21	0	0	0	0	0	0	0	3.1188723250262185e-18	1.2160856607380583e-40	0	1.0180856388120375e-93	1.0180856388120375e-93	1.0180856388120375e-93	0	0	0
4.570881896148752e-9	0	0	0	0	0	0	2.1815693888171924e-21	0	0	0	0	0	0	0	5.303640820207625e-18	2.06795305450835e-40	0	9.501328010009874e-94	9.501328010009874e-94	9.501328010009874e-94	0	0	0
4.8977881936844766e-9	0	0	0	0	0	0	3.709757648559266e-21	0	0	0	0	0	0	0	9.01883854753012e-18	3.5165531292054173e-40	0	8.867155228624606e-94	8.867155228624606e-94	8.867155228624606e-94	0	0	0
5.248074602497734e-9	0	0	0	0	0	0	6.3084428561475754e-21	0	0	0	0	0	0	0	1.5336534888744058e-17	5.979898572300156e-40	0	8.275310752948454e-94	8.275310752948454e-94	8.275310752948454e-94	0	0	0
5.623413251903491e-9	0	0	0	0	0	0	1.0727507033980013e-20	0	0	0	0	0	0	0	2.6079777474017116e-17	1.016881748153174e-39	0	7.722969350620743e-94	7.722969350620743e-94	7.722969350620743e-94	0	0	0
6.025595860743593e-9	0	0	0	0	0	0	1.8242127241281334e-20	0	0	0	0	0	0	0	4.434866531416466e-17	1.7292075577660447e-39	0	7.207494361390134e-94	7.207494361390134e-94	7.207494361390134e-94	0	0	0
6.456542290346562e-9	0	0	0	0	0	0	3.1020739975559116e-20	0	0	0	0	0	0	0	7.541491169190963e-17	2.94051769860714e-39	0	6.726425110737415e-94	6.726425110737415e-94	6.726425110737415e-94	0	0	0
6.918309709189363e-9	0	0	0	0	0	0	5.2750774148843334e-20	0	0	0	0	0	0	0	1.2824307148215132e-16	5.000350898209307e-39	0	6.277465163584579e-94	6.277465163584579e-94	6.277465163584579e-94	0	0	0
7.413102413009192e-9	0	0	0	0	0	0	8.970270133771346e-20	0	0	0	0	0	0	0	2.1807736711759148e-16	8.503097640618786e-39	0	5.85847136201858e-94	5.85847136201858e-94	5.85847136201858e-94	0	0	0
7.943282347242822e-9	0	0	0	0	0	0	1.5253946167160642e-19	0	0	0	0	0	0	0	3.7084060665732706e-16	1.4459519248566564e-38	0	5.467443594699854e-94	5.467443594699854e-94	5.467443594699854e-94	0	0	0
8.511380382023759e-9	0	0	0	0	0	0	2.593933852612042e-19	0	0	0	0	0	0	0	6.306145262283176e-16	2.458841539122468e-38	0	5.102515249118606e-94	5.102515249118606e-94	5.102515249118606e-94	0	0	0
9.120108393559115e-9	0	0	0	0	0	0	4.410985048817786e-19	0	0	0	0	0	0	0	1.0723601312960984e-15	4.181260541998737e-38	0	4.761944301122157e-94	4.761944301122157e-94	4.761944301122157e-94	0	0	0
9.772372209558111e-9	0	0	0	0	0	0	7.500880980947786e-19	0	0	0	0	0	0	0	1.823548623389992e-15	7.110234409946894e-38	0	4.444104999177981e-94	4.444104999177981e-94	4.444104999177981e-94	0	0	0
1.0471285480509006e-8	0	0	0	0	0	0	1.2755249657014462e-18	0	0	0	0	0	0	0	3.1009448106328114e-15	1.2090955082359828e-37	0	4.1474801036762566e-94	4.1474801036762566e-94	4.1474801036762566e-94	0	0	0
1.1220184543019653e-8	0	0	0	0	0	0	2.169030467567991e-18	0	0	0	0	0	0	0	5.2731572908183615e-15	2.0560671614304384e-37	0	3.8706536442258154e-94	3.8706536442258154e-94	3.8706536442258154e-94	0	0	0
1.202264434617413e-8	0	0	0	0	0	0	3.68843675880204e-18	0	0	0	0	0	0	0	8.967005063883341e-15	3.4963426333466563e-37	0	3.612304160369294e-94	3.612304160369294e-94	3.612304160369294e-94	0	0	0
1.288249551693135e-8	0	0	0	0	0	0	6.272187471361893e-18	0	0	0	0	0	0	0	1.524839396611878e-14	5.945531371286862e-37	0	3.3711983934515046e-94	3.3711983934515046e-94	3.3711983934515046e-94	0	0	0
1.3803842646028866e-8	0	0	0	0	0	0	1.066585609326449e-17	0	0	0	0	0	0	0	2.5929897095488614e-14	1.0110377327475734e-36	0	3.146185399528522e-94	3.146185399528522e-94	3.146185399528522e-94	0	0	0
1.4791083881682102e-8	0	0	0	0	0	0	1.8137290494209782e-17	0	0	0	0	0	0	0	4.4093795377835056e-14	1.7192698738013008e-36	0	2.936191055214691e-94	2.936191055214691e-94	2.936191055214691e-94	0	0	0
1.5848931924611173e-8	0	0	0	0	0	0	3.0842466240058275e-17	0	0	0	0	0	0	0	7.498150816799644e-14	2.9236187763103145e-36	0	2.7402129302407645e-94	2.7402129302407645e-94	2.7402129302407645e-94	0	0	0
1.698243652461746e-8	0	0	0	0	0	0	5.244762022600961e-17	0	0	0	0	0	0	0	1.2750607016182157e-13	4.971614334342693e-36	0	2.5573155022467224e-94	2.5573155022467224e-94	2.5573155022467224e-94	0	0	0
1.8197008586099862e-8	0	0	0	0	0	0	8.91871890522015e-17	0	0	0	0	0	0	0	2.168240987068891e-13	8.454231204789137e-36	0	2.3866256909665694e-94	2.3866256909665694e-94	2.3866256909665694e-94	0	0	0
1.9498445997580494e-8	0	0	0	0	0	0	1.5166283344708004e-16	0	0	0	0	0	0	0	3.687094247386694e-13	1.4376421913965485e-35	0	2.2273286904871402e-94	2.2273286904871402e-94	2.2273286904871402e-94	0	0	0
2.0892961308540408e-8	0	0	0	0	0	0	2.579026796749394e-16	0	0	0	0	0	0	0	6.269904531006176e-13	2.4447108440994475e-35	0	2.0786640796856566e-94	2.0786640796856566e-94	2.0786640796856566e-94	0	0	0
2.2387211385683424e-8	0	0	0	0	0	0	4.385635601798339e-16	0	0	0	0	0	0	0	1.0661973953010214e-12	4.15723129651019e-35	0	1.9399221922788568e-94	1.9399221922788568e-94	1.9399221922788568e-94	0	0	0
2.3988329190194947e-8	0	0	0	0	0	0	7.457774248803613e-16	0	0	0	0	0	0	0	1.8130688914411556e-12	7.06937268037523e-35	0	1.8104407291557702e-94	1.8104407291557702e-94	1.8104407291557702e-94	0	0	0
2.5703957827688646e-8	0	0	0	0	0	0	1.268194665405183e-15	0	0	0	0	0	0	0	3.083124025250058e-12	1.2021469706529621e-34	0	1.6896015968226652e-94	1.6896015968226652e-94	1.6896015968226652e-94	0	0	0
2.754228703338169e-8	0	0	0	0	0	0	2.1565652910725285e-15	0	0	0	0	0	0	0	5.242853043228845e-12	2.044251172472729e-34	0	1.5768279568682148e-94	1.5768279568682148e-94	1.5768279568682148e-94	0	0	0
2.95120922666639e-8	0	0	0	0	0	0	3.667239723936891e-15	0	0	0	0	0	0	0	8.915472685424766e-12	3.4762495420058342e-34	0	1.4715814723641934e-94	1.4715814723641934e-94	1.4715814723641934e-94	0	0	0
3.162277660168386e-8	0	0	0	0	0	0	6.236141909773959e-15	0	0	0	0	0	0	0	1.516076314731236e-11	5.911363065859939e-34	0	1.373359738057051e-94	1.373359738057051e-94	1.373359738057051e-94	0	0	0
3.3884415613920346e-8	0	0	0	0	0	0	1.0604560608623497e-14	0	0	0	0	0	0	0	2.5780880870699374e-11	1.0052274117309472e-33	0	1.281693882083171e-94	1.281693882083171e-94	1.281693882083171e-94	0	0	0
3.6307805477010175e-8	0	0	0	0	0	0	1.8033057510399104e-14	0	0	0	0	0	0	0	4.3840393257973956e-11	1.7093894217581294e-33	0	1.1961463277593128e-94	1.1961463277593128e-94	1.1961463277593128e-94	0	0	0
3.890451449942813e-8	0	0	0	0	0	0	3.0665218029773264e-14	0	0	0	0	0	0	0	7.455059781135363e-11	2.906817065590392e-33	0	1.1163087047639049e-94	1.1163087047639049e-94	1.1163087047639049e-94	0	0	0
4.1686938347033635e-8	0	0	0	0	0	0	5.2146209608172086e-14	0	0	0	0	0	0	0	1.2677330701222934e-10	4.943043021827416e-33	0	1.0417998997380322e-94	1.0417998997380322e-94	1.0417998997380322e-94	0	0	0
4.4668359215096346e-8	0	0	0	0	0	0	8.867464023439343e-14	0	0	0	0	0	0	0	2.155780348198496e-10	8.405645681963045e-33	0	9.722642370003943e-95	9.722642370003943e-95	9.722642370003943e-95	0	0	0
4.78630092322639e-8	0	0	0	0	0	0	1.5079124407667777e-13	0	0	0	0	0	0	0	3.6659049284174377e-10	1.4293802222378338e-32	0	9.073697806917223e-95	9.073697806917223e-95	9.073697806917223e-95	0	0	0
5.128613839913659e-8	0	0	0	0	0	0	2.5642054177032515e-13	0	0	0	0	0	0	0	6.233872089717018e-10	2.4306613638364336e-32	0	8.468067502437719e-95	8.468067502437719e-95	8.468067502437719e-95	0	0	0
5.495408738576248e-8	0	0	0	0	0	0	4.360431843665395e-13	0	0	0	0	0	0	0	1.0600700779146564e-9	4.133340152417648e-32	0	7.902860416089249e-95	7.902860416089249e-95	7.902860416089249e-95	0	0	0
5.888436553555896e-8	0	0	0	0	0	0	7.414915252882315e-13	0	0	0	0	0	0	0	1.8026493869575258e-9	7.028745784901355e-32	0	7.375378471913584e-95	7.375378471913584e-95	7.375378471913584e-95	0	0	0
6.309573444801943e-8	0	0	0	0	0	0	1.2609064922617764e-12	0	0	0	0	0	0	0	3.0654056557192855e-9	1.195238366236834e-31	0	6.88310367891889e-95	6.88310367891889e-95	6.88310367891889e-95	0	0	0
6.760829753919818e-8	0	0	0	0	0	0	2.1441717511334413e-12	0	0	0	0	0	0	0	5.212722952173845e-9	2.0325030892329037e-31	0	6.423686111182655e-95	6.423686111182655e-95	6.423686111182655e-95	0	0	0
7.244359600749906e-8	0	0	0	0	0	0	3.646164506704938e-12	0	0	0	0	0	0	0	8.86423645934867e-9	3.4562719240245617e-31	0	5.994932690231106e-95	5.994932690231106e-95	5.994932690231106e-95	0	0	0
7.762471166286928e-8	0	0	0	0	0	0	6.200303498507976e-12	0	0	0	0	0	0	0	1.50736359342629e-8	5.877391122346966e-31	0	5.594796716146653e-95	5.594796716146653e-95	5.594796716146653e-95	0	0	0
8.317637711026726e-8	0	0	0	0	0	0	1.0543617382846504e-11	0	0	0	0	0	0	0	2.5632721026872205e-8	9.99450482033319e-31	0	5.2213680974287435e-95	5.2213680974287435e-95	5.2213680974287435e-95	0	0	0
8.912509381337478e-8	0	0	0	0	0	0	1.7929423542348956e-11	0	0	0	0	0	0	0	4.3588447412873677e-8	1.699565751611382e-30	0	4.8728642329695746e-95	4.8728642329695746e-95	4.8728642329695746e-95	0	0	0
9.549925860214369e-8	0	0	0	0	0	0	3.048898844564723e-11	0	0	0	0	0	0	0	7.412216384959648e-8	2.8901119124718945e-30	0	4.547621502618693e-95	4.547621502618693e-95	4.547621502618693e-95	0	0	0
1.0232929922807557e-7	0	0	0	0	0	0	5.184653116388329e-11	0	0	0	0	0	0	0	1.2604475497156733e-7	4.914635905491227e-30	0	4.244087325715767e-95	4.244087325715767e-95	4.244087325715767e-95	0	0	0
1.0964781961431874e-7	0	0	0	0	0	0	8.816503697784175e-11	0	0	0	0	0	0	0	2.1433913192388186e-7	8.357339374752558e-30	0	3.9608127496822374e-95	3.9608127496822374e-95	3.9608127496822374e-95	0	0	0
1.1748975549395303e-7	0	0	0	0	0	0	1.499246636334045e-10	0	0	0	0	0	0	0	3.644837382106494e-7	1.42116573369655e-29	0	3.696445533292509e-95	3.696445533292509e-95	3.696445533292509e-95	0	0	0
1.2589254117941688e-7	0	0	0	0	0	0	2.549469215471319e-10	0	0	0	0	0	0	0	6.198046722853697e-7	2.416692624371395e-29	0	3.44972369160706e-95	3.44972369160706e-95	3.44972369160706e-95	0	0	0
1.3489628825916562e-7	0	0	0	0	0	0	4.3353729287192033e-10	0	0	0	0	0	0	0	1.0539779735378844e-6	4.1095863080653603e-29	0	3.219469471753559e-95	3.219469471753559e-95	3.219469471753559e-95	0	0	0
1.445439770745928e-7	0	0	0	0	0	0	7.372302562828208e-10	0	0	0	0	0	0	0	1.7922897622035447e-6	6.988352367662379e-29	0	3.004583730798631e-95	3.004583730798631e-95	3.004583730798631e-95	0	0	0
1.5488166189124826e-7	0	0	0	0	0	0	1.253660203435901e-9	0	0	0	0	0	0	0	3.0477891116804506e-6	1.1883694647991302e-28	0	2.8040406888724898e-95	2.8040406888724898e-95	2.8040406888724898e-95	0	0	0
1.659586907437563e-7	0	0	0	0	0	0	2.131849435484864e-9	0	0	0	0	0	0	0	5.182766015388688e-6	2.0208225209160656e-28	0	2.616883032500007e-95	2.616883032500007e-95	2.616883032500007e-95	0	0	0
1.7782794100389227e-7	0	0	0	0	0	0	3.625210406393496e-9	0	0	0	0	0	0	0	8.813294682143584e-6	3.4364091151835872e-28	0	2.442217344763307e-95	2.442217344763307e-95	2.442217344763307e-95	0	0	0
1.9054607179632522e-7	0	0	0	0	0	0	6.164671046590408e-9	0	0	0	0	0	0	0	0.000014987009431579575	5.843614411800826e-28	0	2.279209840481358e-95	2.279209840481358e-95	2.279209840481358e-95	0	0	0
2.0417379446695318e-7	0	0	0	0	0	0	1.0483024390983457e-8	0	0	0	0	0	0	0	0.000025485412641124345	9.937067517056136e-28	0	2.1270823860480542e-95	2.1270823860480542e-95	2.1270823860480542e-95	0	0	0
2.1877616239495564e-7	0	0	0	0	0	0	1.7826385147141724e-8	0	0	0	0	0	0	0	0.00004333794947241327	1.6897985370000363e-27	0	1.985108784928871e-95	1.985108784928871e-95	1.985108784928871e-95	0	0	0
2.3442288153199275e-7	0	0	0	0	0	0	3.031377163326648e-8	0	0	0	0	0	0	0	0.00007369619204998588	2.8735027620033082e-27	0	1.8526113110847566e-95	1.8526113110847566e-95	1.8526113110847566e-95	0	0	0
2.5118864315095823e-7	0	0	0	0	0	0	5.154857493815335e-8	0	0	0	0	0	0	0	0.00012532038983813828	4.886392041680695e-27	0	1.7289574737750045e-95	1.7289574737750045e-95	1.7289574737750045e-95	0	0	0
2.6915348039269196e-7	0	0	0	0	0	0	8.765836235430102e-8	0	0	0	0	0	0	0	0.0002131073488645188	8.309310678495493e-27	0	1.6135569982956223e-95	1.6135569982956223e-95	1.6135569982956223e-95	0	0	0
2.8840315031266115e-7	0	0	0	0	0	0	1.4906306333118256e-7	0	0	0	0	0	0	0	0.00036238909086320234	1.412998452903765e-26	0	1.5058590082404727e-95	1.5058590082404727e-95	1.5058590082404727e-95	0	0	0
3.090295432513592e-7	0	0	0	0	0	0	2.5348177005482075e-7	0	0	0	0	0	0	0	0.0006162427240373622	2.4028041616922995e-26	0	1.4053493958343144e-95	1.4053493958343144e-95	1.4053493958343144e-95	0	0	0
3.3113112148259143e-7	0	0	0	0	0	0	4.3104580245592915e-7	0	0	0	0	0	0	0	0.001047920879804748	4.0859689744043993e-26	0	1.3115483677848263e-95	1.3115483677848263e-95	1.3115483677848263e-95	0	0	0
3.5481338923357606e-7	0	0	0	0	0	0	7.329934763146342e-7	0	0	0	0	0	0	0	0.001781989673056383	6.948191086882517e-26	0	1.224008154938462e-95	1.224008154938462e-95	1.224008154938462e-95	0	0	0
3.8018939632056126e-7	0	0	0	0	0	0	1.2464555582228518e-6	0	0	0	0	0	0	0	0.003030273807953257	1.1815400381710293e-25	0	1.1423108748069114e-95	1.1423108748069114e-95	1.1423108748069114e-95	0	0	0
4.0738027780411303e-7	0	0	0	0	0	0	2.11959793480854e-6	0	0	0	0	0	0	0	0.00515298123777454	2.0092090795211012e-25	0	1.0660665367607223e-95	1.0660665367607223e-95	1.0660665367607223e-95	0	0	0
4.365158322401665e-7	0	0	0	0	0	0	3.6043767269570026e-6	0	0	0	0	0	0	0	0.008762645661644438	3.416660455687226e-25	0	9.949111803676973e-96	9.949111803676973e-96	9.949111803676973e-96	0	0	0
4.677351412871981e-7	0	0	0	0	0	0	6.129243370395381e-6	0	0	0	0	0	0	0	0.014900880761734828	5.810031812238771e-25	0	9.285051379891657e-96	9.285051379891657e-96	9.285051379891657e-96	0	0	0
5.011872336272736e-7	0	0	0	0	0	0	0.00001042277962027948	0	0	0	0	0	0	0	0.02533895082022261	9.879960299548462e-25	0	8.665314133404901e-96	8.665314133404901e-96	8.665314133404901e-96	0	0	0
5.370317963702533e-7	0	0	0	0	0	0	0.00001772393890208696	0	0	0	0	0	0	0	0.04308889111564683	1.6800874534805286e-24	0	8.086941682757087e-96	8.086941682757087e-96	8.086941682757087e-96	0	0	0
5.754399373371578e-7	0	0	0	0	0	0	0.00003013956177234118	0	0	0	0	0	0	0	0.04021341767920528	2.856989062467901e-24	0	7.547173105727504e-96	7.547173105727504e-96	7.547173105727504e-96	0	0	0
6.165950018614835e-7	0	0	0	0	0	0	0.00005125233103358521	0	0	0	0	0	0	0	0.037529834710807085	4.8583104922020945e-24	0	7.043431759779574e-96	7.043431759779574e-96	7.043431759779574e-96	0	0	0
6.606934480075964e-7	0	0	0	0	0	0	0.00008715459953325246	0	0	0	0	0	0	0	0.01922565874587466	8.261557997793494e-24	0	6.573312982184415e-96	6.573312982184415e-96	6.573312982184415e-96	0	0	0
7.079457843841387e-7	0	0	0	0	0	0	0.00014820641454969485	0	0	0	0	0	0	0	0.009848856438112206	1.4048781085617555e-23	0	6.134572611108297e-96	6.134572611108297e-96	6.134572611108297e-96	0	0	0
7.585775750291852e-7	0	0	0	0	0	0	0.0002520250386245609	0	0	0	0	0	0	0	0.005054787774295139	2.3889955144576708e-23	0	5.725116272868243e-96	5.725116272868243e-96	5.725116272868243e-96	0	0	0
8.128305161640995e-7	0	0	0	0	0	0	0.00042856863035716696	0	0	0	0	0	0	0	0.002594299105050424	4.062487366922886e-23	0	5.3429893842171356e-96	5.3429893842171356e-96	5.3429893842171356e-96	0	0	0
8.709635899560814e-7	0	0	0	0	0	0	0.0007287810446478687	0	0	0	0	0	0	0	0.0013584999062888768	6.908260608499147e-23	0	4.986367821933305e-96	4.986367821933305e-96	4.986367821933305e-96	0	0	0
9.332543007969924e-7	0	0	0	0	0	0	0.0012392923173013969	0	0	0	0	0	0	0	0.0007113759519070865	1.1747498594952543e-22	0	4.653549215174979e-96	4.653549215174979e-96	4.653549215174979e-96	0	0	0
1.e-6	0	0	0	0	0	0	0.0021074168421386227	0	0	0	0	0	0	0	0.00044288088161767284	1.9976623792772134e-22	0	4.342944819032518e-96	4.342944819032518e-96	4.342944819032518e-96	0	0	0
1.0715193052376091e-6	0	0	0	0	0	0	0.003583662776349973	0	0	0	0	0	0	0	0.00027572407357406376	3.397025289531919e-22	0	4.053071930486097e-96	4.053071930486097e-96	4.053071930486097e-96	0	0	0
1.148153621496884e-6	0	0	0	0	0	0	0.006094019293099906	0	0	0	0	0	0	0	0.0003016474829822878	5.776642208126748e-22	0	3.782546810565718e-96	3.782546810565718e-96	3.782546810565718e-96	0	0	0
1.2302687708123837e-6	0	0	0	0	0	0	0.010362881069545813	0	0	0	0	0	0	0	0.00033000819554882785	9.82318127084318e-22	0	3.530078078926396e-96	3.530078078926396e-96	3.530078078926396e-96	0	0	0
1.3182567385564101e-6	0	0	0	0	0	0	0.01762208140416436	0	0	0	0	0	0	0	0.0005238960360653439	1.670432178473778e-21	0	3.294460549307237e-96	3.294460549307237e-96	3.294460549307237e-96	0	0	0
1.4125375446227554e-6	0	0	0	0	0	0	0.02996635307603552	0	0	0	0	0	0	0	0.0008316976981390235	2.8405702653199967e-21	0	3.074569476447001e-96	3.074569476447001e-96	3.074569476447001e-96	0	0	0
1.5135612484362104e-6	0	0	0	0	0	0	0.015642644729793497	0	0	0	0	0	0	0	0.0014048147654409857	4.830390324252861e-21	0	2.869355186993315e-96	2.869355186993315e-96	2.869355186993315e-96	0	0	0
1.6218100973589331e-6	0	0	0	0	0	0	0.008165569347783645	0	0	0	0	0	0	0	0.002372862795721158	8.214079746415633e-21	0	2.6778380687756647e-96	2.6778380687756647e-96	2.6778380687756647e-96	0	0	0
1.7378008287493763e-6	0	0	0	0	0	0	0.004968062540668563	0	0	0	0	0	0	0	0.004032572453262371	1.3968044309319766e-20	0	2.499103894522801e-96	2.499103894522801e-96	2.499103894522801e-96	0	0	0
1.8620871366628694e-6	0	0	0	0	0	0	0.0030226484347589174	0	0	0	0	0	0	0	0.006853173567445624	2.3752662239767975e-20	0	2.332299457701913e-96	2.332299457701913e-96	2.332299457701913e-96	0	0	0
1.995262314968883e-6	0	0	0	0	0	0	0.0031770347078791976	0	0	0	0	0	0	0	0.011653172355201902	4.039140705617944e-20	0	2.1766284996467986e-96	2.1766284996467986e-96	2.1766284996467986e-96	0	0	0
2.1379620895022326e-6	0	0	0	0	0	0	0.0033393064899637573	0	0	0	0	0	0	0	0.01981511552328233	6.868559606116537e-20	0	2.0313479085326795e-96	2.0313479085326795e-96	2.0313479085326795e-96	0	0	0
2.2908676527677747e-6	0	0	0	0	0	0	0.005245354933416491	0	0	0	0	0	0	0	0.010386206460813029	1.1679987032181911e-19	0	1.895764172053095e-96	1.895764172053095e-96	1.895764172053095e-96	0	0	0
2.4547089156850335e-6	0	0	0	0	0	0	0.008239360016880465	0	0	0	0	0	0	0	0.0054439896916011424	1.986182036630388e-19	0	1.769230066865397e-96	1.769230066865397e-96	1.769230066865397e-96	0	0	0
2.6302679918953817e-6	0	0	0	0	0	0	0.013901312913235233	0	0	0	0	0	0	0	0.0034125960369768755	3.377502964484232e-19	0	1.651141569001482e-96	1.651141569001482e-96	1.651141569001482e-96	0	0	0
2.8183829312644606e-6	0	0	0	0	0	0	0.023454066859047495	0	0	0	0	0	0	0	0.0021392053202373266	5.743444490341521e-19	0	1.540934970495321e-96	1.540934970495321e-96	1.540934970495321e-96	0	0	0
3.0199517204020193e-6	0	0	0	0	0	0	0.01663314508871374	0	0	0	0	0	0	0	0.002366266946444671	9.766728544876662e-19	0	1.438084188463245e-96	1.438084188463245e-96	1.438084188463245e-96	0	0	0
3.2359365692962877e-6	0	0	0	0	0	0	0.011795886709322575	0	0	0	0	0	0	0	0.0026174295701617838	1.660832391254391e-18	0	1.342098253791473e-96	1.342098253791473e-96	1.342098253791473e-96	0	0	0
3.4673685045253236e-6	0	0	0	0	0	0	0.007650776672048448	0	0	0	0	0	0	0	0.0041666079018323945	2.824245825166096e-18	0	1.2525189674430232e-96	1.2525189674430232e-96	1.2525189674430232e-96	0	0	0
3.7153522909717276e-6	0	0	0	0	0	0	0.004962270758272162	0	0	0	0	0	0	0	0.006632698585482208	4.802630610391318e-18	0	1.1689187131960096e-96	1.1689187131960096e-96	1.1689187131960096e-96	0	0	0
3.981071705534978e-6	0	0	0	0	0	0	0.0057673547587077595	0	0	0	0	0	0	0	0.0064891523788486475	8.166874347247255e-18	0	1.0908984163722598e-96	1.0908984163722598e-96	1.0908984163722598e-96	0	0	0
4.265795188015934e-6	0	0	0	0	0	0	0.006703056429828985	0	0	0	0	0	0	0	0.006348712828302824	1.388777151826144e-17	0	1.0180856388120376e-96	1.0180856388120376e-96	1.0180856388120376e-96	0	0	0
4.570881896148752e-6	0	0	0	0	0	0	0.010792660628230874	0	0	0	0	0	0	0	0.005058887464477586	2.3616158341953695e-17	0	9.501328010009875e-97	9.501328010009875e-97	9.501328010009875e-97	0	0	0
4.897788193684467e-6	0	0	0	0	0	0	0.017377374732788647	0	0	0	0	0	0	0	0.004031107260696515	4.015928214968717e-17	0	8.867155228624625e-97	8.867155228624625e-97	8.867155228624625e-97	0	0	0
5.248074602497734e-6	0	0	0	0	0	0	0.01745866576885596	0	0	0	0	0	0	0	0.005642575941569956	6.829086760961835e-17	0	8.275310752948453e-97	8.275310752948453e-97	8.275310752948453e-97	0	0	0
5.623413251903491e-6	0	0	0	0	0	0	0.017540337082879495	0	0	0	0	0	0	0	0.007898242640877589	1.1612863450824398e-16	0	7.722969350620742e-97	7.722969350620742e-97	7.722969350620742e-97	0	0	0
6.0255958607435935e-6	0	0	0	0	0	0	0.021153017584710113	0	0	0	0	0	0	0	0.0103406119025921	1.9747676702309125e-16	0	7.207494361390135e-97	7.207494361390135e-97	7.207494361390135e-97	0	0	0
6.4565422903465625e-6	0	0	0	0	0	0	0.02550978073139733	0	0	0	0	0	0	0	0.013538233678289218	3.3580928320588916e-16	0	6.726425110737415e-97	6.726425110737415e-97	6.726425110737415e-97	0	0	0
6.9183097091893625e-6	0	0	0	0	0	0	0.021621148185014958	0	0	0	0	0	0	0	0.012901979249652905	5.710437556133493e-16	0	6.277465163584579e-97	6.277465163584579e-97	6.277465163584579e-97	0	0	0
7.413102413009192e-6	0	0	0	0	0	0	0.018325286828632263	0	0	0	0	0	0	0	0.012295626779246876	9.710600246422926e-16	0	5.858471362018578e-97	5.858471362018578e-97	5.858471362018578e-97	0	0	0
7.943282347242822e-6	0	0	0	0	0	0	0.017745388285340457	0	0	0	0	0	0	0	0.012910386971868764	1.6512877729403399e-15	0	5.467443594699853e-97	5.467443594699853e-97	5.467443594699853e-97	0	0	0
8.511380382023777e-6	0	0	0	0	0	0	0.01718384046821517	0	0	0	0	0	0	0	0.013555884116841116	2.8080151997470304e-15	0	5.102515249118596e-97	5.102515249118596e-97	5.102515249118596e-97	0	0	0
9.120108393559115e-6	0	0	0	0	0	0	0.024455129149678047	0	0	0	0	0	0	0	0.014216529365529933	4.775030428506198e-15	0	4.761944301122157e-97	4.761944301122157e-97	4.761944301122157e-97	0	0	0
9.772372209558111e-6	0	0	0	0	0	0	0.0348032410352991	0	0	0	0	0	0	0	0.01490937112319242	8.119940232237098e-15	0	4.444104999177982e-97	4.444104999177982e-97	4.444104999177982e-97	0	0	0
0.000010471285480509006	0	0	0	0	0	0	0.03089753660638061	0	0	0	0	0	0	0	0.018269452907891878	1.3807960045970467e-14	0	4.1474801036762573e-97	4.1474801036762573e-97	4.1474801036762573e-97	0	0	0
0.000011220184543019652	0	0	0	0	0	0	0.02743013983595305	0	0	0	0	0	0	0	0.022386786591855015	2.3480438916799873e-14	0	3.8706536442258156e-97	3.8706536442258156e-97	3.8706536442258156e-97	0	0	0
0.000012022644346174132	0	0	0	0	0	0	0.02913291262019697	0	0	0	0	0	0	0	0.025294854134197204	3.992849123911487e-14	0	3.612304160369293e-97	3.612304160369293e-97	3.612304160369293e-97	0	0	0
0.000012882495516931348	0	0	0	0	0	0	0.030941387933560223	0	0	0	0	0	0	0	0.028580682763246497	6.789840761840899e-14	0	3.371198393451505e-97	3.371198393451505e-97	3.371198393451505e-97	0	0	0
0.000013803842646028866	0	0	0	0	0	0	0.0325115059339249	0	0	0	0	0	0	0	0.032278975661970966	1.1546125621194503e-13	0	3.146185399528522e-97	3.146185399528522e-97	3.146185399528522e-97	0	0	0
0.000014791083881682102	0	0	0	0	0	0	0.03416129943366776	0	0	0	0	0	0	0	0.03645582152173006	1.9634189009206635e-13	0	2.936191055214691e-97	2.936191055214691e-97	2.936191055214691e-97	0	0	0
0.00001584893192461114	0	0	0	0	0	0	0.036806965026240146	0	0	0	0	0	0	0	0.037804384568483264	3.3387942474972375e-13	0	2.74021293024077e-97	2.74021293024077e-97	2.74021293024077e-97	0	0	0
0.00001698243652461746	0	0	0	0	0	0	0.039657527579518397	0	0	0	0	0	0	0	0.03920283326354075	5.677620309091355e-13	0	2.557315502246722e-97	2.557315502246722e-97	2.557315502246722e-97	0	0	0
0.000018197008586099864	0	0	0	0	0	0	0.03570767315958449	0	0	0	0	0	0	0	0.0404005814415426	9.654794511033242e-13	0	2.386625690966569e-97	2.386625690966569e-97	2.386625690966569e-97	0	0	0
0.000019498445997580493	0	0	0	0	0	0	0.03215122072133972	0	0	0	0	0	0	0	0.041634923931192024	1.6417980064820357e-12	0	2.22732869048714e-97	2.22732869048714e-97	2.22732869048714e-97	0	0	0
0.00002089296130854041	0	0	0	0	0	0	0.03499774728510252	0	0	0	0	0	0	0	0.04180456405327262	2.791877849919944e-12	0	2.0786640796856563e-97	2.0786640796856563e-97	2.0786640796856563e-97	0	0	0
0.000022387211385683423	0	0	0	0	0	0	0.03809629269282929	0	0	0	0	0	0	0	0.041974895368426385	4.7475888617844404e-12	0	1.939922192278857e-97	1.939922192278857e-97	1.939922192278857e-97	0	0	0
0.000023988329190194948	0	0	0	0	0	0	0.04039962121366285	0	0	0	0	0	0	0	0.040454561932985696	8.073275842345806e-12	0	1.8104407291557697e-97	1.8104407291557697e-97	1.8104407291557697e-97	0	0	0
0.000025703957827688645	0	0	0	0	0	0	0.04284221058902824	0	0	0	0	0	0	0	0.038989295073283615	1.3728607241299199e-11	0	1.689601596822665e-97	1.689601596822665e-97	1.689601596822665e-97	0	0	0
0.00002754228703338169	0	0	0	0	0	0	0.04899108910254629	0	0	0	0	0	0	0	0.039617053209751056	2.3345499456028266e-11	0	1.576827956868215e-97	1.576827956868215e-97	1.576827956868215e-97	0	0	0
0.0000295120922666639	0	0	0	0	0	0	0.05602247826278856	0	0	0	0	0	0	0	0.04025491874306072	3.96990266581365e-11	0	1.471581472364193e-97	1.471581472364193e-97	1.471581472364193e-97	0	0	0
0.000031622776601683856	0	0	0	0	0	0	0.05469433298199356	0	0	0	0	0	0	0	0.03973705992684607	6.750820305095257e-11	0	1.373359738057051e-97	1.373359738057051e-97	1.373359738057051e-97	0	0	0
0.000033884415613920276	0	0	0	0	0	0	0.05339767452473064	0	0	0	0	0	0	0	0.03922586309783451	1.1479771326419595e-10	0	1.2816938820831735e-97	1.2816938820831735e-97	1.2816938820831735e-97	0	0	0
0.000036307805477010174	0	0	0	0	0	0	0.0515430643209025	0	0	0	0	0	0	0	0.04108730658915453	1.9521353517205224e-10	0	1.1961463277593126e-97	1.1961463277593126e-97	1.1961463277593126e-97	0	0	0
0.00003890451449942813	0	0	0	0	0	0	0.04975286851411996	0	0	0	0	0	0	0	0.04303708393976337	3.3196065697463856e-10	0	1.1163087047639051e-97	1.1163087047639051e-97	1.1163087047639051e-97	0	0	0
0.00004168693834703355	0	0	0	0	0	0	0.051530758491350664	0	0	0	0	0	0	0	0.04490738157959541	5.644991659103619e-10	0	1.0417998997380344e-97	1.0417998997380344e-97	1.0417998997380344e-97	0	0	0
0.00004466835921509635	0	0	0	0	0	0	0.053372180338512154	0	0	0	0	0	0	0	0.04685895826859457	9.59930948497407e-10	0	9.722642370003943e-98	9.722642370003943e-98	9.722642370003943e-98	0	0	0
0.0000478630092322639	0	0	0	0	0	0	0.05432303233999581	0	0	0	0	0	0	0	0.050894205619442086	1.6323627766519808e-9	0	9.073697806917226e-98	9.073697806917226e-98	9.073697806917226e-98	0	0	0
0.00005128613839913659	7.816815583557064e-23	7.816815583557064e-23	0	0	0	0	0.05529082424393385	0	0	0	0	0	0	0	0.0552769472762698	2.7758332396406354e-9	0	8.468067502437719e-98	8.468067502437719e-98	8.468067502437719e-98	0	0	0
0.00005495408738576248	1.3292496518134403e-22	1.3292496518134403e-22	0	0	0	0	0.05643749407456054	0	0	0	0	0	0	0	0.05878120019782698	4.720304998682655e-9	0	7.902860416089249e-98	7.902860416089249e-98	7.902860416089249e-98	0	0	0
0.00005888436553555896	2.260389308100027e-22	2.260389308100027e-22	0	0	0	0	0.057607944554480636	0	0	0	0	0	0	0	0.06250760338533287	8.026879627492972e-9	0	7.375378471913585e-98	7.375378471913585e-98	7.375378471913585e-98	0	0	0
0.00006309573444801943	3.8437924863867857e-22	3.8437924863867857e-22	0	0	0	0	0.06071095295402334	0	0	0	0	0	0	0	0.06531142303687584	1.3649710468336413e-8	0	6.883103678918889e-98	6.883103678918889e-98	6.883103678918889e-98	0	0	0
0.00006760829753919819	6.5363699188715e-22	6.5363699188715e-22	0	0	0	0	0.06398110255608813	0	0	0	0	0	0	0	0.0682410098625325	2.321133547727149e-8	0	6.423686111182654e-98	6.423686111182654e-98	6.423686111182654e-98	0	0	0
0.00007244359600749906	1.1115098400249139e-21	1.1115098400249139e-21	0	0	0	0	0.06749249502261509	0	0	0	0	0	0	0	0.06905334374221674	3.947088078448432e-8	0	5.994932690231107e-98	5.994932690231107e-98	5.994932690231107e-98	0	0	0
0.00007762471166286927	1.890122713075503e-21	1.890122713075503e-21	0	0	0	0	0.07119659872044996	0	0	0	0	0	0	0	0.06987534755986713	6.712024094557456e-8	0	5.594796716146654e-98	5.594796716146654e-98	5.594796716146654e-98	0	0	0
0.00008317637711026725	3.214154064892224e-21	3.214154064892224e-21	0	0	0	0	0.07558798377508265	0	0	0	0	0	0	0	0.07448251902148326	1.1413798362368393e-7	0	5.221368097428743e-98	5.221368097428743e-98	5.221368097428743e-98	0	0	0
0.00008912509381337459	5.46566965276748e-21	5.46566965276748e-21	0	0	0	0	0.0802502281550858	0	0	0	0	0	0	0	0.079393460405082	1.9409166478177736e-7	0	4.8728642329695846e-98	4.8728642329695846e-98	4.8728642329695846e-98	0	0	0
0.00009549925860214369	9.294372376074884e-21	9.294372376074884e-21	0	0	0	0	0.08313865811995941	0	0	0	0	0	0	0	0.08456378707487164	3.3005291614371816e-7	0	4.5476215026186924e-98	4.5476215026186924e-98	4.5476215026186924e-98	0	0	0
0.00010232929922807557	1.5805082149706165e-20	1.5805082149706165e-20	0	0	0	0	0.08613105075078174	0	0	0	0	0	0	0	0.09007082003931023	5.612550522324235e-7	0	4.2440873257157674e-98	4.2440873257157674e-98	4.2440873257157674e-98	0	0	0
0.00010964781961431851	2.6876545467661846e-20	2.6876545467661846e-20	0	0	0	0	0.08866104924243788	0	0	0	0	0	0	0	0.09203157924683911	9.544143325164618e-7	0	3.960812749682246e-98	3.960812749682246e-98	3.960812749682246e-98	0	0	0
0.00011748975549395303	4.570357113194267e-20	4.570357113194267e-20	0	0	0	0	0.09126536346938302	0	0	0	0	0	0	0	0.09403502238539256	1.6229817700342385e-6	0	3.69644553329251e-98	3.69644553329251e-98	3.69644553329251e-98	0	0	0
0.00012589254117941688	7.771893217176594e-20	7.771893217176594e-20	0	0	0	0	0.09290743337647056	0	0	0	0	0	0	0	0.0951701083283567	2.7598808359451177e-6	0	3.4497236916070595e-98	3.4497236916070595e-98	3.4497236916070595e-98	0	0	0
0.0001348962882591656	1.3216106024804437e-19	1.3216106024804437e-19	0	0	0	0	0.09457904782792009	0	0	0	0	0	0	0	0.09631889576322478	4.69317793289589e-6	0	3.2194694717535596e-98	3.2194694717535596e-98	3.2194694717535596e-98	0	0	0
0.0001445439770745928	2.2473991031277225e-19	2.2473991031277225e-19	0	0	0	0	0.0968891314399835	0	0	0	0	0	0	0	0.1016233670355492	7.980750046506381e-6	0	3.004583730798631e-98	3.004583730798631e-98	3.004583730798631e-98	0	0	0
0.00015488166189124827	3.8217026401420215e-19	3.8217026401420215e-19	0	0	0	0	0.0992556386090317	0	0	0	0	0	0	0	0.10721996598703692	0.000013571267106318682	0	2.80404068887249e-98	2.80404068887249e-98	2.80404068887249e-98	0	0	0
0.00016595869074375631	6.498806130759163e-19	6.498806130759163e-19	0	0	0	0	0.1022037125885487	0	0	0	0	0	0	0	0.11249030179787796	0.000023077942523920726	0	2.6168830325000064e-98	2.6168830325000064e-98	2.6168830325000064e-98	0	0	0
0.00017782794100389227	1.1051221170787399e-18	1.1051221170787399e-18	0	0	0	0	0.10523934975651993	0	0	0	0	0	0	0	0.1180196979367397	0.000039244046039695194	0	2.442217344763307e-98	2.442217344763307e-98	2.442217344763307e-98	0	0	0
0.00019054607179632481	1.8792603888830382e-18	1.8792603888830382e-18	0	0	0	0	0.11166232711847301	0	0	0	0	0	0	0	0.12214438923517416	0.00006673450841509782	0	2.279209840481363e-98	2.279209840481363e-98	2.279209840481363e-98	0	0	0
0.00020417379446695317	3.1956826803542153e-18	3.1956826803542153e-18	0	0	0	0	0.11847731220650622	0	0	0	0	0	0	0	0.12641323509937052	0.00011348204537575146	0	2.1270823860480538e-98	2.1270823860480538e-98	2.1270823860480538e-98	0	0	0
0.00021877616239495564	5.434259059536548e-18	5.434259059536548e-18	0	0	0	0	0.12555654859034066	0	0	0	0	0	0	0	0.12720352444593694	0.0001060996656526005	0	1.985108784928871e-98	1.985108784928871e-98	1.985108784928871e-98	0	0	0
0.00023442288153199226	9.240958655782997e-18	9.240958655782997e-18	0	0	0	0	0.13305878231303167	0	0	0	0	0	0	0	0.12799875439267722	0.00009919753397394292	0	1.852611311084761e-98	1.852611311084761e-98	1.852611311084761e-98	0	0	0
0.0002511886431509582	1.5714252107291445e-17	1.5714252107291445e-17	0	0	0	0	0.13459797318181146	0	0	0	0	0	0	0	0.13345201404490506	0.00005210836260879583	0	1.7289574737750044e-98	1.7289574737750044e-98	1.7289574737750044e-98	0	0	0
0.00026915348039269194	2.6722088961731243e-17	2.6722088961731243e-17	0	0	0	0	0.13615496902737947	0	0	0	0	0	0	0	0.1391376044020348	0.00002737246930435799	0	1.613556998295623e-98	1.613556998295623e-98	1.613556998295623e-98	0	0	0
0.00028840315031266115	4.544091781163168e-17	4.544091781163168e-17	0	0	0	0	0.14168566125935822	0	0	0	0	0	0	0	0.14205581034324152	0.000017418725943558736	0	1.5058590082404723e-98	1.5058590082404723e-98	1.5058590082404723e-98	0	0	0
0.0003090295432513592	7.727229014619763e-17	7.727229014619763e-17	0	0	0	0	0.14744101335342877	0	0	0	0	0	0	0	0.1450352213479668	0.000011084568590547506	0	1.4053493958343142e-98	1.4053493958343142e-98	1.4053493958343142e-98	0	0	0
0.0003311311214825914	1.3140154539109936e-16	1.3140154539109936e-16	0	0	0	0	0.1504534841980507	0	0	0	0	0	0	0	0.14851104943509894	0.000012544590740333997	0	1.311548367784826e-98	1.311548367784826e-98	1.311548367784826e-98	0	0	0
0.000354813389233576	2.234483551412982e-16	2.234483551412982e-16	0	0	0	0	0.15352750494919648	0	0	0	0	0	0	0	0.15207017715647866	0.00001419692210454385	0	1.2240081549384622e-98	1.2240081549384622e-98	1.2240081549384622e-98	0	0	0
0.00038018939632056124	3.7997397417772385e-16	3.7997397417772385e-16	0	0	0	0	0.15775001772085956	0	0	0	0	0	0	0	0.1589508523479035	0.000022722853582862443	0	1.1423108748069114e-98	1.1423108748069114e-98	1.1423108748069114e-98	0	0	0
0.00040738027780411304	6.461458217542874e-16	6.461458217542874e-16	0	0	0	0	0.1620886635210168	0	0	0	0	0	0	0	0.16614285545368493	0.00003636901513906038	0	1.0660665367607227e-98	1.0660665367607227e-98	1.0660665367607227e-98	0	0	0
0.00043651583224016654	1.0987711036631301e-15	1.0987711036631301e-15	0	0	0	0	0.16947607632668268	0	0	0	0	0	0	0	0.17171789693360556	0.00006148314706024341	0	9.949111803676972e-99	9.949111803676972e-99	9.949111803676972e-99	0	0	0
0.00046773514128719906	1.86846048925499e-15	1.86846048925499e-15	0	0	0	0	0.17720018058735745	0	0	0	0	0	0	0	0.1774800128887901	0.00010393950339258881	0	9.285051379891639e-99	9.285051379891639e-99	9.285051379891639e-99	0	0	0
0.0005011872336272725	3.177317448800772e-15	3.177317448800772e-15	0	0	0	0	0.18402104720011028	0	0	0	0	0	0	0	0.1846855915933043	0.00008109999376632587	0	8.665314133404918e-99	8.665314133404918e-99	8.665314133404918e-99	0	0	0
0.0005370317963702533	5.403028979477764e-15	5.403028979477764e-15	0	0	0	0	0.19110446558450764	0	0	0	0	0	0	0	0.1921837123346476	0.00006327920351952646	0	8.086941682757088e-99	8.086941682757088e-99	8.086941682757088e-99	0	0	0
0.0005754399373371578	9.187851898177604e-15	9.187851898177604e-15	0	0	0	0	0.19707701393400767	0	0	0	0	0	0	0	0.1991816029968015	0.00008740838593703304	0	7.547173105727504e-99	7.547173105727504e-99	7.547173105727504e-99	0	0	0
0.0006165950018614823	1.5623944054988948e-14	1.5623944054988948e-14	0	0	0	0	0.20323622110216966	0	0	0	0	0	0	0	0.2064343043977245	0.00012073833909365891	0	7.043431759779587e-99	7.043431759779587e-99	7.043431759779587e-99	0	0	0
0.0006606934480075965	2.6568520100094706e-14	2.6568520100094706e-14	0	0	0	0	0.21037866731306704	0	0	0	0	0	0	0	0.21186027488765172	0.000135940750086512	0	6.573312982184415e-99	6.573312982184415e-99	6.573312982184415e-99	0	0	0
0.0007079457843841388	4.5179773930625034e-14	4.5179773930625034e-14	0	0	0	0	0.21777212457700837	0	0	0	0	0	0	0	0.21742886293256072	0.0001530573277121884	0	6.1345726111082965e-99	6.1345726111082965e-99	6.1345726111082965e-99	0	0	0
0.0007585775750291852	7.682821492248331e-14	7.682821492248331e-14	0	0	0	0	0.22405148459636268	0	0	0	0	0	0	0	0.22249306502839594	0.00016062529354823413	0	5.725116272868242e-99	5.725116272868242e-99	5.725116272868242e-99	0	0	0
0.0008128305161640995	1.30646395381236e-13	1.30646395381236e-13	0	0	0	0	0.23051190710169578	0	0	0	0	0	0	0	0.22767521900293627	0.00016856745974274488	0	5.342989384217135e-99	5.342989384217135e-99	5.342989384217135e-99	0	0	0
0.0008709635899560814	2.2216422239318965e-13	2.2216422239318965e-13	0	0	0	0	0.2370180534759156	0	0	0	0	0	0	0	0.23653047958089293	0.00013409292177976581	0	4.9863678219333054e-99	4.9863678219333054e-99	4.9863678219333054e-99	0	0	0
0.0009332543007969925	3.777903061737229e-13	3.777903061737229e-13	0	0	0	0	0.2437078343581094	0	0	0	0	0	0	0	0.24573015902115228	0.0001066689365721929	0	4.6535492151749785e-99	4.6535492151749785e-99	4.6535492151749785e-99	0	0	0
0.001	6.424324938613902e-13	6.424324938613902e-13	0	0	0	0	0.25042923744716916	0	0	0	0	0	0	0	0.2548977301702223	0.00010752306200433482	0	4.3429448190325184e-99	4.3429448190325184e-99	4.3429448190325184e-99	0	0	0
0.001071519305237607	1.092456588812484e-12	1.092456588812484e-12	0	0	0	0	0.2573360152067013	0	0	0	0	0	0	0	0.2644073202277895	0.00010838402663706592	0	4.053071930486105e-99	4.053071930486105e-99	4.053071930486105e-99	0	0	0
0.001148153621496884	1.8577226554441875e-12	1.8577226554441875e-12	0	0	0	0	0.2659379375332455	0	0	0	0	0	0	0	0.2715205520114357	0.00011109105425732714	0	3.782546810565719e-99	3.782546810565719e-99	3.782546810565719e-99	0	0	0
0.0012302687708123836	3.159057760182522e-12	3.159057760182522e-12	0	0	0	0	0.27482739469105844	0	0	0	0	0	0	0	0.27882514788577417	0.00011386569330303803	0	3.530078078926396e-99	3.530078078926396e-99	3.530078078926396e-99	0	0	0
0.0013182567385564075	5.3719783752020936e-12	5.3719783752020936e-12	0	0	0	0	0.2842790464597723	0	0	0	0	0	0	0	0.28690353398194635	0.0001362041463400826	0	3.294460549307244e-99	3.294460549307244e-99	3.294460549307244e-99	0	0	0
0.0014125375446227555	9.135050339178462e-12	9.135050339178462e-12	0	0	0	0	0.29405575214553736	0	0	0	0	0	0	0	0.29521597472639494	0.00016292501228494128	0	3.0745694764470014e-99	3.0745694764470014e-99	3.0745694764470014e-99	0	0	0
0.0015135612484362103	1.5534154992979694e-11	1.5534154992979694e-11	0	0	0	0	0.30241835027029107	0	0	0	0	0	0	0	0.30179393310839825	0.00017293327848906152	0	2.8693551869933153e-99	2.8693551869933153e-99	2.8693551869933153e-99	0	0	0
0.0016218100973589332	2.6415833781559378e-11	2.6415833781559378e-11	0	0	0	0	0.3110187708041828	0	0	0	0	0	0	0	0.3085184605794068	0.00018355633913761865	0	2.677838068775664e-99	2.677838068775664e-99	2.677838068775664e-99	0	0	0
0.0017378008287493763	4.4920130814345544e-11	4.4920130814345544e-11	0	0	0	0	0.3202749243480338	0	0	0	0	0	0	0	0.3184380473608096	0.00019822485897948196	0	2.4991038945228017e-99	2.4991038945228017e-99	2.4991038945228017e-99	0	0	0
0.0018620871366628695	7.638669174949672e-11	7.638669174949672e-11	0	0	0	0	0.3298065480128865	0	0	0	0	0	0	0	0.3286765719514082	0.0002140655828180142	0	2.3322994577019125e-99	2.3322994577019125e-99	2.3322994577019125e-99	0	0	0
0.001995262314968883	1.2989558513416576e-10	1.2989558513416576e-10	0	0	0	0	0.3385661750478951	0	0	0	0	0	0	0	0.3384221825627888	0.0002272046933522786	0	2.176628499646799e-99	2.176628499646799e-99	2.176628499646799e-99	0	0	0
0.0021379620895022326	2.2088746941260416e-10	2.2088746941260416e-10	0	0	0	0	0.34755845685053843	0	0	0	0	0	0	0	0.34845676091417166	0.000241150268070831	0	2.03134790853268e-99	2.03134790853268e-99	2.03134790853268e-99	0	0	0
0.0022908676527677745	3.756191874659114e-10	3.756191874659114e-10	0	0	0	0	0.3553567795049776	0	0	0	0	0	0	0	0.35737853156568705	0.00024351219488974262	0	1.8957641720530955e-99	1.8957641720530955e-99	1.8957641720530955e-99	0	0	0
0.0024547089156850338	6.387405060492896e-10	6.387405060492896e-10	0	0	0	0	0.36333007657026595	0	0	0	0	0	0	0	0.3665287322564121	0.0002458972554100704	0	1.7692300668653968e-99	1.7692300668653968e-99	1.7692300668653968e-99	0	0	0
0.002630267991895387	1.0861783627736683e-9	1.0861783627736683e-9	0	0	0	0	0.3732598443447162	0	0	0	0	0	0	0	0.3763697630985946	0.00026834797246502886	0	1.6511415690014787e-99	1.6511415690014787e-99	1.6511415690014787e-99	0	0	0
0.002818382931264455	1.84704653076539e-9	1.84704653076539e-9	0	0	0	0	0.38346099149129304	0	0	0	0	0	0	0	0.38647501848721455	0.0002928484671616332	0	1.5409349704953239e-99	1.5409349704953239e-99	1.5409349704953239e-99	0	0	0
0.003019951720402019	3.1409030079559876e-9	3.1409030079559876e-9	0	0	0	0	0.3924782451852546	0	0	0	0	0	0	0	0.3955229674582173	0.00029745178759461925	0	1.4380841884632448e-99	1.4380841884632448e-99	1.4380841884632448e-99	0	0	0
0.0032359365692962876	5.341106215282461e-9	5.341106215282461e-9	0	0	0	0	0.40170754356168814	0	0	0	0	0	0	0	0.4047827422308005	0.0003021274681775962	0	1.342098253791473e-99	1.342098253791473e-99	1.342098253791473e-99	0	0	0
0.0034673685045253167	9.082552224843574e-9	9.082552224843574e-9	0	0	0	0	0.4106613570874971	0	0	0	0	0	0	0	0.41334765910164784	0.0002822070350022328	0	1.2525189674430257e-99	1.2525189674430257e-99	1.2525189674430257e-99	0	0	0
0.003715352290971728	1.5444881938684594e-8	1.5444881938684594e-8	0	0	0	0	0.41981474559749526	0	0	0	0	0	0	0	0.42209380356288206	0.00026360003307589614	0	1.1689187131960094e-99	1.1689187131960094e-99	1.1689187131960094e-99	0	0	0
0.003981071705534978	2.6264024934248483e-8	2.6264024934248483e-8	0	0	0	0	0.4296238086918045	0	0	0	0	0	0	0	0.4309445448550809	0.0002436218588113529	0	1.0908984163722598e-99	1.0908984163722598e-99	1.0908984163722598e-99	0	0	0
0.004265795188015935	4.466197983806502e-8	4.466197983806502e-8	0	0	0	0	0.43966206268471175	0	0	0	0	0	0	0	0.43998087432876964	0.00022515782489909817	0	1.0180856388120374e-99	1.0180856388120374e-99	1.0180856388120374e-99	0	0	0
0.004570881896148752	7.594770596088598e-8	7.594770596088598e-8	0	0	0	0	0.4487487862053618	0	0	0	0	0	0	0	0.44860430563797205	0.0002366735461095049	0	9.501328010009873e-100	9.501328010009873e-100	9.501328010009873e-100	0	0	0
0.004897788193684466	1.2914908970975076e-7	1.2914908970975076e-7	0	0	0	0	0.4580233097464114	0	0	0	0	0	0	0	0.4573967524018993	0.0002487782401217913	0	8.867155228624628e-100	8.867155228624628e-100	8.867155228624628e-100	0	0	0
0.005248074602497733	2.1961805378884505e-7	2.1961805378884505e-7	0	0	0	0	0.4657080202575019	0	0	0	0	0	0	0	0.46645912640163006	0.0002483538227129425	0	8.275310752948455e-100	8.275310752948455e-100	8.275310752948455e-100	0	0	0
0.005623413251903491	3.7346054593490566e-7	3.7346054593490566e-7	0	0	0	0	0.4735216647647074	0	0	0	0	0	0	0	0.4757010526655165	0.0002479301293631466	0	7.722969350620742e-100	7.722969350620742e-100	7.722969350620742e-100	0	0	0
0.0060255958607435805	6.350697356789126e-7	6.350697356789126e-7	0	0	0	0	0.47986009448740446	0	0	0	0	0	0	0	0.48214148801866075	0.0002652619754504896	0	7.20749436139015e-100	7.20749436139015e-100	7.20749436139015e-100	0	0	0
0.006456542290346563	1.0799362169988938e-6	1.0799362169988938e-6	0	0	0	0	0.4862833686730672	0	0	0	0	0	0	0	0.4886691193267133	0.0002838054245389151	0	6.726425110737414e-100	6.726425110737414e-100	6.726425110737414e-100	0	0	0
0.006918309709189377	1.8364317605831167e-6	1.8364317605831167e-6	0	0	0	0	0.49130232625151654	0	0	0	0	0	0	0	0.4947228925155866	0.0002905797708943239	0	6.277465163584566e-100	6.277465163584566e-100	6.277465163584566e-100	0	0	0
0.007413102413009177	3.1228525890633996e-6	3.1228525890633996e-6	0	0	0	0	0.4963730847690821	0	0	0	0	0	0	0	0.5008516615828011	0.0002975158187697703	0	5.858471362018592e-100	5.858471362018592e-100	5.858471362018592e-100	0	0	0
0.00794328234724282	2.9153982459387937e-6	2.9153982459387937e-6	0	0	0	0	0.5012212560515358	0	0	0	0	0	0	0	0.5055397472167052	0.0003286917525731103	0	5.467443594699854e-100	5.467443594699854e-100	5.467443594699854e-100	0	0	0
0.008511380382023776	2.7217253104386913e-6	2.7217253104386913e-6	0	0	0	0	0.5061167803543387	0	0	0	0	0	0	0	0.5102717143999713	0.00036313453401006255	0	5.102515249118596e-100	5.102515249118596e-100	5.102515249118596e-100	0	0	0
0.009120108393559097	1.4007374066994884e-6	1.4007374066994884e-6	0	0	0	0	0.5097993065071846	0	0	0	0	0	0	0	0.5127683968166564	0.00039950383205587374	0	4.761944301122167e-100	4.761944301122167e-100	4.761944301122167e-100	0	0	0
0.009772372209558112	7.208902658185309e-7	7.208902658185309e-7	0	0	0	0	0.5135086268691793	0	0	0	0	0	0	0	0.5152772951232566	0.00043951565295881627	0	4.444104999177982e-100	4.444104999177982e-100	4.444104999177982e-100	0	0	0
0.010471285480509006	3.8822212178445726e-7	3.8822212178445726e-7	0	0	0	0	0.5153568955117381	0	0	0	0	0	0	0	0.5166489142826128	0.0004415655528369226	0	4.1474801036762566e-100	4.1474801036762566e-100	4.1474801036762566e-100	0	0	0
0.011220184543019653	2.090698445923634e-7	2.090698445923634e-7	3.870653644225815e-100	3.870653644225815e-100	0	0	0.5172118166169748	0	0	0	0	0	0	0	0.5180241845617369	0.00044362501344280244	0	3.870653644225815e-100	3.870653644225815e-100	3.870653644225815e-100	0	0	0
0.012022644346174132	1.5340532907777509e-7	1.5340532907777509e-7	3.6123041603692935e-100	3.6123041603692935e-100	0	0	0.5169428454568984	0	0	0	0	0	0	0	0.5174913077560914	0.00044742956619720414	0	3.6123041603692935e-100	3.6123041603692935e-100	3.6123041603692935e-100	0	0	0
0.01288249551693135	1.125614027950543e-7	1.125614027950543e-7	3.371198393451505e-100	3.371198393451505e-100	0	0	0.5166740141727539	0	0	0	0	0	0	0	0.5169589791057221	0.0004512667470073341	0	3.371198393451505e-100	3.371198393451505e-100	3.371198393451505e-100	0	0	0
0.013803842646028866	1.4869440759983378e-7	1.4869440759983378e-7	3.146185399528522e-100	3.146185399528522e-100	0	0	0.5141692373831109	0	0	0	0	0	0	0	0.5150902663210069	0.00045919800830249483	0	3.146185399528522e-100	3.146185399528522e-100	3.146185399528522e-100	0	0	0
0.014791083881682071	1.9642636198948451e-7	1.9642636198948451e-7	2.936191055214697e-100	2.936191055214697e-100	0	0	0.5116766034661386	0	0	0	0	0	0	0	0.5132283085934882	0.00046726866587745974	0	2.936191055214697e-100	2.936191055214697e-100	2.936191055214697e-100	0	0	0
0.01584893192461114	3.23914757699461e-7	3.23914757699461e-7	2.7402129302407697e-100	2.7402129302407697e-100	0	0	0.506931945177694	0	0	0	0	0	0	0	0.5086457909177737	0.0004916503594627794	0	2.7402129302407697e-100	2.7402129302407697e-100	2.7402129302407697e-100	0	0	0
0.01698243652461746	5.341481112454631e-7	5.341481112454631e-7	2.557315502246722e-100	2.557315502246722e-100	0	0	0.5022312830034389	0	0	0	0	0	0	0	0.5041041896683295	0.0005173042697095179	0	2.557315502246722e-100	2.557315502246722e-100	2.557315502246722e-100	0	0	0
0.018197008586099864	9.057036267099552e-7	9.057036267099552e-7	2.3866256909665693e-100	2.3866256909665693e-100	0	0	0.4950428333898624	0	0	0	0	0	0	0	0.4977735481720038	0.0005287459604104449	0	2.3866256909665693e-100	2.3866256909665693e-100	2.3866256909665693e-100	0	0	0
0.019498445997580455	1.5357146120443539e-6	1.5357146120443539e-6	2.2273286904871448e-100	2.2273286904871448e-100	0	0	0.48795727224539515	0	0	0	0	0	0	0	0.4915224081410031	0.0005404407174279697	0	2.2273286904871448e-100	2.2273286904871448e-100	2.2273286904871448e-100	0	0	0
0.02089296130854041	1.7699980513617223e-6	1.7699980513617223e-6	2.0786640796856566e-100	2.0786640796856566e-100	0	0	0.47914475768745257	0	0	0	0	0	0	0	0.48315486800069857	0.0005405154133031475	0	2.0786640796856566e-100	2.0786640796856566e-100	2.0786640796856566e-100	0	0	0
0.022387211385683423	2.0400229816487453e-6	2.0400229816487453e-6	1.9399221922788574e-100	1.9399221922788574e-100	0	0	0.47049139725478095	0	0	0	0	0	0	0	0.47492977452577434	0.0005405901195022585	0	1.9399221922788574e-100	1.9399221922788574e-100	1.9399221922788574e-100	0	0	0
0.02398832919019495	2.5471533119335303e-6	2.5471533119335303e-6	1.8104407291557695e-100	1.8104407291557695e-100	0	0	0.45958389298281327	0	0	0	0	0	0	0	0.4637205056103549	0.0005694569549666078	0	1.8104407291557695e-100	1.8104407291557695e-100	1.8104407291557695e-100	0	0	0
0.025703957827688646	3.1803514239091143e-6	3.1803514239091143e-6	1.6896015968226654e-100	1.6896015968226654e-100	0	0	0.44892925975192605	0	0	0	0	0	0	0	0.45277579730233025	0.0005998652432982285	0	1.6896015968226654e-100	1.6896015968226654e-100	1.6896015968226654e-100	0	0	0
0.02754228703338169	2.733969650022401e-6	2.733969650022401e-6	1.576827956868215e-100	1.576827956868215e-100	0	0	0.43698224334999136	0	0	0	0	0	0	0	0.4406718496508932	0.0006136520812084766	0	1.576827956868215e-100	1.576827956868215e-100	1.576827956868215e-100	0	0	0
0.0295120922666639	2.3502402882434466e-6	2.3502402882434466e-6	1.4715814723641934e-100	1.4715814723641934e-100	0	0	0.42535316390094546	0	0	0	0	0	0	0	0.42889147395189187	0.0006277557851176916	0	1.4715814723641934e-100	1.4715814723641934e-100	1.4715814723641934e-100	0	0	0
0.03162277660168379	2.074365195614992e-6	2.074365195614992e-6	1.373359738057054e-100	1.373359738057054e-100	0	0	0.41240595331352276	0	0	0	0	0	0	0	0.41617126252044845	0.0006357559415181903	0	1.373359738057054e-100	1.373359738057054e-100	1.373359738057054e-100	0	0	0
0.03388441561392028	1.8308727776915308e-6	1.8308727776915308e-6	1.2816938820831733e-100	1.2816938820831733e-100	0	0	0.3998528393879362	0	0	0	0	0	0	0	0.4038283115119496	0.0006438580523792446	0	1.2816938820831733e-100	1.2816938820831733e-100	1.2816938820831733e-100	0	0	0
0.03630780547701017	2.1866701534656227e-6	2.1866701534656227e-6	1.1961463277593124e-100	1.1961463277593124e-100	0	0	0.38560389689859026	0	0	0	0	0	0	0	0.38975544729946776	0.0006561981318196683	0	1.1961463277593124e-100	1.1961463277593124e-100	1.1961463277593124e-100	0	0	0
0.038904514499428125	2.6116103851225542e-6	2.6116103851225542e-6	1.1163087047639054e-100	1.1163087047639054e-100	0	0	0.37186272212292504	0	0	0	0	0	0	0	0.3761730031528836	0.0006687747192295642	0	1.1163087047639054e-100	1.1163087047639054e-100	1.1163087047639054e-100	0	0	0
0.04168693834703355	2.7022786826915066e-6	2.7022786826915066e-6	1.0417998997380347e-100	1.0417998997380347e-100	0	0	0.3570326973132723	0	0	0	0	0	0	0	0.3614820802860415	0.0006692912759724542	0	1.0417998997380347e-100	1.0417998997380347e-100	1.0417998997380347e-100	0	0	0
0.04466835921509635	2.796094746952949e-6	2.796094746952949e-6	9.722642370003943e-101	9.722642370003943e-101	0	0	0.34279409945440176	0	0	0	0	0	0	0	0.3473648913471272	0.0006698082317000263	0	9.722642370003943e-101	9.722642370003943e-101	9.722642370003943e-101	0	0	0
0.0478630092322639	2.5146953411016378e-6	2.5146953411016378e-6	9.073697806917225e-101	9.073697806917225e-101	0	0	0.3275043414775123	0	0	0	0	0	0	0	0.33236966600481327	0.0006695224193802564	0	9.073697806917225e-101	9.073697806917225e-101	9.073697806917225e-101	0	0	0
0.05128613839913648	2.2616160147826054e-6	2.2616160147826054e-6	8.468067502437737e-101	8.468067502437737e-101	0	0	0.31289655760508966	0	0	0	0	0	0	0	0.3180217622216669	0.0006692367290187997	0	8.468067502437737e-101	8.468067502437737e-101	8.468067502437737e-101	0	0	0
0.05495408738576248	2.0937181389056035e-6	2.0937181389056035e-6	7.902860416089248e-101	7.902860416089248e-101	0	0	0.2978363252082849	0	0	0	0	0	0	0	0.30251590263267575	0.000677454395842576	0	7.902860416089248e-101	7.902860416089248e-101	7.902860416089248e-101	0	0	0
0.05888436553555896	1.9382846674808836e-6	1.9382846674808836e-6	7.375378471913586e-101	7.375378471913586e-101	0	0	0.28350096687715143	0	0	0	0	0	0	0	0.2877660657759462	0.0006857729687360547	0	7.375378471913586e-101	7.375378471913586e-101	7.375378471913586e-101	0	0	0
0.06309573444801943	1.8261868374574941e-6	1.8261868374574941e-6	6.883103678918889e-101	6.883103678918889e-101	0	0	0.2685975013802097	0	0	0	0	0	0	0	0.2731696451810959	0.0006733187336732253	0	6.883103678918889e-101	6.883103678918889e-101	6.883103678918889e-101	0	0	0
0.06760829753919818	1.7205720198144712e-6	1.7205720198144712e-6	6.423686111182656e-101	6.423686111182656e-101	0	0	0.2544775015845151	0	0	0	0	0	0	0	0.25931360199526143	0.0006610906783784403	0	6.423686111182656e-101	6.423686111182656e-101	6.423686111182656e-101	0	0	0
0.07244359600749906	2.1040273971510364e-6	2.1040273971510364e-6	5.994932690231107e-101	5.994932690231107e-101	0	0	0.2399730813496943	0	0	0	0	0	0	0	0.2446422633424168	0.0006502384037944982	0	5.994932690231107e-101	5.994932690231107e-101	5.994932690231107e-101	0	0	0
0.07762471166286927	2.5729415781383783e-6	2.5729415781383783e-6	5.594796716146653e-101	5.594796716146653e-101	0	0	0.22629536762149327	0	0	0	0	0	0	0	0.2308009936724957	0.0006395642770312674	0	5.594796716146653e-101	5.594796716146653e-101	5.594796716146653e-101	0	0	0
0.08317637711026708	2.6591166058284347e-6	2.6591166058284347e-6	5.2213680974287535e-101	5.2213680974287535e-101	0	0	0.21216551290847366	0	0	0	0	0	0	0	0.2167633078504273	0.0006275305952913143	0	5.2213680974287535e-101	5.2213680974287535e-101	5.2213680974287535e-101	0	0	0
0.08912509381337459	2.7481778768209016e-6	2.7481778768209016e-6	4.872864232969584e-101	4.872864232969584e-101	0	0	0.1989179245728414	0	0	0	0	0	0	0	0.20357941654675954	0.0006157233325391292	0	4.872864232969584e-101	4.872864232969584e-101	4.872864232969584e-101	0	0	0
0.09549925860214369	1.827268682643047e-6	1.827268682643047e-6	4.5476215026186926e-101	4.5476215026186926e-101	0	0	0.18548000539513657	0	0	0	0	0	0	0	0.19023044074310264	0.0006038016763475735	0	4.5476215026186926e-101	4.5476215026186926e-101	4.5476215026186926e-101	0	0	0
0.10232929922807536	1.2149544127873428e-6	1.2149544127873428e-6	4.244087325715776e-101	4.244087325715776e-101	0	0	0.1729498861163819	0	0	0	0	0	0	0	0.17775677521407632	0.0005921108476703228	0	4.244087325715776e-101	4.244087325715776e-101	4.244087325715776e-101	4.244087325715776e-11	4.244087325715776e-11	4.244087325715776e-11
0.10964781961431873	8.980016860045945e-7	8.980016860045945e-7	3.960812749682238e-101	3.960812749682238e-101	0	0	0.16031277581534892	0	0	0	0	0	0	0	0.1651284900308521	0.0005704028474078359	0	3.960812749682238e-101	3.960812749682238e-101	3.960812749682238e-101	3.960812749682238e-11	3.960812749682238e-11	3.960812749682238e-11
0.11748975549395303	6.637343916608815e-7	6.637343916608815e-7	3.6964455332925094e-101	3.6964455332925094e-101	0	0	0.14859903447596484	0	0	0	0	0	0	0	0.1533973497608211	0.0005494907070375483	0	3.6964455332925094e-101	3.6964455332925094e-101	3.6964455332925094e-101	3.6964455332925095e-11	3.6964455332925095e-11	3.6964455332925095e-11
0.12589254117941662	8.819096891022349e-7	8.819096891022349e-7	3.4497236916070666e-101	3.4497236916070666e-101	0	0	0.13694163926285008	0	0	0	0	0	0	0	0.14178424191173292	0.000523930065542859	0	3.4497236916070666e-101	3.4497236916070666e-101	3.4497236916070666e-101	3.449723691607067e-11	3.449723691607067e-11	3.449723691607067e-11
0.1348962882591656	1.1718011142773306e-6	1.1718011142773306e-6	3.21946947175356e-101	3.21946947175356e-101	0	0	0.12619875108966258	0.1309901446458369	0	0	0	0	0	0	0.13105031661778496	0.0004995584275840826	0	3.21946947175356e-101	3.21946947175356e-101	3.21946947175356e-101	3.21946947175356e-11	3.21946947175356e-11	3.21946947175356e-11
0.1445439770745928	1.2485753980577517e-6	1.2485753980577517e-6	3.004583730798631e-101	3.004583730798631e-101	0	0	0.11540408852123991	0.12022461512156911	0	0	0	0	0	0	0.12019657721922956	0.00046717293784321494	0	3.004583730798631e-101	3.004583730798631e-101	3.004583730798631e-101	3.0045837307986306e-11	3.0045837307986306e-11	3.0045837307986306e-11
0.15488166189124797	1.3303797936704455e-6	1.3303797936704455e-6	2.8040406888724952e-101	2.8040406888724952e-101	0	0	0.10553276900463016	0.1103438592285637	0	0	0	0	0	0	0.11024175712107795	0.0004368869421511774	0	2.8040406888724952e-101	2.8040406888724952e-101	2.8040406888724952e-101	2.804040688872495e-11	2.804040688872495e-11	2.804040688872495e-11
0.1659586907437563	1.1995030484178474e-6	1.1995030484178474e-6	2.616883032500007e-101	2.616883032500007e-101	0	0	0.0959401075658669	0.10058996953789233	0	0	0	0	0	0	0.10050899054220869	0.0004042967679045644	0	2.616883032500007e-101	2.616883032500007e-101	2.616883032500007e-101	2.6168830325000072e-11	2.6168830325000072e-11	2.6168830325000072e-11
0.1778279410038923	1.0815013652560904e-6	1.0815013652560904e-6	2.4422173447633068e-101	2.4422173447633068e-101	4.0350843427066644e-7	4.0350843427066644e-7	0.08721939475828895	0.09169827883829275	0	0	0	0	0	0	0.0916354877101497	0.00037413770192636396	0	2.4422173447633068e-101	2.4422173447633068e-101	2.4422173447633068e-101	2.442217344763307e-11	2.442217344763307e-11	2.442217344763307e-11
0.1905460717963252	6.290434103085114e-7	6.290434103085114e-7	2.279209840481358e-101	2.279209840481358e-101	2.953008219139681e-7	2.953008219139681e-7	0.07876112999260763	0.08303399118842135	0	0	0	0	0	0	0.08297255483272009	0.0003476845489974973	0	2.279209840481358e-101	2.279209840481358e-101	2.279209840481358e-101	2.279209840481358e-11	2.279209840481358e-11	2.279209840481358e-11
0.20417379446695316	3.658762020692199e-7	3.658762020692199e-7	2.1270823860480546e-101	2.1270823860480546e-101	2.1611091123952211e-7	2.1611091123952211e-7	0.0711231213528106	0.07518836536547624	0	0	0	0	0	0	0.07512858857962133	0.00032310174833806405	0	2.1270823860480546e-101	2.1270823860480546e-101	2.1270823860480546e-101	2.1270823860480547e-11	2.1270823860480547e-11	2.1270823860480547e-11
0.21877616239495518	1.9556260163968343e-7	1.9556260163968343e-7	1.9851087849288757e-101	1.9851087849288757e-101	1.7791195688947013e-7	1.7791195688947013e-7	0.06365473797279315	0.0675470754843156	0	0	0	0	0	0	0.06754314759212048	0.0003004098031536939	0	1.9851087849288757e-101	1.9851087849288757e-101	1.9851087849288757e-101	1.9851087849288758e-11	1.9851087849288758e-11	1.9851087849288758e-11
0.23442288153199276	1.045291575231912e-7	1.045291575231912e-7	1.8526113110847574e-101	1.8526113110847574e-101	1.4646490648109246e-7	1.4646490648109246e-7	0.056970582692583205	0.06068235935581041	0	0	0	0	0	0	0.06072357903830506	0.00027931154905548627	0	1.8526113110847574e-101	1.8526113110847574e-101	1.8526113110847574e-101	1.8526113110847574e-11	1.8526113110847574e-11	1.8526113110847574e-11
0.25118864315095824	7.382693454845108e-8	7.382693454845108e-8	1.7289574737750042e-101	1.7289574737750042e-101	1.2011906177287966e-7	1.2011906177287966e-7	0.05054964959058846	0.054038765663969306	0	0	0	0	0	0	0.05409187292352468	0.00024793520095642226	0	1.7289574737750042e-101	1.7289574737750042e-101	1.7289574737750042e-101	1.7289574737750044e-11	1.7289574737750044e-11	1.7289574737750044e-11
0.2691534803926914	5.2142544663789564e-8	5.2142544663789564e-8	1.6135569982956265e-101	1.6135569982956265e-101	9.851226036224272e-8	9.851226036224272e-8	0.044852394919666895	0.04812252235221929	0	0	0	0	0	0	0.048184424612538676	0.00022008350202909068	0	1.6135569982956265e-101	1.6135569982956265e-101	1.6135569982956265e-101	1.6135569982956264e-11	1.6135569982956264e-11	1.6135569982956264e-11
0.28840315031266117	6.663921396286123e-8	6.663921396286123e-8	1.5058590082404724e-101	1.5058590082404724e-101	5.045632246595281e-8	5.045632246595281e-8	0.039341550201954026	0.04231877486469622	0	0	0	0	0	0	0.042393394314289706	0.00019940042563361667	0	1.5058590082404724e-101	1.5058590082404724e-101	1.5058590082404724e-101	1.5058590082404726e-11	1.5058590082404726e-11	1.5058590082404726e-11
0.30902954325135923	8.516624699123889e-8	8.516624699123889e-8	1.4053493958343141e-101	1.4053493958343141e-101	2.5842879530191326e-8	2.5842879530191326e-8	0.03450780220465371	0.03721497998257497	0	0	0	0	0	0	0.037298357216850334	0.00018066110988006822	0	1.4053493958343141e-101	1.4053493958343141e-101	1.4053493958343141e-101	1.4053493958343142e-11	1.4053493958343142e-11	1.4053493958343142e-11
0.3311311214825908	8.136282443250747e-8	8.136282443250747e-8	1.3115483677848289e-101	1.3115483677848289e-101	1.3236429467876656e-8	1.3236429467876656e-8	0.029730277594979444	0.0322049187007649	0	0	0	0	0	0	0.03223594074232835	0.00015672043338059622	0	1.3115483677848289e-101	1.3115483677848289e-101	1.3115483677848289e-101	1.3115483677848288e-11	1.3115483677848288e-11	1.3115483677848288e-11
0.354813389233576	7.772925816862605e-8	7.772925816862605e-8	1.2240081549384619e-101	1.2240081549384619e-101	6.779548883218774e-9	6.779548883218774e-9	0.025614190107862818	0.027869336192266943	0	0	0	0	0	0	0.02786063390141573	0.00013595230459564138	0	1.2240081549384619e-101	1.2240081549384619e-101	1.2240081549384619e-101	1.224008154938462e-11	1.224008154938462e-11	1.224008154938462e-11
0.38018939632056126	6.155506174559513e-8	6.155506174559513e-8	1.1423108748069112e-101	1.1423108748069112e-101	3.4725310736537976e-9	3.4725310736537976e-9	0.02146186431591604	0.02355412152415641	0	0	0	0	0	0	0.02353854944923148	0.0001170125706955336	0	1.1423108748069112e-101	1.1423108748069112e-101	1.1423108748069112e-101	1.1423108748069112e-11	1.1423108748069112e-11	1.1423108748069112e-11
0.40738027780411384	4.874645295448615e-8	4.874645295448615e-8	1.0660665367607204e-101	1.0660665367607204e-101	1.7786540469291024e-9	1.7786540469291024e-9	0.017982673587379622	0.019907063338260086	0	0	0	0	0	0	0.019886959935457717	0.00010071136154330458	0	1.0660665367607204e-101	1.0660665367607204e-101	1.0660665367607204e-101	1.0660665367607203e-11	1.0660665367607203e-11	1.0660665367607203e-11
0.43651583224016655	6.798275173122122e-8	6.798275173122122e-8	9.949111803676972e-102	9.949111803676972e-102	9.111459830934796e-10	9.111459830934796e-10	0.014562298647893252	0.016282721426358032	0	0	0	0	0	0	0.016262762154103525	0.00008554563292951424	0	9.949111803676972e-102	9.949111803676972e-102	9.949111803676972e-102	9.949111803676973e-12	9.949111803676973e-12	9.949111803676973e-12
0.4677351412871981	9.481006827848651e-8	9.481006827848651e-8	9.285051379891659e-102	9.285051379891659e-102	4.667501271204063e-10	4.667501271204063e-10	0.011792492416659308	0.013318238483665345	0	0	0	0	0	0	0.013299037848886527	0.00007266365185783456	0	9.285051379891659e-102	9.285051379891659e-102	9.285051379891659e-102	9.285051379891658e-12	9.285051379891658e-12	9.285051379891658e-12
0.5011872336272735	4.8587088713659886e-8	4.8587088713659886e-8	8.665314133404902e-102	8.665314133404902e-102	2.391943202371531e-10	2.391943202371531e-10	0.009061801004805796	0.010414797113814853	0	0	0	0	0	0	0.010388441184476911	0.00005892599884508833	0	8.665314133404902e-102	8.665314133404902e-102	8.665314133404902e-102	8.665314133404903e-12	8.665314133404903e-12	8.665314133404903e-12
0.5370317963702532	2.4899309034721438e-8	2.4899309034721438e-8	8.086941682757089e-102	8.086941682757089e-102	1.2257934065641144e-10	1.2257934065641144e-10	0.006963433560041509	0.008144320215842523	0.00013013314772339344	0	0	0	0	0	0.008114850974153223	0.00004778556060855353	0	8.086941682757089e-102	8.086941682757089e-102	8.086941682757089e-102	8.086941682757089e-12	8.086941682757089e-12	8.086941682757089e-12
0.5754399373371566	1.2769777112682629e-8	1.2769777112682629e-8	7.547173105727521e-102	7.547173105727521e-102	6.286563440853659e-11	6.286563440853659e-11	0.0050884593397754925	0.0060939190958516475	0.0000710920396286786	0	0	0	0	0	0.006068898326358434	0.00003767693626203331	0	7.547173105727521e-102	7.547173105727521e-102	7.547173105727521e-102	7.547173105727522e-12	7.547173105727522e-12	7.547173105727522e-12
0.6165950018614835	6.556198901538306e-9	6.556198901538306e-9	7.043431759779573e-102	7.043431759779573e-102	3.2276178324554473e-11	3.2276178324554473e-11	0.003565091016819977	0.004392826622996403	0.000038140354703018236	0	0	0	0	0	0.004362564139950665	0.00002857871415969898	0	7.043431759779573e-102	7.043431759779573e-102	7.043431759779573e-102	7.043431759779573e-12	7.043431759779573e-12	7.043431759779573e-12
0.6606934480075964	3.3727716520838903e-9	3.3727716520838903e-9	6.573312982184415e-102	6.573312982184415e-102	1.6604160570100966e-11	1.6604160570100966e-11	0.0023829281858403118	0.0030140433423900817	0.000020125166728321068	0	0	0	0	0	0.002980541171580776	0.000020549234301359882	0	6.573312982184415e-102	6.573312982184415e-102	6.573312982184415e-102	6.573312982184415e-12	6.573312982184415e-12	6.573312982184415e-12
0.7079457843841374	1.7414660956702916e-9	1.7414660956702916e-9	6.13457261110831e-102	6.13457261110831e-102	8.573240545955902e-12	8.573240545955902e-12	0.0015017212735313407	0.0019421616671152107	0.00001056074338659623	0	0	0	0	0	0.0019168905665712366	0.000013533645620912205	0	6.13457261110831e-102	6.13457261110831e-102	6.13457261110831e-102	6.13457261110831e-12	6.13457261110831e-12	6.13457261110831e-12
0.7585775750291851	9.05311611542154e-10	9.05311611542154e-10	5.725116272868242e-102	5.725116272868242e-102	4.456850600821181e-12	4.456850600821181e-12	0.0008897383450011465	0.0011640845103916234	5.490065892280608e-6	0	0	0	0	0	0.0011540023365837926	8.06058763783047e-6	0	5.725116272868242e-102	5.725116272868242e-102	5.725116272868242e-102	5.7251162728682425e-12	5.7251162728682425e-12	5.7251162728682425e-12
0.8128305161640995	4.766995300361178e-10	4.766995300361178e-10	5.342989384217135e-102	5.342989384217135e-102	2.3467925957930913e-12	2.3467925957930913e-12	0.0004994032815578402	0.0006569735743734975	2.8908408964945885e-6	0	0	0	0	0	0.0006527264847005494	4.282865024250967e-6	0	5.342989384217135e-102	5.342989384217135e-102	5.342989384217135e-102	5.342989384217135e-12	5.342989384217135e-12	5.342989384217135e-12
0.8709635899560796	2.573180774235827e-10	2.573180774235827e-10	4.986367821933315e-102	4.986367821933315e-102	1.2667773320767303e-12	1.2667773320767303e-12	0.0002731333721111032	0.0003601575647313982	1.5604496643139122e-6	0	0	0	0	0	0.0003571454723287662	2.311851647559793e-6	0	4.986367821933315e-102	4.986367821933315e-102	4.986367821933315e-102	4.986367821933315e-12	4.986367821933315e-12	4.986367821933315e-12
0.9332543007969925	1.4614882981613056e-10	1.4614882981613056e-10	4.653549215174979e-102	4.653549215174979e-102	7.194909373423018e-13	7.194909373423018e-13	0.0001551314354492883	0.00020455852601554205	8.862878765063824e-7	0	0	0	0	0	0.00020284774928212967	1.3130613145502657e-6	0	4.653549215174979e-102	4.653549215174979e-102	4.653549215174979e-102	4.653549215174979e-12	4.653549215174979e-12	4.653549215174979e-12