1.e-9	0	0	0	0	0	0	1.2797272134714494e-12	0	0	0	0	0	0	0	6.43304566702064e-13	1.0843188642786638e-18	0	8.523872649746147e-19	8.523872649746147e-19	8.523872649746147e-19	0	0	0
1.0715193052376092e-9	0	0	0	0	0	0	2.012992277682001e-12	0	0	0	0	0	0	0	1.0119086889379702e-12	1.840309039903779e-18	0	1.4466656605495547e-18	1.4466656605495547e-18	1.4466656605495547e-18	0	0	0
1.148153621496884e-9	0	0	0	0	0	0	3.1664075494769684e-12	0	0	0	0	0	0	0	1.591717590312597e-12	3.1233777018205494e-18	0	2.4552707664813346e-18	2.4552707664813346e-18	2.4552707664813346e-18	0	0	0
1.2302687708123811e-9	0	0	0	0	0	0	4.9807129816368115e-12	0	0	0	0	0	0	0	2.5037485249481967e-12	5.3010054597897984e-18	0	4.167068246057768e-18	4.167068246057768e-18	4.167068246057768e-18	0	0	0
1.31825673855641e-9	0	0	0	0	0	0	8.291377135667506e-12	0	0	0	0	0	0	0	4.1679822078290894e-12	9.009106480639942e-18	0	7.081957683317047e-18	7.081957683317047e-18	7.081957683317047e-18	0	0	0
1.4125375446227555e-9	0	0	0	0	0	0	1.3802629274026706e-11	0	0	0	0	0	0	0	6.938426727635601e-12	1.5311057533361103e-17	0	1.2035829908890469e-17	1.2035829908890469e-17	1.2035829908890469e-17	0	0	0
1.5135612484362133e-9	0	0	0	0	0	0	2.3325468371085026e-11	0	0	0	0	0	0	0	1.1725450965707944e-11	2.6031888137957617e-17	0	2.0463329439841176e-17	2.0463329439841176e-17	2.0463329439841176e-17	0	0	0
1.6218100973589331e-9	0	0	0	0	0	0	3.941839369360702e-11	0	0	0	0	0	0	0	1.981518372192593e-11	4.4259464021383955e-17	0	3.479177214478193e-17	3.479177214478193e-17	3.479177214478193e-17	0	0	0
1.7378008287493762e-9	0	0	0	0	0	0	6.69062224955821e-11	0	0	0	0	0	0	0	3.3633006462267256e-11	7.52592509508806e-17	0	5.916028035234667e-17	5.916028035234667e-17	5.916028035234667e-17	0	0	0
1.8620871366628732e-9	0	0	0	0	0	0	1.1356227865150972e-10	0	0	0	0	0	0	0	5.7086481738709863e-11	1.2797160966411636e-16	0	1.0059673755058008e-16	1.0059673755058008e-16	1.0059673755058008e-16	0	0	0
1.9952623149688828e-9	0	0	0	0	0	0	1.9300460900787088e-10	0	0	0	0	0	0	0	9.702124874379183e-11	2.1761228564742695e-16	0	1.7106204266324102e-16	1.7106204266324102e-16	1.7106204266324102e-16	0	0	0
2.1379620895022324e-9	0	0	0	0	0	0	3.2802070846600584e-10	0	0	0	0	0	0	0	1.6489232513732083e-10	3.7004384792057354e-16	0	2.9088639604647373e-16	2.9088639604647373e-16	2.9088639604647373e-16	0	0	0
2.2908676527677795e-9	0	0	0	0	0	0	5.577053135635754e-10	0	0	0	0	0	0	0	2.8035219580593337e-10	6.292566239260688e-16	0	4.946499987620235e-16	4.946499987620235e-16	4.946499987620235e-16	0	0	0
2.4547089156850337e-9	0	0	0	0	0	0	9.482182336340493e-10	0	0	0	0	0	0	0	4.766586536259207e-10	1.0700458904529508e-15	0	8.411483816388697e-16	8.411483816388697e-16	8.411483816388697e-16	0	0	0
2.6302679918953816e-9	0	0	0	0	0	0	1.612363499634247e-9	0	0	0	0	0	0	0	8.105170177217298e-10	1.8196106313931117e-15	0	1.4303709260517043e-15	1.4303709260517043e-15	1.4303709260517043e-15	0	0	0
2.818382931264461e-9	0	0	0	0	0	0	2.7416853660252405e-9	0	0	0	0	0	0	0	1.3782144329474094e-9	3.0942437884391216e-15	0	2.432342534033899e-15	2.432342534033899e-15	2.432342534033899e-15	0	0	0
3.019951720402019e-9	0	0	0	0	0	0	4.66216529579224e-9	0	0	0	0	0	0	0	2.3436181186320626e-9	5.261759914952199e-15	0	4.13619717887088e-15	4.13619717887088e-15	4.13619717887088e-15	0	0	0
3.2359365692962944e-9	0	0	0	0	0	0	7.92789191445492e-9	0	0	0	0	0	0	0	3.985262202075933e-9	8.947619934163575e-15	0	7.0336010915895874e-15	7.0336010915895874e-15	7.0336010915895874e-15	0	0	0
3.4673685045253237e-9	0	0	0	0	0	0	1.3481319800016004e-8	0	0	0	0	0	0	0	6.776908011956577e-9	1.5215427557790028e-14	0	1.1960638541342047e-14	1.1960638541342047e-14	1.1960638541342047e-14	0	0	0
3.715352290971728e-9	0	0	0	0	0	0	2.2924881609311586e-8	0	0	0	0	0	0	0	1.152408044283669e-8	2.5873834323517255e-14	0	2.033906564415375e-14	2.033906564415375e-14	2.033906564415375e-14	0	0	0
3.9810717055349855e-9	0	0	0	0	0	0	3.8983711887293916e-8	0	0	0	0	0	0	0	1.9596674015834294e-8	4.399845888820202e-14	0	3.458658397029668e-14	3.458658397029668e-14	3.458658397029668e-14	0	0	0
4.265795188015934e-9	0	0	0	0	0	0	6.629171824792642e-8	0	0	0	0	0	0	0	3.332410203033502e-8	7.481938549700189e-14	0	5.881449087501386e-14	5.881449087501386e-14	5.881449087501386e-14	0	0	0
4.570881896148752e-9	0	0	0	0	0	0	1.1272903354211848e-7	0	0	0	0	0	0	0	5.666761874369518e-8	1.2723037901574245e-13	0	1.0001405271741579e-13	1.0001405271741579e-13	1.0001405271741579e-13	0	0	0
4.8977881936844766e-9	0	0	0	0	0	0	1.9169566484629634e-7	0	0	0	0	0	0	0	9.636325717516692e-8	2.1635528328600628e-13	0	1.7007391532502522e-13	1.7007391532502522e-13	1.7007391532502522e-13	0	0	0
5.248074602497734e-9	0	0	0	0	0	0	3.25978476767558e-7	0	0	0	0	0	0	0	1.6386571817107183e-7	3.6791220270280054e-13	0	2.892107271821882e-13	2.892107271821882e-13	2.892107271821882e-13	0	0	0
5.623413251903491e-9	0	0	0	0	0	0	5.543263975265314e-7	0	0	0	0	0	0	0	2.786536526355821e-7	6.256347746252836e-13	0	4.918028996827906e-13	4.918028996827906e-13	4.918028996827906e-13	0	0	0
6.025595860743593e-9	0	0	0	0	0	0	9.426321180540454e-7	0	0	0	0	0	0	0	4.738505760494634e-7	1.0638920626272655e-12	0	8.363109318232828e-13	8.363109318232828e-13	8.363109318232828e-13	0	0	0
6.456542290346562e-9	0	0	0	0	0	0	1.6029460511926378e-6	0	0	0	0	0	0	0	8.057829721544516e-7	1.8091486708026033e-12	0	1.4221469111674445e-12	1.4221469111674445e-12	1.4221469111674445e-12	0	0	0
6.918309709189363e-9	0	0	0	0	0	0	2.7258100608130016e-6	0	0	0	0	0	0	0	1.370234095337273e-6	3.0764576882446216e-12	0	2.4183611160763554e-12	2.4183611160763554e-12	2.4183611160763554e-12	0	0	0
7.413102413009192e-9	0	0	0	0	0	0	4.635240519855133e-6	0	0	0	0	0	0	0	2.330083336217475e-6	5.2315169340733e-12	0	4.11242357721637e-12	4.11242357721637e-12	4.11242357721637e-12	0	0	0
7.943282347242822e-9	0	0	0	0	0	0	7.882227436554121e-6	0	0	0	0	0	0	0	3.962307182015417e-6	8.896195628589599e-12	0	6.9931771437553166e-12	6.9931771437553166e-12	6.9931771437553166e-12	0	0	0
8.511380382023759e-9	0	0	0	0	0	0	0.000013403729341645042	0	0	0	0	0	0	0	6.7379041601733726e-6	1.512798250669384e-11	0	1.1891899179569055e-11	1.1891899179569055e-11	1.1891899179569055e-11	0	0	0
9.120108393559115e-9	0	0	0	0	0	0	0.000022793044496821077	0	0	0	0	0	0	0	0.000011457807407449453	2.5725137383784286e-11	0	2.0222177016210464e-11	2.0222177016210464e-11	2.0222177016210464e-11	0	0	0
9.772372209558111e-9	0	0	0	0	0	0	0.00003875957684552205	0	0	0	0	0	0	0	0.00001948400384828649	4.374560144564917e-11	0	3.4387816201598084e-11	3.4387816201598084e-11	3.4387816201598084e-11	0	0	0
1.0471285480509006e-8	0	0	0	0	0	0	0.0000659106684295638	0	0	0	0	0	0	0	0.000033132552567408165	7.43894043142072e-11	0	5.84764885695198e-11	5.84764885695198e-11	5.84764885695198e-11	0	0	0
1.1220184543019653e-8	0	0	0	0	0	0	0.00011208110527485966	0	0	0	0	0	0	0	0.000056341912482665946	1.2649919743583914e-10	0	9.943928091782434e-11	9.943928091782434e-11	9.943928091782434e-11	0	0	0
1.202264434617413e-8	0	0	0	0	0	0	0.00019059394270587552	0	0	0	0	0	0	0	0.00009580943383210342	2.1511191142787971e-10	0	1.690965177869708e-10	1.690965177869708e-10	1.690965177869708e-10	0	0	0
1.288249551693135e-8	0	0	0	0	0	0	0.0003241050389991026	0	0	0	0	0	0	0	0.00016292396205138453	3.657978499162126e-10	0	2.8754866350360194e-10	2.8754866350360194e-10	2.8754866350360194e-10	0	0	0
1.3803842646028866e-8	0	0	0	0	0	0	0.0005511406859010379	0	0	0	0	0	0	0	0.00027705223119028313	6.220393195122259e-10	0	4.889765618179548e-10	4.889765618179548e-10	4.889765618179548e-10	0	0	0
1.4791083881682102e-8	0	0	0	0	0	0	0.0009372148504495282	0	0	0	0	0	0	0	0.0004711273764832036	1.057777991608973e-9	0	8.315047446023852e-10	8.315047446023852e-10	8.315047446023852e-10	0	0	0
1.5848931924611173e-8	0	0	0	0	0	0	0.0015937340472050741	0	0	0	0	0	0	0	0.0008011522012391761	1.798751693719745e-9	0	1.4139739903403478e-9	1.4139739903403478e-9	1.4139739903403478e-9	0	0	0
1.698243652461746e-8	0	0	0	0	0	0	0.0027101450771958454	0	0	0	0	0	0	0	0.0013623594840561147	3.0587776275606775e-9	0	2.4044630633046202e-9	2.4044630633046202e-9	2.4044630633046202e-9	0	0	0
1.8197008586099862e-8	0	0	0	0	0	0	0.004608602264834356	0	0	0	0	0	0	0	0.0023166925846774	5.201451988917704e-9	0	4.088789936939238e-9	4.088789936939238e-9	4.088789936939238e-9	0	0	0
1.9498445997580494e-8	0	0	0	0	0	0	0.00783692910543814	0	0	0	0	0	0	0	0.003939536219852887	8.845070183997445e-9	0	6.952988134256601e-9	6.952988134256601e-9	6.952988134256601e-9	0	0	0
2.0892961308540408e-8	0	0	0	0	0	0	0.013326699566247142	0	0	0	0	0	0	0	0.006699182157447041	1.5041043679060288e-8	0	1.1823557761762997e-8	1.1823557761762997e-8	1.1823557761762997e-8	0	0	0
2.2387211385683424e-8	0	0	0	0	0	0	0.022662055371378737	0	0	0	0	0	0	0	0.01139196064564467	2.5577297890150885e-8	0	2.010596242167894e-8	2.010596242167894e-8	2.010596242167894e-8	0	0	0
2.3988329190194947e-8	0	0	0	0	0	0	0.03853682985068927	0	0	0	0	0	0	0	0.019372031436363398	4.349420035740566e-8	0	3.419019326055208e-8	3.419019326055208e-8	3.419019326055208e-8	0	0	0
2.5703957827688646e-8	0	0	0	0	0	0	0.06553188713926346	0	0	0	0	0	0	0	0.032942143468071096	7.396189671226233e-8	0	5.814043071787782e-8	5.814043071787782e-8	5.814043071787782e-8	0	0	0
2.754228703338169e-8	0	0	0	0	0	0	0.06679869150780084	0	0	0	0	0	0	0	0.05601812178738066	1.2577222067134725e-7	0	9.886781447241813e-8	9.886781447241813e-8	9.886781447241813e-8	0	0	0
2.95120922666639e-8	0	0	0	0	0	0	0.06808998461576253	0	0	0	0	0	0	0	0.09525882769672271	2.1387568728993205e-7	0	1.6812473897870163e-7	1.6812473897870163e-7	1.6812473897870163e-7	0	0	0
3.162277660168386e-8	0	0	0	0	0	0	0.06354550952467197	0	0	0	0	0	0	0	0.04878976996908734	3.636956505146758e-7	0	2.8589615343972456e-7	2.8589615343972456e-7	2.8589615343972456e-7	0	0	0
3.3884415613920346e-8	0	0	0	0	0	0	0.0593043426803093	0	0	0	0	0	0	0	0.024989197444409306	6.18464528995226e-7	0	4.86166468112632e-7	4.86166468112632e-7	4.86166468112632e-7	0	0	0
3.6307805477010175e-8	0	0	0	0	0	0	0.05067322831079497	0	0	0	0	0	0	0	0.012799061411307825	1.0516990609480825e-6	0	8.267261802951883e-7	8.267261802951883e-7	8.267261802951883e-7	0	0	0
3.890451449942813e-8	0	0	0	0	0	0	0.043298280553919974	0	0	0	0	0	0	0	0.0065554715542522155	1.788414473172949e-6	0	1.4058480418011422e-6	1.4058480418011422e-6	1.4058480418011422e-6	0	0	0
4.1686938347033635e-8	0	0	0	0	0	0	0.022181273792603966	0	0	0	0	0	0	0	0.0033578001386007704	3.0380707802577365e-6	0	2.3883875894138595e-6	2.3883875894138595e-6	2.3883875894138595e-6	0	0	0
4.4668359215096346e-8	0	0	0	0	0	0	0.011363243546121046	0	0	0	0	0	0	0	0.0017199101052424175	5.160925615570737e-6	0	4.057618681146873e-6	4.057618681146873e-6	4.057618681146873e-6	0	0	0
4.78630092322639e-8	0	0	0	0	0	0	0.005828851524273945	0	0	0	0	0	0	0	0.0008815216992868426	3.4331666005273347e-6	0	2.711397981187945e-6	2.711397981187945e-6	2.711397981187945e-6	0	0	0
5.128613839913659e-8	0	0	0	0	0	0	0.0029899482444543097	0	0	0	0	0	0	0	0.0004518146058593272	2.283821505083482e-6	0	1.8118210679945626e-6	1.8118210679945626e-6	1.8118210679945626e-6	0	0	0
5.495408738576248e-8	0	0	0	0	0	0	0.0015562858592055796	0	0	0	0	0	0	0	0.00023318797893169904	2.253911349994641e-6	0	1.7949809522484626e-6	1.7949809522484626e-6	1.7949809522484626e-6	0	0	0
5.888436553555896e-8	0	0	0	0	0	0	0.0008100560536643165	0	0	0	0	0	0	0	0.00012035165046253492	2.224392914388035e-6	0	1.7782973583043132e-6	1.7782973583043132e-6	1.7782973583043132e-6	0	0	0
6.309573444801943e-8	0	0	0	0	0	0	0.00048195737092588135	0	0	0	0	0	0	0	0.00006660118026012332	3.3586802369646973e-6	0	2.6888713370767966e-6	2.6888713370767966e-6	2.6888713370767966e-6	0	0	0
6.760829753919818e-8	0	0	0	0	0	0	0.00028674917783658854	0	0	0	0	0	0	0	0.00003685630562600719	5.0713760420696155e-6	0	4.065703091549906e-6	4.065703091549906e-6	4.065703091549906e-6	0	0	0
7.244359600749906e-8	0	0	0	0	0	0	0.00028596250145276685	0	0	0	0	0	0	0	0.000030324227539602577	3.383393221615441e-6	0	2.8372334722310265e-6	2.8372334722310265e-6	2.8372334722310265e-6	0	0	0
7.762471166286928e-8	0	0	0	0	0	0	0.00028517798326077517	0	0	0	0	0	0	0	0.000024949835862678444	2.2572472632894754e-6	0	1.979951215001157e-6	1.979951215001157e-6	1.979951215001157e-6	0	0	0
8.317637711026726e-8	0	0	0	0	0	0	0.00044076064304051775	0	0	0	0	0	0	0	0.00003557821175840426	1.8543100783707469e-6	0	1.8511694312292572e-6	1.8511694312292572e-6	1.8511694312292572e-6	0	0	0
8.912509381337478e-8	0	0	0	0	0	0	0.0006812235020114993	0	0	0	0	0	0	0	0.00005073416750686089	1.5233004920057143e-6	0	1.7307639891095319e-6	1.7307639891095319e-6	1.7307639891095319e-6	0	0	0
9.549925860214369e-8	0	0	0	0	0	0	0.0011471859174141082	0	0	0	0	0	0	0	0.00008460567121514245	1.9980949798468666e-6	0	2.2675708236571725e-6	2.2675708236571725e-6	2.2675708236571725e-6	0	0	0
1.0232929922807557e-7	0	0	0	0	0	0	0.001931870414375547	0	0	0	0	0	0	0	0.0001410907077719791	2.620877213288785e-6	0	2.970871518390496e-6	2.970871518390496e-6	2.970871518390496e-6	0	0	0
1.0964781961431874e-7	0	0	0	0	0	0	0.0032820425917319887	0	0	0	0	0	0	0	0.00023949110438875975	4.232599183770526e-6	0	4.388530209814972e-6	4.388530209814972e-6	4.388530209814972e-6	0	0	0
1.1748975549395303e-7	0	0	0	0	0	0	0.005575841678503321	0	0	0	0	0	0	0	0.000406518543900437	6.835457899217681e-6	0	6.482675970077639e-6	6.482675970077639e-6	6.482675970077639e-6	0	0	0
1.2589254117941688e-7	0	0	0	0	0	0	0.009479146001222497	0	0	0	0	0	0	0	0.0006911711963456145	6.554937755267931e-6	0	6.023250136729209e-6	6.023250136729209e-6	6.023250136729209e-6	0	0	0
1.3489628825916562e-7	0	0	0	0	0	0	0.01611491396158355	0	0	0	0	0	0	0	0.0011751434954830246	6.285929868773668e-6	0	5.596383712075962e-6	5.596383712075962e-6	5.596383712075962e-6	0	0	0
1.445439770745928e-7	0	0	0	0	0	0	0.027402194235964364	0	0	0	0	0	0	0	0.0019983019401752337	8.266794918302993e-6	0	7.037508607260772e-6	7.037508607260772e-6	7.037508607260772e-6	0	0	0
1.5488166189124826e-7	0	0	0	0	0	0	0.04659536195697757	0	0	0	0	0	0	0	0.0033980621596062695	0.000010871883658895293	0	8.84973760651938e-6	8.84973760651938e-6	8.84973760651938e-6	0	0	0
1.659586907437563e-7	0	0	0	0	0	0	0.029790077209084994	0	0	0	0	0	0	0	0.005778397584038844	0.00001759342855489111	0	0.000013881285872789821	0.000013881285872789821	0.000013881285872789821	0	0	0
1.7782794100389227e-7	0	0	0	0	0	0	0.019045859133847643	0	0	0	0	0	0	0	0.009826152986882098	0.000028470570328703427	0	0.000021773537934070074	0.000021773537934070074	0.000021773537934070074	0	0	0
1.9054607179632522e-7	0	0	0	0	0	0	0.011678607102622524	0	0	0	0	0	0	0	0.01034061392076821	0.00003192106451009099	0	0.00002677319267033736	0.00002677319267033736	0.00002677319267033736	0	0	0
2.0417379446695318e-7	0	0	0	0	0	0	0.007161129508463114	0	0	0	0	0	0	0	0.010882010121472227	0.000035789741747115856	0	0.000032920871561318	0.000032920871561318	0.000032920871561318	0	0	0
2.1877616239495564e-7	0	0	0	0	0	0	0.0076230057652605055	0	0	0	0	0	0	0	0.01123445370098077	0.00003774651607867858	0	0.00003270480630500043	0.00003270480630500043	0.00003270480630500043	0	0	0
2.3442288153199275e-7	0	0	0	0	0	0	0.008114671970185608	0	0	0	0	0	0	0	0.011598312127135359	0.00003981027541761332	0	0.00003249015912155802	0.00003249015912155802	0.00003249015912155802	0	0	0
2.5118864315095823e-7	0	0	0	0	0	0	0.007443005037329133	0	0	0	0	0	0	0	0.013201804678817165	0.00003827966686306387	0	0.000029648601016029064	0.000029648601016029064	0.000029648601016029064	0	0	0
2.6915348039269196e-7	0	0	0	0	0	0	0.006826933262274478	0	0	0	0	0	0	0	0.015026983656516536	0.000036807906495890045	0	0.000027055562852704427	0.000027055562852704427	0.000027055562852704427	0	0	0
2.8840315031266115e-7	0	0	0	0	0	0	0.005068524757281376	0	0	0	0	0	0	0	0.020147880934014012	0.000028577311961251856	0	0.000024512672982639707	0.000024512672982639707	0.000024512672982639707	0	0	0
3.090295432513592e-7	0	0	0	0	0	0	0.0037630283215359366	0	0	0	0	0	0	0	0.02701387819472073	0.00002218715587700996	0	0.000022208783458880286	0.000022208783458880286	0.000022208783458880286	0	0	0
3.3113112148259143e-7	0	0	0	0	0	0	0.005015048654894497	0	0	0	0	0	0	0	0.026483646122701907	0.000021188574286136737	0	0.00002907848384045672	0.00002907848384045672	0.00002907848384045672	0	0	0
3.5481338923357606e-7	0	0	0	0	0	0	0.006683636385891709	0	0	0	0	0	0	0	0.02596382151784377	0.00002023493604893887	0	0.000038073144529741656	0.000038073144529741656	0.000038073144529741656	0	0	0
3.8018939632056126e-7	0	0	0	0	0	0	0.00792823554336593	0	0	0	0	0	0	0	0.02263443184045899	0.00001933149418200457	0	0.00003666643148104809	0.00003666643148104809	0.00003666643148104809	0	0	0
4.0738027780411303e-7	0	0	0	0	0	0	0.00940459881446778	0	0	0	0	0	0	0	0.019731976064782674	0.000018468388850108234	0	0.00003531169316745465	0.00003531169316745465	0.00003531169316745465	0	0	0
4.365158322401665e-7	0	0	0	0	0	0	0.012611099531789946	0	0	0	0	0	0	0	0.018175363411547674	0.00001724656259065958	0	0.00003197580250636615	0.00003197580250636615	0.00003197580250636615	0	0	0
4.677351412871981e-7	0	0	0	0	0	0	0.016910857606817677	0	0	0	0	0	0	0	0.01674154854320035	0.000016105569554963965	0	0.000028955052964395547	0.000028955052964395547	0.000028955052964395547	0	0	0
5.011872336272736e-7	0	0	0	0	0	0	0.021037854404044865	0	0	0	0	0	0	0	0.016038975109644946	0.000015767829227926477	0	0.000027596407808499966	0.000027596407808499966	0.000027596407808499966	0	0	0
5.370317963702533e-7	0	0	0	0	0	0	0.02617202085288375	0	0	0	0	0	0	0	0.015365885772394412	0.000015437171452556482	0	0.00002630151375891082	0.00002630151375891082	0.00002630151375891082	0	0	0
5.754399373371578e-7	0	0	0	0	0	0	0.023477994708398328	0	0	0	0	0	0	0	0.018386250382307387	0.000016007558016448296	0	0.000025639503657837712	0.000025639503657837712	0.000025639503657837712	0	0	0
6.165950018614835e-7	0	0	0	0	0	0	0.02106127908983535	0	0	0	0	0	0	0	0.022000306921989187	0.000016599019738653296	0	0.000024994156376172744	0.000024994156376172744	0.000024994156376172744	0	0	0
6.606934480075964e-7	0	0	0	0	0	0	0.017364637117944448	0	0	0	0	0	0	0	0.026719717976309527	0.00001950938596741804	0	0.000025338702192536156	0.000025338702192536156	0.000025338702192536156	0	0	0
7.079457843841387e-7	0	0	0	0	0	0	0.014316823824029745	0	0	0	0	0	0	0	0.03245151675679296	0.000022930037244269757	0	0.000025687997591873624	0.000025687997591873624	0.000025687997591873624	0	0	0
7.585775750291852e-7	0	0	0	0	0	0	0.014310851774972913	0	0	0	0	0	0	0	0.03238588726489649	0.00002475329930111425	0	0.000027189778284644112	0.000027189778284644112	0.000027189778284644112	0	0	0
8.128305161640995e-7	0	0	0	0	0	0	0.014304882217067078	0	0	0	0	0	0	0	0.032320390501162984	0.000026721536461684452	0	0.0000287793566051241	0.0000287793566051241	0.0000287793566051241	0	0	0
8.709635899560814e-7	0	0	0	0	0	0	0.020854295627630352	0	0	0	0	0	0	0	0.03084628654121624	0.0000291576847729533	0	0.00003196946136227402	0.00003196946136227402	0.00003196946136227402	0	0	0
9.332543007969924e-7	0	0	0	0	0	0	0.030402322754235055	0	0	0	0	0	0	0	0.02943941513790128	0.000031815931787378646	0	0.00003551317959665402	0.00003551317959665402	0.00003551317959665402	0	0	0
1.e-6	0	0	0	0	0	0	0.030148598721838407	0	0	0	0	0	0	0	0.028643935508707145	0.00003227961224455896	0	0.00003746830299713704	0.00003746830299713704	0.00003746830299713704	0	0	0
1.0715193052376091e-6	0	0	0	0	0	0	0.02989699215543729	0	0	0	0	0	0	0	0.027869950458718932	0.000032750050308833905	0	0.00003953106270488753	0.00003953106270488753	0.00003953106270488753	0	0	0
1.148153621496884e-6	0	0	0	0	0	0	0.03374803869338613	0	0	0	0	0	0	0	0.02613467984015678	0.00003504893081679835	0	0.000042675079138211894	0.000042675079138211894	0.000042675079138211894	0	0	0
1.2302687708123837e-6	0	0	0	0	0	0	0.03809514046526403	0	0	0	0	0	0	0	0.02450745261851786	0.000037509180591071024	0	0.00004606914802792462	0.00004606914802792462	0.00004606914802792462	0	0	0
1.3182567385564101e-6	0	0	0	0	0	0	0.03271874542486211	0	0	0	0	0	0	0	0.02543594285113461	0.000038175851193622436	0	0.00004890148822067886	0.00004890148822067886	0.00004890148822067886	0	0	0
1.4125375446227554e-6	0	0	0	0	0	0	0.02810112494933747	0	0	0	0	0	0	0	0.026399609898146555	0.00003885437088712429	0	0.00005190796124008357	0.00005190796124008357	0.00005190796124008357	0	0	0
1.5135612484362104e-6	0	0	0	0	0	0	0.02676713194472253	0	0	0	0	0	0	0	0.025826484972824106	0.00003884459588187784	0	0.000055157364680065247	0.000055157364680065247	0.000055157364680065247	0	0	0
1.6218100973589331e-6	0	0	0	0	0	0	0.02549646513575171	0	0	0	0	0	0	0	0.025265802359387933	0.000038834823335832916	0	0.000058610178588566966	0.000058610178588566966	0.000058610178588566966	0	0	0
1.7378008287493763e-6	0	0	0	0	0	0	0.026405804349122507	0	0	0	0	0	0	0	0.028982480547256387	0.00004018433203845793	0	0.00005963708412441069	0.00005963708412441069	0.00005963708412441069	0	0	0
1.8620871366628694e-6	0	0	0	0	0	0	0.02734757542316788	0	0	0	0	0	0	0	0.03324589366780959	0.00004158073611956113	0	0.00006068198201252068	0.00006068198201252068	0.00006068198201252068	0	0	0
1.995262314968883e-6	0	0	0	0	0	0	0.027741386695542675	0	0	0	0	0	0	0	0.031840402959177276	0.00003795557523092792	0	0.00005770717167577816	0.00005770717167577816	0.00005770717167577816	0	0	0
2.1379620895022326e-6	0	0	0	0	0	0	0.028140868939323667	0	0	0	0	0	0	0	0.0304943302391782	0.00003464646914783485	0	0.000054878195345211895	0.000054878195345211895	0.000054878195345211895	0	0	0
2.2908676527677747e-6	0	0	0	0	0	0	0.029690400478524413	0	0	0	0	0	0	0	0.030687411606221668	0.000034800558315495316	0	0.000053096597357510375	0.000053096597357510375	0.000053096597357510375	0	0	0
2.4547089156850335e-6	0	0	0	0	0	0	0.03132525447156119	0	0	0	0	0	0	0	0.030881715509192522	0.000034955332790264306	0	0.00005137283821399497	0.00005137283821399497	0.00005137283821399497	0	0	0
2.6302679918953817e-6	0	0	0	0	0	0	0.03509975710323855	0	0	0	0	0	0	0	0.03139970911652776	0.000037846874186383665	0	0.00005360695730866742	0.00005360695730866742	0.00005360695730866742	0	0	0
2.8183829312644606e-6	0	0	0	0	0	0	0.0393290643440686	0	0	0	0	0	0	0	0.03192639127541598	0.00004097760688689267	0	0.000055938234518459	0.000055938234518459	0.000055938234518459	0	0	0
3.0199517204020193e-6	0	0	0	0	0	0	0.041722801787687044	0	0	0	0	0	0	0	0.0349129285258093	0.00004351635312465913	0	0.000057602543694111564	0.000057602543694111564	0.000057602543694111564	0	0	0
3.2359365692962877e-6	0	0	0	0	0	0	0.04426223247482761	0	0	0	0	0	0	0	0.038178839811026766	0.00004621238605995196	0	0.0000593163704324116	0.0000593163704324116	0.0000593163704324116	0	0	0
3.4673685045253236e-6	0.00004008545387682081	6.266563683247937e-6	0	0	0	0	0.046878106255786055	0	0	0	0	0	0	0	0.03960994900617697	0.000047473073060728255	0	0.00006106558472903669	0.00006106558472903669	0.00006106558472903669	0	0	0
3.7153522909717276e-6	0.00004111834184358907	6.496168019584442e-6	0	0	0	0	0.04964857674945607	0	0	0	0	0	0	0	0.041094702406823405	0.000048768151960504325	0	0.00006286638260424541	0.00006286638260424541	0.00006286638260424541	0	0	0
3.981071705534978e-6	0.00004323961945989439	6.958158389366161e-6	0	0	0	0	0.05221124292101886	0	0	0	0	0	0	0	0.04477019870579146	0.00005112443255512655	0	0.0000665368862159608	0.0000665368862159608	0.0000665368862159608	0	0	0
4.265795188015934e-6	0.00004547033287841526	7.453004298155988e-6	0	0	0	0	0.05490618393985465	0	0	0	0	0	0	0	0.04877443015193178	0.00005359455913360057	0	0.00007042169509235799	0.00007042169509235799	0.00007042169509235799	0	0	0
4.570881896148752e-6	0.00004733799920193342	7.517484191972794e-6	0	0	0	0	0.05175406813019777	0	0	0	0	0	0	0	0.049167965177834866	0.00005578056266059149	0	0.00007251345322678064	0.00007251345322678064	0.00007251345322678064	0	0	0
4.897788193684467e-6	0.00004928237878605909	7.582521935556019e-6	0	0	0	0	0.048782912521460754	0	0	0	0	0	0	0	0.04956467542928429	0.000058055728436461506	0	0.00007466734352214043	0.00007466734352214043	0.00007466734352214043	0	0	0
5.248074602497734e-6	0.00005176931678334401	8.130667517450764e-6	0	0	0	0	0.05162399680661122	0	0	0	0	0	0	0	0.051458879573570634	0.000060519137964198166	0	0.00007899315047220216	0.00007899315047220216	0.00007899315047220216	0	0	0
5.623413251903491e-6	0.00005438175319922564	8.718438910059163e-6	0	0	0	0	0.054630543945415104	0	0	0	0	0	0	0	0.05342547417152496	0.00006308707441227128	0	0.00008356957040628737	0.00008356957040628737	0.00008356957040628737	0	0	0
6.0255958607435935e-6	0.00005725496153028118	9.4898482100358e-6	0	0	0	0	0.056081232963741894	0	0	0	0	0	0	0	0.0581636020524764	0.00006635539060107426	0	0.00008903664975221903	0.00008903664975221903	0.00008903664975221903	0	0	0
6.4565422903465625e-6	0.00006027997309731181	0.000010329511966369707	0	0	0	0	0.05757044436306483	0	0	0	0	0	0	0	0.06332193876010392	0.00006979302658810069	0	0.00009486138268461013	0.00009486138268461013	0.00009486138268461013	0	0	0
6.9183097091893625e-6	0.00006342462079932205	0.00001098040054433396	0	0	0	0	0.05976363670591853	0	0	0	0	0	0	0	0.06469143960957692	0.0000738159000665926	0	0.00010018631574506325	0.00010018631574506325	0.00010018631574506325	0	0	0
7.413102413009192e-6	0.00006673331650370656	0.000011672303251746403	0	0	0	0	0.062040380473570224	0	0	0	0	0	0	0	0.06609055946019643	0.0000780706521698577	0	0.00010581015771128958	0.00010581015771128958	0.00010581015771128958	0	0	0
7.943282347242822e-6	0.00007023831368265186	0.000012241224146981981	0	0	0	0	0.06704372821319204	0	0	0	0	0	0	0	0.0683337051169697	0.00008270719202159277	0	0.00011121997062917151	0.00011121997062917151	0.00011121997062917151	0	0	0
8.511380382023777e-6	0.00007392740189540214	0.00001283787487223094	0	0	0	0	0.07245057909725763	0	0	0	0	0	0	0	0.07065298422576104	0.0000876190914508289	0	0.00011690637396558713	0.00011690637396558713	0.00011690637396558713	0	0	0
9.120108393559115e-6	0.00007583133071388195	0.000012961253534029266	0	0	0	0	0.07354499447277256	0	0	0	0	0	0	0	0.0739572183244112	0.00009014878645502782	0	0.00011922682542352169	0.00011922682542352169	0.00011922682542352169	0	0	0
9.772372209558111e-6	0.00007778429337979668	0.00001308581792900679	0	0	0	0	0.0746559417384264	0	0	0	0	0	0	0	0.07741598181907051	0.00009275151756024383	0	0.00012159333506276764	0.00012159333506276764	0.00012159333506276764	0	0	0
0.000010471285480509006	0.00007951862470489013	0.00001316820460260239	0	0	0	0	0.07756026189148496	0	0	0	0	0	0	0	0.07874340427758761	0.00009517292041728745	0	0.00012360701092773202	0.00012360701092773202	0.00012360701092773202	0	0	0
0.000011220184543019652	0.0000812916258566861	0.000013251109972394275	0	0	0	0	0.08057756803541054	0	0	0	0	0	0	0	0.08009358754520308	0.0000976575372459217	0	0.00012565403475940022	0.00012565403475940022	0.00012565403475940022	0	0	0
0.000012022644346174132	0.00008518816783487185	0.000013715491075556106	0	0	0	0	0.08251257400054764	0	0	0	0	0	0	0	0.08188125129169586	0.00010268442346840038	0	0.0001311075259174233	0.0001311075259174233	0.0001311075259174233	0	0	0
0.000012882495516931348	0.00008927148230318471	0.000014196146272693635	0	0	0	0	0.0844940475890739	0	0	0	0	0	0	0	0.08370881513217177	0.00010797006683145747	0	0.00013679770319434008	0.00013679770319434008	0.00013679770319434008	0	0	0
0.000013803842646028866	0.000093637352202907	0.00001508434874675461	0	0	0	0	0.0858489508153238	0	0	0	0	0	0	0	0.08589573266309945	0.00011273622475586932	0	0.0001441398599737964	0.0001441398599737964	0.0001441398599737964	0	0	0
0.000014791083881682102	0.00009821673732036116	0.000016028122896379688	0	0	0	0	0.08722558057503792	0	0	0	0	0	0	0	0.088139784060747	0.00011771277674621998	0	0.00015187608233268254	0.00015187608233268254	0.00015187608233268254	0	0	0
0.00001584893192461114	0.00010123312618188056	0.000016635096431637922	0	0	0	0	0.08931934728255725	0	0	0	0	0	0	0	0.0914068980063283	0.00012074168895207658	0	0.0001569253523316632	0.0001569253523316632	0.0001569253523316632	0	0	0
0.00001698243652461746	0.00010434215303985694	0.000017265055619981475	0	0	0	0	0.09146337285905333	0	0	0	0	0	0	0	0.09479511542007879	0.00012384853924931442	0	0.0001621424902867504	0.0001621424902867504	0.0001621424902867504	0	0	0
0.000018197008586099864	0.00010689983871293043	0.00001757319240154823	0	0	0	0	0.09375946326533441	0	0	0	0	0	0	0	0.09870204048539659	0.00012678775315703875	0	0.00016573251118193858	0.00016573251118193858	0.00016573251118193858	0	0	0
0.000019498445997580493	0.00010952021962289183	0.000017886828631147115	0	0	0	0	0.09611319457189112	0	0	0	0	0	0	0	0.10276998717507094	0.00012979672144739637	0	0.00016940201926154776	0.00016940201926154776	0.00016940201926154776	0	0	0
0.00002089296130854041	0.00011341481336090022	0.000018237304074349537	0	0	0	0	0.10222956711360162	0	0	0	0	0	0	0	0.10525803692547124	0.0001348396677480698	0	0.00017447455881173664	0.00017447455881173664	0.00017447455881173664	0	0	0
0.000022387211385683423	0.00011744790079839572	0.000018594646751471567	0	0	0	0	0.10873516834795643	0	0	0	0	0	0	0	0.10780632207854791	0.0001400785458651099	0	0.00017969898945272003	0.00017969898945272003	0.00017969898945272003	0	0	0
0.000023988329190194948	0.00012132706322058527	0.00001902695111045509	0	0	0	0	0.11467443403474831	0	0	0	0	0	0	0	0.11227498995723074	0.00014472731773146843	0	0.0001850268115285129	0.0001850268115285129	0.0001850268115285129	0	0	0
0.000025703957827688645	0.0001253343496960396	0.000019469306053420918	0	0	0	0	0.12093811064980077	0	0	0	0	0	0	0	0.1169288880916627	0.00014953036789741936	0	0.00019051259602890125	0.00019051259602890125	0.00019051259602890125	0	0	0
0.00002754228703338169	0.00012948723955565107	0.00002005549856685549	0	0	0	0	0.12365963632360115	0	0	0	0	0	0	0	0.12179615438835244	0.00015463482502239728	0	0.000196626675582688	0.000196626675582688	0.000196626675582688	0	0	0
0.0000295120922666639	0.00013377773330619877	0.0000206593404850437	0	0	0	0	0.1264424057356525	0	0	0	0	0	0	0	0.12686602486258625	0.00015991353091641963	0	0.00020293697296967482	0.00020293697296967482	0.00020293697296967482	0	0	0
0.000031622776601683856	0.00013868309840422787	0.000021551084474482162	0	0	0	0	0.12948067816881387	0	0	0	0	0	0	0	0.13116244640134977	0.00016578424634741402	0	0.00021082444056240684	0.00021082444056240684	0.00021082444056240684	0	0	0
0.000033884415613920276	0.00014376833354602398	0.000022481319883492914	0	0	0	0	0.13259195695869805	0	0	0	0	0	0	0	0.13560436976425166	0.0001718704863776967	0	0.00021901846710354448	0.00021901846710354448	0.00021901846710354448	0	0	0
0.000036307805477010174	0.00014864874598388494	0.00002358067480257914	0	0	0	0	0.1377481345691754	0	0	0	0	0	0	0	0.1405847020836326	0.00017704358299760998	0	0.000227572422989933	0.000227572422989933	0.000227572422989933	0	0	0
0.00003890451449942813	0.00015369483068750816	0.0000247337890758482	0	0	0	0	0.14310482334307828	0	0	0	0	0	0	0	0.14574794672401353	0.0001823723836549223	0	0.00023646046103055078	0.00023646046103055078	0.00023646046103055078	0	0	0
0.00004168693834703355	0.00015874819408106	0.000025819360067376388	0	0	0	0	0.1475990819649557	0	0	0	0	0	0	0	0.14767066629116224	0.00018775576175806617	0	0.00024511585356875107	0.00024511585356875107	0.00024511585356875107	0	0	0
0.00004466835921509635	0.00016396770803070378	0.00002695257698869038	0	0	0	0	0.15223448440077572	0	0	0	0	0	0	0	0.1496187505417722	0.00019329804966553712	0	0.00025408806786930205	0.00025408806786930205	0.00025408806786930205	0	0	0
0.0000478630092322639	0.0001692429560222135	0.000027834562734970375	0	0	0	0	0.15621970470590615	0	0	0	0	0	0	0	0.15569675013156342	0.00019945514637166047	0	0.00026221320440293183	0.00026221320440293183	0.00026221320440293183	0	0	0
0.00005128613839913659	0.000174687921830152	0.00002874541024303902	0	0	0	0	0.16030925078809563	0	0	0	0	0	0	0	0.16202165780526498	0.00020580836424876294	0	0.00027059816362026115	0.00027059816362026115	0.00027059816362026115	0	0	0
0.00005495408738576248	0.0001804004847731056	0.000029445805287328533	0	0	0	0	0.1660067922518019	0	0	0	0	0	0	0	0.16730081544235462	0.0002130394525131214	0	0.0002783593692696346	0.0002783593692696346	0.0002783593692696346	0	0	0
0.00005888436553555896	0.00018629985728500653	0.000030163265776637598	0	0	0	0	0.17190682969481785	0	0	0	0	0	0	0	0.17275198406695588	0.000220524605463714	0	0.0002863431792128662	0.0002863431792128662	0.0002863431792128662	0	0	0
0.00006309573444801943	0.00019294822720443435	0.00003112279249132736	0	0	0	0	0.1776088829772253	0	0	0	0	0	0	0	0.17864224853295885	0.0002287626464700518	0	0.00029534485695407065	0.00029534485695407065	0.00029534485695407065	0	0	0
0.00006760829753919819	0.00019983385346549346	0.0000321128428079051	0	0	0	0	0.18350007017416847	0	0	0	0	0	0	0	0.18473335130288665	0.00023730843236263418	0	0.0003046295175216152	0.0003046295175216152	0.0003046295175216152	0	0	0
0.00007244359600749906	0.00020752865776877866	0.000033893647875449234	0	0	0	0	0.1904833334665647	0	0	0	0	0	0	0	0.190343054962077	0.0002456076315510037	0	0.0003158280980873293	0.0003158280980873293	0.0003158280980873293	0	0	0
0.00007762471166286927	0.00021551975828133625	0.000035773206787602156	0	0	0	0	0.19773235124158794	0	0	0	0	0	0	0	0.1961231056372351	0.000254197072036249	0	0.0003274383531608459	0.0003274383531608459	0.0003274383531608459	0	0	0
0.00008317637711026725	0.00022468661007497994	0.000038680110162578104	0	0	0	0	0.20459970698980826	0	0	0	0	0	0	0	0.20300101986327637	0.0002628117163072324	0	0.0003392936078119611	0.0003392936078119611	0.0003392936078119611	0	0	0
0.00008912509381337459	0.00023424336195238774	0.00004182322627860416	0	0	0	0	0.21170556986484224	0	0	0	0	0	0	0	0.21012013822458336	0.0002717183076699785	0	0.00035157809459635035	0.00035157809459635035	0.00035157809459635035	0	0	0
0.00009549925860214369	0.0002465941779446933	0.00004754620883634208	0	0	0	0	0.2197147835205046	0	0	0	0	0	0	0	0.21736081087323378	0.0002807028769589505	0	0.00036308277862665575	0.00036308277862665575	0.00036308277862665575	0	0	0
0.00010232929922807557	0.00025959620835948815	0.00005405230958630174	0	0	0	0	0.22802700055686753	0	0	0	0	0	0	0	0.2248509947817189	0.00028998452775855346	0	0.000374963930237483	0.000374963930237483	0.000374963930237483	0	0	0
0.00010964781961431851	0.000266806668426806	0.00005435055032533886	0	0	0	0	0.23455379364077308	0	0	0	0	0	0	0	0.23207871120643936	0.00029976081361729294	0	0.0003873031135669148	0.0003873031135669148	0.0003873031135669148	0	0	0
0.00011748975549395303	0.00027421740389379584	0.0000546504366469442	0	0	0	0	0.24126740244323863	0	0	0	0	0	0	0	0.23953875875678768	0.00030986668866456857	0	0.00040004835047366237	0.00040004835047366237	0.00040004835047366237	0	0	0
0.00012589254117941688	0.00027784186032158456	0.0000512385877563121	0	0	0	0	0.24846863796253923	0	0	0	0	0	0	0	0.24675376349265712	0.0003195432110102592	0	0.0004134720115245706	0.0004134720115245706	0.0004134720115245706	0	0	0
0.0001348962882591656	0.00028151422284216775	0.000048039741973554684	0	0	0	0	0.2558848125597224	0	0	0	0	0	0	0	0.254186087102552	0.00032952191196414357	0	0.00042734610481897137	0.00042734610481897137	0.00042734610481897137	0	0	0
0.0001445439770745928	0.00028903000089595656	0.00004811371800095369	0	0	0	0	0.2637736146242235	0	0	0	0	0	0	0	0.2613021443805924	0.0003401313667375479	0	0.00044052356083190567	0.00044052356083190567	0.00044052356083190567	0	0	0
0.00015488166189124827	0.0002967464328250031	0.000048187807943465546	0	0	0	0	0.27190562455006684	0	0	0	0	0	0	0	0.2686174189791452	0.000351082408903176	0	0.0004541073510667127	0.0004541073510667127	0.0004541073510667127	0	0	0
0.00016595869074375631	0.00030490896600257725	0.00004905946682247866	0	0	0	0	0.27920746270251456	0	0	0	0	0	0	0	0.2774646621969125	0.00036117682064294954	0	0.0004665749473075749	0.0004665749473075749	0.0004665749473075749	0	0	0
0.00017782794100389227	0.0003132960240286572	0.000049946892951212795	0	0	0	0	0.28670538668618606	0	0	0	0	0	0	0	0.2866033001903853	0.0003715614695059392	0	0.0004793848435699181	0.0004793848435699181	0.0004793848435699181	0	0	0
0.00019054607179632481	0.00032275501574227297	0.00005132909250141743	0	0	0	0	0.29547646324975224	0	0	0	0	0	0	0	0.29548905257838115	0.0003828550847838044	0	0.0004937546423124421	0.0004937546423124421	0.0004937546423124421	0	0	0
0.00020417379446695317	0.0003324995920703627	0.000052749542190593826	0	0	0	0	0.3045158702586352	0	0	0	0	0	0	0	0.30465029584679787	0.00039449196963215095	0	0.0005085551829081367	0.0005085551829081367	0.0005085551829081367	0	0	0
0.00021877616239495564	0.00034314822638674587	0.00005427866822429976	0	0	0	0	0.3122640321170666	0	0	0	0	0	0	0	0.3128031221013761	0.00040735029251896685	0	0.0005241722301486977	0.0005241722301486977	0.0005241722301486977	0	0	0
0.00023442288153199226	0.00035413789394199104	0.00005585212121004839	0	0	0	0	0.3202093397338901	0	0	0	0	0	0	0	0.3211741282718896	0.0004206277277836996	0	0.0005402688559536128	0.0005402688559536128	0.0005402688559536128	0	0	0
0.0002511886431509582	0.00036483777172138495	0.000057256588029588444	0	0	0	0	0.32813236498586623	0	0	0	0	0	0	0	0.3294518130697423	0.0004337250470903757	0	0.0005549783829831982	0.0005549783829831982	0.0005549783829831982	0	0	0
0.00026915348039269194	0.000375860934262032	0.000058696371807633464	0	0	0	0	0.3362514317686596	0	0	0	0	0	0	0	0.3379428402871145	0.000447230184906604	0	0.0005700883961467688	0.0005700883961467688	0.0005700883961467688	0	0	0
0.00028840315031266115	0.0003868554572830105	0.00006060625021536748	0	0	0	0	0.3449271496480936	0	0	0	0	0	0	0	0.346490345945048	0.0004597819208270995	0	0.0005854059394246423	0.0005854059394246423	0.0005854059394246423	0	0	0
0.0003090295432513592	0.00039817158738107326	0.00006257827276284945	0	0	0	0	0.3538267121676154	0	0	0	0	0	0	0	0.35525404157436863	0.000472685927412533	0	0.0006011350454244633	0.0006011350454244633	0.0006011350454244633	0	0	0
0.0003311311214825914	0.0004108219200429607	0.00006553099503028082	0	0	0	0	0.3626158171231345	0	0	0	0	0	0	0	0.3640251566775758	0.0004862268777301846	0	0.0006176992562189025	0.0006176992562189025	0.0006176992562189025	0	0	0
0.000354813389233576	0.0004238741671596405	0.00006862303991566963	0	0	0	0	0.37162324467347885	0	0	0	0	0	0	0	0.3730128279663582	0.0005001557332611517	0	0.000634719892040181	0.000634719892040181	0.000634719892040181	0	0	0
0.00038018939632056124	0.00043901196582573016	0.00007403523496032724	0	0	0	0	0.38053517687746047	0	0	0	0	0	0	0	0.38134801187362194	0.0005136604910002117	0	0.0006508880866691607	0.0006508880866691607	0.0006508880866691607	0	0	0
0.00040738027780411304	0.00045469038000040755	0.00007987428161688438	0	0	0	0	0.38966082697112525	0	0	0	0	0	0	0	0.38986945020850733	0.0005275298921282469	0	0.0006674681330784935	0.0006674681330784935	0.0006674681330784935	0	0	0
0.00043651583224016654	0.00046968812187227817	0.00008546527903220966	0	0	0	0	0.39785044151826765	0	0	0	0	0	0	0	0.39901184972097997	0.0005402578550490121	0	0.0006835160856654836	0.0006835160856654836	0.0006835160856654836	0	0	0
0.00046773514128719906	0.00048518055699289537	0.00009144763210627011	0	0	0	0	0.4062121795681815	0	0	0	0	0	0	0	0.4083686375852487	0.0005532929115440569	0	0.0006999498795675444	0.0006999498795675444	0.0006999498795675444	0	0	0
0.0005011872336272725	0.000491224082519597	0.00008821305236933508	0	0	0	0	0.41426018746419485	0	0	0	0	0	0	0	0.4165562322896041	0.0005658621620486909	0	0.0007152702544710963	0.0007152702544710963	0.0007152702544710963	0	0	0
0.0005370317963702533	0.0004973428876515217	0.0000850928824408729	0	0	0	0	0.4224676451117225	0	0	0	0	0	0	0	0.4249079843284674	0.0005787169503850087	0	0.0007309259589375734	0.0007309259589375734	0.0007309259589375734	0	0	0
0.0005754399373371578	0.0005061223763905533	0.00008427090080263571	0	0	0	0	0.4307675223575322	0	0	0	0	0	0	0	0.43231826741575996	0.0005917650440892807	0	0.0007462388200147645	0.0007462388200147645	0.0007462388200147645	0	0	0
0.0006165950018614823	0.0005150568475862214	0.0000834568593562714	0	0	0	0	0.4392304605219528	0	0	0	0	0	0	0	0.4398577838840642	0.0006051073278102815	0	0.0007618724847403989	0.0007618724847403989	0.0007618724847403989	0	0	0
0.0006606934480075965	0.0005266489549729183	0.00008573668309723739	0	0	0	0	0.44630690569305864	0	0	0	0	0	0	0	0.44624693114223873	0.0006176278019659184	0	0.0007765502999944091	0.0007765502999944091	0.0007765502999944091	0	0	0
0.0007079457843841388	0.0005385019596844332	0.00008807878567699444	0.0005288632478936454	0.00007845319178154342	0	0	0.4534973595242194	0	0	0	0	0	0	0	0.4527288838574995	0.0006304073413582115	0	0.0007915108899449	0.0007915108899449	0.0007915108899449	0	0	0
0.0007585775750291852	0.0005483753941427511	0.00008921765262057208	0.0005386356415481145	0.00007949142169944602	0	0	0.46003748462450433	0	0	0	0	0	0	0	0.4585557993686983	0.000642040516707662	0	0.0008047614703916416	0.0008047614703916416	0.0008047614703916416	0	0	0
0.0008128305161640995	0.0005584298580407007	0.00009037124522033589	0.0005485886105746062	0.00008054339129240775	0	0	0.46667192832539156	0	0	0	0	0	0	0	0.4644577110764841	0.000653888363999889	0	0.0008182338770752748	0.0008182338770752748	0.0008182338770752748	0	0	0
0.0008709635899560814	0.0005654273318328922	0.00008909521008252398	0.0005577190134035293	0.00008143356752243862	0	0	0.4724445017420156	0	0	0	0	0	0	0	0.46969168443676634	0.0006649762073299392	0	0.0008303472198044054	0.0008303472198044054	0.0008303472198044054	0	0	0
0.0009332543007969925	0.0005725124883282331	0.00008783719246421151	0.0005670013775641518	0.00008233358209808416	0	0	0.4782884799332312	0	0	0	0	0	0	0	0.4749846394362438	0.000676252064817268	0	0.0008426398915446948	0.0008426398915446948	0.0008426398915446948	0	0	0
0.001	0.000582804934418204	0.0000906179313399369	0.0005751252674707774	0.0000829561071363701	0	0	0.48257477420027445	0	0	0	0	0	0	0	0.47957824157773665	0.0006862845444594726	0	0.000852852082560232	0.000852852082560232	0.000852852082560232	0	0	0
0.001071519305237607	0.0005932824148064216	0.00009348670249991496	0.000583365554955656	0.0000835833390927011	0	0	0.486899481097591	0	0	0	0	0	0	0	0.4842162686940232	0.0006964658600949513	0	0.0008631880380051346	0.0008631880380051346	0.0008631880380051346	0	0	0
0.001148153621496884	0.0006001615299332754	0.00009408121828120398	0.0005900227864928785	0.00008395544161755911	0	0	0.4898312172038704	0	0	0	0	0	0	0	0.48778717028129	0.0007047531688201099	0	0.0008710955428059393	0.0008710955428059393	0.0008710955428059393	0	0	0
0.0012302687708123836	0.0006071204084641125	0.00009467951480354779	0.000596755988802395	0.00008432920069610959	0	0	0.4927806059816567	0	0	0	0	0	0	0	0.4913844058415567	0.0007131390889630575	0	0.0008790754867850233	0.0008790754867850233	0.0008790754867850233	0	0	0
0.0013182567385564075	0.0006112351135638409	0.00009377002499648525	0.0006020161987248657	0.00008457688866771709	0	0	0.494216527129711	0	0	0	0	0	0	0	0.4934349860611719	0.0007194415442449392	0	0.0008851682004983158	0.0008851682004983158	0.0008851682004983158	0	0	0
0.0014125375446227555	0.0006153777057150026	0.00009286927173302299	0.0006073227756867074	0.00008482530413740083	0	0	0.49565663243095265	0	0	0	0	0	0	0	0.4954941234901469	0.0007257996982582386	0	0.0008913031417119193	0.0008913031417119193	0.0008913031417119193	0	0	0
0.0015135612484362103	0.0006197619959371726	0.00009380155007601842	0.0006106951381704726	0.0000847454272611578	0	0	0.49599649428821496	0	0	0	0	0	0	0	0.4959956232566544	0.0007298264095029136	0	0.0008944121569130522	0.0008944121569130522	0.0008944121569130522	0	0	0
0.0016218100973589332	0.0006241775222612902	0.00009474318719713908	0.0006140862268228862	0.00008466562560203805	0	0	0.49633658918196766	0	0	0	0	0	0	0	0.4964976306013629	0.0007338754608002049	0	0.0008975320168818831	0.0008975320168818831	0.0008975320168818831	0	0	0
0.0017378008287493763	0.0006257496930706202	0.00009467984054528698	0.0006152989628676992	0.0000842415108581292	0	0	0.4954470807218538	0	0	0	0	0	0	0	0.495234197827548	0.0007353772105208497	0	0.0008973296214483937	0.0008973296214483937	0.0008973296214483937	0	0	0
0.0018620871366628695	0.0006273258238448075	0.00009461653624791316	0.0006165140938998109	0.00008381952062832736	0	0	0.4945591663922502	0	0	0	0	0	0	0	0.4939739800990332	0.000736882033313621	0	0.0008971272716555161	0.0008971272716555161	0.0008971272716555161	0	0	0
0.001995262314968883	0.0006256753752198019	0.00009317781626548686	0.0006155275123502018	0.00008304978853097871	0	0	0.49201396684158166	0	0	0	0	0	0	0	0.49155793776093387	0.0007358264008058972	0	0.0008935693272613063	0.0008935693272613063	0.0008935693272613063	0	0	0
0.0021379620895022326	0.0006240292688051126	0.00009176097316917261	0.000614542509585512	0.00008228712504362977	0	0	0.4894818659072019	0	0	0	0	0	0	0	0.48915371236221716	0.0007347722805619301	0	0.0008900254934272287	0.0008900254934272287	0.0008900254934272287	0	0	0
0.0022908676527677745	0.0006189535162712362	0.00008909898266173145	0.0006110167571765803	0.00008119386049965701	0	0	0.4856296852297419	0	0	0	0	0	0	0	0.484744051819996	0.0007306152000575531	0	0.0008828451451530714	0.0008828451451530714	0.0008828451451530714	0	0	0
0.0024547089156850338	0.0006139190490825727	0.00008651421663455644	0.000607511232709337	0.00008011512103919466	0	0	0.4818078208867684	0	0	0	0	0	0	0	0.48037414382509547	0.000726481638837691	0	0.0008757227248840321	0.0008757227248840321	0.0008757227248840321	0	0	0
0.002630267991895387	0.0006085775413693651	0.00008571314947603055	0.0006016416484028372	0.0000787844647624411	0	0	0.4759694675378312	0	0	0	0	0	0	0	0.4747988999642988	0.000719518118391775	0	0.0008654028789649214	0.0008654028789649214	0.0008654028789649214	0	0	0
0.002818382931264455	0.0006032825083578194	0.00008491949969487278	0.0005958287741916845	0.00007747590975825517	0	0	0.47020186100608885	0	0	0	0	0	0	0	0.46928836263383306	0.000712621345148279	0	0.0008552046459910602	0.0008552046459910602	0.0008552046459910602	0	0	0
0.003019951720402019	0.0005953837348528921	0.00008357089166790908	0.000587726013264749	0.00007592210084989032	0	0	0.46325516388585397	0	0	0	0	0	0	0	0.4625364075488378	0.0007029036385463617	0	0.0008419038288342913	0.0008419038288342913	0.0008419038288342913	0	0	0
0.0032359365692962876	0.0005875883799321569	0.00008224370090808577	0.0005797334429453886	0.00007439945417158187	0	0	0.4564110963059979	0	0	0	0	0	0	0	0.45588159720703186	0.0006933184480727415	0	0.0008288098764763359	0.0008288098764763359	0.0008288098764763359	0	0	0
0.0034673685045253167	0.0005772302132313527	0.0000807111012575286	0.0005690981086935602	0.00007258855210741301	0	0	0.44839521546574584	0	0	0	0	0	0	0	0.44745864266437263	0.000680499534923396	0	0.0008121151522619634	0.0008121151522619634	0.0008121151522619634	0	0	0
0.003715352290971728	0.0005670546430914504	0.00007920706138313615	0.0005586578819278088	0.0000708217278704611	0	0	0.4405201163596914	0	0	0	0	0	0	0	0.4391913122216162	0.0006679176334023828	0	0.0007957567100158742	0.0007957567100158742	0.0007957567100158742	0	0	0
0.003981071705534978	0.000553989866878593	0.00007699947947436691	0.0005457733371921438	0.00006879394488828051	0	0	0.4314673270860178	0	0	0	0	0	0	0	0.43021917161960677	0.0006524058420193217	0	0.0007760861469616949	0.0007760861469616949	0.0007760861469616949	0	0	0
0.004265795188015935	0.0005412260993596451	0.00007485342513395882	0.0005331859537396471	0.00006682422182565388	0	0	0.4226005747050764	0	0	0	0	0	0	0	0.4214303208613218	0.0006372542981576298	0	0.0007569018268081396	0.0007569018268081396	0.0007569018268081396	0	0	0
0.004570881896148752	0.000527612783326836	0.00007374392706488604	0.0005185004388667355	0.00006464775593220821	0	0	0.41228816181280725	0	0	0	0	0	0	0	0.4112544114499511	0.0006197139589273931	0	0.0007349319334604916	0.0007349319334604916	0.0007349319334604916	0	0	0
0.004897788193684466	0.0005143418794090903	0.00007265087428155777	0.000504219406417957	0.00006254217756511035	0	0	0.40222739519370015	0	0	0	0	0	0	0	0.40132421082416764	0.0006026564151858669	0	0.0007135997400055003	0.0007135997400055003	0.0007135997400055003	0	0	0
0.005248074602497733	0.000497703214211826	0.0000698066302372211	0.00048813704185900046	0.00006025468945934672	0	0	0.3910180082187003	0	0	0	0	0	0	0	0.3901045342577964	0.0005834777046443494	0	0.000689860938707539	0.000689860938707539	0.000689860938707539	0	0	0
0.005623413251903491	0.00048160280030349993	0.00006707373687191964	0.00047256763345864336	0.00005805086652223775	0	0	0.380121007614835	0	0	0	0	0	0	0	0.3791985221523748	0.0005649093301562897	0	0.0006669118387722222	0.0006669118387722222	0.0006669118387722222	0	0	0
0.0060255958607435805	0.0004642773433701329	0.00006471576695193873	0.00045523758752500076	0.00005568778196346848	0	0	0.36862278356309475	0	0	0	0	0	0	0	0.3676461864672025	0.0005441479404937553	0	0.0006416717618755492	0.0006416717618755492	0.0006416717618755492	0	0	0
0.006456542290346563	0.0004475751624180533	0.00006244069120787284	0.0004385430707109978	0.00005342089181085428	0	0	0.35747236758745515	0	0	0	0	0	0	0	0.35644579429442924	0.0005241495676158795	0	0.0006173869259038585	0.0006173869259038585	0.0006173869259038585	0	0	0
0.006918309709189377	0.0004289072370363482	0.000059434942644142086	0.0004205080560220893	0.000051048413465395103	0	0	0.34527192385162186	0	0	0	0	0	0	0	0.3443828987656691	0.000502588968494635	0	0.0005914099823968833	0.0005914099823968833	0.0005914099823968833	4.184976775723044e-11	4.184976775723044e-11	4.184976775723044e-11
0.007413102413009177	0.00041101793269378783	0.00005657388377319988	0.0004032147284707792	0.000048781299394265286	0	0	0.33348787825127485	0	0	0	0	0	0	0	0.33272823767498355	0.00048191525255175877	0	0.0005665260351385368	0.0005665260351385368	0.0005665260351385368	3.905647574679061e-11	3.905647574679061e-11	3.905647574679061e-11
0.00794328234724282	0.0003925355168433954	0.00005390824687240668	0.00038504945314310067	0.00004643225039331455	0	0	0.3210059145962112	0	0	0	0	0	0	0	0.3201815141747957	0.0004602770437276436	0	0.0005404971390400733	0.0005404971390400733	0.0005404971390400733	3.644962396466569e-11	3.644962396466569e-11	3.644962396466569e-11
0.008511380382023776	0.0003748842075421217	0.00005136820891609039	0.00036770254382348356	0.00004419631915013953	0	0	0.3089911325895579	0	0	0	0	0	0	0	0.3081079103343342	0.0004396104000877316	0	0.000515664134021777	0.000515664134021777	0.000515664134021777	3.401676832745731e-11	3.401676832745731e-11	3.401676832745731e-11
0.009120108393559097	0.0003573079132716545	0.00004962815742487833	0.00034955516029997244	0.000041891046053464125	0	0	0.2964277794490072	0.2962315124158746	0	0	0	0	0	0	0.29567263617101786	0.0004179833637129839	0	0.0004897995345083613	0.0004897995345083613	0.0004897995345083613	3.1746295340814446e-11	3.1746295340814446e-11	3.1746295340814446e-11
0.009772372209558112	0.00034055567644096946	0.00004794704859987867	0.0003323034124860343	0.00003970601564107654	0	0	0.28437524304553013	0.2842235297776078	0	0	0	0	0	0	0.2837392512430313	0.00039742028920597444	0	0.0004652322474583341	0.0004652322474583341	0.0004652322474583341	2.962736666118655e-11	2.962736666118655e-11	2.962736666118655e-11
0.010471285480509006	0.00032257344023103624	0.0000455347660760127	0.00031449940308162736	0.000037471727538952505	0	0	0.2717277524740338	0.2716999387271458	0	0	0	0	0	0	0.2713181764890391	0.0003761615697304836	0	0.0004399485941925188	0.0004399485941925188	0.0004399485941925188	2.7649867357841713e-11	2.7649867357841713e-11	2.7649867357841713e-11
0.011220184543019653	0.00030554071343022286	0.00004324384883207278	0.0002976492892406175	0.00003536316455033317	0	0	0.2596427546710464	0.2597281680446947	0	0	0	0	0	0	0.2594408513127609	0.0003560400170429302	0	0.000416039014039559	0.000416039014039559	0.000416039014039559	2.5804357628172104e-11	2.5804357628172104e-11	2.5804357628172104e-11
0.012022644346174132	0.00028851449521331916	0.000041314131809915357	0.0002804256886101067	0.00003323952590779191	0.0002877959566742471	0.000040594249249855576	0.24740041741671198	0.24743312548982918	0	0	0	0	0	0	0.2472559832237167	0.00033562850387495574	0	0.00039170605567750283	0.00039170605567750283	0.00039170605567750283	2.408202773579529e-11	2.408202773579529e-11	2.408202773579529e-11
0.01288249551693135	0.00027243706088683365	0.000039470526636868825	0.00026419873883482236	0.00003124341660662714	0.0002719159462016631	0.00003895012116762332	0.23573531491571645	0.23572010710494076	0	0	0	0	0	0	0.23564338819651326	0.0003163871677934406	0	0.00036879626399613887	0.00036879626399613887	0.00036879626399613887	2.2474655956343372e-11	2.2474655956343372e-11	2.2474655956343372e-11
0.013803842646028866	0.00025592661161801634	0.000037351305818612007	0.0002478074516334223	0.000029244299669482913	0.00025523352030304284	0.00003666017434609138	0.2239754371876172	0.22384699581625686	0	0	0	0	0	0	0.22369316783086055	0.00029721915930026367	0	0.00034571243196047956	0.00034571243196047956	0.00034571243196047956	2.0974569330190148e-11	2.0974569330190148e-11	2.0974569330190148e-11
0.014791083881682071	0.00024041674183780082	0.00003534586855631972	0.00023243310454802645	0.000027373096672695972	0.00023957458470629924	0.00003450485756647583	0.21280221201189173	0.21257192757703935	0	0	0	0	0	0	0.21234898087815743	0.00027921242593767156	0	0.00032407347166966077	0.00032407347166966077	0.00032407347166966077	1.957460703476465e-11	1.957460703476465e-11	1.957460703476465e-11
0.01584893192461114	0.00022399272164152454	0.00003251280732038717	0.00021698806889542863	0.000025520773112902594	0.0002235164039106417	0.000032039827746110786	0.2011956383687105	0.20107179521331406	0	0	0	0	0	0	0.20081017524966405	0.0002614032126352967	0	0.0003024272313065434	0.0003024272313065434	0.0003024272313065434	1.8268086201605133e-11	1.8268086201605133e-11	1.8268086201605133e-11
0.01698243652461746	0.00020869070500184616	0.000029906823145915272	0.00020256934628362522	0.0000237937953483326	0.00020853456921731444	0.00002975089985584598	0.19022210585071758	0.19019381952799244	0	0	0	0	0	0	0.18989837538678128	0.0002447299375970742	0	0.0002822268350584777	0.0002822268350584777	0.0002822268350584777	1.704877001497815e-11	1.704877001497815e-11	1.704877001497815e-11
0.018197008586099864	0.00019391931831837464	0.000027813378438266194	0.00018819645562563324	0.000022098314486559055	0.00019369113545915478	0.000027585469470657314	0.17933402366079895	0.17935739031331102	0	0	0	0	0	0	0.17905375298597082	0.00022823586654154417	0	0.00026217777219160216	0.00026217777219160216	0.00026217777219160216	1.5910837939777127e-11	1.5910837939777127e-11	1.5910837939777127e-11
0.019498445997580455	0.0001801934686872161	0.00002586647255630928	0.000174843363815081	0.00002052364895964728	0.00017990425326728883	0.00002557765074682414	0.169069162064745	0.16913837442160864	0	0	0	0	0	0	0.16882843991193408	0.00021285344689513962	0	0.00024355297120172626	0.00024355297120172626	0.00024355297120172626	1.4848857936580963e-11	1.4848857936580963e-11	1.4848857936580963e-11
0.02089296130854041	0.00016704362925640509	0.000024346244596244402	0.00016167786674221177	0.000018991075565066945	0.0001663752716620257	0.000023682073252520587	0.15886883846462066	0.15888171127114525	0	0	0	0	0	0	0.15857759659803422	0.00019837398880089165	0	0.00022525669536391447	0.00022525669536391447	0.00022525669536391447	1.385776053123771e-11	1.385776053123771e-11	1.385776053123771e-11
0.022387211385683423	0.00015485341548969784	0.000022915363687484313	0.00014950371592003037	0.000017572944841689666	0.0001538636831419813	0.000021926978325301772	0.14928392337706353	0.1492470189734928	0	0	0	0	0	0	0.14894915901566239	0.0001848795028072194	0	0.0002083348790856869	0.0002083348790856869	0.0002083348790856869	1.2932814615192382e-11	1.2932814615192382e-11	1.2932814615192382e-11
0.02398832919019495	0.0001426061155728029	0.000021251719211851628	0.0001375359937681013	0.000016189095302902303	0.0001418145031647636	0.000020459990852976178	0.13966826321073425	0.13969622606657994	0	0	0	0	0	0	0.13946254438206773	0.00017073917345112704	0	0.0001917343081576597	0.0001917343081576597	0.0001917343081576597	1.2069604861038465e-11	1.2069604861038465e-11	1.2069604861038465e-11
0.025703957827688646	0.00013132745012083133	0.000019708854531776616	0.00012652628374733852	0.000014914222350751651	0.00013070890347341137	0.00001909114970122583	0.13067196592248817	0.13075661886895734	0	0	0	0	0	0	0.1305801349538003	0.0001576803534633681	0	0.00017645650639985498	0.00017645650639985498	0.00017645650639985498	1.1264010645484434e-11	1.1264010645484434e-11	1.1264010645484434e-11
0.02754228703338169	0.00012027053642119842	0.00001814164834725937	0.00011578889008247909	0.000013666365261178282	0.00011973764960646143	0.000017609276450797916	0.12186882819018131	0.12196206402083505	0	0	0	0	0	0	0.12184570507748603	0.00014591149731422502	0	0.00016154153209498536	0.00016154153209498536	0.00016154153209498536	1.0512186379121434e-11	1.0512186379121434e-11	1.0512186379121434e-11
0.0295120922666639	0.00011014454265070945	0.000016699063064521518	0.00010596270331708414	0.000012522915044412464	0.00010968728489254125	0.00001624242761559381	0.11365874217625094	0.11375902182917064	0	0	0	0	0	0	0.11369551617543054	0.0001350210383275504	0	0.00014788724498750842	0.00014788724498750842	0.00014788724498750842	9.810543149094621e-12	9.810543149094621e-12	9.810543149094621e-12
0.03162277660168379	0.00010015909413357676	0.000015171644065143211	0.00009637858816939408	0.000011396288491467032	0.00009965556471715038	0.000014668496195394374	0.1057385559831763	0.10572948302737135	0	0	0	0	0	0	0.10569700986257478	0.00012531906372159184	0	0.000134531383924294	0.000134531383924294	0.000134531383924294	9.155731587047024e-12	9.155731587047024e-12	9.155731587047024e-12
0.03388441561392028	0.00009107890319606363	0.000013783934029713789	0.00008766133711905812	0.000010371019121358029	0.00009054132016143525	0.00001324708262376531	0.0983702793760416	0.09826669921636653	0	0	0	0	0	0	0.09826120035069098	0.00011631422722403903	0	0.00012238170548186544	0.00012238170548186544	0.00012238170548186544	8.544625880554491e-12	8.544625880554491e-12	8.544625880554491e-12
0.03630780547701017	0.0000824882751766345	0.000012643726475807361	0.00007920594264398824	9.367070056318853e-6	0.00008215419748654957	0.000012307273387543904	0.09111205133362364	0.0910977877043056	0.0797730921414372	0	0	0	0	0	0.09103547934367186	0.00010849164870589757	0	0.00011056526580459506	0.00011056526580459506	0.00011056526580459506	7.974308851728753e-12	7.974308851728753e-12	7.974308851728753e-12
0.038904514499428125	0.00007470792140490165	0.000011597836934681804	0.00007156611519172046	8.460306592173733e-6	0.00007454399993975085	0.000011434138559988332	0.08438936994869102	0.08445187424425611	0.07275742281926129	0	0	0	0	0	0.08434110788138587	0.0001011951686379021	0	0.00009988975030464997	0.00009988975030464997	0.00009988975030464997	7.442058031759368e-12	7.442058031759368e-12	7.442058031759368e-12
0.04168693834703355	0.00006728967356117664	0.000010636746261148008	0.00006422723669258322	7.580530609797008e-6	0.0000672328726443387	0.000010578035259579229	0.07783621683425283	0.07800296881182155	0.06600995516193177	0	0	0	0	0	0.07783541228908712	0.0000953134030823659	0	0.00008960555833469003	0.00008960555833469003	0.00008960555833469003	6.945332664920231e-12	6.945332664920231e-12	6.945332664920231e-12
0.04466835921509635	0.00006060803302810966	9.755299342562272e-6	0.000057640936945007396	6.792241356740802e-6	0.000060638806177067145	9.786030610513723e-6	0.0717919407948226	0.07204651404017615	0.0598882424863282	0	0	0	0	0	0.07183153693845702	0.00008977350331465265	0	0.00008038017974800915	0.00008038017974800915	0.00008038017974800915	6.481761580002628e-12	6.481761580002628e-12	6.481761580002628e-12
0.0478630092322639	0.000054106497685231514	8.776850058922646e-6	0.00005135408019416824	6.028446241951422e-6	0.00005423855383749271	8.9074165009253e-6	0.06602229693867544	0.06630503104284567	0.054080521166715516	0	0	0	0	0	0.06608739476141985	0.00008499253904530393	0	0.00007153637455985965	0.00007153637455985965	0.00007153637455985965	6.04913187127815e-12	6.04913187127815e-12	6.04913187127815e-12
0.05128613839913648	0.000048302394014407465	7.896538512223424e-6	0.00004575292652000344	5.350540739550049e-6	0.000048513829803845437	8.107686546137976e-6	0.0607163373047159	0.06102109449932785	0.04883600934409203	0	0	0	0	0	0.06080259357521095	0.00008046618909422111	0	0.00006366560638719279	0.00006366560638719279	0.00006366560638719279	5.645378334958491e-12	5.645378334958491e-12	5.645378334958491e-12
0.05495408738576248	0.000042791254993565465	7.0327226786198984e-6	0.00004045346475364354	4.698104319327072e-6	0.00004288285248085704	7.124162653131299e-6	0.05558657884079371	0.055908259103951585	0.04398453763030998	0	0	0	0	0	0.0557492622274107	0.00007651162708966642	0	0.00005618217329718124	0.00005618217329718124	0.00005618217329718124	5.2685736107261646e-12	5.2685736107261646e-12	5.2685736107261646e-12
0.05888436553555896	0.0000379089182076187	6.26340113428364e-6	0.0000357678280942051	4.1252249575686426e-6	0.0000379054600374837	6.259947670577726e-6	0.05089021973965123	0.05122381795477325	0.039615021303664316	0	0	0	0	0	0.05111591555804483	0.00007275141454820813	0	0.00004957836382171753	0.00004957836382171753	0.00004957836382171753	4.916918981275723e-12	4.916918981275723e-12	4.916918981275723e-12
0.06309573444801943	0.00003322466730413004	5.438264923896183e-6	0.00003136939656332845	3.585641844526521e-6	0.00003334046865940265	5.553944237455929e-6	0.046444487308360934	0.046787494287215695	0.035691679811399174	0	0	0	0	0	0.04666686237747854	0.00007023661027753465	0	0.00004337385091131604	0.00004337385091131604	0.00004337385091131604	4.588735785945926e-12	4.588735785945926e-12	4.588735785945926e-12
0.06760829753919818	0.000029119230240874607	4.72183159730871e-6	0.000027511847746405282	3.116636685141479e-6	0.000029325243627946936	4.927564608527038e-6	0.04238713081554657	0.04273538578496881	0.032156893164200076	0	0	0	0	0	0.042605048161282084	0.00006780873545777401	0	0.000037945805344487614	0.000037945805344487614	0.000037945805344487614	4.282457407455103e-12	4.282457407455103e-12	4.282457407455103e-12
0.07244359600749906	0.00002530606654212986	4.068674647544265e-6	0.00002391962294393187	2.684158570333098e-6	0.000025697247100416905	4.456797188964579e-6	0.0385462231882866	0.03884631407715758	0.02910869776821655	0	0	0	0	0	0.03876562351599051	0.00006721490843273223	0	0.00003290601190425452	0.00003290601190425452	0.00003290601190425452	3.996621793487404e-12	3.996621793487404e-12	3.996621793487404e-12
0.07762471166286927	0.000021992236695040828	3.5058669599747637e-6	0.000020796435305027063	2.3116930070935014e-6	0.000022518091133966676	4.031005732363212e-6	0.03505335920345532	0.03531116169102047	0.026349444936573777	0	0	0	0	0	0.03527219499658219	0.00006662628177801591	0	0.000028535581459209686	0.000028535581459209686	0.000028535581459209686	3.729864477431102e-12	3.729864477431102e-12	3.729864477431102e-12
0.08317637711026708	0.00001913528811464289	3.1936966279641824e-6	0.000017906911577788874	1.9709236449608893e-6	0.000019578279364362702	3.637056342615793e-6	0.031709016696016536	0.03195909778442373	0.023982306818080668	0	0	0	0	0	0.03194021037774166	0.000065936860278525	0	0.00002450545664809611	0.00002450545664809611	0.00002450545664809611	3.4809120649525032e-12	3.4809120649525032e-12	3.4809120649525032e-12
0.08912509381337459	0.000016649477554639062	2.909322649123902e-6	0.00001541886758723673	1.680387491914394e-6	0.000017022269809133098	3.281607548497975e-6	0.028683748510161058	0.028925242962314926	0.021827823762550328	0	0	0	0	0	0.02892298137593211	0.00006525457263059048	0	0.000021044512668863173	0.000021044512668863173	0.000021044512668863173	3.248576155313056e-12	3.248576155313056e-12	3.248576155313056e-12
0.09549925860214369	0.000014304349852997933	2.5867473414800066e-6	0.000013128865361307651	1.414617864301492e-6	0.000014623653949513417	2.9058135705300517e-6	0.025777266891824253	0.02607725638179365	0.019973791504871583	0	0	0	0	0	0.026074460198219417	0.00006511197601167042	0	0.000017864985567100574	0.000017864985567100574	0.000017864985567100574	3.0317476684124618e-12	3.0317476684124618e-12	3.0317476684124618e-12
0.10232929922807536	0.000012289540260075674	2.2999380321975854e-6	0.000011178973079581097	1.1908822885375735e-6	0.000012563028152707402	2.5730537189132853e-6	0.02316529473743493	0.0235096832648135	0.018277238785689567	0	0	0	0	0	0.02350647970178766	0.0000649696909999667	0	0.000015165839871641685	0.000015165839871641685	0.000015165839871641685	2.829391550477184e-12	2.829391550477184e-12	2.829391550477184e-12
0.10964781961431873	0.000010405759123645013	1.9968942108194576e-6	9.394701006016393e-6	9.878978012312682e-7	0.000010537112626224432	2.1285944482269074e-6	0.02073168835141616	0.021091125913502925	0.016658458408963038	0	0	0	0	0	0.021071651390668328	0.00006357153658061838	0	0.000012702217155903153	0.000012702217155903153	0.000012702217155903153	2.640541833121492e-12	2.640541833121492e-12	2.640541833121492e-12
0.11748975549395303	8.810730153273909e-6	1.7337799685820954e-6	7.895215988457639e-6	8.19511781366788e-7	8.837896496619067e-6	1.7609093396371353e-6	0.01855374199947861	0.018921377514473547	0.01518305034020942	0	0	0	0	0	0.01888902540758113	0.00006220347058789266	0	0.000010638798908685579	0.000010638798908685579	0.000010638798908685579	2.4642970221950065e-12	2.4642970221950065e-12	2.4642970221950065e-12
0.12589254117941662	7.464741998109273e-6	1.5879570380156437e-6	6.538181863202386e-6	6.68709140035484e-7	7.318250128489694e-6	1.4477508997431033e-6	0.01649782489429446	0.01687067789523242	0.01356935017969752	0	0	0	0	0	0.016840502974122505	0.00006048195436910477	0	8.77708546964867e-6	8.77708546964867e-6	8.77708546964867e-6	2.2998157944047114e-12	2.2998157944047114e-12	2.2998157944047114e-12
0.1348962882591656	6.324376314899423e-6	1.4543988281544111e-6	5.4143955198696264e-6	5.456564800339946e-7	6.059901806230348e-6	1.1902842585518067e-6	0.014669721409861607	0.015042233179215794	0.012127158915598766	0	0	0	0	0	0.01501414362583273	0.00005880808208502878	0	7.241158518244309e-6	7.241158518244309e-6	7.241158518244309e-6	2.1463129811690396e-12	2.1463129811690396e-12	2.1463129811690396e-12
0.1445439770745928	5.202870768115916e-6	1.2379744614920311e-6	4.398163234430043e-6	4.352259094686755e-7	4.946590335456703e-6	9.829050857547888e-7	0.012973032869121399	0.013334566714333676	0.010435814508461951	0	0	0	0	0	0.013311293285281356	0.00005585699328973689	0	5.855406157326308e-6	5.855406157326308e-6	5.855406157326308e-6	2.0030558205324207e-12	2.0030558205324207e-12	2.0030558205324207e-12
0.15488166189124797	4.280242490621864e-6	1.0537555020250393e-6	3.5726684106664316e-6	3.471444016591431e-7	4.037813933169121e-6	8.116568799944144e-7	0.011472582002148037	0.011820762737856007	0.008980357659446707	0	0	0	0	0	0.011801574125207475	0.000053053995110036075	0	4.73484749448182e-6	4.73484749448182e-6	4.73484749448182e-6	1.86936045924833e-12	1.86936045924833e-12	1.86936045924833e-12
0.1659586907437563	3.4500763470779263e-6	8.816692070381426e-7	2.836152044613271e-6	2.693271737177892e-7	3.3019320605372124e-6	7.302651409861187e-7	0.010059359782259435	0.010409743158040437	0.0074380204117306175	0	0	0	0	0	0.010401030496040315	0.0000498598154789117	0	3.7379927499340447e-6	3.7379927499340447e-6	3.7379927499340447e-6	1.7445886883333376e-12	1.7445886883333376e-12	1.7445886883333376e-12
0.1778279410038923	2.780923470281553e-6	7.37685913995638e-7	2.2514707483484805e-6	2.0895375571701264e-7	2.700162888349464e-6	6.570352439360201e-7	0.008820221917785653	0.009167154017002523	0.006160572857265287	0	0	0	0	0	0.009166695411291968	0.00004685794527697807	0	2.9510115827054337e-6	2.9510115827054337e-6	2.9510115827054337e-6	1.628144896508871e-12	1.628144896508871e-12	1.628144896508871e-12
0.1905460717963252	2.1948742324065577e-6	6.116623150262672e-7	1.7386444567905226e-6	1.5702178985938747e-7	2.1321531852488464e-6	5.488850066868649e-7	0.007685475865330637	0.008026712125764592	0.004959044025032623	0	0	0	0	0	0.008022852793216682	0.000043592871051132656	0	2.2644759747129302e-6	2.2644759747129302e-6	2.2644759747129302e-6	1.519473226987572e-12	1.519473226987572e-12	1.519473226987572e-12
0.20417379446695316	1.732328468425847e-6	5.071681328396754e-7	1.3426266138904247e-6	1.1799664670319494e-7	1.6836307264950795e-6	4.5853666655814866e-7	0.006696718044868537	0.007028147168728768	0.003991855662125654	0	0	0	0	0	0.007021741647741008	0.00004055530807524228	0	1.7376588658967689e-6	1.7376588658967689e-6	1.7376588658967689e-6	1.4180549240320361e-12	1.4180549240320361e-12	1.4180549240320361e-12
0.21877616239495518	1.3051735580798244e-6	3.8894468676617936e-7	1.0008945199784676e-6	8.511648728547465e-8	1.252147934474603e-6	3.3602831415588905e-7	0.005795014109952464	0.006106974368893393	0.0031341597588804677	0	0	0	0	0	0.006105652175896443	0.000037032189924537896	0	1.2859697771804983e-6	1.2859697771804983e-6	1.2859697771804983e-6	1.32340585661925e-12	1.32340585661925e-12	1.32340585661925e-12
0.23442288153199276	9.833458537217567e-7	2.9827972139460135e-7	7.461418012712429e-7	6.139849402705149e-8	9.312460417451089e-7	2.462508151463775e-7	0.005014723377861299	0.005306538842593187	0.002460749642674911	0	0	0	0	0	0.005309080049252712	0.00003381513187035123	0	9.516932812748489e-7	9.516932812748489e-7	9.516932812748489e-7	1.235074207389838e-12	1.235074207389838e-12	1.235074207389838e-12
0.25118864315095824	7.140774609973741e-7	2.2406371016231316e-7	5.316579385126784e-7	4.204379803768892e-8	6.716450424976331e-7	1.8180821329738817e-7	0.004315513938562969	0.004584341292691339	0.0018828977313965437	0	0	0	0	0	0.0045873551932214965	0.00003051462034709989	0	6.725012274388663e-7	6.725012274388663e-7	6.725012274388663e-7	1.152638315850003e-12	1.152638315850003e-12	1.152638315850003e-12
0.2691534803926914	5.185425030009202e-7	1.6831364189617264e-7	3.788290149432289e-7	2.8790298222219495e-8	4.844123280956935e-7	1.3422991677302823e-7	0.0037137961858773496	0.003960431782612707	0.0014407413925475157	0	0	0	0	0	0.003963742771544443	0.000027536253843329205	0	4.7521392638283293e-7	4.7521392638283293e-7	4.7521392638283293e-7	1.0757046655304176e-12	1.0757046655304176e-12	1.0757046655304176e-12
0.28840315031266117	3.7659666355474336e-7	1.3799374753747782e-7	2.554202107402017e-7	1.8571666589567756e-8	3.4322377582663084e-7	1.0545997117952343e-7	0.0031664218432792216	0.0033868175630166098	0.0010683510623082002	0	0	0	0	0	0.003388624419839747	0.000024349034322031667	0	3.176438272046719e-7	3.176438272046719e-7	3.176438272046719e-7	1.0039060054936482e-12	1.0039060054936482e-12	1.0039060054936482e-12
0.30902954325135923	2.7350708221562274e-7	1.1313565641449345e-7	1.722135356087951e-7	1.1979966211252612e-8	2.4318654472687196e-7	8.285638394600328e-8	0.0026997246988736605	0.002896283495026075	0.0007922129524694955	0	0	0	0	0	0.0028969527339586143	0.000021530723670282674	0	2.1232037901168435e-7	2.1232037901168435e-7	2.1232037901168435e-7	9.368995972228763e-13	9.368995972228763e-13	9.368995972228763e-13
0.3311311214825908	1.9383544465610398e-7	9.058494385395076e-8	1.0907653436134588e-7	7.208171340172713e-9	1.6404708207741473e-7	6.163934728762711e-8	0.002268550291205186	0.0024477723710538053	0.0005626615980868103	0	0	0	0	0	0.0024455178462980814	0.00001909463113511986	0	1.3323427832800328e-7	1.3323427832800328e-7	1.3323427832800328e-7	8.743655785232191e-13	8.743655785232191e-13	8.743655785232191e-13
0.354813389233576	1.3737187096094358e-7	7.252914167891031e-8	6.908684794271132e-8	4.3370518040762445e-9	1.1066173569898045e-7	4.585535782638897e-8	0.0019062389679488992	0.0020687165433853232	0.00039962496570489583	0	0	0	0	0	0.0020644304846458637	0.000016934170154694992	0	8.360654311287967e-8	8.360654311287967e-8	8.360654311287967e-8	8.160054366256414e-13	8.160054366256414e-13	8.160054366256414e-13
0.38018939632056126	9.654063497909269e-8	5.731532009113809e-8	4.0592854605977176e-8	2.4266679903597696e-9	7.721234247421067e-8	3.790898772668322e-8	0.0015694799752220853	0.0017155771916017538	0.0002687272266359535	0	0	0	0	0	0.0017108666691232465	0.000014552993035049388	0	4.8725012459595304e-8	4.8725012459595304e-8	4.8725012459595304e-8	7.615405832046075e-13	7.615405832046075e-13	7.615405832046075e-13
0.40738027780411384	6.784572516171129e-8	4.529277254779345e-8	2.385084707335804e-8	1.357769701967107e-9	5.387359770473615e-8	3.1339660588904744e-8	0.0012922133237437423	0.0014227203382478678	0.0001807052324873422	0	0	0	0	0	0.001417855811220959	0.000012506642152728993	0	2.839642390168268e-8	2.839642390168268e-8	2.839642390168268e-8	7.10711024507147e-13	7.10711024507147e-13	7.10711024507147e-13
0.43651583224016655	4.856980117862079e-8	3.558623095882504e-8	1.3064416503614904e-8	7.21228549709456e-10	4.2776878031005066e-8	2.9173117336786914e-8	0.0010298814954298537	0.0011444787166583208	0.00011430762285793365	0	0	0	0	0	0.0011394493069912881	0.00001038326856418201	0	1.547992560230391e-8	1.547992560230391e-8	1.547992560230391e-8	6.632741202451316e-13	6.632741202451316e-13	6.632741202451316e-13
0.4677351412871981	3.4770438091832394e-8	2.795986561693787e-8	7.156097142167228e-9	3.8310666393747944e-10	3.396582689926082e-8	2.715634946752562e-8	0.0008208055706746212	0.0009206528491024332	0.00007230688599095673	0	0	0	0	0	0.0009157099847020991	8.620400644661062e-6	0	8.438671625783992e-9	8.438671625783992e-9	8.438671625783992e-9	6.190034253261103e-13	6.190034253261103e-13	6.190034253261103e-13
0.5011872336272735	1.927566181891279e-8	1.5671269180834177e-8	3.778828756472311e-9	2.0060787032087767e-10	2.940006045691148e-8	2.5275933116044463e-8	0.0006240047485296149	0.0007107621303859583	0.0000426598810334116	0	0	0	0	0	0.0007065806363625033	7.1530956543108e-6	0	4.450449187831706e-9	4.450449187831706e-9	4.450449187831706e-9	5.776876088936601e-13	5.776876088936601e-13	5.776876088936601e-13
0.5370317963702532	1.0685834258855077e-8	8.783614381515229e-9	1.995437804582118e-9	1.0504520391544785e-10	2.5448035092261153e-8	2.3525724459052904e-8	0.000474389965296507	0.0005487223620535225	0.0000251686326252867	0	0.00008342107052570046	0.00008380745479267741	0	0	0.0005452121348713544	5.935545173461285e-6	0	2.3471108785599207e-9	2.3471108785599207e-9	2.3471108785599207e-9	5.391294455171392e-13	5.391294455171392e-13	5.391294455171392e-13
0.5754399373371566	7.3947798402856566e-9	6.385895857425688e-9	1.0557772226016487e-9	5.552036488907084e-11	1.9427674921958218e-8	1.8402414657525973e-8	0.00034482386154145256	0.00040638206502946624	0.000014170104888084188	0	0.00005337171204356744	0.000053569808958349474	0	0	0.00040441720538263284	4.884319882108954e-6	0	1.2416497485346258e-9	1.2416497485346258e-9	1.2416497485346258e-9	5.03144873715168e-13	5.03144873715168e-13	5.03144873715168e-13
0.6165950018614835	7.016946414248532e-9	6.4831054597738286e-9	5.542232166368568e-10	2.917776599476753e-11	1.495529786831912e-8	1.4410653139877333e-8	0.00024183497974476846	0.00029176396447282355	7.826589994041364e-6	0	0.000032924748348872256	0.00003301598383276087	0.000022631309478890476	0.00002279855969294029	0.00029067181368464814	3.866712388098288e-6	0	6.519053027932509e-10	6.519053027932509e-10	6.519053027932509e-10	4.695621173186381e-13	4.695621173186381e-13	4.695621173186381e-13
0.6606934480075964	3.592742402196553e-9	3.334472331113845e-9	2.6805840106670457e-10	1.4313089900209403e-11	1.068367944190221e-8	1.0415758893458412e-8	0.00016301157165493825	0.00020103596115728442	4.259107973391522e-6	0	0.00001941178932364196	0.000019444587426977695	0.000012960348315068097	0.000013040153333104464	0.00020091046331274903	3.022163393900561e-6	0	3.159761368195789e-10	3.159761368195789e-10	3.159761368195789e-10	4.38220865478961e-13	4.38220865478961e-13	4.38220865478961e-13
0.7079457843841374	1.7940678330661888e-9	1.7186613437786373e-9	7.743087568195362e-11	4.360659583919238e-12	5.455337469731442e-9	5.374948141145828e-9	0.00010479313114528938	0.00013279976827233875	2.269747025705278e-6	0	0.000010918868235723508	0.00001091776669216617	7.155118918996051e-6	7.18292824763713e-6	0.00013203702341238745	2.222388004895266e-6	0	9.202960559333558e-11	9.202960559333558e-11	9.202960559333558e-11	4.0897150740722066e-13	4.0897150740722066e-13	4.0897150740722066e-13
0.7585775750291851	8.924040348452269e-10	8.911895091926961e-10	3.822626149318402e-103	3.817423710359074e-103	2.7957370502284437e-9	2.791932165632839e-9	0.00006411340801230045	0.00008282034815974139	1.1998816780750731e-6	0	5.928433441812195e-6	5.918618706631374e-6	3.813601378729053e-6	3.82064528619198e-6	0.00008267018860965667	1.5162817264791521e-6	0	3.824901092379369e-103	3.824901092379369e-103	3.824901092379369e-103	3.8167441819121623e-13	3.8167441819121623e-13	3.8167441819121623e-13
0.8128305161640995	4.699029357288296e-10	4.692634169151994e-10	3.567482294190444e-103	3.5626270956570183e-103	1.4721191255663056e-9	1.470115631216469e-9	0.00003740609203990473	0.00004899720145751909	6.4344974906698e-7	0	3.163742681045262e-6	3.158504991038365e-6	2.0154669858584154e-6	2.0191896515313814e-6	0.000048967840840678294	9.51435812780404e-7	0	3.56960539458616e-103	3.56960539458616e-103	3.56960539458616e-103	3.5619929228114234e-13	3.5619929228114234e-13	3.5619929228114234e-13
0.8709635899560796	2.5364933753611883e-10	2.533041310879673e-10	3.3293681940703536e-103	3.3248370591578105e-103	7.946365357241053e-10	7.935550676677177e-10	0.00002108986403866126	0.000027961614466108375	3.49845583356996e-7	0	1.7126004851210549e-6	1.7097652133081898e-6	1.0879307765889772e-6	1.089940237713862e-6	0.000027922454764192586	5.388771615480102e-7	1.944465511956041e-8	3.331349586645679e-103	3.331349586645679e-103	3.331349586645679e-103	3.32424521462221e-13	3.32424521462221e-13	3.32424521462221e-13
0.9332543007969925	1.4406509731345824e-10	1.4386903056623438e-10	3.1071471860528603e-103	3.102918484908238e-103	4.513293468847372e-10	4.5071510597128445e-10	0.000012128296219913808	0.000016156814834882394	1.9870163470792613e-7	0	9.727049080619353e-7	9.710945600373822e-7	6.179115416663728e-7	6.190528543751549e-7	0.000016126233244437037	3.060658130335539e-7	1.1043971804685725e-8	3.10899632919535e-103	3.10899632919535e-103	3.10899632919535e-103	3.102366143449986e-13	3.102366143449986e-13	3.102366143449986e-13