1.e-9	0	0	0	0	0	0	0.00004274377954338507	0	0	0	0	0	0	0	0.0003744055906213046	3.084515244426087e-7	0	3.3293476547630016e-7	3.3293476547630016e-7	3.3293476547630016e-7	0	0	0
1.0715193052376092e-9	0	0	0	0	0	0	0.00006149725232878895	0	0	0	0	0	0	0	0.0005889345264233379	5.245218811726123e-7	0	5.661556376191094e-7	5.661556376191094e-7	5.661556376191094e-7	0	0	0
1.148153621496884e-9	0	0	0	0	0	0	0.00008847865313716386	0	0	0	0	0	0	0	0.0009263854095711867	8.919495675244327e-7	0	9.627477789810297e-7	9.627477789810297e-7	9.627477789810297e-7	0	0	0
1.2302687708123811e-9	0	0	0	0	0	0	0.0001272979159965185	0	0	0	0	0	0	0	0.0014571907208061176	1.5167604242334228e-6	0	1.637152797472539e-6	1.637152797472539e-6	1.637152797472539e-6	0	0	0
1.31825673855641e-9	0	0	0	0	0	0	0.00016050712074058967	0	0	0	0	0	0	0	0.002425780759215512	2.5792514154201047e-6	0	2.783978671037758e-6	2.783978671037758e-6	2.783978671037758e-6	0	0	0
1.4125375446227555e-9	0	0	0	0	0	0	0.00020237987092528584	0	0	0	0	0	0	0	0.004038189516142778	4.386017565897641e-6	0	4.7341563064596145e-6	4.7341563064596145e-6	4.7341563064596145e-6	0	0	0
1.5135612484362133e-9	0	0	0	0	0	0	0.00031953678027798	0	0	0	0	0	0	0	0.006824254981777835	7.4584237788353076e-6	0	8.050433779235245e-6	8.050433779235245e-6	8.050433779235245e-6	0	0	0
1.6218100973589331e-9	0	0	0	0	0	0	0.0005045153625387643	0	0	0	0	0	0	0	0.011532508781510395	0.000012683051180008569	0	0.000013689764308251041	0.000013689764308251041	0.000013689764308251041	0	0	0
1.7378008287493762e-9	0	0	0	0	0	0	0.0008442527339652137	0	0	0	0	0	0	0	0.019574531723645105	0.00002156753115734484	0	0.000023279447040338455	0.000023279447040338455	0.000023279447040338455	0	0	0
1.8620871366628732e-9	0	0	0	0	0	0	0.0014127670468170647	0	0	0	0	0	0	0	0.033224539383337574	0.00003667559119813664	0	0.00003958670451158108	0.00003958670451158108	0.00003958670451158108	0	0	0
1.9952623149688828e-9	0	0	0	0	0	0	0.002238320800131287	0	0	0	0	0	0	0	0.038971131151721745	0.00006236685042528597	0	0.00006731719921747866	0.00006731719921747866	0.00006731719921747866	0	0	0
2.1379620895022324e-9	0	0	0	0	0	0	0.0035462888347998545	0	0	0	0	0	0	0	0.04571166648005929	0.00010605484205985357	0	0.00011447291120583523	0.00011447291120583523	0.00011447291120583523	0	0	0
2.2908676527677795e-9	0	0	0	0	0	0	0.005916669432241145	0	0	0	0	0	0	0	0.03791456912248963	0.00010231336549821555	0	0.00011044062800169911	0.00011044062800169911	0.00011044062800169911	0	0	0
2.4547089156850337e-9	0	0	0	0	0	0	0.009871439919639334	0	0	0	0	0	0	0	0.03144743262359851	0.00009870388335182007	0	0.00010655038108953013	0.00010655038108953013	0.00010655038108953013	0	0	0
2.6302679918953816e-9	0	0	0	0	0	0	0.01667960335994789	0	0	0	0	0	0	0	0.0288182469319196	0.0000749927610714985	0	0.00008098107724657576	0.00008098107724657576	0.00008098107724657576	0	0	0
2.818382931264461e-9	0	0	0	0	0	0	0.02818324079465291	0	0	0	0	0	0	0	0.026408876240215845	0.00005697763879341331	0	0.00006154773737041699	0.00006154773737041699	0.00006154773737041699	0	0	0
3.019951720402019e-9	0	0	0	0	0	0	0.014590273436455149	0	0	0	0	0	0	0	0.03961988281995987	0.00007430341066386755	0	0.0000802861900408696	0.0000802861900408696	0.0000802861900408696	0	0	0
3.2359365692962944e-9	0	0	0	0	0	0	0.007553286029153237	0	0	0	0	0	0	0	0.05943967855311532	0.0000968976067313232	0	0.00010472963892214634	0.00010472963892214634	0.00010472963892214634	0	0	0
3.4673685045253237e-9	0	0	0	0	0	0	0.004045265881789555	0	0	0	0	0	0	0	0.04249004550574149	0.00008836256033832583	0	0.00009565645339956275	0.00009565645339956275	0.00009565645339956275	0	0	0
3.715352290971728e-9	0	0	0	0	0	0	0.0021664976000128782	0	0	0	0	0	0	0	0.03037371686771031	0.000080579307713903	0	0.00008736931752227767	0.00008736931752227767	0.00008736931752227767	0	0	0
3.9810717055349855e-9	0	0	0	0	0	0	0.0013369679702921718	0	0	0	0	0	0	0	0.02784924917654611	0.00004728109342085538	0	0.0000520673751866719	0.0000520673751866719	0.0000520673751866719	0	0	0
4.265795188015934e-9	0	0	0	0	0	0	0.0008250566968440457	0	0	0	0	0	0	0	0.025534598978298295	0.0000277428766577248	0	0.000031029331986465334	0.000031029331986465334	0.000031029331986465334	0	0	0
4.570881896148752e-9	0	0	0	0	0	0	0.0006636140366584141	0	0	0	0	0	0	0	0.018663890144492424	0.000021383410568680807	0	0.000025341387023078956	0.000025341387023078956	0.000025341387023078956	0	0	0
4.8977881936844766e-9	0	0	0	0	0	0	0.000533761608547152	0	0	0	0	0	0	0	0.013641913688236805	0.000016481717205827527	0	0.000020696091573405186	0.000020696091573405186	0.000020696091573405186	0	0	0
5.248074602497734e-9	0	0	0	0	0	0	0.0005984807903147275	0	0	0	0	0	0	0	0.007886589300806976	0.000021722969186041548	0	0.000028407210850914417	0.000028407210850914417	0.000028407210850914417	0	0	0
5.623413251903491e-9	0	0	0	0	0	0	0.0006710472440134342	0	0	0	0	0	0	0	0.004559352318233448	0.000028630960255214088	0	0.0000389914020947465	0.0000389914020947465	0.0000389914020947465	0	0	0
6.025595860743593e-9	0	0	0	0	0	0	0.0007496984855253937	0	0	0	0	0	0	0	0.0042875160677306	0.00004520796801873541	0	0.000062527665097197	0.000062527665097197	0.000062527665097197	0	0	0
6.456542290346562e-9	0	0	0	0	0	0	0.0008375681805017687	0	0	0	0	0	0	0	0.004031887151500203	0.00007138287902902907	0	0.00010027105188489172	0.00010027105188489172	0.00010027105188489172	0	0	0
6.918309709189363e-9	0	0	0	0	0	0	0.0008366159083289204	0	0	0	0	0	0	0	0.006109623434367038	0.00011255652093710267	0	0.00015615508716871102	0.00015615508716871102	0.00015615508716871102	0	0	0
7.413102413009192e-9	0	0	0	0	0	0	0.0008356647188408178	0	0	0	0	0	0	0	0.009258071247326312	0.00017747911793123845	0	0.0002431849550821585	0.0002431849550821585	0.0002431849550821585	0	0	0
7.943282347242822e-9	0	0	0	0	0	0	0.0008409833914767339	0	0	0	0	0	0	0	0.011189563380200671	0.00009982266611522432	0	0.00020516365080190744	0.00020516365080190744	0.00020516365080190744	0	0	0
8.511380382023759e-9	0	0	0	0	0	0	0.0008463359153426625	0	0	0	0	0	0	0	0.01352401869619319	0.00005614499771298101	0	0.00017308687371776876	0.00017308687371776876	0.00017308687371776876	0	0	0
9.120108393559115e-9	0	0	0	0	0	0	0.0009727879086405719	0	0	0	0	0	0	0	0.018255610534233198	0.00004013614088241359	0	0.00017364242143514901	0.00017364242143514901	0.00017364242143514901	0	0	0
9.772372209558111e-9	0	0	0	0	0	0	0.0011181332353290966	0	0	0	0	0	0	0	0.024642624612121987	0.000028691956016599988	0	0.00017419975226444205	0.00017419975226444205	0.00017419975226444205	0	0	0
1.0471285480509006e-8	0	0	0	0	0	0	0.0014596777621416284	0	0	0	0	0	0	0	0.023324927114957813	0.00003564859995619647	0	0.00016406165210227172	0.00016406165210227172	0.00016406165210227172	0	0	0
1.1220184543019653e-8	0	0	0	0	0	0	0.00190555034227537	0	0	0	0	0	0	0	0.022077689916619864	0.00004429194991452256	0	0.00015451357043072506	0.00015451357043072506	0.00015451357043072506	0	0	0
1.202264434617413e-8	0	0	0	0	0	0	0.0029532107575580163	0	0	0	0	0	0	0	0.019709105953127574	0.00003998085470258396	0	0.0001253028616217199	0.0001253028616217199	0.0001253028616217199	0	0	0
1.288249551693135e-8	0	0	0	0	0	0	0.004576868731865839	0	0	0	0	0	0	0	0.01759463326727789	0.00003608937393440462	0	0.00010161442187132111	0.00010161442187132111	0.00010161442187132111	0	0	0
1.3803842646028866e-8	0	0	0	0	0	0	0.005072252805841647	0	0	0	0	0	0	0	0.013066318433502935	0.00003139542351615679	0	0.00008423944269918209	0.00008423944269918209	0.00008423944269918209	0	0	0
1.4791083881682102e-8	0	0	0	0	0	0	0.0056212554988179925	0	0	0	0	0	0	0	0.00970345188854934	0.000027311989937825557	0	0.00006983539910560485	0.00006983539910560485	0.00006983539910560485	0	0	0
1.5848931924611173e-8	0	0	0	0	0	0	0.006543339438420713	0	0	0	0	0	0	0	0.010300482248234715	0.0000376342670202319	0	0.00009654198938076102	0.00009654198938076102	0.00009654198938076102	0	0	0
1.698243652461746e-8	0	0	0	0	0	0	0.007616677629293787	0	0	0	0	0	0	0	0.01093424646866161	0.0000518577393069611	0	0.00013346176628131905	0.00013346176628131905	0.00013346176628131905	0	0	0
1.8197008586099862e-8	0	0	0	0	0	0	0.007034388163459287	0	0	0	0	0	0	0	0.009674334891490563	0.000045073833046233436	0	0.00015544202079174394	0.00015544202079174394	0.00015544202079174394	0	0	0
1.9498445997580494e-8	0	0	0	0	0	0	0.006496614303841126	0	0	0	0	0	0	0	0.00855959812694511	0.00003917738128640368	0	0.00018104227526024206	0.00018104227526024206	0.00018104227526024206	0	0	0
2.0892961308540408e-8	0	0	0	0	0	0	0.009209360647561296	0	0	0	0	0	0	0	0.00792049609924439	0.00004094407043420038	0	0.00017323328280195326	0.00017323328280195326	0.00017323328280195326	0	0	0
2.2387211385683424e-8	0	0	0	0	0	0	0.013054849737147564	0	0	0	0	0	0	0	0.007329112597081206	0.00004279042775895177	0	0.00016576111975616367	0.00016576111975616367	0.00016576111975616367	0	0	0
2.3988329190194947e-8	0	0	0	0	0	0	0.018162585087990377	0	0	0	0	0	0	0	0.009550436348311118	0.00005100242946265244	0	0.0001601330851446306	0.0001601330851446306	0.0001601330851446306	0	0	0
2.5703957827688646e-8	0	0	0	0	0	0	0.02526873182919998	0	0	0	0	0	0	0	0.012445003843912245	0.00006079041382213394	0	0.00015469613740337932	0.00015469613740337932	0.00015469613740337932	0	0	0
2.754228703338169e-8	0	0	0	0	0	0	0.025932890870687102	0	0	0	0	0	0	0	0.014877916399617596	0.00005727214834859106	0	0.00014562714685074918	0.00014562714685074918	0.00014562714685074918	0	0	0
2.95120922666639e-8	0	0	0	0	0	0	0.026614506555244766	0	0	0	0	0	0	0	0.01778644660702855	0.000053957503662670624	0	0.00013708982173608224	0.00013708982173608224	0.00013708982173608224	0	0	0
3.162277660168386e-8	0	0	0	0	0	0	0.025308043335161477	0	0	0	0	0	0	0	0.0216965670272657	0.00006861405061176432	0	0.00014416065890736967	0.00014416065890736967	0.00014416065890736967	0	0	0
3.3884415613920346e-8	0	0	0	0	0	0	0.02406571228833077	0	0	0	0	0	0	0	0.026466276888752943	0.00008725177448509107	0	0.00015159619666452057	0.00015159619666452057	0.00015159619666452057	0	0	0
3.6307805477010175e-8	0	0	0	0	0	0	0.027758780511341355	0	0	0	0	0	0	0	0.02397596876868399	0.00009386094220228555	0	0.00017051687472146172	0.00017051687472146172	0.00017051687472146172	0	0	0
3.890451449942813e-8	0	0	0	0	0	0	0.03201857839256521	0	0	0	0	0	0	0	0.02171998278462788	0.00010097074269367673	0	0.00019179903720882766	0.00019179903720882766	0.00019179903720882766	0	0	0
4.1686938347033635e-8	0	0	0	0	0	0	0.033205195466804886	0	0	0	0	0	0	0	0.020945301163032108	0.00009052551001178011	0	0.00020093618960871293	0.00020093618960871293	0.00020093618960871293	0	0	0
4.4668359215096346e-8	0	0	0	0	0	0	0.03443578888701515	0	0	0	0	0	0	0	0.020198249932343648	0.00008116081692846794	0	0.0002105086286252237	0.0002105086286252237	0.0002105086286252237	0	0	0
4.78630092322639e-8	0	0	0	0	0	0	0.03355100532352599	0	0	0	0	0	0	0	0.021015176267878032	0.00009561974636999958	0	0.00021733562288974836	0.00021733562288974836	0.00021733562288974836	0	0	0
5.128613839913659e-8	0	0	0	0	0	0	0.03268895514235564	0	0	0	0	0	0	0	0.02186514351734914	0.00011265455723445203	0	0.00022438402304624116	0.00022438402304624116	0.00022438402304624162	0	0	0
5.495408738576248e-8	0	0	0	0	0	0	0.030757903473844526	0	0	0	0	0	0	0	0.02180965111842816	0.00013158237918019334	0	0.00024698085305614953	0.00024698085305614953	0.00024698085305615	0	0	0
5.888436553555896e-8	0	0	0	0	0	0	0.02894092582606055	0	0	0	0	0	0	0	0.021754299555826802	0.00015369038710690732	0	0.0002718533206964233	0.0002718533206964233	0.00027185332069642386	0	0	0
6.309573444801943e-8	0	0	0	0	0	0	0.029075629261811887	0	0	0	0	0	0	0	0.025203423964030223	0.00015642655161638038	0	0.00029113869684421013	0.00029113869684421013	0.0002911386968442108	0	0	0
6.760829753919818e-8	0	0	0	0	0	0	0.029210959664914375	0	0	0	0	0	0	0	0.029199403910042682	0.00015921142832161201	0	0.00031179218478187136	0.00031179218478187136	0.00031179218478187266	0	0	0
7.244359600749906e-8	0	0	0	0	0	0	0.03125221463080496	0	0	0	0	0	0	0	0.03431916969161972	0.0001682492734711689	0	0.0003157470647863521	0.0003157470647863521	0.0003157470647863553	0	0	0
7.762471166286928e-8	0	0	0	0	0	0	0.033436112011856436	0	0	0	0	0	0	0	0.04033662508833245	0.0001778001637319238	0	0.0003197521098578647	0.0003197521098578647	0.00031975210985786935	0	0	0
8.317637711026726e-8	0	0	0	0	0	0	0.03442920607041717	0	0	0	0	0	0	0	0.0387497472605615	0.00017458835470109636	0	0.000313801457997107	0.000313801457997107	0.000313801457997116	0	0	0
8.912509381337478e-8	0	0	0	0	0	0	0.03545179625606317	0	0	0	0	0	0	0	0.037225298583339374	0.00017143456427404222	0	0.0003079615489789328	0.0003079615489789328	0.000307961548978946	0	0	0
9.549925860214369e-8	0	0	0	0	0	0	0.03683243489693335	0	0	0	0	0	0	0	0.038156214037890344	0.0001640808751440145	0	0.00031252114161774044	0.00031252114161774044	0.00031252114161776603	0	0	0
1.0232929922807557e-7	0.0002121111927655173	0.00003137470311100288	0	0	0	0	0.038266841280428114	0	0	0	0	0	0	0	0.039110409455705916	0.0001570426226591586	0	0.0003171482423110484	0.0003171482423110484	0.00031714824231108673	0	0	0
1.0964781961431874e-7	0.00022143807356538568	0.00003475783439135944	0	0	0	0	0.03723171087390879	0	0	0	0	0	0	0	0.04299981448923937	0.00016121788578621173	0	0.0003379357087660941	0.0003379357087660941	0.00033793570876616667	0	0	0
1.1748975549395303e-7	0.00023117507277683224	0.00003850576839892039	0	0	0	0	0.0362245810789543	0	0	0	0	0	0	0	0.04727600840392726	0.00016550415586083714	0	0.00036008568872104396	0.00036008568872104396	0.0003600856887211544	0	0	0
1.2589254117941688e-7	0.00024812317312548514	0.00004087412305780028	0	0	0	0	0.03771981472522047	0	0	0	0	0	0	0	0.04766032721043346	0.0001782950063185661	0	0.00038496802379960364	0.0003849680237996028	0.00038496802379981224	0	0	0
1.3489628825916562e-7	0.000266313786786571	0.000043388146898817456	0	0	0	0	0.039276766784518205	0	0	0	0	0	0	0	0.04804777024315961	0.00019207438697108655	0	0.000411569756839134	0.00041156975683913317	0.0004115697568394547	0	0	0
1.445439770745928e-7	0.00028970578407073143	0.00004695460458831959	0	0	0	0	0.03951925135299648	0	0	0	0	0	0	0	0.047482634807634296	0.00020942884046948294	0	0.00044690300962323283	0.000446903009623231	0.00044690300962383424	0	0	0
1.5488166189124826e-7	0.00031515244605530236	0.000050814221155537566	0	0	0	0	0.03976323295829261	0	0	0	0	0	0	0	0.046924146466425315	0.0002283513169665611	0	0.00048526962122819045	0.0004852696212281885	0.0004852696212291184	0	0	0
1.659586907437563e-7	0.00031439306593773373	0.00005073113432275943	0	0	0	0	0.043545445785615394	0	0	0	0	0	0	0	0.04981070319563346	0.00022775211963368174	0	0.00048423211404735226	0.00048423211404735025	0.0004842321140491615	0	0	0
1.7782794100389227e-7	0.0003136355155954715	0.00005064818334607916	0	0	0	0	0.04768741642956686	0	0	0	0	0	0	0	0.05287482756066229	0.00022715449460372983	0	0.00048319682505843273	0.0004831968250584297	0.00048319682506111955	0	0	0
1.9054607179632522e-7	0.00032860286742425075	0.000053178868920024046	0	0	0	0	0.04933357540145997	0	0	0	0	0	0	0	0.054046428760799396	0.00023763092321678063	0	0.0005066367363181307	0.0005066367363181245	0.000506636736323244	0	0	0
2.0417379446695318e-7	0.0003442844930186822	0.00005583600265165354	0	0	0	0	0.051036559413660205	0	0	0	0	0	0	0	0.05524399031741425	0.00024859052763789115	0	0.0005312137192872652	0.0005312137192872543	0.0005312137192950329	0	0	0
2.1877616239495564e-7	0.00035371025862117886	0.00005659233546827128	0	0	0	0	0.052634266616625895	0	0	0	0	0	0	0	0.05759309122454478	0.00025634259998425396	0	0.0005431828902546258	0.0005431828902546037	0.0005431828902695803	0	0	0
2.3442288153199275e-7	0.00036339408132178634	0.00005735891327561758	0	0	0	0	0.05428199028495948	0	0	0	0	0	0	0	0.06004208127871502	0.000264336413744637	0	0.0005554217475053868	0.0005554217475053527	0.0005554217475278481	0	0	0
2.5118864315095823e-7	0.0003734541898276311	0.00005889979556585333	0	0	0	0	0.05571378977870176	0	0	0	0	0	0	0	0.06206350379506225	0.00027182182135035887	0	0.000570640503039677	0.0005706405030396129	0.0005706405030828254	0	0	0
2.6915348039269196e-7	0.0003837927997960773	0.00006048207191495044	0	0	0	0	0.05718335593832186	0	0	0	0	0	0	0	0.0641529810640524	0.0002795191987192691	0	0.0005862762579461599	0.0005862762579460641	0.0005862762580111121	0	0	0
2.8840315031266115e-7	0.00041361895509246083	0.00006459359524584145	0	0	0	0	0.05916056013224826	0	0	0	0	0	0	0	0.06587823146385027	0.00030217967129697376	0	0.0006298729245626242	0.0006298729245624439	0.000629872924684927	0	0	0
3.090295432513592e-7	0.0004457630265671439	0.00006898461667534584	0	0	0	0	0.06120612926139594	0	0	0	0	0	0	0	0.06764987859989645	0.0003266772163183487	0	0.0006767115258716524	0.0006767115258713756	0.0006767115260594761	0	0	0
3.3113112148259143e-7	0.00046919249829638403	0.00007129653895104558	0	0	0	0	0.06404526812900677	0	0	0	0	0	0	0	0.06991306832010846	0.00034551086592897614	0	0.0007079072906614445	0.0007079072906609176	0.0007079072910192838	0	0	0
3.5481338923357606e-7	0.0004938534318400716	0.00007368594204589664	0	0	0	0	0.06701610474661138	0	0	0	0	0	0	0	0.07225197181565395	0.0003654303162625693	0	0.0007405411508635505	0.0007405411508627508	0.0007405411514066813	0	0	0
3.8018939632056126e-7	0.0005081390400282007	0.00007670101563817096	0	0	0	0	0.06914116242278945	0	0	0	0	0	0	0	0.07462314388310147	0.000374676006111597	0	0.0007649321512579726	0.0007649321512564427	0.0007649321522987307	0	0	0
4.0738027780411303e-7	0.0005228378853999682	0.00007983945969317436	0	0	0	0	0.07133360494838768	0	0	0	0	0	0	0	0.07707213330047238	0.0003841556195760993	0	0.0007901265113300383	0.0007901265113277292	0.000790126512900615	0	0	0
4.365158322401665e-7	0.0005276658321408165	0.00008315092444750775	0	0	0	0	0.07496635024305844	0	0	0	0	0	0	0	0.07933372307849275	0.00038440532698017594	0	0.000806130780042148	0.0008061307800376985	0.000806130783069078	0	0	0
4.677351412871981e-7	0.0005325383607116801	0.00008659973731092574	0	0	0	0	0.07878409724043976	0	0	0	0	0	0	0	0.08166167650969111	0.000384655196698128	0	0.0008224592204069445	0.0008224592204002669	0.0008224592249485795	0	0	0
5.011872336272736e-7	0.000549581086917624	0.00008853894567013066	0	0	0	0	0.08138161130257993	0	0	0	0	0	0	0	0.08477561662153212	0.00039821294918864554	0	0.0008460025061085119	0.0008460025060956895	0.0008460025148281185	0	0	0
5.370317963702533e-7	0.0005671692283235949	0.00009052157828415629	0	0	0	0	0.08406476548168972	0	0	0	0	0	0	0	0.08800829814837417	0.00041224856511158615	0	0.0008702197295420331	0.0008702197295227199	0.0008702197426750811	0	0	0
5.754399373371578e-7	0.0005811624916388167	0.00009541377872143517	0	0	0	0	0.0884722859246975	0	0	0	0	0	0	0	0.09112067053411656	0.0004190612058098574	0	0.0009006735539461499	0.0009006735539091777	0.0009006735790883112	0	0	0
6.165950018614835e-7	0.0005955009983283836	0.00010057037606354305	0	0	0	0	0.09311089291560994	0	0	0	0	0	0	0	0.09434311051656734	0.00042598642924876695	0	0.0009321931269070472	0.000932193126851202	0.0009321931648827676	0	0	0
6.606934480075964e-7	0.0006109470310206253	0.0001023988418854065	0	0	0	0	0.09414085284745244	0	0	0	0	0	0	0	0.09732517222696245	0.00043799194112719634	0	0.0009537668696519021	0.0009537668695444169	0.000953766942743068	0	0	0
7.079457843841387e-7	0.0006267937010360626	0.0001042605509682836	0	0	0	0	0.09518220583361957	0	0	0	0	0	0	0	0.1004014929881344	0.00045033580255285745	0	0.000975839893460504	0.0009758398932990181	0.0009758400032721319	0	0	0
7.585775750291852e-7	0.0006519496944300138	0.0001066893557556606	0	0	0	0	0.09803809101876726	0	0	0	0	0	0	0	0.10251624434818364	0.0004705311585485082	0	0.0010091578392087892	0.001009157838899515	0.0010091579717880072	0	0	0
8.128305161640995e-7	0.0006781153086969725	0.00010917474083769724	0	0	0	0	0.10097966533161773	0	0	0	0	0	0	0	0.10467553860477456	0.0004916321773883704	0	0.001043613354261546	0.0010436133537945823	0.0010436135110350438	0	0	0
8.709635899560814e-7	0.0007011805018255381	0.00011411044660039709	0	0	0	0	0.10597005599225337	0	0	0	0	0	0	0	0.10744050522446705	0.0005066678525748459	0	0.001083216771646403	0.001083216770753582	0.0010832170122592613	0	0	0
9.332543007969924e-7	0.000725030226916783	0.0001192692918108201	0	0	0	0	0.1112070705534921	0	0	0	0	0	0	0	0.11027850744072637	0.0005221633665162075	0	0.0011243230738517227	0.0011243230725013957	0.0011243234044413146	0	0	0
1.e-6	0.00076506943258324	0.0001243218248100809	0	0	0	0	0.11659170565449958	0	0	0	0	0	0	0	0.11476796921510923	0.0005528509960044944	0	0.0011812975522194165	0.0011812975496518345	0.0011812981411632544	0	0	0
1.0715193052376091e-6	0.000807319770876837	0.00012958839521428424	0	0	0	0	0.12223706424212194	0	0	0	0	0	0	0	0.11944019794464357	0.0005853421426753295	0	0.001241159182208169	0.0012411591783034299	0.0012411600548413112	0	0	0
1.148153621496884e-6	0.000833509818750005	0.00013316555491787633	0	0	0	0	0.12597142874769923	0	0	0	0	0	0	0	0.12411481039456082	0.000605109189900813	0	0.0012793281421441558	0.0012793281346545156	0.001279329788696291	0	0	0
1.2302687708123837e-6	0.000860549491062385	0.00013684145858325398	0	0	0	0	0.12981987876692092	0	0	0	0	0	0	0	0.1289723763386355	0.0006255437717654857	0	0.0013186708995458253	0.0013186708882544865	0.001318673366792286	0	0	0
1.3182567385564101e-6	0.0008759078224599814	0.00014150810811950363	0	0	0	0	0.13414782553751384	0	0	0	0	0	0	0	0.1337749565794757	0.0006340323112434524	0	0.0013496909574321793	0.0013496909357033286	0.001349695688063492	0	0	0
1.4125375446227554e-6	0.0008915402558653838	0.00014633390253859452	0	0	0	0	0.1386200577860084	0	0	0	0	0	0	0	0.13875637183618836	0.0006426360389875666	0	0.001381440722777461	0.0013814406901262847	0.0013814478219185307	0	0	0
1.5135612484362104e-6	0.0009270287996354995	0.00015139293324117038	0	0	0	0	0.1425708013377352	0	0	0	0	0	0	0	0.14388660342855245	0.0006693945093991968	0	0.0014338702035576185	0.0014338701411298962	0.0014338792753624944	0	0	0
1.6218100973589331e-6	0.0009639299960936344	0.00015662686388973017	0	0	0	0	0.14663414313001127	0	0	0	0	0	0	0	0.1492065147872798	0.0006972671652833664	0	0.0014882895275569272	0.0014882894331394896	0.0014883007115380777	0	0	0
1.7378008287493763e-6	0.0010034796494153852	0.000161025330700434	0	0	0	0	0.15143660297798495	0	0	0	0	0	0	0	0.15375123949052727	0.0007281477964150784	0	0.0015425919735721424	0.001542591792933008	0.0015426028266202012	0	0	0
1.8620871366628694e-6	0.0010446520088301257	0.00016554731725611967	0	0	0	0	0.1563963496631115	0	0	0	0	0	0	0	0.1584343932875574	0.0007603960717247728	0	0.0015988757246954372	0.0015988754516684518	0.001598886207772784	0	0	0
1.995262314968883e-6	0.0010817950165910768	0.00017009569481355995	0	0	0	0	0.16155690352725388	0	0	0	0	0	0	0	0.16336277967690868	0.0007889967277792409	0	0.0016512574317360316	0.0016512569259742353	0.0016512722265676681	0	0	0
2.1379620895022326e-6	0.0011202586584137786	0.0001747690380832089	0	0	0	0	0.16688773832341441	0	0	0	0	0	0	0	0.1684444723774649	0.0008186731357440183	0	0.0017053552466580098	0.0017053544932049555	0.0017053746245219033	0	0	0
2.2908676527677747e-6	0.001164958592538805	0.0001823675427793724	0	0	0	0	0.17199840096572458	0	0	0	0	0	0	0	0.17443807255642238	0.0008506276260764479	0	0.001775496152601565	0.0017754949481638006	0.0017755307274049182	0	0	0
2.4547089156850335e-6	0.0012114421184225488	0.0001902964107609945	0	0	0	0	0.17726556925012632	0	0	0	0	0	0	0	0.18064493733586315	0.0008838293656562537	0	0.001848521939391046	0.0018485202481454462	0.0018485729285686035	0	0	0
2.6302679918953817e-6	0.0012516324020325788	0.0001983130704686061	0	0	0	0	0.18359416817422886	0	0	0	0	0	0	0	0.18592230977433558	0.0009108674778407521	0	0.0019155671219513856	0.0019155642079745187	0.001915663644282627	0	0	0
2.8183829312644606e-6	0.0012931560212366868	0.00020666744980325018	0	0	0	0	0.1901487058664275	0	0	0	0	0	0	0	0.19135385569956717	0.0009387327400826139	0	0.0019850440075977263	0.0019850397844191413	0.001985189299979528	0	0	0
3.0199517204020193e-6	0.001331616308630417	0.00021238742398914202	0	0	0	0	0.1959506127504498	0	0	0	0	0	0	0	0.19715516606790617	0.0009673733385475674	0	0.0020426557568806506	0.002042648082535937	0.002042765776152514	0	0	0
3.2359365692962877e-6	0.0013712204593183774	0.0002182657109849047	0	0	0	0	0.20192955015033842	0	0	0	0	0	0	0	0.2031323558397026	0.0009968877574785663	0	0.0021019395666532796	0.002101928244379573	0.0021020121437602996	0	0	0
3.4673685045253236e-6	0.0014207614511466153	0.00022599727984584357	0	0	0	0	0.20851042713323736	0	0	0	0	0	0	0	0.20980760611479382	0.0010332842714652342	0	0.0021773676208217754	0.0021773464309701547	0.002177452634042201	0	0	0
3.7153522909717276e-6	0.0014720923155330063	0.00023400272203659347	0	0	0	0	0.21530577466703651	0	0	0	0	0	0	0	0.2167022156645342	0.0010710096273605669	0	0.0022555024090210084	0.002255470658018488	0.0022556006574802915	0	0	0
3.981071705534978e-6	0.0015278990556547925	0.00024134669379552158	0	0	0	0	0.2235503470211987	0	0	0	0	0	0	0	0.22369335285408842	0.0011135107367897382	0	0.002335913309815653	0.002335856918304125	0.00233595034823118	0	0	0
4.265795188015934e-6	0.0015858214186965135	0.00024892114971602775	0	0	0	0	0.23211062374236074	0	0	0	0	0	0	0	0.2309100345728159	0.001157698427045596	0	0.0024191909390787344	0.0024191081907413052	0.00241916228003627	0	0	0
4.570881896148752e-6	0.001645512531740031	0.00025739438539433334	0	0	0	0	0.2391210906290358	0	0	0	0	0	0	0	0.23765765651026957	0.0012024057972288172	0	0.002507265894407864	0.0025071336534882977	0.00250718777284133	0	0	0
4.897788193684467e-6	0.0017074504481968322	0.0002661560486447533	0	0	0	0	0.2463432955446602	0	0	0	0	0	0	0	0.24460245654738988	0.001248839652394663	0	0.0025985473753695745	0.0025983621487087882	0.0025984162286917154	0	0	0
5.248074602497734e-6	0.001763633303175559	0.0002755452694614331	0	0	0	0	0.25368249617599176	0	0	0	0	0	0	0	0.25344461249329586	0.001289108480322596	0	0.00265574752065906	0.0026555948875021237	0.002655630794822437	0	0	0
5.623413251903491e-6	0.0018216648286073053	0.00028526571501635855	0	0	0	0	0.26124035047836464	0	0	0	0	0	0	0	0.2626064043205237	0.0013306757763922022	0	0.002714206775808229	0.002714088261342598	0.0027141051693477585	0	0	0
6.0255958607435935e-6	0.001877019456930934	0.0002951842158503542	0	0	0	0	0.26892056247458485	0	0	0	0	0	0	0	0.2712347837471509	0.001369622276080396	0	0.002806422285882506	0.002806308722314827	0.00280633825967068	0	0	0
6.4565422903465625e-6	0.0019340561372043754	0.00030544757641903076	0	0	0	0	0.2768265652270921	0	0	0	0	0	0	0	0.28014666323434495	0.001409708670147732	0	0.0029017708292886912	0.002901662689865712	0.0029017056953559816	0	0	0
6.9183097091893625e-6	0.0019793346838194526	0.0003152042904998479	0	0	0	0	0.28575946373557204	0	0	0	0	0	0	0	0.28827856053724044	0.0014559534738276183	0	0.0029939404027007114	0.002993841304159154	0.0029939182552004445	0	0	0
7.413102413009192e-6	0.002025673254879616	0.00032527265697866866	0	0	0	0	0.29498061736760917	0	0	0	0	0	0	0	0.2966465047485016	0.00150371531568191	0	0.003089037578174645	0.003088948204005154	0.0030890612142948208	0	0	0
7.943282347242822e-6	0.002089772803124434	0.00033608343203162883	0	0	0	0	0.3043035125414026	0	0	0	0	0	0	0	0.3046445998511581	0.0015410622076431158	0	0.003182455002832973	0.003182342256697437	0.0031825196606684483	0	0	0
8.511380382023777e-6	0.002155900690379653	0.00034725351443716903	0	0	0	0	0.31392105885260724	0	0	0	0	0	0	0	0.31285833722246487	0.0015793366623714344	0	0.003278697519452451	0.0032785600696156065	0.0032788056590368894	0	0	0
9.120108393559115e-6	0.0022277948218195056	0.0003588715789399799	0	0	0	0	0.32323064459797984	0	0	0	0	0	0	0	0.3214255594646112	0.001632608558022905	0	0.0033049769499971203	0.0033047851605867177	0.0033051397459515574	0	0	0
9.772372209558111e-6	0.0023020864505831147	0.0003708783491496566	0	0	0	0	0.33281631372261594	0	0	0	0	0	0	0	0.3302273840433856	0.0016876773440612752	0	0.0033314670155471945	0.003331220025172408	0.0033316853379707426	0	0	0
0.000010471285480509006	0.0023776580451093554	0.00038340562967234787	0	0	0	0	0.3416167755832669	0	0	0	0	0	0	0	0.338548370280985	0.0017440654847108799	0	0.0034393897871920153	0.003439081459940136	0.003439594050585183	0	0	0
0.000011220184543019652	0.0024557104612823095	0.00039635604828776804	0	0	0	0	0.3506499427704504	0	0	0	0	0	0	0	0.3470790266286704	0.0018023376480482893	0	0.003550808713709476	0.003550435335622055	0.0035509977782075914	0	0	0
0.000012022644346174132	0.0024771220919795086	0.00040934022362736934	0	0	0	0	0.35978208706961956	0	0	0	0	0	0	0	0.357293007634079	0.0018537982411137685	0	0.0036631099872837507	0.003662659873645492	0.003663294854678716	0	0	0
0.000012882495516931348	0.002498720413223627	0.000422749745848839	0	0	0	0	0.3691520641738973	0	0	0	0	0	0	0	0.3678075697751203	0.001906728144128749	0	0.0037789630083789956	0.003778431680030125	0.0037791432241022866	0	0	0
0.000013803842646028866	0.0025766995578109693	0.0004358465396280862	0	0	0	0	0.3791851851019152	0	0	0	0	0	0	0	0.37747515566687934	0.001966709423699209	0	0.0038939203701715895	0.0038933946377286157	0.0038941233585489173	0	0	0
0.000014791083881682102	0.002657112246767003	0.00044934907228471634	0	0	0	0	0.3894909945107107	0	0	0	0	0	0	0	0.3873968478485955	0.0020285775762934727	0	0.004012374774671651	0.004011855470408561	0.004012601754514979	0	0	0
0.00001584893192461114	0.00273588008745453	0.000462434774991428	0	0	0	0	0.3996908066369241	0	0	0	0	0	0	0	0.3969421541130415	0.0020505075841296253	0	0.004128645315390799	0.0041281374768285875	0.0041288598448974	0	0	0
0.00001698243652461746	0.0028169829340245357	0.0004759015525147809	0	0	0	0	0.41015772678072177	0	0	0	0	0	0	0	0.4067226529769849	0.0020726746670716675	0	0.004248285142230611	0.004247789870122431	0.004248486309318991	0	0	0
0.000018197008586099864	0.0029003853461608206	0.000490236852734152	0	0	0	0	0.4198823905229941	0	0	0	0	0	0	0	0.41644508858747037	0.002134905423056941	0	0.004371346923400082	0.004370769297337947	0.00437141861268359	0	0	0
0.000019498445997580493	0.002986257053466131	0.0005050039667000739	0	0	0	0	0.4298376218706691	0	0	0	0	0	0	0	0.4263999325811846	0.002199004618432173	0	0.0044979734845873014	0.004497309150087875	0.004497908030302627	0	0	0
0.00002089296130854041	0.0030787861583603223	0.0005213166773492839	0	0	0	0	0.4395375561588323	0	0	0	0	0	0	0	0.4358687901302076	0.0022675806025617214	0	0.004630058558777513	0.004629332054173714	0.004629910268005221	0	0	0
0.000022387211385683423	0.0031741822754036016	0.0005381563235203378	0.0031641251853300237	0.0005271530497050563	0	0	0.4494563840952208	0	0	0	0	0	0	0	0.4455479180297487	0.0023382951295392246	0	0.004766022372334186	0.004765230619598749	0.004765786437909461	0	0	0
0.000023988329190194948	0.003267733037996157	0.0005354931010428499	0.003257366234373828	0.0005241336120721987	0	0	0.45844097430840847	0	0	0	0	0	0	0	0.45450232630285514	0.0024094218251372907	0	0.004901285681821966	0.004900524339269144	0.004901076288463364	0	0	0
0.000025703957827688645	0.0033640409658748723	0.0005328430582933619	0.0033533549285699547	0.0005211314692337551	0	0	0.4676051656222944	0	0	0	0	0	0	0	0.4636366959769182	0.0024827120657741376	0	0.0050403878660493714	0.0050396592981246996	0.0050402067105370825	0	0	0
0.00002754228703338169	0.00345371802017269	0.0005435004580380449	0.003444761550610388	0.0005337024941110797	0	0	0.47589390975049245	0	0	0	0	0	0	0	0.4723852428893345	0.0025513514109119194	0	0.005163163146979529	0.005162452765580988	0.005163008735578835	0	0	0
0.0000295120922666639	0.00354578564407092	0.0005543710165497447	0.0035386597581617105	0.0005465767642840676	0	0	0.4843295797132927	0	0	0	0	0	0	0	0.48129886964496316	0.0026218884226240527	0	0.005288929025063742	0.005288238148712144	0.005288802768333861	0	0	0
0.000031622776601683856	0.003641554289752871	0.0005668044490431587	0.0036342654031386737	0.000558831821559884	0	0	0.49284768763214126	0	0	0	0	0	0	0	0.48999448896451125	0.002695066591301759	0	0.005428017053384025	0.005427308113853674	0.005427928124680177	0	0	0
0.000033884415613920276	0.0037399095648637725	0.0005795167385456011	0.0037324540710610707	0.0005713616552964758	0	0	0.501515607095763	0	0	0	0	0	0	0	0.49884721190536113	0.0027702871979126695	0	0.005570762812698662	0.005570035337738187	0.005570713262951854	0	0	0
0.000036307805477010174	0.0038295253310227932	0.0005905734704588565	0.0038226952861497	0.0005831125715932922	0	0	0.5091753487768955	0	0	0	0	0	0	0	0.5057622347736199	0.002844976359939528	0	0.005711388179794921	0.005710632778791796	0.005711377274489976	0	0	0
0.00003890451449942813	0.003921288471444454	0.0006018411562798568	0.0039151183035446785	0.0005951051632502464	0	0	0.5169520791255595	0	0	0	0	0	0	0	0.512773113727923	0.002921679201605247	0	0.005855563418701496	0.005854779145342643	0.005855593140738229	0	0	0
0.00004168693834703355	0.004020317997597034	0.0006144198204366299	0.004013687986481445	0.0006071755736139101	0	0	0.5233399627289332	0	0	0	0	0	0	0	0.5195027423600926	0.0029927035480026946	0	0.005996822234446134	0.005996052818500783	0.005996828797612578	0	0	0
0.00004466835921509635	0.004121848448412861	0.0006272613825197354	0.00411473932683975	0.0006194908059272772	0	0	0.5298067802578617	0	0	0	0	0	0	0	0.5263206905634592	0.003065454455542915	0	0.006141488758655123	0.006140735373570945	0.006141471028388689	0	0	0
0.0000478630092322639	0.004221228790216438	0.0006394960159443639	0.004213943674206333	0.0006315345414351919	0	0	0.5357963109509317	0	0	0	0	0	0	0	0.5318196984693587	0.003142612804492411	0	0.00628260665759934	0.006281814538855877	0.006282537111380303	0	0	0
0.00005128613839913659	0.004323005254162905	0.0006519692839465453	0.004315539789739647	0.0006438124233801393	0	0	0.5418535540237948	0	0	0	0	0	0	0	0.5373761601073457	0.0032217132507390274	0	0.006426967135368456	0.006426134900783622	0.006426843401755196	0	0	0
0.00005495408738576248	0.004424897323684659	0.0006637809645061147	0.0044166180232433905	0.0006547226384530886	0	0	0.5461658537563344	0	0	0	0	0	0	0	0.5422218787277637	0.0033010177535423655	0	0.006569088121888254	0.006568258694014803	0.006568946484652102	0	0	0
0.00005888436553555896	0.0045291909618423755	0.0006758066364316548	0.004520063703181664	0.0006658177409072317	0	0	0.5505124725938163	0	0	0	0	0	0	0	0.547111292976481	0.0033822743866799244	0	0.006714351862118176	0.006713525772115421	0.006714191589986247	0	0	0
0.00006309573444801943	0.004626719716093148	0.0006853175852959971	0.004618348972728002	0.000676166024041845	0	0	0.55425419826042	0	0	0	0	0	0	0	0.5506092114057134	0.003459769340964491	0	0.006851988394786935	0.006851192365340321	0.006851853512848345	0	0	0
0.00006760829753919819	0.004726348593298764	0.0006949623862763525	0.004718771379014933	0.0006866751424279936	0	0	0.5580213557049805	0	0	0	0	0	0	0	0.554129493535889	0.0035390398661380666	0	0.006992446318933877	0.006991681929911984	0.006992337935597793	0	0	0
0.00007244359600749906	0.004822201508373896	0.0007055263384344645	0.0048139852789678686	0.0006965345265140883	0	0	0.5603405554999972	0	0	0	0	0	0	0	0.5562910542498257	0.003614687118162482	0	0.007124861871504158	0.0071240742769980514	0.007124762081474514	0	0	0
0.00007762471166286927	0.004919998372598605	0.0007162508706288566	0.004911120375354411	0.0007065354731070401	0	0	0.5626693941513686	0	0	0	0	0	0	0	0.5584610468281116	0.0036919513360746427	0	0.007259784969754887	0.007258973565009477	0.007259694137376897	0	0	0
0.00008317637711026725	0.005011251043514748	0.0007272101514951765	0.005001278166515844	0.0007162876835653297	0	0	0.5634830236214295	0	0	0	0	0	0	0	0.5592130013664806	0.0037638226371819314	0	0.007385034185665721	0.0073841907757247124	0.007384947709594204	0	0	0
0.00008912509381337459	0.005104196204817824	0.0007383371191902781	0.005093091064187781	0.0007261745024225505	0	0	0.5642978296134802	0	0	0	0	0	0	0	0.5599659683937801	0.003837093058551832	0	0.007512444259804682	0.0075115679818881925	0.00751236231739461	0	0	0
0.00009549925860214369	0.005209551301431412	0.0007470859050645674	0.005198545331839436	0.0007350391088921865	0	0	0.5637841903977319	0	0	0	0	0	0	0	0.5593151330508414	0.0039048040968685887	0	0.007653882046346275	0.00765295614053773	0.007653763351455487	0	0	0
0.00010232929922807557	0.0053170810198536105	0.000755938358020309	0.005306183067727922	0.0007440119279850961	0	0	0.5632710187103525	0	0	0	0	0	0	0	0.5586650541585932	0.003973709994064181	0	0.007797982700893276	0.007797005609243248	0.007797825898844496	0	0	0
0.00010964781961431851	0.005374193586144667	0.0007641921841659435	0.005363080869532983	0.0007520296483068833	0	0	0.5615989957423612	0	0	0	0	0	0	0	0.5569959898088416	0.004053920785890249	0	0.007876829600781607	0.007875846795920825	0.007876712929008808	0	0	0
0.00011748975549395303	0.005431919617834519	0.0007725361309481595	0.005420588782185869	0.0007601337702530792	0	0	0.5599319360348821	0	0	0	0	0	0	0	0.5553319119456837	0.004135750661931054	0	0.007956473736809116	0.007955485203099216	0.007956398023096162	0	0	0
0.00012589254117941688	0.005502179290908448	0.0007769736954630965	0.00549204387031696	0.0007658950470904627	0	0	0.5564039667843984	0	0	0	0	0	0	0	0.55182551098657	0.00417983152730647	0	0.008051668055370647	0.008050698076897393	0.008051641774249522	0	0	0
0.0001348962882591656	0.005573347744304559	0.0007814367500205489	0.005564440891109786	0.000771699990335121	0	0	0.5528982262482115	0	0	0	0	0	0	0	0.5483412496657899	0.004224382228233169	0	0.008148001315451493	0.008147050477840092	0.00814802566094	0	0	0
0.0001445439770745928	0.005633982344516941	0.0007872008883448708	0.005625036969783999	0.0007774206003681969	0	0	0.5478301482743105	0	0	0	0	0	0	0	0.5436077045814962	0.0042761570979349545	0	0.008227599203435968	0.008226666143804913	0.008227635313598422	0	0	0
0.00015488166189124827	0.005695276611936809	0.000793007544877633	0.005686292932321201	0.0007831836172686538	0	0	0.5428085262540179	0	0	0	0	0	0	0	0.5389150217323122	0.004328566530748636	0	0.008307974683804894	0.008307059840332339	0.008308022786192611	0	0	0
0.00016595869074375631	0.0057444602708472585	0.0007975487756892764	0.0057349560266647115	0.0007871498960968404	0	0	0.5361780575997883	0	0	0	0	0	0	0	0.5324937174065031	0.004371770950260399	0	0.008368455130964915	0.008369029300535248	0.008368484031197203	0	0	0
0.00017782794100389227	0.005794068673359916	0.0008021160122778088	0.005784035578053119	0.0007911362613612014	0	0	0.5296285808836881	0	0	0	0	0	0	0	0.5261489244926634	0.00441540660303427	0	0.008429375864070391	0.008431461043913128	0.00842938528006811	0	0	0
0.00019054607179632481	0.0058299967947955085	0.0008040881312633203	0.005819996596471005	0.0007931442393089589	0	0	0.5219586053251507	0	0	0	0	0	0	0	0.5185212548247637	0.004449812806156767	0	0.008473313155231928	0.008473918980709521	0.008473305493168116	0	0	0
0.00020417379446695317	0.005866147700941244	0.0008060650989904535	0.005856181194918484	0.0007951573136928628	0	0	0.514399704824101	0	0	0	0	0	0	0	0.5110041647700773	0.00448448711297158	0	0.008517479465194601	0.008516590721067094	0.008517454546812808	4.254164772096108e-11	4.254164772096108e-11	4.254164772096108e-11
0.00021877616239495564	0.005888160827652869	0.0008059055241243149	0.005878649171367136	0.0007954995855984238	0	0	0.5056753763908861	0	0	0	0	0	0	0	0.5022120074123325	0.00450915156440453	0	0.00854103302822041	0.008540156053419979	0.008540990699685717	3.970217569857742e-11	3.970217569857742e-11	3.970217569857742e-11
0.00023442288153199226	0.005910256560151525	0.0008057459808488488	0.00590120334903617	0.0007958420048333959	0	0	0.497099014424015	0	0	0	0	0	0	0	0.49357112481188586	0.004533951669068095	0	0.008564651724403703	0.008563786590842264	0.008564591889652648	3.7052226221695225e-11	3.7052226221695225e-11	3.7052226221695225e-11
0.0002511886431509582	0.005917632329422227	0.0008038059389760362	0.005908788288698873	0.0007941316467505773	0	0	0.48732407185392906	0	0	0	0	0	0	0	0.483775446766655	0.004547799372782098	0	0.008566337335739556	0.008565491673224323	0.008566284085477735	3.457914947550009e-11	3.457914947550009e-11	3.457914947550009e-11
0.00026915348039269194	0.005925017303364803	0.000801870568255867	0.005916382977442617	0.0007924249644284673	0	0	0.47774134350973374	0.4776853176787668	0	0	0	0	0	0	0.47417417901720965	0.004561689370484249	0	0.008568023278821016	0.008567197095094745	0.00856797661564761	3.2271139965912457e-11	3.2271139965912457e-11	3.2271139965912457e-11
0.00028840315031266115	0.005914303114820634	0.0007997003638604017	0.005906501581875483	0.0007911727256883819	0	0	0.4667682740035419	0.4668563025531522	0	0	0	0	0	0	0.4633305400503203	0.004562777274846258	0	0.008545405139147992	0.00854459913467616	0.008545371615500712	3.011718016480945e-11	3.011718016480945e-11	3.011718016480945e-11
0.0003090295432513592	0.005903608300706993	0.0007975360329653539	0.005896636689969234	0.0007899224658130872	0	0	0.45604724099371674	0.4562727786834978	0	0	0	0	0	0	0.45273487853823013	0.004563865438659488	0	0.008522846707557633	0.008522060781595814	0.008522826254409161	2.8106987916686288e-11	2.8106987916686288e-11	2.8106987916686288e-11
0.0003311311214825914	0.005897393548437234	0.0007890646417451018	0.00589067307460686	0.0007817237306916967	0	0	0.44423444158566033	0.44441824229711946	0	0	0	0	0	0	0.44105299845547274	0.004553564334266633	0	0.00847656639110424	0.008475796818606583	0.008476575278086406	2.6230967355696522e-11	2.6230967355696522e-11	2.6230967355696522e-11
0.000354813389233576	0.005891185338462248	0.0007806832332544564	0.00588471549059931	0.0007736100915898516	0	0	0.4327276241402418	0.43287170156487875	0	0	0	0	0	0	0.4296725449442851	0.004543286480504877	0	0.00843053738360482	0.008429784010159223	0.008430575292778476	2.448016309876924e-11	2.448016309876924e-11	2.448016309876924e-11
0.00038018939632056124	0.005829185870111919	0.0007728402281863658	0.005822591531268572	0.0007656312992632729	0.005831471304231358	0.0007753536327211228	0.4206313231570639	0.4205548463481553	0	0	0	0	0	0	0.41734623629748	0.00452108294466531	0	0.008361761175602592	0.00836102644269565	0.00836182485748023	2.2846217496138225e-11	2.2846217496138225e-11	2.2846217496138225e-11
0.00040738027780411304	0.005767838890837204	0.0007650760165723656	0.005761123404208589	0.0007577347979094773	0.005770311026803277	0.0007677908684005846	0.40887315750270026	0.4085884527621675	0	0	0	0	0	0	0.405373540853669	0.004498987919923583	0	0.008293546042959152	0.008292829696609931	0.008293635074591769	2.1321330735214448e-11	2.1321330735214448e-11	2.1321330735214448e-11
0.00043651583224016654	0.005708794584420043	0.0007555073582475098	0.005701976963256448	0.000748052114344496	0.0057107293575166	0.0007576296921265929	0.39598444734943145	0.3956729998947957	0	0	0	0	0	0	0.39261891545435396	0.0044643681267615585	0	0.008202552696436417	0.008201853244218358	0.008202637291375969	1.9898223607353945e-11	1.9898223607353945e-11	1.9898223607353945e-11
0.00046773514128719906	0.005650354703713502	0.0007460583732886402	0.005643437747880274	0.0007384931605610673	0.005651762902089029	0.000747602991928733	0.38350202175255094	0.38316580360355	0	0	0	0	0	0	0.3802656000880873	0.004430014733532124	0	0.008112557691162241	0.008111874848605065	0.008112637936048038	1.8570102759783275e-11	1.8570102759783275e-11	1.8570102759783275e-11
0.0005011872336272725	0.005576682919855034	0.0007344343054873573	0.005569875842629824	0.0007269889684470865	0.0055781862872129285	0.0007360851875487236	0.37025103885283656	0.36985911327771814	0	0	0	0	0	0	0.3672094766566693	0.004385316085876699	0	0.008000614068865243	0.00799994588327167	0.008000677358638509	1.733062826680984e-11	1.733062826680984e-11	1.733062826680984e-11
0.0005370317963702533	0.005503971700779035	0.000722991348115347	0.005497272812828313	0.0007156639877913335	0.005505567518295762	0.0007247448300478301	0.3574579115519164	0.3570145414545347	0	0	0	0	0	0	0.35460162506213766	0.004341068445547972	0	0.007890215135068464	0.007889561331962704	0.007890261922401635	1.6173883365514175e-11	1.6173883365514175e-11	1.6173883365514175e-11
0.0005754399373371578	0.005416134460842934	0.0007100589837214479	0.00540918184400724	0.0007024509406348376	0.005416616183406691	0.0007105842517055693	0.3441345987409659	0.34367810342119215	0	0	0	0	0	0	0.34126851072663866	0.004285839693322412	0	0.007758343390944603	0.007757695683965792	0.007758369954525603	1.509434621145501e-11	1.509434621145501e-11	1.509434621145501e-11
0.0006165950018614823	0.005329699005134489	0.0006973579444315803	0.005322502487644212	0.0006894818412221691	0.005329102000991416	0.0006967003527829803	0.3313078777203268	0.3308398540013797	0	0	0	0	0	0	0.3284367249957462	0.0042313135826494265	0	0.0076286756623767955	0.007628034030385053	0.0076286826651965345	1.4086863519559174e-11	1.4086863519559174e-11	1.4086863519559174e-11
0.0006606934480075965	0.005228263286722966	0.0006821212012899553	0.005221470089835805	0.0006746882585534575	0.005228154436081323	0.0006820022855249197	0.3179604254144551	0.3176174311418836	0	0	0	0	0	0	0.31518536831218297	0.004167097237745968	0	0.007478626551116003	0.0074780079799688605	0.00747863323362809	1.314662596436883e-11	1.314662596436883e-11	1.314662596436883e-11
0.0007079457843841388	0.005128758109784747	0.0006672173694507937	0.005122355501447046	0.0006602120882879323	0.005129119090314224	0.000667614298748747	0.30515070400796107	0.30492345872196047	0	0	0	0	0	0	0.30246866089464575	0.004103855469382912	0	0.007331528769389532	0.0073309326001597735	0.007331535141485087	1.2269145222216596e-11	1.2269145222216596e-11	1.2269145222216596e-11
0.0007585775750291852	0.005016046388793574	0.0006507192555024001	0.005010067761552287	0.0006441801946416758	0.005016414664495466	0.0006511246200070909	0.292060249317599	0.2919590999619385	0	0	0	0	0	0	0.2894535928127907	0.004032083925387094	0	0.007165872185051718	0.007165294512929761	0.0071658733841783165	1.1450232545736485e-11	1.1450232545736485e-11	1.1450232545736485e-11
0.0008128305161640995	0.004905811667453561	0.0006346290862153972	0.0049002414940264695	0.0006285376025826589	0.004906186743389411	0.0006350422265879833	0.27953135323336126	0.27954594378489633	0	0	0	0	0	0	0.27699855629478237	0.003961567580207607	0	0.007003958626868163	0.00700339892033688	0.007003954883543504	1.068597876843427e-11	1.068597876843427e-11	1.068597876843427e-11
0.0008709635899560814	0.004784165672717872	0.0006173529621530517	0.0047787857092525384	0.0006114696257790502	0.004784549460554093	0.0006177763043340403	0.2667940187374859	0.2668372862853491	0	0	0	0	0	0	0.2644321540978913	0.0038838370548539645	0	0.00682536456556794	0.006824823292669471	0.006825352442045931	9.97273564386661e-12	9.97273564386661e-12	9.97273564386661e-12
0.0009332543007969925	0.004665536048980158	0.0006005471355748593	0.004660340287880701	0.0005948651309230155	0.004665927886119089	0.0006009798186920228	0.25463708314206723	0.2547063870363922	0	0	0	0	0	0	0.25243584319059503	0.0038076316920652477	0	0.006651324477303674	0.006650801061882565	0.006651304403402071	9.307098430349958e-12	9.307098430349958e-12	9.307098430349958e-12
0.001	0.004536062655037	0.0005825424574675705	0.0045310415840597446	0.0005770512014799663	0.004536370306236693	0.0005828824643822135	0.24238488253859447	0.24242589537605794	0	0	0	0	0	0	0.24025698181915942	0.0037249267322219284	0	0.006462586252434843	0.006462084377541173	0.006462563428425654	8.685889638065036e-12	8.685889638065036e-12	8.685889638065036e-12
0.001071519305237607	0.004410182280108836	0.0005650775678540464	0.004405330205150068	0.0005597707309097026	0.004410410117251592	0.0005653300771791652	0.23072221279910785	0.23073749909728908	0.23080702442536866	0	0	0	0	0	0.22866569415528393	0.00364401819360205	0	0.006279203670287719	0.006278722534912438	0.006279178268410403	8.10614386097221e-12	8.10614386097221e-12	8.10614386097221e-12
0.001148153621496884	0.004275142502290288	0.0005466692804842454	0.004270293743349114	0.0005413642102686596	0.004275073359446089	0.0005465934497305065	0.2190640680917021	0.21910475523032336	0.21906499596128742	0	0	0	0	0	0.21708423889759973	0.0035584625043569014	0	0.006082766093253238	0.00608230703027099	0.006082752048822044	7.565093621131438e-12	7.565093621131438e-12	7.565093621131438e-12
0.0012302687708123836	0.004144237642358361	0.0005288606719252243	0.004139396550380812	0.0005235629374253334	0.004143889512033579	0.0005284778067691786	0.20799499686954917	0.2080584818347974	0.2079203290064347	0	0	0	0	0	0.2060893609416889	0.003474915525160201	0	0.005892473837137996	0.005892035936415183	0.0058924704644219995	7.060156157852793e-12	7.060156157852793e-12	7.060156157852793e-12
0.0013182567385564075	0.004005542951601615	0.0005098994115761747	0.004000997325769339	0.000504926531345787	0.004005481351251983	0.0005098330285379708	0.19697029089664894	0.19704911230504354	0.19682985219540053	0	0	0	0	0	0.19510972007877375	0.003387499149667077	0	0.005691841049732009	0.005691412773551188	0.005691831052799896	6.588921098614488e-12	6.588921098614488e-12	6.588921098614488e-12
0.0014125375446227555	0.003871489938978258	0.0004916179699641006	0.003867225429112539	0.00048695349466604883	0.0038716960982277766	0.0004918460409478047	0.18652994581520357	0.18662230118085796	0.18633094176214093	0	0	0	0	0	0.18471503184479449	0.003302281855748464	0	0.0054980396062564085	0.005497620806883534	0.005498023440121732	6.149138952894003e-12	6.149138952894003e-12	6.149138952894003e-12
0.0015135612484362103	0.0037310946861348736	0.0004731027891926043	0.0037267520984310236	0.0004683510772371474	0.003731004040610563	0.0004730041103830274	0.17615297647971231	0.17619471828146893	0.17598354533664298	0	0	0	0	0	0.17443614683100445	0.0032142462013926964	0	0.005295031051799971	0.005294624414747326	0.0052950074818873495	5.738710373986631e-12	5.738710373986631e-12	5.738710373986631e-12
0.0016218100973589332	0.0035957907101207285	0.0004552849220669582	0.0035913813295200764	0.00045045930248355183	0.0035954245369165835	0.0004548839876968363	0.1663532951079263	0.16634978003084694	0.16621076422609948	0	0	0	0	0	0.1647292535824298	0.003128557492808488	0	0.005099518346070338	0.005099123544159045	0.00509948794118314	5.355676137551328e-12	5.355676137551328e-12	5.355676137551328e-12
0.0017378008287493763	0.003455066834609	0.00043653281464261167	0.0034508157115034055	0.0004318798723309848	0.0034546026652073677	0.0004360230775400637	0.15668102027783537	0.15667256198976484	0.15657099751691225	0	0	0	0	0	0.15517552037400387	0.003041317583172496	0	0.00489688582314544	0.004896511904944531	0.004896864347961416	4.998207789045603e-12	4.998207789045603e-12	4.998207789045603e-12
0.0018620871366628695	0.0033198502899559005	0.0004185530621015709	0.0033157517907879885	0.00041406676051814476	0.0033192963590031577	0.0004179441995971366	0.14757112024367536	0.1475583056129376	0.1474903107363938	0	0	0	0	0	0.14617587101063137	0.0029565103607576185	0	0.004702305029140886	0.0047019509583617275	0.004702291822024013	4.6645989154038255e-12	4.6645989154038255e-12	4.6645989154038255e-12
0.001995262314968883	0.003180492840947457	0.00039994762733977664	0.003176771445279549	0.00039587500697083094	0.003180234125807147	0.00039966322789213	0.13867362515415682	0.13864763672938954	0.13857960707901792	0	0	0	0	0	0.13732528983582615	0.002871094725566913	0	0.004502346347369872	0.004502019934996056	0.0045023498748889895	4.353256999293598e-12	4.353256999293598e-12	4.353256999293598e-12
0.0021379620895022326	0.0030469852034961517	0.00038216923754317086	0.0030436164864877263	0.00037848249627196994	0.003046997917952026	0.00038218186993173666	0.13031258610520585	0.1302750603620332	0.13020724820695825	0	0	0	0	0	0.12901058908088958	0.0027881468073278804	0	0.004310890617697423	0.004310590151744975	0.004310909480557842	4.062695817065359e-12	4.062695817065359e-12	4.062695817065359e-12
0.0022908676527677745	0.0029101867787855533	0.000364012706410179	0.0029072595417006268	0.00036081139875718645	0.0029105796307291884	0.0003644447679385331	0.12217315204680403	0.12212354679715524	0.1220969448903449	0	0	0	0	0	0.12093821798725901	0.002705439624558616	0	0.00411532017619526	0.0041150377204886065	0.004115338950086376	3.79152834410619e-12	3.79152834410619e-12	3.79152834410619e-12
0.0024547089156850338	0.002779530100015116	0.00034671877642452833	0.0027770115191362243	0.00034396535310200706	0.0027802689778369054	0.000347530846770661	0.1145421139060274	0.11448208614043733	0.11449181329645249	0	0	0	0	0	0.1133709463241288	0.002625185855671164	0	0.003928622100285564	0.003928356639099447	0.0039286407544578	3.5384601337307935e-12	3.5384601337307935e-12	3.5384601337307935e-12
0.002630267991895387	0.002647233114017013	0.00032956137938012933	0.002644816020066177	0.0003269187716962848	0.00264790910495316	0.000330304712359285	0.10711273346893176	0.1070924885274522	0.1070931894539576	0	0	0	0	0	0.10600705280261356	0.0025459338517524366	0	0.003739277041524945	0.0037390233198641228	0.0037392875510931655	3.3022831380029575e-12	3.3022831380029575e-12	3.3022831380029575e-12
0.002818382931264455	0.0025212330529934203	0.00031325301703865303	0.00251891349092224	0.00031071700194092606	0.002521850469859522	0.0003139324293671894	0.10016523425261055	0.1001798751722039	0.10017267520888011	0	0	0	0	0	0.09912147343083824	0.002469074394674371	0	0.0035590577144742988	0.00355881521737106	0.0035590608211999927	3.081869940990648e-12	3.081869940990648e-12	3.081869940990648e-12
0.003019951720402019	0.0023942503850506026	0.00029687757438033954	0.002392012342211756	0.00029443042521625103	0.0023946756320329895	0.0002973451314750093	0.09348120105317734	0.09350432259543658	0.0934575959270118	0	0	0	0	0	0.09246760222706041	0.002393612856041551	0	0.003377762094587188	0.003377530716615455	0.0033777640859612404	2.8761683769264896e-12	2.8761683769264896e-12	2.8761683769264896e-12
0.0032359365692962876	0.002273663237719706	0.0002813581653678972	0.0022715043870754383	0.0002789975274977195	0.0022739141163163556	0.00028163425928984714	0.08724319386411074	0.08727359990220213	0.08719266225289285	0	0	0	0	0	0.08626039510588786	0.002320457624511149	0	0.003205701531961607	0.0032054807695545175	0.003205702513553213	2.6841965075829466e-12	2.6841965075829466e-12	2.6841965075829466e-12
0.0034673685045253167	0.00215251143240618	0.00026577508619686914	0.002150484575333622	0.0002635591705972704	0.002152757607923701	0.00026604619795361263	0.08123328195227399	0.08126603389582489	0.0811837467655016	0	0	0	0	0	0.08032722071778457	0.0022479222436646617	0	0.0030330208891684285	0.0030328084983635615	0.003033019355218903	2.5050379348860515e-12	2.5050379348860515e-12	2.5050379348860515e-12
0.003715352290971728	0.002037815182905502	0.00025105507903277157	0.002035912382587107	0.0002489750967649301	0.0020380564442692498	0.00025132091395432127	0.07563737415454937	0.07567200473634533	0.07558893797472516	0	0	0	0	0	0.07480214274839606	0.002177654252413641	0	0.0028696419870701197	0.0028694377065392627	0.002869638205741069	2.3378374263920187e-12	2.3378374263920187e-12	2.3378374263920187e-12
0.003981071705534978	0.0019229697094306228	0.00023648562591753274	0.0019210882290849865	0.00023442841481631935	0.0019230959868434445	0.00023662497547055983	0.07027370860365116	0.07030150072336731	0.07021358381286405	0	0	0	0	0	0.06949418139976467	0.0021089489051501326	0	0.0027060731436416153	0.002705876304384907	0.002706065782656102	2.1817968327445193e-12	2.1817968327445193e-12	2.1817968327445193e-12
0.004265795188015935	0.0018145966005196697	0.00022276168034946213	0.0018127400842462276	0.0002207316409848798	0.0018146200930854953	0.0002227883789513025	0.06529039613168333	0.06531214576880137	0.06522048707040334	0	0	0	0	0	0.06456287308062376	0.0020424112228120206	0	0.0025518276815481656	0.0025516380989717563	0.002551817161275601	2.036171277624075e-12	2.036171277624075e-12	2.036171277624075e-12
0.004570881896148752	0.0017068036043186312	0.00020911645876611222	0.0017049456788799495	0.000207083820789771	0.0017067226480761697	0.00020902780248865626	0.06051979260948511	0.060533544609809156	0.060462255677067214	0	0	0	0	0	0.059842602265022596	0.0019765439979561924	0	0.002398365726862536	0.002398186842592724	0.002398357156719671	1.900265602001975e-12	1.900265602001975e-12	1.900265602001975e-12
0.004897788193684466	0.001605413866024428	0.00019630707246541307	0.0016035612569024905	0.000194279844255892	0.001605240793131066	0.00019611715125763838	0.056097764977684345	0.05610457258591762	0.05605116621733979	0	0	0	0	0	0.05546743623657648	0.0019128009737812807	0	0.002254132675721693	0.002253963888649599	0.00225412585920266	1.7734310457249257e-12	1.7734310457249257e-12	1.7734310457249257e-12
0.005248074602497733	0.0015046214685402824	0.00018350299054996678	0.0015028635883768762	0.00018157915636718395	0.0015045291071094837	0.00018340179503438634	0.05191040520818168	0.05190587640366733	0.051848768482110175	0	0	0	0	0	0.05132014260865028	0.0018484467130410835	0	0.0021110442708003048	0.0021108870908529854	0.0021110418790928876	1.655062150589691e-12	1.655062150589691e-12	1.655062150589691e-12
0.005623413251903491	0.0014101571012330306	0.0001715340518193204	0.0014084893580129482	0.00016970875261558874	0.001410136001916844	0.0001715108454621969	0.04803560658699268	0.04802139791916088	0.04796144263417354	0	0	0	0	0	0.04748294163333708	0.0017862575865371134	0	0.001977038867888282	0.001976892501591667	0.0019770403667080105	1.5445938701241485e-12	1.5445938701241485e-12	1.5445938701241485e-12
0.0060255958607435805	0.0013162141564170993	0.00015969764050884883	0.0013146416969799781	0.00015797642179574562	0.0013162203482508098	0.00015970448749590745	0.04434922725075433	0.044329714037894395	0.04424557721333751	0	0	0	0	0	0.04382367014054039	0.0017217088367846934	0	0.0018439373868794524	0.0018438014161002918	0.0018439390173294655	1.44149887227803e-12	1.44149887227803e-12	1.44149887227803e-12
0.006456542290346563	0.0012285295759160168	0.00014867798034035005	0.0012270471066083183	0.0001470551722215353	0.0012285595168086796	0.0001487108483291349	0.04094575040240345	0.04092183134671705	0.040817602545310604	0	0	0	0	0	0.040446400297123236	0.0016594926403694866	0	0.001719796783946665	0.001719670472358156	0.0017197985215099635	1.3452850221474828e-12	1.3452850221474828e-12	1.3452850221474828e-12
0.006918309709189377	0.0011418143318783108	0.0001377690473328768	0.0011404803204141084	0.00013630917842145937	0.0011418854877765978	0.00013784743344567732	0.037730203379132375	0.03769497501098574	0.037595564459343055	0	0	0	0	0	0.037266463587009364	0.0015938146828202372	0	0.001597082113031254	0.0015969640722760326	0.0015970833838373792	1.255493032716913e-12	1.255493032716913e-12	1.255493032716913e-12
0.007413102413009177	0.001061219846913837	0.00012766053426041453	0.001060020723122133	0.00012634844352120205	0.0010613262518871151	0.00012777759740502866	0.03476717932972929	0.034722569697331875	0.034627865893093863	0	0	0	0	0	0.03433653670239417	0.001530736070397871	0	0.0014831236455222275	0.0014830133383887652	0.0014831245073347282	1.1716942724037182e-12	1.1716942724037182e-12	1.1716942724037182e-12
0.00794328234724282	0.000982082075062694	0.00011782720664930068	0.00098094177425099	0.00011657934730442328	0.0009821757300735206	0.00011793025791553805	0.031966606084625065	0.03193820546218633	0.03183240215494863	0	0	0	0	0	0.03157354630567719	0.0014631000742435407	0	0.0013715031776232248	0.0013713987568074967	0.0013715034395684938	1.0934887189399707e-12	1.0934887189399707e-12	1.0934887189399707e-12
0.008511380382023776	0.0009088458013335251	0.00010875131227679641	0.0009077622196257876	0.0001075655848158093	0.0009089280162722825	0.00010884181589313553	0.02939162521291442	0.02937711629744991	0.02926261266237807	0	0	0	0	0	0.02903288805615716	0.0013984525932645264	0	0.0012682833099652117	0.0012681845142515637	0.0012682830574545136	1.0205030498237191e-12	1.0205030498237191e-12	1.0205030498237191e-12
0.009120108393559097	0.0008370999166254934	0.0000998422123267492	0.0008360786265809377	0.00009872487886482369	0.0008371473031718876	0.00009989430138657096	0.026961358723998765	0.02695434542597414	0.026823902834249836	0	0	0	0	0	0.02664169466346048	0.0013278643918268724	0	0.0011669222534683081	0.0011668298211704729	0.0011669220592660278	9.523888602244335e-13	9.523888602244335e-13	9.523888602244335e-13
0.009772372209558112	0.0007710177781382	0.00009166296161031758	0.0007700556981911298	0.00009061078153913026	0.0007710353236576033	0.00009168233153431246	0.024732040469975174	0.02473138377458097	0.02458843205707119	0	0	0	0	0	0.024447443642814932	0.001260839195818361	0	0.0010736619609674608	0.0010735755059871686	0.001073661817366428	8.888209998355962e-13	8.888209998355962e-13	8.888209998355962e-13
0.010471285480509006	0.0007066168082059669	0.0000837681733864512	0.0007057321373330613	0.00008280072282004365	0.0007066550770675224	0.0000838103831353076	0.022637436478212983	0.022650897246746182	0.022490241528134485	0	0	0	0	0	0.02239040001523607	0.0011895368255509086	0	0.0009831678412227749	0.0009830875755744266	0.0009831686405679199	8.294960207352514e-13	8.294960207352514e-13	8.294960207352514e-13
0.011220184543019653	0.0006475950721199724	0.00007655335098525449	0.0006467815910389794	0.00007566384025239809	0.0006476504806244902	0.00007661432910503837	0.020720228520054746	0.020745428187887424	0.0205710946846797	0	0	0	0	0	0.020506439043970297	0.0011222667125472038	0	0.0009003010623042335	0.0009002265568271593	0.0009003026466631583	7.74130728845163e-13	7.74130728845163e-13	7.74130728845163e-13
0.012022644346174132	0.0005905410427961924	0.00006964469533244673	0.0005897831241740884	0.00006881589146931064	0.0005906309613562801	0.00006974361354327211	0.01893328791367665	0.01895829002456594	0.018770690818407446	0	0	0	0	0	0.018746558397710535	0.0010508882221593294	0	0.0008202613678799624	0.0008201943729424539	0.0008202642986242768	7.224608320738588e-13	7.224608320738588e-13	7.224608320738588e-13
0.01288249551693135	0.0005385135530528045	0.0000633595201976669	0.0005378077211532505	0.00006258771565015618	0.0005386314732234471	0.00006348905859900559	0.01730045548847191	0.017325106881399883	0.017127860194170834	0	0	0	0	0	0.01713771225736561	0.0009840495517920325	0	0.0007473374627752467	0.0007472772318309014	0.0007473414879888835	6.74239678690301e-13	6.74239678690301e-13	6.74239678690301e-13
0.013803842646028866	0.0004886843787861453	0.00005739929763591754	0.00048801119264381117	0.000056662955560778725	0.0004887397276677424	0.00005745982665721729	0.015780106154874678	0.015804359297091567	0.015586222589393045	0	0	0	0	0	0.015639452921093627	0.0009143747073093883	0	0.0006776936445250307	0.0006776351881103147	0.0006776969787053976	6.292370799057045e-13	6.292370799057045e-13	6.292370799057045e-13
0.014791083881682071	0.0004434659456865781	0.0000519997525047227	0.00044282540911637846	0.00005129905284975486	0.00044346929816640627	0.00005200316010874317	0.014393363829353639	0.01441709852074418	0.01418334408689204	0	0	0	0	0	0.01427217845637367	0.0008496331346775791	0	0.0006145398815203507	0.0006144833919805692	0.0006145426185054196	5.872382110429394e-13	5.872382110429394e-13	5.872382110429394e-13
0.01584893192461114	0.00040060377234780385	0.00004687963188166626	0.0004000071546075399	0.00004622696943033246	0.00040062739144990523	0.00004690541359242886	0.0131006966215221	0.013116398646444954	0.012867988944815332	0	0	0	0	0	0.012996628623273412	0.0007845576927658068	0	0.0005547414600065911	0.0005546884163890578	0.0005547438783988799	5.48042586048154e-13	5.48042586048154e-13	5.48042586048154e-13
0.01698243652461746	0.00036188434304877475	0.0000422636604887868	0.00036132913885067794	0.00004165637734036845	0.00036192428076436777	0.000042307387083326695	0.01192412378398607	0.011933046944565288	0.011674619079214195	0	0.007978025968998723	0.00795800227417647	0	0	0.01183507872239762	0.0007244665352082687	0	0.0005007617840666592	0.0005007120506292382	0.000500763919953124	5.114631004493445e-13	5.114631004493445e-13	5.114631004493445e-13
0.018197008586099864	0.00032545720204405333	0.00003794580595616766	0.0003249378584100247	0.000037377739362148286	0.0003254771997081971	0.00003796762893697784	0.010828273082187033	0.01084064988008715	0.010561977599270063	0	0.007371793907578532	0.007335513399467831	0	0	0.010755615003592877	0.0006646042178189951	0	0.0004500690181150437	0.0004500222497097742	0.0004500705687606356	4.773251381933139e-13	4.773251381933139e-13	4.773251381933139e-13
0.019498445997580455	0.000292696803265865	0.00003406908377103675	0.0002922117274126825	0.00003353857173918948	0.0002927004712316045	0.000034073029474896384	0.009833133240354622	0.009848255049072465	0.009555375644426729	0	0.006811628042698939	0.0067617166947015845	0.007055480497060774	0.006861453276584985	0.009774607910852724	0.0006096882945957198	0	0.0004045079467167884	0.0004044640527012336	0.00040450900872308145	4.4546573809742886e-13	4.4546573809742886e-13	4.4546573809742886e-13
0.02089296130854041	0.00026212911962494493	0.000030469415410015288	0.0002616742371557034	0.000029971860991136834	0.0002621388551724498	0.000030480042130175504	0.008917554110028139	0.008927897958414437	0.008623253553235784	0	0.00625642480590399	0.006198782559197637	0.006452914956614569	0.006291759945306579	0.00887129064023101	0.0005563006867400824	0	0.0003620406529865448	0.00036200002109254814	0.0003620417716461495	4.1573281593713133e-13	4.1573281593713133e-13	4.1573281593713133e-13
0.022387211385683423	0.00023475376084970738	0.00002725008050311374	0.00023432805725252855	0.000026784457557039037	0.00023476825678476378	0.000027265933865427114	0.008087226051094559	0.008093551757005699	0.007782059503517806	0	0.005746475160793042	0.005682714457161771	0.005901810862441866	0.005769367160810386	0.008051453146889927	0.0005075879868625246	0	0.0003240317909173078	0.00032399421999512994	0.0003240329426295013	3.8798443845577147e-13	3.8798443845577147e-13	3.8798443845577147e-13
0.02398832919019495	0.00020936298094789517	0.00002427238197111912	0.00020896547770982954	0.00002383758892658399	0.00020938497890652492	0.000024296588913346683	0.007315875565373771	0.0073235079750654	0.006998135055805747	0	0.005249656796706259	0.005183531716785995	0.005371658237020206	0.0052636416610113155	0.007289396409646343	0.00046147419485277825	0	0.0002888021215293772	0.00028876694265785225	0.0002888023129334557	3.6208814583115397e-13	3.6208814583115397e-13	3.6208814583115397e-13
0.025703957827688646	0.0001867184475883702	0.000021620065543828092	0.0001863480258680216	0.000021214939470874915	0.00018674615551573728	0.00002165061485653671	0.00661809561769196	0.006626728372302287	0.006293179104729193	0	0.004795791456862581	0.0047281983392750224	0.0048891285891545025	0.0048022465485872065	0.006599467083465546	0.00041954978846396205	0.0058696912393185405	0.0002574027232443829	0.00025736986040435255	0.0002574021495434221	3.3792031936453307e-13	3.3792031936453307e-13	3.3792031936453307e-13
0.02754228703338169	0.00016583858936984331	0.00001919030278772051	0.00016548830328389858	0.00001880714809764402	0.00016584647768469338	0.000019199043511652025	0.005974233235709394	0.0059820981768412525	0.005636058717414686	0	0.0043614121459946914	0.004294736660141265	0.004431454471549713	0.0043632050535177555	0.005964183412235293	0.00037892227016859514	0.0052909118226232765	0.00022847868796653701	0.00022844762204373066	0.00022847755487719656	3.1536559137364306e-13	3.1536559137364306e-13	3.1536559137364306e-13
0.0295120922666639	0.0001472936288802591	0.000017033607985037913	0.00014696360960206586	0.000016672629212650193	0.00014728578526534449	0.00001702507176838996	0.005393011043727111	0.005400175861582007	0.005047553444375233	0	0.003966376786465649	0.0039010129559813467	0.004016623489302414	0.003964302570979748	0.005390053973282818	0.0003422289577487299	0.004769202803591554	0.00020280481184089177	0.00020277555396518612	0.0002028032523242632	2.9431629447283866e-13	2.9431629447283866e-13	2.9431629447283866e-13
0.03162277660168379	0.00013027284360733315	0.00001506062259541799	0.0001299615600097581	0.000014720086257687285	0.00013026934484456653	0.00001505686116835509	0.004859021433493525	0.004867921947311696	0.004501309012616639	0	0.003591730740281427	0.0035292705006267334	0.0036278193271569088	0.0035883288164014772	0.004860983034211415	0.0003085077036534765	0.0042802046977630315	0.00017926274493487192	0.00017923572560448012	0.00017926144982354585	2.7467194761141076e-13	2.7467194761141076e-13	2.7467194761141076e-13
0.03388441561392028	0.00011521892637553957	0.000013316166085356188	0.00011492645782110999	0.000012996206937136742	0.0001152188731292692	0.00001331618869672219	0.0043779048660787575	0.004388128218879295	0.004014178958252049	0	0.0032524720683881135	0.003192952806653942	0.0032766509247245655	0.003248012346200647	0.004383844053513213	0.000278109146109785	0.0038413447716998464	0.0001584534973795201	0.00015842859114309146	0.00015845242630260797	2.5633877641663474e-13	2.5633877641663474e-13	2.5633877641663474e-13
0.03630780547701017	0.00010145251529975117	0.000011712487449571373	0.00010118922375046729	0.000011424425395851173	0.00010144372351409706	0.000011702839735431531	0.003935337172568697	0.003946762234411371	0.003566874802265099	0.0034359899910026926	0.002934610904459641	0.0028774465601273183	0.0029477229594744624	0.002928278509334327	0.003946020285056569	0.0002493864003477839	0.0034330670168311894	0.00013945435856127131	0.0001394320035615732	0.00013945370119988152	2.3922926555186253e-13	2.3922926555186253e-13	2.3922926555186253e-13
0.038904514499428125	0.0000893309214416644	0.000010301941367885646	0.00008909401018136442	0.00001004273756617515	0.00008931548070999465	0.000010284959232134285	0.0035375091820285293	0.0035497896501652587	0.0031694142157961147	0.0030512215157155968	0.002647814025607114	0.0025931165312353143	0.0026518145647581545	0.0026400192222974864	0.0035519229014543195	0.0002236301018804821	0.0030681831083958543	0.00012273328417078644	0.0001227132266778496	0.00012273295671223018	2.2326174095278104e-13	2.2326174095278104e-13	2.2326174095278104e-13
0.04168693834703355	0.0000783120425209425	9.026086988334033e-6	0.00007809186146383474	8.785163168443173e-6	0.00007829315802646765	9.005332815732785e-6	0.003172589379452665	0.0031858073140419597	0.0028046300994491	0.002703646973949566	0.0023793343332887146	0.0023289704282321464	0.0023769617952906644	0.00237201203775229	0.0031898549903232594	0.00019972569781591949	0.0027292487205744175	0.0001075282812572183	0.00010750982623017468	0.00010752776659007072	2.0835997994760695e-13	2.0835997994760695e-13	2.0835997994760695e-13
0.04466835921509635	0.00006865233118418865	7.908242088713565e-6	0.00006844835937312324	7.685065091824807e-6	0.00006863108774682408	7.884914008092268e-6	0.0028453137087955235	0.002859146383992277	0.00248183085553556	0.002395665775853147	0.002138077604702006	0.002091731393573687	0.0021305967058773863	0.0021312121744118677	0.002864694741860525	0.0001783764977640399	0.0024277555529114247	0.00009420697366854561	0.00009419003190573472	0.00009420632320427534	1.9445284740007884e-13	1.9445284740007884e-13	1.9445284740007884e-13
0.0478630092322639	0.00005990854125384584	6.911896662359905e-6	0.000059707102830348053	6.691419677142681e-6	0.00005987465305143954	6.874685733956639e-6	0.0025452472741987705	0.002560430590670007	0.0021873694716480156	0.00211741829851613	0.0019135973782209929	0.0018704032455079582	0.001902052035387665	0.0019071119607382509	0.0025677203056048183	0.00015864303158242158	0.002149427929346899	0.00008213094750837318	0.00008211510988436411	0.00008213005172320219	1.814739561383445e-13	1.814739561383445e-13	1.814739561383445e-13
0.05128613839913648	0.00005227838957914887	6.0410790331424575e-6	0.00005208215596462596	5.8262482829564e-6	0.000052235425602680584	5.993889583597611e-6	0.0022768258089750945	0.002292923806330194	0.0019278449999225514	0.0018714882084477358	0.0017126856938593869	0.0016724940456287482	0.0016980228756303035	0.0017065762266465095	0.002301532331341267	0.00014109264272557653	0.001903008899687635	0.00007160290025190999	0.00007158816208990672	0.00007160183272867373	1.6936135004875473e-13	1.6936135004875473e-13	1.6936135004875473e-13
0.05495408738576248	0.00004537462255641966	5.246898983101625e-6	0.00004519050897620506	5.0452129483789e-6	0.00004533238551972688	5.200487340222098e-6	0.0020331085129214866	0.002047698993482417	0.0016965361233813544	0.001649274770334023	0.0015262455727611216	0.0014883992552474966	0.0015087286185313411	0.00152010854851722	0.0020585285161560376	0.00012492469873267445	0.0016782694930100154	0.00006209808486314872	0.00006208451095289224	0.0000620970384061381	1.5805720832178495e-13	1.5805720832178495e-13	1.5805720832178495e-13
0.05888436553555896	0.000039382551542075835	4.557124445457273e-6	0.00003921078272787933	4.368878986663088e-6	0.00003934159917716238	4.5121065709684825e-6	0.0018154793436633233	0.0018287006120015314	0.0014929804097598433	0.001453446116188185	0.001360101013703086	0.0013245681494719365	0.001340536736603472	0.001354015111188914	0.0018411818917868793	0.00011060945526269087	0.0014800711082488464	0.00005385497137831315	0.000053842512333519566	0.00005385395920556095	1.475075694382717e-13	1.475075694382717e-13	1.475075694382717e-13
0.06309573444801943	0.00003397839751915016	3.928309601793815e-6	0.000033826433333907336	3.7617799923476714e-6	0.00003394872909794262	3.8957083076225705e-6	0.0016168855166406048	0.001629346102077077	0.0013124430197951733	0.0012754727662212281	0.0012062905129941526	0.001174141427584502	0.0011858306773129485	0.0012013894179695268	0.001641943700972546	0.00009748621735309916	0.001299638370388995	0.00004643350021950583	0.00004642259874924787	0.00004643265577160911	1.3766207357837779e-13	1.3766207357837779e-13	1.3766207357837779e-13
0.06760829753919818	0.000029315812530224415	3.386261778066739e-6	0.00002918145246000724	3.2390434145752632e-6	0.00002929510318519366	3.3635161269743885e-6	0.0014400157088248237	0.0014517240837187142	0.001153736960611666	0.0011192921149623168	0.0010698740660282774	0.001040798159399942	0.00104897863434864	0.0010659678179971129	0.0014642654966299754	0.0000859199835244224	0.0011412018546769623	0.00004003474307857652	0.00004002520650010703	0.000040034039350297756	1.284737222236531e-13	1.284737222236531e-13	1.284737222236531e-13
0.07244359600749906	0.000025147524721880602	2.9034649598539865e-6	0.000025027011647856446	2.77141031075144e-6	0.000025132423125982547	2.886892462523611e-6	0.0012781643889514555	0.0012901686964100518	0.0010162705880572575	0.0009747752944910783	0.0009437937785358324	0.0009177580018299755	0.0009231302542133603	0.0009413847316589992	0.0013022086417035898	0.00007538889403503145	0.0009969776109283195	0.00003431377967524748	0.00003430522998059806	0.00003431306920548849	1.1989865380462213e-13	1.1989865380462213e-13	1.1989865380462213e-13
0.07762471166286927	0.000021571907617624375	2.4895029757305917e-6	0.000021464021123703406	2.3712911892372893e-6	0.000021561238005902126	2.4778082743050576e-6	0.0011345044329529506	0.0011465920307201657	0.0008951831686164333	0.0008489176882856521	0.0008325715377976093	0.0008092632969379525	0.0008123801937807585	0.0008313620711981816	0.0011580873485240836	0.00006614858512175684	0.0008709803201062085	0.000029410341744680722	0.000029402691626802136	0.000029409640830856722	1.1189593432293306e-13	1.1189593432293306e-13	1.1189593432293306e-13
0.08317637711026708	0.000018383918610227107	2.1248292630702766e-6	0.000018282535395993855	2.0137061986011657e-6	0.000018370664668646533	2.110276733769033e-6	0.0010033291033072367	0.0010154427093653003	0.0007906228382759593	0.0007326591243963982	0.0007300491397107866	0.0007096519236998033	0.0007106090469155581	0.0007302263615442065	0.0010265486499437084	0.000057725377768637715	0.0007560243492826899	0.000025030870452773248	0.000025024096087068538	0.00002503039079524898	1.0442736194857508e-13	1.0442736194857508e-13	1.0442736194857508e-13
0.08912509381337459	0.00001566706428834002	1.8135746135731262e-6	0.00001557262260316369	1.710044161885072e-6	0.00001565222369306786	1.7972608854637364e-6	0.0008873207193409422	0.0008992944904348386	0.0006982754974824227	0.0006323220731156099	0.0006401512929475356	0.0006223016102625024	0.0006215873077950907	0.0006413938734606714	0.0009099504731178157	0.000050374762096550494	0.0006562407938661735	0.000021303542851107245	0.00002129755305817023	0.00002130323409817144	9.74572846593917e-14	9.74572846593917e-14	9.74572846593917e-14
0.09549925860214369	0.000013254310456355514	1.5310838194814073e-6	0.00001317176946482109	1.4405910286491346e-6	0.000013244737560102408	1.5205585179240457e-6	0.0007821753037925844	0.0007941757432935258	0.0006174529648519603	0.0005381847331748817	0.0005572033149457818	0.0005421308702047794	0.0005399764318058827	0.0005598383483568953	0.0008041139587522981	0.00004394220545496025	0.0005644317674138677	0.00001799989471902668	0.000017994646318289264	0.000017999778291186668	9.095243005237385e-14	9.095243005237385e-14	9.095243005237385e-14
0.10232929922807536	0.000011213124708002928	1.2925951018134191e-6	0.000011141059232961003	1.2135958579787009e-6	0.000011207549577360091	1.2864566436245585e-6	0.0006894893723629457	0.0007013443515381206	0.0005459853097796465	0.000458062147973701	0.00048500336968313335	0.0004722884780982899	0.00046908059937725294	0.0004886528999722285	0.0007105873097079827	0.00003833104792723513	0.0004854669551843071	0.000015208560010909465	0.000015203967105324464	0.000015208583684469104	8.488174651431553e-14	8.488174651431553e-14	8.488174651431553e-14
0.10964781961431873	9.418020747569324e-6	1.0875418874047587e-6	9.350422240582068e-6	1.0134077977889438e-6	9.412630199756814e-6	1.0816043480524377e-6	0.0006045752951289978	0.0006165242608894556	0.00048013307950111255	0.00038310357338918794	0.0004194537294436121	0.00040932588925587915	0.00040478833616343455	0.0004240047847792168	0.0006255282179352404	0.00003314279783311182	0.0004126993929841217	0.000012747207224764106	0.000012743167086708464	0.000012747278263241439	7.921625499364476e-14	7.921625499364476e-14	7.921625499364476e-14
0.11748975549395303	7.910294151847029e-6	9.150176688745039e-7	7.84758381128684e-6	8.462416527442291e-7	7.905172015151922e-6	9.093722447029978e-7	0.0005301188127493183	0.000541962252111518	0.0004222234003406824	0.00032041143017997795	0.0003627633170035578	0.000354757084673678	0.00034930798099834753	0.00036790952744962475	0.0005506509138110555	0.000028656796711943243	0.00035083909862577934	0.00001068419968192391	0.000010680653692213169	0.000010684302134356267	7.392891066585019e-14	7.392891066585019e-14	7.392891066585019e-14
0.12589254117941662	6.5821758313390634e-6	7.568892388781176e-7	6.53019397234136e-6	6.998861675332689e-7	6.5806874001183555e-6	7.552537720955137e-7	0.00046269855584413374	0.0004741999860666906	0.00036448650608877285	0.0002631533990543152	0.0003111438452192651	0.0003045816983531618	0.00029829759193777115	0.00031567253953047577	0.0004826873779366389	0.000024632767507060582	0.00029259078587327717	8.876353269939009e-6	8.873323415819858e-6	8.876489385770731e-6	6.899447383214134e-14	6.899447383214134e-14	6.899447383214134e-14
0.1348962882591656	5.47704520754735e-6	6.26087713294267e-7	5.433957042302716e-6	5.788425161015472e-7	5.4781156659301e-6	6.272549702138656e-7	0.0004038527749466678	0.00041491012687610164	0.0003146448373387305	0.0002161274689699448	0.00026686957550583763	0.00026150291278052905	0.000254736387933527	0.00027085232857217335	0.0004231121732039666	0.00002117379835423163	0.00024401319098489566	7.37440797798421e-6	7.371821117947038e-6	7.374563431928519e-6	6.438938943507118e-14	6.438938943507118e-14	6.438938943507118e-14
0.1445439770745928	4.512612940779833e-6	5.123425825086552e-7	4.4774696141024215e-6	4.738206950544669e-7	4.515678968768529e-6	5.157185768105767e-7	0.00035028378893331235	0.000361033219375267	0.0002637047748169442	0.00017467308829385815	0.00022693125950194832	0.0002229534925296926	0.00021500452029439186	0.00023007906699468034	0.0003689464934744727	0.000018025706262925653	0.00019939007248971738	6.0660171047080546e-6	6.063764346289683e-6	6.0661610697947725e-6	6.009167461597262e-14	6.009167461597262e-14	6.009167461597262e-14
0.15488166189124797	3.7180039202949225e-6	4.192622156254691e-7	3.6893435095532092e-6	3.8785342267863475e-7	3.72233041295528e-6	4.2401521406333965e-7	0.0003038204524054109	0.0003141523357693137	0.000221011756777664	0.00014116987497945864	0.00019296990464922475	0.000190086830401412	0.0001814697308147604	0.00019544368456495188	0.0003217149580366479	0.00001534566830387992	0.00016292726162462105	4.9897650936135165e-6	4.987809315912117e-6	4.989896753124888e-6	5.60808137774499e-14	5.60808137774499e-14	5.60808137774499e-14
0.1659586907437563	3.0338606808986934e-6	3.437978464612056e-7	3.006545686099076e-6	3.1384496896012723e-7	3.037087265996172e-6	3.47340034574712e-7	0.000261864870435698	0.00027188968747190274	0.00017943506906922975	0.00011221514566386115	0.00016287165002965543	0.00016075662229962103	0.00015187747188838307	0.00016450497884978283	0.00027916690307879297	0.00001299998715992024	0.0001304285808669459	4.058923993269407e-6	4.0572635286035075e-6	4.0590787809190785e-6	5.2337660650000136e-14	5.2337660650000136e-14	5.2337660650000136e-14
0.1778279410038923	2.475605413125297e-6	2.819165544289124e-7	2.4501152953620585e-6	2.5395847704868074e-7	2.4779904086894422e-6	2.845301197148584e-7	0.0002257030750411858	0.0002353125975413818	0.00014567977957964236	0.00008919919294533634	0.0001374679353840339	0.00013595203601748988	0.00012711082098178006	0.0001384638655713343	0.00024224599393891713	0.000011012858013838576	0.0001044123281600341	3.3017313789430088e-6	3.300324109829381e-6	3.3018960842004722e-6	4.884434689526614e-14	4.884434689526614e-14	4.884434689526614e-14
0.1905460717963252	1.9919885795001187e-6	2.2600952519346563e-7	1.970912199852124e-6	2.0288815684997212e-7	1.99283808379258e-6	2.2692837565786986e-7	0.00019346586495937916	0.00020268463417800312	0.00011505508541013367	0.00006965517288361778	0.00011494105398437902	0.00011385844377169817	0.0001054370851147729	0.00011543627524326877	0.00020908877816469266	9.237564120140772e-6	0.00008202153812938412	2.651311021101592e-6	2.6501584101211915e-6	2.6514403953614453e-6	4.558419680962716e-14	4.558419680962716e-14	4.558419680962716e-14
0.20417379446695316	1.6028477235592951e-6	1.8118945012523852e-7	1.58543351281433e-6	1.6208793133567617e-7	1.6026711057023517e-6	1.809878255782803e-7	0.0001658331012887225	0.00017458079746302945	0.00009086829151533956	0.000054393352106000544	0.00009610565441411666	0.00009535528556884098	0.00008745894984891564	0.00009623834772383101	0.00018046992828879595	7.748451016664841e-6	0.00006443236000636574	2.1290193912943977e-6	2.128075717720724e-6	2.129120962889676e-6	4.254164772096109e-14	4.254164772096109e-14	4.254164772096109e-14
0.21877616239495518	1.2709678585045069e-6	1.4374775853080216e-7	1.256245509461738e-6	1.275963341001809e-7	1.2700661466072357e-6	1.4274973045335075e-7	0.00014132651050963955	0.00014947181523724444	0.00007010296006924169	0.00004166435149625447	0.00007960972752604425	0.00007902967340290465	0.00007175151756775624	0.00007928654756681571	0.00015461817050508686	6.4421662007403705e-6	0.000049560824599509375	1.6842261195114481e-6	1.6834226563186138e-6	1.6842783842223862e-6	3.97021756985775e-14	3.97021756985775e-14	3.97021756985775e-14
0.23442288153199276	1.0078058405725736e-6	1.1404316348632298e-7	9.954077337758274e-7	1.0044439670272546e-7	1.0064872393458577e-6	1.1259036611658955e-7	0.00012044147047613205	0.00012797411785822564	0.00005408294718119595	0.0000319141608007629	0.00006594522201016319	0.0000654991408280214	0.000058865105082665334	0.00006532070399945374	0.00013246959688532285	5.356103467480478e-6	0.000038121765751566855	1.332358753162861e-6	1.3316781053458204e-6	1.332377880357063e-6	3.7052226221695146e-14	3.7052226221695146e-14	3.7052226221695146e-14
0.25118864315095824	7.847535466408151e-7	8.912946289692898e-8	7.743313104926757e-7	7.769640994520128e-8	7.836661535591615e-7	8.793303192154669e-8	0.00010179873892505465	0.00010870964377552801	0.00004064417709300989	0.000024003395962184038	0.00005388651858467499	0.00005350482164468931	0.00004771599795757605	0.00005310519801654093	0.00011267091954395792	4.403989175133059e-6	0.0000286394233179845	1.0350092491407346e-6	1.0344484782727286e-6	1.035005064637361e-6	3.457914947550008e-14	3.457914947550008e-14	3.457914947550008e-14
0.2691534803926914	6.110682278001662e-7	6.965837243937713e-8	6.023551536363064e-7	6.010023770901879e-8	6.101742935492691e-7	6.86756635546322e-8	0.00008604165330898287	0.00009234513077788417	0.00003054473207670011	0.000018053522425807314	0.00004403286237673159	0.000043706923526625696	0.00003867854237056116	0.00004317409157745163	0.00009583131835050962	3.6211250907392723e-6	0.000021515702429208823	8.040207963987646e-7	8.035602972708475e-7	8.040027529861955e-7	3.2271139965912526e-14	3.2271139965912526e-14	3.2271139965912526e-14
0.28840315031266117	4.657606168643384e-7	5.3789083282617575e-8	4.582246149958092e-7	4.552545130447095e-8	4.6464004597312155e-7	5.256208990452475e-8	0.00007193730118652525	0.00007767239255801071	0.00002221215610888643	0.000013229379854247989	0.00003542348257361826	0.00003509493153088172	0.000030936704769770324	0.000034559318755842006	0.00008065907388245877	2.9315134726453688e-6	0.000015775673149271598	6.11016131721626e-7	6.106369435989548e-7	6.109859730044257e-7	3.0117180164809444e-14	3.0117180164809444e-14	3.0117180164809444e-14
0.30902954325135923	3.550061062785195e-7	4.153507150777016e-8	3.485813917595161e-7	3.448516670616721e-8	3.5381754787818806e-7	4.0229291602454936e-8	0.0000601450007407125	0.0000653310089537567	0.000016152699515145085	9.694312677608086e-6	0.000028497423285989764	0.00002817984245463957	0.000024744461485714916	0.00002766350070679138	0.00006788893559598424	2.3732323587161548e-6	0.000011566987605052376	4.643421101746006e-7	4.6403173247146763e-7	4.6430669275902365e-7	2.8106987916686285e-14	2.8106987916686285e-14	2.8106987916686285e-14
0.3311311214825908	2.6326492751050996e-7	3.131144840238133e-8	2.578883751749716e-7	2.5414563480288525e-8	2.6229907708709553e-7	3.025087335786426e-8	0.000049511088495287935	0.000054061418835216194	0.00001127376965019571	6.9077823043015144e-6	0.000022467870576221894	0.000022158422470699297	0.000019380039731385788	0.00002166895794821989	0.000056310623899087444	1.8895247085371082e-6	8.189739286114188e-6	3.4320872047850556e-7	3.4297239088523243e-7	3.431909440465386e-7	2.6230967355696576e-14	2.6230967355696576e-14	2.6230967355696576e-14
0.354813389233576	1.952316335729081e-7	2.360431234292117e-8	1.907916361073803e-7	1.8729793084575502e-8	1.944527801216561e-7	2.2747488271895947e-8	0.000040757300753159244	0.00004473583147239267	7.868522658178698e-6	4.9222113986314835e-6	0.00001771406499330868	0.000017423649091733883	0.000015178586133584435	0.00001697340273519476	0.00004670696831623337	1.504405420337191e-6	5.798556362697609e-6	2.536755190439198e-7	2.5349572599922e-7	2.536685899909704e-7	2.4480163098769244e-14	2.4480163098769244e-14	2.4480163098769244e-14
0.38018939632056126	1.3931929506875408e-7	1.6663893795595504e-8	1.3627605389260446e-7	1.3324702275641671e-8	1.3923291023349067e-7	1.6567877616638705e-8	0.000032825033494415064	0.00003627887632639238	5.2148053621811035e-6	3.371249632032099e-6	0.000013609502298623535	0.000013307940183074199	0.000011559388444866629	0.000012894789987734651	0.0000380053150884658	1.1739901150724579e-6	3.955861324364685e-6	1.810211725775453e-7	1.8088510817041063e-7	1.8101147370019174e-7	2.284621749613822e-14	2.284621749613822e-14	2.284621749613822e-14
0.40738027780411384	9.941967714574124e-8	1.1764179036300427e-8	9.733740557729437e-8	9.479426170527325e-9	9.969414312286234e-8	1.2067027596143183e-8	0.00002643655992910513	0.00002942064166881265	3.4560737951444896e-6	2.3089873963227546e-6	0.000010456016328618004	0.000010164419117020569	8.803155975355626e-6	9.796244832098545e-6	0.00003092480687665471	9.161445257083072e-7	2.6987473844824005e-6	1.2917551147564756e-7	1.2907287580036416e-7	1.2916519783659772e-7	2.1321330735214405e-14	2.1321330735214405e-14	2.1321330735214405e-14
0.43651583224016655	6.828252789309027e-8	8.335713684276158e-9	6.656709799707832e-8	6.457578698092983e-9	6.827704391940201e-8	8.334767669421135e-9	0.000020546522486438808	0.000023124991844201325	2.146013805053995e-6	1.5362916601424555e-6	7.73890577218965e-6	7.4574741161213695e-6	6.478266344412407e-6	7.164040199381151e-6	0.000024311083795710813	7.020355300322175e-7	1.7677731522217605e-6	8.826498283800453e-8	8.818607229997808e-8	8.825274405195555e-8	1.9898223607353945e-14	1.9898223607353945e-14	1.9898223607353945e-14
0.4677351412871981	4.689719127367317e-8	5.906414923797377e-9	4.552390223955477e-8	4.399034487099617e-9	4.6760567675744484e-8	5.756873558939334e-9	0.00001596877912322333	0.000018176532443249067	1.3325454039646168e-6	1.022176244349389e-6	5.727866203394336e-6	5.4714312300929685e-6	4.767373763072643e-6	5.239096496463813e-6	0.000019111802304196265	5.379652135634091e-7	1.1579527360303217e-6	6.031102262646724e-8	6.025110465288824e-8	6.029911278851609e-8	1.8570102759783316e-14	1.8570102759783316e-14	1.8570102759783316e-14
0.5011872336272735	3.065656248926244e-8	4.0981143639485735e-9	2.950227473891832e-8	2.8388989967223658e-9	3.045195754150632e-8	3.879160814601075e-9	0.000011817261787718094	0.000013645753001571101	7.79203297808878e-7	6.431416041795678e-7	4.027205245476734e-6	3.824453674075024e-6	3.340007022449564e-6	3.656123732474831e-6	0.000014377205479663937	3.967572183010398e-7	7.216570409757344e-7	3.905007990266904e-8	3.9006478219080405e-8	3.904263796516542e-8	1.7330628266809805e-14	1.7330628266809805e-14	1.7330628266809805e-14
0.5370317963702532	2.004010897312883e-8	2.8434408277575576e-9	1.9119279586150717e-8	1.8320719096942524e-9	1.983127588484655e-8	2.613899449323553e-9	8.745044006299501e-6	0.000010244339813507649	4.556375921674581e-7	4.0465734291247764e-7	2.8314875929861346e-6	2.6732394669790514e-6	2.339998385782669e-6	2.5514400729569197e-6	0.0000108155177682587	2.926142551695441e-7	4.497496906266049e-7	2.5284080322253965e-8	2.5252737718605398e-8	2.5279436276702907e-8	1.617388336551418e-14	1.617388336551418e-14	1.617388336551418e-14
0.5754399373371566	1.2361195284382484e-8	1.7377518185385486e-9	1.180439305992828e-8	1.1264563107213418e-9	1.2364422655112518e-8	1.7413932721022295e-9	6.192269782285627e-6	7.380567557884454e-6	2.5448641245558303e-7	2.43192943767833e-7	1.905672734537104e-6	1.7812886644927233e-6	1.5662909314156052e-6	1.6950848635281798e-6	7.80738287455414e-6	2.150019098856605e-7	2.6842550525821887e-7	1.559809673174604e-8	1.557557288277799e-8	1.5596844284711948e-8	1.5094346211455042e-14	1.5094346211455042e-14	1.5094346211455042e-14
0.6165950018614835	7.46848950485927e-9	1.1409335291788685e-9	7.0395162705072195e-9	6.699648180114654e-10	7.500365261560771e-9	1.1761732142600802e-9	4.230963373240938e-6	5.133166671843552e-6	1.39720224874001e-7	1.4055972393966263e-7	1.2410240316571787e-6	1.145536127523183e-6	1.0096911756576342e-6	1.0826441323351305e-6	5.433460228128859e-6	1.562789117168616e-7	1.5676945111733004e-7	9.299617471162809e-9	9.282441965589075e-9	9.297467172294354e-9	1.4086863519559146e-14	1.4086863519559146e-14	1.4086863519559146e-14
0.6606934480075964	4.50556987536841e-9	8.938094573682896e-10	4.041947158635038e-9	3.842348275307132e-10	4.279368801168526e-9	6.448972196051145e-10	2.7736881233923817e-6	3.4312189176676663e-6	7.541173597351719e-8	7.816382428799814e-8	7.736024079775264e-7	7.101062506387908e-7	6.291158606357267e-7	6.712684115666994e-7	3.6309397997905705e-6	1.1363018100442973e-7	8.912823450444263e-8	5.33891563886507e-9	5.328298537759609e-9	5.337836598664207e-9	1.3146625964368831e-14	1.3146625964368831e-14	1.3146625964368831e-14
0.7079457843841374	2.4692435259823956e-9	4.745095747833452e-10	2.2298501690935753e-9	2.1139274597214035e-10	2.3525765044353556e-9	3.4608107879839403e-10	1.7352964185672068e-6	2.196892342804831e-6	3.989440898055676e-8	4.2402962059187844e-8	4.6288763694956775e-7	4.2117196378068457e-7	3.7673137665217183e-7	3.986518164622084e-7	2.322413416850401e-6	7.990518466240414e-8	4.923629849633056e-8	2.9430944463314083e-9	2.937556318652479e-9	2.9432110501471506e-9	1.226914522221662e-14	1.226914522221662e-14	1.226914522221662e-14
0.7585775750291851	1.3044714120449607e-9	2.480945004727617e-10	1.180021345304651e-9	1.1131164214940042e-10	1.2438332165518107e-9	1.8133877901803524e-10	1.038713277779024e-6	1.3333310460768604e-6	2.1054827901302633e-8	2.26637289830547e-8	2.6533682689043316e-7	2.392065180735424e-7	2.1428300237264004e-7	2.2525287488703962e-7	1.4122557652280426e-6	5.440666747460372e-8	2.6529614100583557e-8	1.5555523515090947e-9	1.552673364674383e-9	1.555675585468592e-9	1.1450232545736485e-14	1.1450232545736485e-14	1.1450232545736485e-14
0.8128305161640995	6.584873091429453e-10	1.2781480404190296e-10	5.929711339404926e-10	5.580083352005274e-11	6.265482666700935e-10	9.265712838123691e-11	5.940918128841349e-7	7.673889084035191e-7	1.111897767577227e-8	1.1955875897714927e-8	1.4814842988347334e-7	1.3133084329084376e-7	1.177681557950968e-7	1.2231768474515867e-7	8.177133676288196e-7	3.409338646489781e-8	1.3816935931155015e-8	7.812242892691176e-10	7.797826200728425e-10	7.812390878555962e-10	1.0685978768434272e-14	1.0685978768434272e-14	1.0685978768434272e-14
0.8709635899560796	3.064048041978883e-10	6.437401731151607e-11	2.71045985907024e-10	2.5506042178329746e-11	2.8914780816927533e-10	4.538418401433842e-11	3.321726554716665e-7	4.3149871103735347e-7	5.930719041509837e-9	6.356242494304182e-9	8.143343281674338e-8	7.048137801572366e-8	6.483192262885439e-8	6.586477958864096e-8	4.6206820443539013e-7	1.906461309317499e-8	7.172232789943404e-9	3.571811399756501e-10	3.564357792866496e-10	3.5710150793300737e-10	9.97273564386663e-15	9.97273564386663e-15	9.97273564386663e-15
0.9332543007969925	1.1419525696334142e-10	3.091543854940616e-11	9.413650093017416e-11	8.857010629340315e-12	1.043877619664081e-10	2.0125403730171463e-11	1.9011141124245986e-7	2.475298375177119e-7	3.262899626797278e-9	3.4668120541471144e-9	4.588053423835872e-8	3.696374099740912e-8	3.637990177838147e-8	3.464182992375229e-8	2.6656921906196603e-7	1.049514513134678e-8	3.32258004426319e-9	1.240849537361982e-10	1.2378823216752722e-10	1.24007790136932e-10	9.307098430349958e-15	9.307098430349958e-15	9.307098430349958e-15