1.e-9	0	0	0	0	0	0	0.0039972182834220335	0	0	0	0	0	0	0	0.00014004881252346825	1.4330557236313148e-9	0	1.332649832846751e-8	1.332649832846751e-8	1.332649832846751e-8	0	0	0
1.0715193052376092e-9	0	0	0	0	0	0	0.006279882513722796	0	0	0	0	0	0	0	0.00022029473689959988	2.436911554717042e-9	0	2.2661713166511073e-8	2.2661713166511073e-8	2.2661713166511073e-8	0	0	0
1.148153621496884e-9	0	0	0	0	0	0	0.009866092264642853	0	0	0	0	0	0	0	0.0003465204040736065	4.143968603303831e-9	0	3.853624793124799e-8	3.853624793124799e-8	3.853624793124799e-8	0	0	0
1.2302687708123811e-9	0	0	0	0	0	0	0.015500254401534044	0	0	0	0	0	0	0	0.0005450715352045341	7.046819467833791e-9	0	6.553089758515182e-8	6.553089758515182e-8	6.553089758515182e-8	0	0	0
1.31825673855641e-9	0	0	0	0	0	0	0.014221198137191157	0	0	0	0	0	0	0	0.0009073788513858776	1.1983117963936967e-8	0	1.1143530491025078e-7	1.1143530491025078e-7	1.1143530491025078e-7	0	0	0
1.4125375446227555e-9	0	0	0	0	0	0	0.01304768755519491	0	0	0	0	0	0	0	0.0015105106885343951	2.0377294578508745e-8	0	1.8949575907004453e-7	1.8949575907004453e-7	1.8949575907004453e-7	0	0	0
1.5135612484362133e-9	0	0	0	0	0	0	0.007252320020394457	0	0	0	0	0	0	0	0.002552656345139968	3.465159364941502e-8	0	3.2223757752944907e-7	3.2223757752944907e-7	3.2223757752944907e-7	0	0	0
1.6218100973589331e-9	0	0	0	0	0	0	0.0040310702916299046	0	0	0	0	0	0	0	0.0043138088765897475	5.8925042174664216e-8	0	5.47965067300879e-7	5.47965067300879e-7	5.47965067300879e-7	0	0	0
1.7378008287493762e-9	0	0	0	0	0	0	0.003121290819150375	0	0	0	0	0	0	0	0.0073219791377855436	1.0020204641711974e-7	0	9.318147103889704e-7	9.318147103889704e-7	9.318147103889704e-7	0	0	0
1.8620871366628732e-9	0	0	0	0	0	0	0.0024168411049397586	0	0	0	0	0	0	0	0.012427852050911284	1.7039360067688903e-7	0	1.5845511079276866e-6	1.5845511079276866e-6	1.5845511079276866e-6	0	0	0
1.9952623149688828e-9	0	0	0	0	0	0	0.0030872978165972374	0	0	0	0	0	0	0	0.013634015621333397	2.89754353227206e-7	0	2.694529487076651e-6	2.694529487076651e-6	2.694529487076651e-6	0	0	0
2.1379620895022324e-9	0	0	0	0	0	0	0.003943746152316388	0	0	0	0	0	0	0	0.014957241299725215	4.927273376499929e-7	0	4.582047950615638e-6	4.582047950615638e-6	4.582047950615638e-6	0	0	0
2.2908676527677795e-9	0	0	0	0	0	0	0.006337917330992134	0	0	0	0	0	0	0	0.017084340577810265	8.378829396819348e-7	0	7.791773488631977e-6	7.791773488631977e-6	7.791773488631977e-6	0	0	0
2.4547089156850337e-9	0	0	0	0	0	0	0.010185543020027875	0	0	0	0	0	0	0	0.01951393890957489	1.424820112393869e-6	0	0.0000132499124305294	0.0000132499124305294	0.0000132499124305294	0	0	0
2.6302679918953816e-9	0	0	0	0	0	0	0.011945816197738785	0	0	0	0	0	0	0	0.015652348084772227	2.4229068961027876e-6	0	0.00002076202017842152	0.00002076202017842152	0.00002076202017842152	0	0	0
2.818382931264461e-9	0	0	0	0	0	0	0.014010301105160742	0	0	0	0	0	0	0	0.012554923006685448	4.120153678431245e-6	0	0.00003253315704154652	0.00003253315704154652	0.00003253315704154652	0	0	0
3.019951720402019e-9	0	0	0	0	0	0	0.017823881731305564	0	0	0	0	0	0	0	0.011734645661994383	7.006322183157098e-6	0	0.000029363796366672852	0.000029363796366672852	0.000029363796366672852	0	0	0
3.2359365692962944e-9	0	0	0	0	0	0	0.022675512652226736	0	0	0	0	0	0	0	0.010967961232357801	0.000011914252322960245	0	0.00002650319291061446	0.00002650319291061446	0.00002650319291061446	0	0	0
3.4673685045253237e-9	0	0	0	0	0	0	0.02250488731788702	0	0	0	0	0	0	0	0.011952494136010313	0.00001914931489198503	0	0.000032695608229887664	0.000032695608229887664	0.000032695608229887664	0	0	0
3.715352290971728e-9	0	0	0	0	0	0	0.022335545879755597	0	0	0	0	0	0	0	0.013025403084931124	0.000030777949878206615	0	0.000040334868373316996	0.000040334868373316996	0.000040334868373316996	0	0	0
3.9810717055349855e-9	0	0	0	0	0	0	0.021036786869509414	0	0	0	0	0	0	0	0.010138614509734446	0.00003404665442305509	0	0.00004310834553300016	0.00004310834553300016	0.00004310834553300016	0	0	0
4.265795188015934e-9	0	0	0	0	0	0	0.019813547614893	0	0	0	0	0	0	0	0.007891617902859154	0.000037662504552446515	0	0.000046072530530975734	0.000046072530530975734	0.000046072530530975734	0	0	0
4.570881896148752e-9	0	0	0	0	0	0	0.01753836755700113	0	0	0	0	0	0	0	0.010883488392824084	0.00003742157565682659	0	0.000047789043506961996	0.000047789043506961996	0.000047789043506961996	0	0	0
4.8977881936844766e-9	0	0	0	0	0	0	0.015524445321102589	0	0	0	0	0	0	0	0.01500963694071127	0.0000371821879952119	0	0.00004956950818611593	0.00004956950818611593	0.00004956950818611593	0	0	0
5.248074602497734e-9	0	0	0	0	0	0	0.019452551751064105	0	0	0	0	0	0	0	0.014768178902149846	0.00003842214248057876	0	0.000058065196882972816	0.000058065196882972816	0.000058065196882972816	0	0	0
5.623413251903491e-9	0	0	0	0	0	0	0.024374575825486244	0	0	0	0	0	0	0	0.014530605167027295	0.00003970344706417001	0	0.00006801695664196262	0.00006801695664196262	0.00006801695664196262	0	0	0
6.025595860743593e-9	0	0	0	0	0	0	0.026680634931181457	0	0	0	0	0	0	0	0.01268935152917587	0.00004495904626420078	0	0.00009174906973469335	0.00009174906973469335	0.00009174906973469335	0	0	0
6.456542290346562e-9	0	0	0	0	0	0	0.02920486844274219	0	0	0	0	0	0	0	0.011081413360290327	0.00005091033626676282	0	0.00012376166492559493	0.00012376166492559493	0.00012376166492559493	0	0	0
6.918309709189363e-9	0	0	0	0	0	0	0.02592022148707863	0	0	0	0	0	0	0	0.014080875957435578	0.000037076843466676016	0	0.0001150016569738506	0.0001150016569738506	0.0001150016569738506	0	0	0
7.413102413009192e-9	0	0	0	0	0	0	0.023004996007991805	0	0	0	0	0	0	0	0.01789221837344214	0.00002700222434692208	0	0.00010686169351941158	0.00010686169351941158	0.00010686169351941158	0	0	0
7.943282347242822e-9	0	0	0	0	0	0	0.02256821567350759	0	0	0	0	0	0	0	0.023285372529102392	0.00002534328313352952	0	0.00009119333447111251	0.00009119333447111251	0.00009119333447111251	0	0	0
8.511380382023759e-9	0	0	0	0	0	0	0.022139728192476955	0	0	0	0	0	0	0	0.030304155834801477	0.000023786262632821007	0	0.00007782231385327517	0.00007782231385327517	0.00007782231385327517	0	0	0
9.120108393559115e-9	0	0	0	0	0	0	0.02289096339006584	0	0	0	0	0	0	0	0.030710389186638112	0.000033301055215168794	0	0.00008715850736899055	0.00008715850736899055	0.00008715850736899055	0	0	0
9.772372209558111e-9	0	0	0	0	0	0	0.023667689159047125	0	0	0	0	0	0	0	0.03112206817890268	0.000046621879845619315	0	0.00009761474608828671	0.00009761474608828671	0.00009761474608828671	0	0	0
1.0471285480509006e-8	0	0	0	0	0	0	0.026848663772578007	0	0	0	0	0	0	0	0.02668245081568922	0.0000644384701818895	0	0.00013192533908151262	0.00013192533908151262	0.00013192533908151262	0	0	0
1.1220184543019653e-8	0	0	0	0	0	0	0.030457166372636464	0	0	0	0	0	0	0	0.022876152620676313	0.00008906368540118914	0	0.0001782957574466359	0.0001782957574466359	0.0001782957574466359	0	0	0
1.202264434617413e-8	0	0	0	0	0	0	0.02667941963707919	0	0	0	0	0	0	0	0.020392454334224194	0.00009444813930856863	0	0.00018752423361540271	0.00018752423361540271	0.00018752423361540271	0	0	0
1.288249551693135e-8	0	0	0	0	0	0	0.023370244738553758	0	0	0	0	0	0	0	0.018178414905203825	0.00010015811695494562	0	0.00019723036990136503	0.00019723036990136503	0.00019723036990136503	0	0	0
1.3803842646028866e-8	0	0	0	0	0	0	0.022334123496151104	0	0	0	0	0	0	0	0.019401944274208206	0.00009696434941992208	0	0.0001878984385965944	0.0001878984385965944	0.0001878984385965944	0	0	0
1.4791083881682102e-8	0	0	0	0	0	0	0.021343938752957974	0	0	0	0	0	0	0	0.02070782538425406	0.00009387242236850486	0	0.00017900804650264874	0.00017900804650264874	0.00017900804650264874	0	0	0
1.5848931924611173e-8	0	0	0	0	0	0	0.023183730322998832	0	0	0	0	0	0	0	0.02146110059780784	0.00008585473620273856	0	0.00018025607116619992	0.00018025607116619992	0.00018025607116619992	0	0	0
1.698243652461746e-8	0	0	0	0	0	0	0.02518210710359356	0	0	0	0	0	0	0	0.022241777218164244	0.00007852184424842253	0	0.00018151279692219397	0.00018151279692219397	0.00018151279692219397	0	0	0
1.8197008586099862e-8	0	0	0	0	0	0	0.02436451065418673	0	0	0	0	0	0	0	0.02096408214723528	0.00007851410797473392	0	0.0001780145916299268	0.0001780145916299268	0.00017801459162992717	0	0	0
1.9498445997580494e-8	0	0	0	0	0	0	0.02357345940019719	0	0	0	0	0	0	0	0.019759785199049168	0.0000785063724632524	0	0.00017458380549748975	0.00017458380549748975	0.00017458380549749048	0	0	0
2.0892961308540408e-8	0	0	0	0	0	0	0.025564970090775158	0	0	0	0	0	0	0	0.02118943621930632	0.000078640258744229	0	0.00019275810960981332	0.00019275810960981332	0.0001927581096098149	0	0	0
2.2387211385683424e-8	0	0	0	0	0	0	0.027724725703040267	0	0	0	0	0	0	0	0.022722524702022257	0.00007877437335744994	0	0.00021282437230916402	0.00021282437230916353	0.00021282437230916616	0	0	0
2.3988329190194947e-8	0	0	0	0	0	0	0.030696782421285953	0	0	0	0	0	0	0	0.025988007541599224	0.00008918560055015664	0	0.00021523663704750077	0.0002152366370474999	0.00021523663704750475	0	0	0
2.5703957827688646e-8	0	0	0	0	0	0	0.03398743998814133	0	0	0	0	0	0	0	0.02972277706104141	0.00010097282918899657	0	0.00021767624367861367	0.0002176762436786119	0.00021767624367861904	0	0	0
2.754228703338169e-8	0	0	0	0	0	0	0.03222166834941305	0	0	0	0	0	0	0	0.03183811787590625	0.00010279132888767688	0	0.0002200385680692272	0.00022003856806922315	0.00022003856806923757	0	0	0
2.95120922666639e-8	0	0	0	0	0	0	0.03054763499639346	0	0	0	0	0	0	0	0.034104005416396466	0.00010464257938853496	0	0.00022242652950884512	0.00022242652950883922	0.00022242652950886057	0	0	0
3.162277660168386e-8	0	0	0	0	0	0	0.030398379498319517	0	0	0	0	0	0	0	0.03639504452044237	0.00010596920278581464	0	0.00021135797077568617	0.00021135797077567452	0.00021135797077571772	0	0	0
3.3884415613920346e-8	0	0	0	0	0	0	0.03024985326140491	0	0	0	0	0	0	0	0.03883999106474899	0.00010731264466796523	0	0.00020084021411051833	0.0002008402141105011	0.00020084021411056395	0	0	0
3.6307805477010175e-8	0	0	0	0	0	0	0.033221564247937284	0	0	0	0	0	0	0	0.04061947978356173	0.00012023811231715209	0	0.00022169111372124235	0.0002216911137212106	0.00022169111372132713	0	0	0
3.890451449942813e-8	0	0	0	0	0	0	0.03648521272293205	0	0	0	0	0	0	0	0.04248049735996645	0.00013472041154445635	0	0.00024470671932226237	0.0002447067193222133	0.000244706719322394	0	0	0
4.1686938347033635e-8	0	0	0	0	0	0	0.03718007192918431	0	0	0	0	0	0	0	0.0407550354750246	0.00013893078075892455	0	0.0002823304761411203	0.00028233047614103027	0.0002823304761413611	0	0	0
4.4668359215096346e-8	0.00020496505645875183	0.00003607530413880562	0	0	0	0	0.03788816469721358	0	0	0	0	0	0	0	0.039099657955883896	0.00014327273514834076	0	0.00032573890074958603	0.00032573890074944346	0.0003257389007499671	0	0	0
4.78630092322639e-8	0.0002141829036677196	0.000038432573274281806	0	0	0	0	0.0392884062559307	0	0	0	0	0	0	0	0.039595387532672055	0.00014879962808722573	0	0.0003428634547717597	0.00034286345477148897	0.0003428634547724847	0	0	0
5.128613839913659e-8	0.00022381530303809392	0.00004094387348197506	0	0	0	0	0.04074039686183509	0	0	0	0	0	0	0	0.040097402274756985	0.00015453972659886864	0	0.00036088827078224067	0.0003608882707818296	0.0003608882707833448	0	0	0
5.495408738576248e-8	0.0002476633867252604	0.000039497047576066626	0	0	0	0	0.045699858145664525	0	0	0	0	0	0	0	0.04151791451732046	0.00017778164762608317	0	0.00038070468947798457	0.0003807046894772045	0.000380704689480079	0	0	0
5.888436553555896e-8	0.0002740525437341789	0.00003810134788328818	0	0	0	0	0.05126305081456643	0	0	0	0	0	0	0	0.04298875059426706	0.00020451902516097878	0	0.0004016092301264698	0.0004016092301252813	0.00040160923012966064	0	0	0
6.309573444801943e-8	0.0002712173123347329	0.00003770057356438843	0	0	0	0	0.049510737637598806	0	0	0	0	0	0	0	0.04225068474793257	0.00020237201618237324	0	0.00039743227732482524	0.0003974322773225006	0.0003974322773310675	0	0	0
6.760829753919818e-8	0.00026841141303700323	0.000037304014845818206	0	0	0	0	0.04781832338239612	0	0	0	0	0	0	0	0.041525290616546806	0.0002002475461707448	0	0.00039329876708724224	0.0003932987670838045	0.00039329876709647124	0	0	0
7.244359600749906e-8	0.0002749020541613625	0.00003731122708902279	0	0	0	0	0.048159318383765665	0	0	0	0	0	0	0	0.045095300514735454	0.00020614303193249703	0	0.00039983767589990175	0.00039983767589326524	0.00039983767591771806	0	0	0
7.762471166286928e-8	0.0002815496499462126	0.000037318440726620154	0	0	0	0	0.0485027450385837	0	0	0	0	0	0	0	0.04897223109870203	0.00021221208662446377	0	0.0004064852993387888	0.00040648529932884805	0.00040648529936547625	0	0	0
8.317637711026726e-8	0.00028954235210046386	0.000037414677190128176	0	0	0	0	0.048960023075441846	0	0	0	0	0	0	0	0.051477456306523055	0.0002194299313496378	0	0.0004148284277421835	0.0004148284277230273	0.00041482842779360984	0	0	0
8.912509381337478e-8	0.00029776195309027723	0.00003751116182737335	0	0	0	0	0.04942161227454063	0	0	0	0	0	0	0	0.05411083890478887	0.000226893272376672	0	0.0004233427992180016	0.000423342799189256	0.0004233427992951713	0	0	0
9.549925860214369e-8	0.00029451923678859354	0.000037755165089015775	0	0	0	0	0.05280467865905168	0	0	0	0	0	0	0	0.05492499391420786	0.00022360146128032774	0	0.00042093040386224765	0.00042093040380615656	0.0004209304040128288	0	0	0
1.0232929922807557e-7	0.000291311834632671	0.000038000755547343143	0	0	0	0	0.056419326686396626	0	0	0	0	0	0	0	0.055751398749961094	0.0002203574084104871	0	0.0004185317554070289	0.00041853175532390497	0.00041853175563018243	0	0	0
1.0964781961431874e-7	0.0003129703462195315	0.000041014038888256395	0	0	0	0	0.059744202182132534	0	0	0	0	0	0	0	0.05938420720978515	0.00023653487616874416	0	0.00045027922278676174	0.00045027922263033646	0.000450279223206701	0	0	0
1.1748975549395303e-7	0.00033623912923511464	0.00004426626159660695	0	0	0	0	0.06326501757491093	0	0	0	0	0	0	0	0.06325373255208512	0.00025390000748211843	0	0.000484434874663861	0.0004844348744234923	0.0004844348753091561	0	0	0
1.2589254117941688e-7	0.0003644404200839614	0.00004753399187783506	0	0	0	0	0.06557122731110678	0	0	0	0	0	0	0	0.06457081675120253	0.00027578647917272996	0	0.0005235807672100427	0.000523580766758593	0.0005235807684220053	0	0	0
1.3489628825916562e-7	0.0003950070299465415	0.0000510429456282633	0	0	0	0	0.06796150567718995	0	0	0	0	0	0	0	0.0659153255894294	0.00029955958981153986	0	0.0005658899351176442	0.0005658899344225702	0.0005658899369836425	0	0	0
1.445439770745928e-7	0.0004062139325117113	0.00005482754999204327	0	0	0	0	0.06975615988210908	0	0	0	0	0	0	0	0.06832987091323958	0.0003050130787823269	0	0.0005898869265945993	0.0005898869252682358	0.0005898869301553634	0	0	0
1.5488166189124826e-7	0.00041773879059560414	0.000058892765711889814	0	0	0	0	0.07159820538130829	0	0	0	0	0	0	0	0.07083286348461523	0.00031056584864067814	0	0.000614901528677808	0.0006149015266678632	0.000614901534073717	0	0	0
1.659586907437563e-7	0.00041413648165483874	0.00006136931128624828	0	0	0	0	0.07385144373016347	0	0	0	0	0	0	0	0.07260325505308028	0.0003039813970533555	0	0.0006197609216362406	0.0006197609177400316	0.0006197609320960227	0	0	0
1.7782794100389227e-7	0.00041056523669471846	0.00006395000000803354	0	0	0	0	0.07617559283760178	0	0	0	0	0	0	0	0.07441789566290165	0.000297536545498993	0	0.0006246587170035547	0.0006246587111913935	0.0006246587326069094	0	0	0
1.9054607179632522e-7	0.0004348811641226788	0.00006764171647224466	0	0	0	0	0.07804466789657105	0	0	0	0	0	0	0	0.07698240147231021	0.0003152943053414296	0	0.0006613340199174144	0.0006613340089032231	0.0006613340494861577	0	0	0
2.0417379446695318e-7	0.0004606372142737481	0.00007154654897164635	0	0	0	0	0.07995960333477668	0	0	0	0	0	0	0	0.07963528239617125	0.0003341118947725073	0	0.0007001626231970747	0.0007001626063900401	0.000700162668317308	0	0	0
2.1877616239495564e-7	0.0004626677885783821	0.00007155879619434462	0	0	0	0	0.08172558232157746	0	0	0	0	0	0	0	0.08205286531702745	0.0003359082756259192	0	0.0007022356149014388	0.000702235582244316	0.0007022357025728813	0	0	0
2.3442288153199275e-7	0.0004647073140312937	0.00007157104551350271	0	0	0	0	0.08353056452565001	0	0	0	0	0	0	0	0.08454384167611055	0.00033771431487288506	0	0.0007043147441722242	0.0007043146955713081	0.0007043148746464495	0	0	0
2.5118864315095823e-7	0.00048304460641261605	0.00007350830863388238	0	0	0	0	0.0866733690485622	0	0	0	0	0	0	0	0.08740535636959067	0.0003521735414715253	0	0.0007291493975400542	0.0007291493045064501	0.0007291496472984403	0	0	0
2.6915348039269196e-7	0.000502105486053543	0.00007549800899855036	0	0	0	0	0.0899344203512646	0	0	0	0	0	0	0	0.09036372337281509	0.00036725183935208396	0	0.0007548597389621278	0.000754859598422808	0.000754860116254566	0	0	0
2.8840315031266115e-7	0.0005235130345887562	0.00007747824920643602	0	0	0	0	0.09332847122514777	0	0	0	0	0	0	0	0.09348467088312297	0.0003845083133492772	0	0.0007829186484609816	0.0007829183796628889	0.0007829193700773556	0	0	0
3.090295432513592e-7	0.000545833305942211	0.00007951042921158135	0	0	0	0	0.09685061078064419	0	0	0	0	0	0	0	0.09671340847775317	0.0004025756366408945	0	0.0008120205363591635	0.0008120201299614791	0.0008120216273760653	0	0	0
3.3113112148259143e-7	0.0005581809604528272	0.00008056505516256707	0	0	0	0	0.1016643532558118	0	0	0	0	0	0	0	0.10180563236552474	0.0004125872120005476	0	0.0008279067100059176	0.0008279059265162715	0.0008279088133646477	0	0	0
3.5481338923357606e-7	0.0005708079393840171	0.00008163366966709845	0	0	0	0	0.10671735200856383	0	0	0	0	0	0	0	0.10716597568504077	0.00042284776328437143	0	0.0008441036769169199	0.0008441025017363531	0.0008441068318115336	0	0	0
3.8018939632056126e-7	0.0005899920633798123	0.00008644447121838061	0	0	0	0	0.11071404016874425	0	0	0	0	0	0	0	0.11159496795542613	0.00043440749035798343	0	0.0008794507740945729	0.0008794485310548521	0.000879456795762453	0	0	0
4.0738027780411303e-7	0.0006098209412202751	0.00009153878093069713	0	0	0	0	0.11486040891927908	0	0	0	0	0	0	0	0.11620700314037198	0.0004462832349244589	0	0.000916278041674336	0.000916274643403567	0.0009162871646861016	0	0	0
4.365158322401665e-7	0.0006213697331570487	0.00009507025364866443	0	0	0	0	0.11817889179810888	0	0	0	0	0	0	0	0.11939821240405443	0.0004524390152409621	0	0.0009396890370201624	0.0009396825163427936	0.0009397065897829668	0	0	0
4.677351412871981e-7	0.0006331372361714272	0.00009873796697887279	0	0	0	0	0.12159325043361395	0	0	0	0	0	0	0	0.12267705680408389	0.0004586797049341579	0	0.0009636981856318729	0.0009636883852207781	0.0009637245930254277	0	0	0
5.011872336272736e-7	0.0006508447715838213	0.00010160552757781686	0	0	0	0	0.12607065790934086	0	0	0	0	0	0	0	0.126634431568952	0.00047139392843271164	0	0.0009910090474398788	0.000990990301446288	0.0009910598265103583	0	0	0
5.370317963702533e-7	0.000669047550037483	0.00010455636823650086	0	0	0	0	0.13071293619518412	0	0	0	0	0	0	0	0.13071946520857283	0.00048446057973095197	0	0.0010190938893007819	0.001019065698644501	0.0010191704007877535	0	0	0
5.754399373371578e-7	0.0006929506468766521	0.00010792424400647494	0	0	0	0	0.13619764704019086	0	0	0	0	0	0	0	0.13480689595865392	0.0005022276418264401	0	0.0010542773096883392	0.00105423781420057	0.0010544382997103832	0	0	0
6.165950018614835e-7	0.0007177077309077248	0.00011140060276407911	0	0	0	0	0.14191249618618812	0	0	0	0	0	0	0	0.13902213544869702	0.0005206462914993578	0	0.00109067541017865	0.0010906238629842455	0.0010909266272222458	0	0	0
6.606934480075964e-7	0.0007516351243803733	0.00011637263408100912	0	0	0	0	0.14591400782916703	0	0	0	0	0	0	0	0.14295226585763968	0.0005456138587621311	0	0.0011412548309438734	0.001141186369791109	0.0011416729537399746	0	0	0
7.079457843841387e-7	0.0007871663295137852	0.00012156657708246484	0	0	0	0	0.15002835023659059	0	0	0	0	0	0	0	0.1469935003363154	0.0005717787444831365	0	0.0011941798421396409	0.0011940930093291243	0.001194779832829056	0	0	0
7.585775750291852e-7	0.0008155586514044258	0.00012545584674589823	0	0	0	0	0.15359360678255896	0	0	0	0	0	0	0	0.15218779876993235	0.0005930830622661229	0	0.0012356078514010633	0.0012354823210597562	0.0012360113013283043	0	0	0
8.128305161640995e-7	0.0008449750566585366	0.0001294695454989537	0	0	0	0	0.15724358767708185	0	0	0	0	0	0	0	0.15756564774255713	0.0006151811730338544	0	0.001278473064583363	0.001278306257323105	0.0012786656545698987	0	0	0
8.709635899560814e-7	0.0008843015975986443	0.00013451180014621816	0	0	0	0	0.16326420871917569	0	0	0	0	0	0	0	0.16196339846550944	0.0006450610919208675	0	0.0013347210896580296	0.0013344550544419408	0.0013347723199835391	0	0	0
9.332543007969924e-7	0.0009254584609963444	0.00013975042786198893	0	0	0	0	0.16951535030756215	0	0	0	0	0	0	0	0.16648389302062408	0.000676392306120266	0	0.0013934438171041672	0.0013930701521048096	0.0013933408939442436	0	0	0
1.e-6	0.0009564448166702541	0.00014687085427297295	0	0	0	0	0.1759530918551038	0	0	0	0	0	0	0	0.17104382998195616	0.0006959816921869346	0	0.0014482921324457795	0.0014479650356893276	0.0014481652733113735	0	0	0
1.0715193052376091e-6	0.0009884686627107358	0.00015435407365031715	0	0	0	0	0.18263532168148056	0	0	0	0	0	0	0	0.17572866205904958	0.0007161384177147335	0	0.001505299370636576	0.001505023089764001	0.0015051468509535602	0	0	0
1.148153621496884e-6	0.0010217930615659071	0.0001603323829588659	0	0	0	0	0.18846058684201825	0	0	0	0	0	0	0	0.18254252306169402	0.0007391597247808212	0	0.0015586026031206496	0.0015583956451045572	0.0015584939787212958	0	0	0
1.2302687708123837e-6	0.0010562409310994599	0.00016654223900501198	0	0	0	0	0.19447165239361947	0	0	0	0	0	0	0	0.1896205908318582	0.00076292108511862	0	0.0016137933236676659	0.0016136609485916	0.001613731896108167	0	0	0
1.3182567385564101e-6	0.0010950600247865668	0.00017105661229402724	0	0	0	0	0.20072886879395652	0	0	0	0	0	0	0	0.19705137069184078	0.0007929403361424096	0	0.0016677035152284933	0.0016675547995218978	0.0016676298738823472	0	0	0
1.4125375446227554e-6	0.0011353058024719093	0.0001756933543365441	0	0	0	0	0.20718741405944474	0	0	0	0	0	0	0	0.2047733451372062	0.000824140778051606	0	0.0017234146243612866	0.0017232486240901616	0.00172332802181809	0	0	0
1.5135612484362104e-6	0.0011691809545385803	0.00018041084278794746	0	0	0	0	0.2138262979619875	0	0	0	0	0	0	0	0.2124535261644973	0.0008494663602457255	0	0.0017729965476932473	0.0017727144829445302	0.0017728397334494373	0	0	0
1.6218100973589331e-6	0.0012040668703352012	0.00018525499907703452	0	0	0	0	0.22067791090346148	0	0	0	0	0	0	0	0.22042175825904253	0.0008755701894706345	0	0.001824004922377398	0.0018236002594811155	0.0018237739308511263	0	0	0
1.7378008287493763e-6	0.0012453416714542623	0.00019247409876221614	0	0	0	0	0.22738805952022142	0	0	0	0	0	0	0	0.2290973165612392	0.000904616647930361	0	0.001889060453339489	0.0018887170667947631	0.0018889309898375236	0	0	0
1.8620871366628694e-6	0.0012880313518042026	0.00019997451555368116	0	0	0	0	0.23430224348548995	0	0	0	0	0	0	0	0.2381143353093086	0.0009346267033229247	0	0.001956436275248648	0.001956159053967714	0.0019564158824791696	0	0	0
1.995262314968883e-6	0.0013352438280522698	0.00020749960234750492	0	0	0	0	0.24205356885748627	0	0	0	0	0	0	0	0.24486830018890496	0.0009686924928228252	0	0.002294324374560963	0.0022940514661264856	0.0022943233504360504	0	0	0
2.1379620895022326e-6	0.0013841868661460294	0.00021530785987985027	0	0	0	0	0.2500613281591327	0	0	0	0	0	0	0	0.25181383707753563	0.0010039999310046336	0	0.0026905677441681963	0.002690308908451348	0.00269059338737615	0	0	0
2.2908676527677747e-6	0.0014344602154712073	0.00022420901482400659	0	0	0	0	0.25848021037687463	0	0	0	0	0	0	0	0.2580034954157916	0.0010394165806917864	0	0.0027712309224272235	0.0027709179108752783	0.0027712042904191755	0	0	0
2.4547089156850335e-6	0.0014865594813067901	0.00023347815707426586	0	0	0	0	0.2671825333741964	0	0	0	0	0	0	0	0.26434529738042256	0.001076082572173024	0	0.002854312381489977	0.0028539421791637935	0.0028542303178432722	0	0	0
2.6302679918953817e-6	0.0017262266380881164	0.00024334754127221668	0	0	0	0	0.27551826693031684	0	0	0	0	0	0	0	0.2720963570401566	0.001113384431109131	0	0.0028811692592697687	0.0028806537249988834	0.0028809835969771593	0	0	0
2.8183829312644606e-6	0.0020045335847748936	0.0002536341154363193	0	0	0	0	0.28411406409554096	0	0	0	0	0	0	0	0.28007469112634814	0.0011519793401475941	0	0.002908278839552893	0.0029076152782399134	0.0029079876400175007	0	0	0
3.0199517204020193e-6	0.0020717201997361477	0.00026152809984480004	0	0	0	0	0.29273894463826067	0	0	0	0	0	0	0	0.2882831433675578	0.0011906370932634484	0	0.0030017125658242183	0.0030011369145494125	0.0030014834393327773	0	0	0
3.2359365692962877e-6	0.0021411587306863545	0.0002696677727709077	0	0	0	0	0.30162565158726107	0	0	0	0	0	0	0	0.2967321696068142	0.0012305921108560886	0	0.0030981480198137407	0.0030976666161017423	0.0030979852570950676	0	0	0
3.4673685045253236e-6	0.002210108514095937	0.000277556499655537	0	0	0	0	0.30971651799523886	0	0	0	0	0	0	0	0.3060877899519494	0.001426550722805908	0	0.00319405830000699	0.0031936801509004705	0.003193962699373836	0	0	0
3.7153522909717276e-6	0.002281278624548097	0.0002856759994323818	0	0	0	0	0.31802441541131105	0	0	0	0	0	0	0	0.3157383821302958	0.0016537136446635437	0	0.003292937702975476	0.0032926696673030794	0.003292913580407746	0	0	0
3.981071705534978e-6	0.0022980398308241664	0.0002959688538704658	0	0	0	0	0.3273865265493502	0	0	0	0	0	0	0	0.32450173119899994	0.0017097347466795117	0	0.0033975047987284046	0.0033972183822705165	0.003397482137241476	0	0	0
4.265795188015934e-6	0.0023149241864747912	0.0003066325579868339	0	0	0	0	0.3370242427061014	0	0	0	0	0	0	0	0.3335083078613249	0.001767653616111982	0	0.003505392418129339	0.0035050867238345185	0.0035053713348424807	0	0	0
4.570881896148752e-6	0.002388242110142168	0.00031682669026740615	0	0	0	0	0.3464243072071774	0	0	0	0	0	0	0	0.3434245920023444	0.001779607069075676	0	0.003616329583159609	0.0036159537569333566	0.003616292212782273	0	0	0
4.897788193684467e-6	0.0024638821478391616	0.00032735973089364356	0	0	0	0	0.35608655229180836	0	0	0	0	0	0	0	0.35363571944665767	0.001791641355205134	0	0.0037307776403003746	0.003730327550348454	0.0037307229731247337	0	0	0
5.248074602497734e-6	0.0025422552073955757	0.00033976508807297807	0	0	0	0	0.36575618206776667	0	0	0	0	0	0	0	0.3630390945584093	0.0018492155999948882	0	0.0038464074032360813	0.0038459102317699475	0.003846441688908555	0	0	0
5.623413251903491e-6	0.002623121217546097	0.0003526405485430493	0	0	0	0	0.37568839334084403	0	0	0	0	0	0	0	0.3726925107679075	0.0019086399883156008	0	0.0039656209343203455	0.003965074195549186	0.00396574974147219	0	0	0
6.0255958607435935e-6	0.0027019449665223426	0.0003663034249963635	0	0	0	0	0.38589386605294923	0	0	0	0	0	0	0	0.38259659761786685	0.0019650751934415203	0	0.004082340808909091	0.004081749285698471	0.00408246458326468	0	0	0
6.4565422903465625e-6	0.0027831373377952395	0.000380495662561865	0	0	0	0	0.396376567647086	0	0	0	0	0	0	0	0.39276387981921673	0.0020231790906189103	0	0.004202496092315199	0.004201857622236105	0.004202614426048853	0	0	0
6.9183097091893625e-6	0.0028660523025854025	0.00039177129905749894	0	0	0	0	0.4066171091236955	0	0	0	0	0	0	0	0.40289752059139633	0.0020864237739121154	0	0.004325789024775671	0.0043251553074106445	0.004325874782575614	0	0	0
7.413102413009192e-6	0.0029514374621779768	0.00040338107859572755	0	0	0	0	0.4171222189383322	0	0	0	0	0	0	0	0.4132926178787423	0.0021516454892849014	0	0.0044526991282842305	0.004452070992178765	0.004452750297180421	0	0	0
7.943282347242822e-6	0.0030420490446203424	0.00041613018595996684	0	0	0	0	0.4271276855568154	0	0	0	0	0	0	0	0.4234901270861491	0.0022190612506523453	0	0.00458658318954895	0.004585904700149188	0.004586599021406208	0	0	0
8.511380382023777e-6	0.003135442477932985	0.0004292822367125065	0	0	0	0	0.4373731522465213	0	0	0	0	0	0	0	0.433939247838347	0.0022885892953412707	0	0.004724492885904735	0.004723761583271269	0.004724471209734225	0	0	0
9.120108393559115e-6	0.0032257123755958348	0.0004768900140501331	0.003223723226592625	0.00047469867806937985	0	0	0.4472027403341474	0	0	0	0	0	0	0	0.44380266494497006	0.0023548205992270227	0	0.004857454344663452	0.004856652530627472	0.00485744996275947	0	0	0
9.772372209558111e-6	0.003318581158258607	0.0005297775357358704	0.0033158718468092093	0.000526707207588797	0	0	0.4572532400197433	0	0	0	0	0	0	0	0.45389027702244045	0.0024229686234362156	0	0.004994157739317108	0.004993282024812901	0.004994171642341156	0	0	0
0.000010471285480509006	0.00341261416514932	0.0005454882920771771	0.003407664755186149	0.0005398218230300737	0	0	0.4668756236062441	0	0	0	0	0	0	0	0.4635586967592988	0.002492089182554484	0	0.005127344004469927	0.005126439055520253	0.005127247196963804	0	0	0
0.000011220184543019652	0.003509311625902447	0.0005616649569332181	0.003501998756348788	0.0005532629825848404	0	0	0.476700499505059	0	0	0	0	0	0	0	0.4734330656978458	0.0025631815590733474	0	0.005264082136053707	0.005263147016204831	0.005263868705651755	0	0	0
0.000012022644346174132	0.0036048069548786773	0.0005743744333723389	0.003597753066246799	0.0005662696231376813	0	0	0.4861438952150399	0	0	0	0	0	0	0	0.4833695334851675	0.002635445378789659	0	0.005402497244456116	0.005401618766662917	0.005402346628754164	0	0	0
0.000012882495516931348	0.0037029009011418207	0.0005873715026002943	0.003696125563215082	0.0005795820363588461	0	0	0.49577436377815803	0	0	0	0	0	0	0	0.4935145490044521	0.002709746533559932	0	0.005544551874761631	0.0055437336655293195	0.005544467525543596	0	0	0
0.000013803842646028866	0.0038014148000524756	0.0005995416901298812	0.003794541213758224	0.0005916372400298578	0	0	0.5044742129983921	0	0	0	0	0	0	0	0.5018052740085267	0.002783842591265011	0	0.005686968042735723	0.0056861732505695105	0.005687035530437743	0	0	0
0.000014791083881682102	0.0039025496138991745	0.0006119640408370282	0.0038955773489429465	0.0006039431898013891	0	0	0.5133267271847546	0	0	0	0	0	0	0	0.5102352778266315	0.002859964752038916	0	0.005833042281796238	0.005832272649845082	0.005833269466447132	0	0	0
0.00001584893192461114	0.00400147919958711	0.0006241484220987598	0.003994526701917166	0.0006161583143196088	0	0	0.5214274106278752	0	0	0	0	0	0	0	0.5175858111273463	0.0029348399618623075	0	0.005955926470318339	0.0059550752726850575	0.005956159978831925	0	0	0
0.00001698243652461746	0.004102916649080181	0.0006365753979196915	0.004095989411340785	0.0006286204972855712	0	0	0.5296559289737417	0	0	0	0	0	0	0	0.5250422374193022	0.0030116754395673674	0	0.006081399449227923	0.006080463591544736	0.006081639447225208	0	0	0
0.000018197008586099864	0.004202341027750784	0.000648310192892279	0.004195926615126042	0.0006409597941866771	0	0	0.5372346855422651	0	0	0	0	0	0	0	0.5326097171108521	0.003087838545910457	0	0.006229311681618934	0.006228302409401715	0.00622948978706793	0	0	0
0.000019498445997580493	0.0043041747186057765	0.0006602613101002234	0.004298302166206068	0.0006535413012108593	0	0	0.5449218852490304	0	0	0	0	0	0	0	0.5402862675491005	0.0031659277624484497	0	0.006380821445905982	0.0063797357420085216	0.006380934506877029	0	0	0
0.00002089296130854041	0.004397244619989203	0.0006720483881884818	0.004391211218921966	0.0006651450149437437	0	0	0.5516209242288702	0	0	0	0	0	0	0	0.5464158672834473	0.0032368433127011025	0	0.006527625144807319	0.006526500681019987	0.006527695896079848	0	0	0
0.000022387211385683423	0.0044923269876663875	0.0006840458908582445	0.004486128527861577	0.0006769547541751659	0	0	0.5584023183580804	0	0	0	0	0	0	0	0.552615007917057	0.0033093473436914904	0	0.006677806359627895	0.006676641927169294	0.0066778327948319085	0	0	0
0.000023988329190194948	0.004593737261412581	0.0006944578086456446	0.0045879352642593935	0.0006878318632361831	0	0	0.5635045782011467	0	0	0	0	0	0	0	0.5582193109307915	0.0033879657766928326	0	0.006820447499639655	0.006819267536470899	0.006820422847767501	0	0	0
0.000025703957827688645	0.004697436781611572	0.0007050282070751488	0.004692052369500108	0.0006988837424731926	0	0	0.5686534586520631	0	0	0	0	0	0	0	0.5638804495566977	0.0034684519066645126	0	0.006966135522673801	0.006964939896616817	0.006966057589574606	0	0	0
0.00002754228703338169	0.004798573503679274	0.0007165836861575895	0.00479184953638197	0.0007088803914874101	0	0	0.572942815044207	0	0	0	0	0	0	0	0.5684884811383267	0.0035456196107208618	0	0.0071060163870373455	0.007104787907875394	0.007105887170064142	0	0	0
0.0000295120922666639	0.0049018877189259515	0.0007283285606365324	0.004893769329725205	0.0007190200299366942	0	0	0.5772645260769126	0	0	0	0	0	0	0	0.5731341695585178	0.003624504177143931	0	0.007248706076487821	0.007247443906933332	0.007248523547845893	0	0	0
0.000031622776601683856	0.0049991921294665715	0.0007389075097202901	0.0049902184954089875	0.0007286020856813279	0	0	0.5802145942774467	0	0	0	0	0	0	0	0.5764734688170465	0.0036993596761654888	0	0.007383340837082651	0.007382084509924178	0.007383215903995888	0	0	0
0.000033884415613920276	0.0050984280710526545	0.000749640117701643	0.005088568535640414	0.0007383118371624756	0	0	0.5831797385860615	0	0	0	0	0	0	0	0.579832224112449	0.003775761137188967	0	0.007520476253459192	0.0075192264212667875	0.00752041111892603	0	0	0
0.000036307805477010174	0.005191855529450228	0.00075715417790784	0.005182988676879059	0.0007469893881426754	0	0	0.584961695825347	0	0	0	0	0	0	0	0.5813877739321237	0.003849315579451687	0	0.007649617855767408	0.007648335892094874	0.0076495834472348105	0	0	0
0.00003890451449942813	0.005286995023373418	0.0007647435557223753	0.0052791608163484305	0.0007557689284006054	0	0	0.5867490979924842	0	0	0	0	0	0	0	0.5829474969162751	0.003924302913197717	0	0.007780977077397103	0.0077796622472835674	0.007780974469460262	0	0	0
0.00004168693834703355	0.005374017788595785	0.0007734350003282838	0.005365794127810902	0.0007640112823223968	0	0	0.5871975902768763	0	0	0	0	0	0	0	0.5831554419307279	0.003992665586118809	0	0.007899395978046966	0.00789802939799537	0.007899374472528918	0	0	0
0.00004466835921509635	0.005462472929228628	0.0007822252247261489	0.005453849129370701	0.0007723435266797655	0	0	0.5876464253744544	0	0	0	0	0	0	0	0.5833634611218911	0.004062219159730339	0	0.008019617099149527	0.00801819749866129	0.008019576121494414	0	0	0
0.0000478630092322639	0.005541997230719142	0.0007905297011647826	0.005532838867600953	0.0007800288633478983	0	0	0.5865637245849087	0	0	0	0	0	0	0	0.5819066492613651	0.004125322620774379	0	0.008126549829584858	0.008125095934090203	0.008126475678850718	0	0	0
0.00005128613839913659	0.0056226792705837345	0.0007989223418900432	0.005612972637981278	0.0007877906742760747	0	0	0.585483018602017	0	0	0	0	0	0	0	0.5804534754428804	0.00418940634571831	0	0.008234908389794479	0.00823341953714551	0.008234800188746885	0	0	0
0.00005495408738576248	0.005693322086873512	0.0008048233438691599	0.005684427425827907	0.0007946359306953625	0	0	0.5826538245277628	0	0	0	0	0	0	0	0.5780416505436785	0.004246468751365706	0	0.008330603787230566	0.008329140615795651	0.00833050467160754	0	0	0
0.00005888436553555896	0.005764852452897721	0.0008107679318422248	0.005756791854079999	0.0008015406667924095	0	0	0.57983830179641	0	0	0	0	0	0	0	0.5756398469460813	0.004304308383634161	0	0.008427411232142733	0.008425974540069263	0.00842732142772679	0	0	0
0.00006309573444801943	0.00584304814642777	0.0008165115492360541	0.005834968707003604	0.0008072645606553485	0	0	0.5758733361762134	0	0	0	0	0	0	0	0.5718686048642071	0.004367208404757436	0	0.00850895614990603	0.008507502843227033	0.008508863954211356	0	0	0
0.00006760829753919819	0.005922304503094777	0.0008222958553886186	0.005914207196423384	0.0008130293295010722	0	0	0.5719354832050465	0	0	0	0	0	0	0	0.5681220696661888	0.004431027600880443	0	0.008591290108743767	0.008589820000443707	0.008591195483902086	0	0	0
0.00007244359600749906	0.005955984574493765	0.0008255729348553894	0.005947178831361466	0.0008154853523063184	0	0	0.5661514177096479	0	0	0	0	0	0	0	0.5624943667931834	0.004459915118422079	0	0.008653440396668875	0.008651946491830112	0.00865327145391696	0	0	0
0.00007762471166286927	0.005989856184036224	0.0008288630744023794	0.005980334282773094	0.0008179487943371745	0	0	0.5604258472974165	0	0	0	0	0	0	0	0.5569224108121209	0.004488990964438506	0	0.008716040286253408	0.008714522317536923	0.008715795955927278	0	0	0
0.00008317637711026725	0.006027247442987117	0.0008314841710237759	0.006017260328264945	0.0008200271742828134	0	0	0.5534941257937892	0	0	0	0	0	0	0	0.550068518694955	0.004521078380934776	0	0.008760342933422377	0.008758844923105283	0.008760082933551691	0	0	0
0.00008912509381337459	0.006064872114260953	0.000834113556285013	0.006054414376535779	0.0008221108353208985	0	0	0.5466481404553232	0	0	0	0	0	0	0	0.5432989755575435	0.004553395159063893	0	0.0088048707659372	0.008803392956217794	0.008804594943565251	4.06072019414132e-11	4.06072019414132e-11	4.06072019414132e-11
0.00009549925860214369	0.006085988379940247	0.0008338812648525879	0.006075877427119981	0.0008222772525309844	0	0	0.5384014767653337	0	0	0	0	0	0	0	0.5347736295490112	0.004574440561979652	0	0.008827253850048173	0.008825835614847954	0.008827029503146308	3.789684585515578e-11	3.789684585515578e-11	3.789684585515578e-11
0.00010232929922807557	0.006107178166819631	0.0008336490381107662	0.006097416564756	0.0008224437034283627	0	0	0.5302792211853928	0	0	0	0	0	0	0	0.5263820616770758	0.004595583234947406	0	0.008849693834761958	0.008848335486978505	0.008849521227136042	3.5367394380964724e-11	3.5367394380964724e-11	3.5367394380964724e-11
0.00010964781961431851	0.006113205199811343	0.0008308503472815823	0.006104257185273316	0.00082058415077394	0	0	0.5206620556177158	0.5204153022277859	0	0	0	0	0	0	0.5167783647805239	0.004604543285516911	0	0.008850699179361559	0.008849434014557971	0.008850622038554894	3.3006772914018714e-11	3.3006772914018714e-11	3.3006772914018714e-11
0.00011748975549395303	0.006119238180742611	0.0008280610520973255	0.006111105480202978	0.0008187288025848915	0	0	0.5112193073567339	0.5110567366018252	0	0	0	0	0	0	0.5073498847099149	0.004613520805578768	0	0.008851704638170484	0.008850532678520455	0.00885172298690608	3.080371277743758e-11	3.080371277743758e-11	3.080371277743758e-11
0.00012589254117941688	0.006108020196186803	0.0008228978241185071	0.006100862404005819	0.0008146954283751171	0	0	0.5005635019591764	0.5004931029279046	0	0	0	0	0	0	0.49671885089325796	0.0046102820834722155	0	0.008828369910354825	0.008827254149350929	0.008828449791623586	2.8747697430058835e-11	2.8747697430058835e-11	2.8747697430058835e-11
0.0001348962882591656	0.006096822776801644	0.0008177667905329551	0.006090636496651553	0.000810681924124068	0	0	0.4901298051303608	0.4901478214415288	0	0	0	0	0	0	0.4863105802690577	0.004607045634969983	0	0.008805096697190226	0.008804036846995633	0.008805237786870817	2.6828912264613e-11	2.6828912264613e-11	2.6828912264613e-11
0.0001445439770745928	0.006070780958364269	0.0008117326248362005	0.006064651893540589	0.000804712991034706	0	0	0.47854176414869504	0.47858873508519806	0	0	0	0	0	0	0.4748830848949181	0.004591964282246727	0	0.008759492056928749	0.008758446755874349	0.008759640973988918	2.5038197756655256e-11	2.5038197756655256e-11	2.5038197756655256e-11
0.00015488166189124827	0.006044850374307856	0.0008057429842486531	0.006038778149056483	0.0007987880063314665	0.0060477431523495995	0.0008090838466717324	0.4672276969029387	0.4673022450182878	0	0	0	0	0	0	0.46372411678673503	0.004576932298949763	0	0.008714123618867505	0.00871309274468371	0.008714280278449343	2.336700574060408e-11	2.336700574060408e-11	2.336700574060408e-11
0.00016595869074375631	0.006001873790122871	0.0008011273238478511	0.005995930577180936	0.0007943246745565276	0.006004349614848263	0.0008039892714815454	0.4549187757546602	0.4549448279504114	0	0	0	0	0	0	0.4513564224198586	0.004549234352983643	0	0.008644665943675188	0.008643601549450026	0.008644779659553757	2.180735860416672e-11	2.180735860416672e-11	2.180735860416672e-11
0.00017782794100389227	0.005959202753085262	0.0007965381040383438	0.005953387026147071	0.0007898862822278182	0.005961267433012901	0.0007989267754095793	0.44293412806199833	0.44291419244247265	0	0	0	0	0	0	0.4393185790536425	0.004521704025011541	0	0.008575761894854726	0.008574664580638169	0.008575833341859473	2.035181120636089e-11	2.035181120636089e-11	2.035181120636089e-11
0.00019054607179632481	0.005900219375298743	0.0007841185541614198	0.005893879339387887	0.000776855640579499	0.005901570209658263	0.0007856787472744496	0.42992253780839396	0.4299847793205474	0	0	0	0	0	0	0.4263608316616875	0.0044811864456806814	0	0.008483654841444225	0.008482542104121783	0.008483671080628115	1.8993415337344692e-11	1.8993415337344692e-11	1.8993415337344692e-11
0.00020417379446695317	0.005841819806957767	0.0007718926487797986	0.005834966467776439	0.0007640399635730381	0.005842470805226588	0.0007726504016620139	0.4172931747759536	0.41743279759849605	0	0	0	0	0	0	0.4137852743829654	0.004441031931739724	0	0.008392537053989575	0.008391409351529846	0.008392499263363749	1.7725686550400452e-11	1.7725686550400452e-11	1.7725686550400452e-11
0.00021877616239495564	0.005767812780092009	0.0007601026629439417	0.005761187840471845	0.0007525116805113357	0.005768363586123644	0.000760743880059071	0.4039457938181139	0.4040188135246143	0	0	0	0	0	0	0.4005962834759484	0.004389899376627417	0	0.008280159454412864	0.008279073625908663	0.008280122767298732	1.6542573207740596e-11	1.6542573207740596e-11	1.6542573207740596e-11
0.00023442288153199226	0.005694743310392778	0.0007484927588412516	0.005688342086711099	0.0007411573429455342	0.005695196359723496	0.0007490208376290856	0.39102533711689474	0.3910358807954515	0	0	0	0	0	0	0.3878276784355022	0.004339355544639043	0	0.008169286611360372	0.008168241737690991	0.00816925100498128	1.5438427592373008e-11	1.5438427592373008e-11	1.5438427592373008e-11
0.0002511886431509582	0.005607200782727487	0.000735413461178623	0.005600834015276081	0.0007281134628623412	0.005607649978611153	0.0007359343263259404	0.3774933667799716	0.3774586160033083	0	0	0	0	0	0	0.374447003754666	0.004277863522557436	0	0.008038891429993596	0.008037898747508895	0.008038889058785885	1.4407978948125037e-11	1.4407978948125037e-11	1.4407978948125037e-11
0.00026915348039269194	0.005521004003892705	0.0007225627135257667	0.005514672146732793	0.0007152991464598487	0.005521449357743365	0.0007230764558956296	0.36442968891368344	0.3643527711710444	0	0	0	0	0	0	0.36152798373354017	0.004217242889957697	0	0.007910577569081412	0.007909635678028848	0.007910607381271854	1.344630831913019e-11	1.344630831913019e-11	1.344630831913019e-11
0.00028840315031266115	0.005420836258582	0.0007076163859973898	0.005414867830484132	0.000700772351394268	0.0054220431707804285	0.0007090124962145771	0.35077445182106914	0.35065429998523756	0	0	0	0	0	0	0.3479574079058875	0.004146400299221474	0	0.007762115375112834	0.007761204495177666	0.007762174364982171	1.2548825068670602e-11	1.2548825068670602e-11	1.2548825068670602e-11
0.0003090295432513592	0.005322485859752762	0.00069297922569063	0.00531686976876463	0.000686540576637213	0.005324426657029409	0.0006952220829341811	0.3376308785849629	0.3374708464627391	0	0	0	0	0	0	0.33489622702573596	0.004076747744912641	0	0.0076164394534291155	0.00761555875238206	0.007616526515401307	1.1711244965285953e-11	1.1711244965285953e-11	1.1711244965285953e-11
0.0003311311214825914	0.005211577525929921	0.0006770280055078589	0.005206059345945389	0.0006706991747288955	0.005213230218430534	0.0006789366079804522	0.3239541983262994	0.32392779841686964	0	0	0	0	0	0	0.3215529073150885	0.003997714700274737	0	0.00745277589641738	0.007451940002667266	0.007452858085349419	1.0929569731540219e-11	1.0929569731540219e-11	1.0929569731540219e-11
0.000354813389233576	0.005102980266074296	0.0006614439556757791	0.005097558355243051	0.0006552233011272216	0.005104356029484724	0.0006630326178802376	0.31083153014047	0.3109282466531091	0	0	0	0	0	0	0.30874122745742394	0.0039202138137529475	0	0.007292629174280716	0.007291836568916628	0.007292706659399267	1.0200067957820518e-11	1.0200067957820518e-11	1.0200067957820518e-11
0.00038018939632056124	0.004982469687522655	0.0006441120045054865	0.004977552599331857	0.0006384741508087805	0.004983843116763597	0.0006456984303382399	0.2976688942996745	0.29768396712315454	0	0	0	0	0	0	0.2955194901279652	0.003834520813918652	0	0.00711629969212546	0.007115549274905184	0.007116372614816715	9.519257290057594e-12	9.519257290057594e-12	9.519257290057594e-12
0.00040738027780411304	0.004864805053651501	0.0006272342059943749	0.004860371996258198	0.0006221531507650732	0.004866175491880671	0.0006288174242078918	0.28506365037532666	0.28500384006939233	0	0	0	0	0	0	0.28286396917151485	0.003750701000234265	0	0.00694423370473102	0.00694352389896283	0.006944302240326909	8.883887806339353e-12	8.883887806339353e-12	8.883887806339353e-12
0.00043651583224016654	0.004737970694891071	0.0006094942548861873	0.0047337341274687	0.00060463966673096	0.004739115180007049	0.0006108161288808847	0.2722114676716027	0.27213714004229084	0.2715980996137643	0	0	0	0	0	0.2700188460642822	0.003660443903142279	0	0.006758837709924418	0.006758146324328907	0.006758892209595526	8.290926503064143e-12	8.290926503064143e-12	8.290926503064143e-12
0.00046773514128719906	0.004614443139668448	0.0005922560395926495	0.004610395831185975	0.0005876191836928812	0.004615372529586525	0.0005933301606122178	0.2599387295937805	0.25985131629231994	0.2592874524004776	0	0	0	0	0	0.2577570322704387	0.0035723587583266713	0	0.006578391386507316	0.006577717943458438	0.0065784325508822525	7.737542816576366e-12	7.737542816576366e-12	7.737542816576366e-12
0.0005011872336272725	0.004481820277641229	0.0005743248831374204	0.0044778219681255475	0.0005697428451777305	0.004482469604597789	0.0005750741194645153	0.24756960817847148	0.24747517001913988	0.24692725381618427	0	0	0	0	0	0.24547082795849298	0.0034776420322713024	0	0.006385758734998573	0.006385108068922357	0.006385795829234956	7.2210951111707656e-12	7.2210951111707656e-12	7.2210951111707656e-12
0.0005370317963702533	0.004353009104912128	0.0005569366107565231	0.004349060322022252	0.0005524103341746424	0.004353393713582432	0.0005573797943065114	0.23578906840632757	0.23568847235357335	0.23515626426467937	0	0	0	0	0	0.23377025584080838	0.003385436604436954	0	0.006198766875629885	0.0061981382300472215	0.006198800102800417	6.73911806896424e-12	6.73911806896424e-12	6.73911806896424e-12
0.0005754399373371578	0.004217202858874024	0.000538516897325015	0.004213384442688739	0.0005341393614628308	0.004217638604731581	0.0005390197521074571	0.22395490157852546	0.22388356322298275	0.22340508308879162	0	0	0	0	0	0.22201798396799602	0.003288766872032661	0	0.006002005788037969	0.006001406385627364	0.0060020358314888745	6.2893109214395866e-12	6.2893109214395866e-12	6.2893109214395866e-12
0.0006165950018614823	0.0040856335294190155	0.000520706384000568	0.004081941188996152	0.0005164727012035279	0.004086116848247097	0.0005212644881098995	0.21271468724162917	0.21266992560512238	0.21224112955687244	0	0	0	0	0	0.21085653103267335	0.003194857503579912	0	0.005811490285474034	0.005810918903171109	0.005811517313842999	5.869526466482989e-12	5.869526466482989e-12	5.869526466482989e-12
0.0006606934480075965	0.00394805549060107	0.0005020203387711922	0.003944706801626331	0.0004981829265901059	0.0039486688149514785	0.0005027291198612124	0.20160079557427202	0.20160144121080698	0.20112474981967512	0	0	0	0	0	0.19977035414218636	0.0030974750703499174	0	0.005612854485305785	0.005612315394251157	0.005612886459181936	5.4777608184870124e-12	5.4777608184870124e-12	5.4777608184870124e-12
0.0007079457843841388	0.003815110201301331	0.0004840048600972549	0.003812086218376848	0.0004805408451744658	0.003815844232858665	0.0004848528409691783	0.19106758119627118	0.19110902015237988	0.1905906035954617	0	0	0	0	0	0.18926705375756447	0.003003060950508286	0	0.005421008024733799	0.005420499685060055	0.005421044574473589	5.112143842590248e-12	5.112143842590248e-12	5.112143842590248e-12
0.0007585775750291852	0.0036774741265823774	0.0004657702309086419	0.0036745636956223744	0.00046243664239274587	0.0036781670301622104	0.0004665712075331535	0.1806155295480319	0.18068598590722149	0.18018578578631012	0	0	0	0	0	0.17895796913657303	0.00290574340233923	0	0.005222828897068401	0.00522233557454442	0.005222856914854104	4.770930227390202e-12	4.770930227390202e-12	4.770930227390202e-12
0.0008128305161640995	0.0035448034887877898	0.0004482225818085751	0.0035420023524376605	0.00044501450891200876	0.0035454572766029932	0.00044897889277869233	0.17073524095333384	0.1708314211293294	0.1703489930088201	0	0	0	0	0	0.16921040446114458	0.002811579538140538	0	0.005031894725776998	0.00503141600179801	0.00503191478658672	4.4524911535142784e-12	4.4524911535142784e-12	4.4524911535142784e-12
0.0008709635899560814	0.003408993478386315	0.00043049736191521124	0.003406159686119188	0.00042724960576777653	0.003409355181308541	0.0004309158190247966	0.1610079389331345	0.16109816295747365	0.16067558959301728	0	0	0	0	0	0.15958183775844167	0.002715922623454174	0	0.0048362824948927135	0.004835823087643489	0.00483628715121585	4.155306518277754e-12	4.155306518277754e-12	4.155306518277754e-12
0.0009332543007969925	0.0032783866785389888	0.0004134730960411657	0.003275526849765907	0.0004101938745210976	0.003278477737983745	0.00041357944899503215	0.1518348306696771	0.15191946502994355	0.15155149810440618	0	0	0	0	0	0.15050116465036506	0.0026235201944414957	0	0.004648274585433419	0.004647833716518163	0.004648265004678535	3.877957679312482e-12	3.877957679312482e-12	3.877957679312482e-12
0.001	0.003145090047174061	0.0003959475623552043	0.0031424004042946764	0.00039286379593487077	0.0031451167397084784	0.0003959787671903054	0.14290860985721138	0.14295216997099866	0.14264092612178167	0	0	0	0	0	0.14160444703066163	0.002531060161677816	0	0.0044574391826495835	0.004457021530845421	0.00445743396522279	3.619120682527098e-12	3.619120682527098e-12	3.619120682527098e-12
0.001071519305237607	0.003017213152306216	0.00037916486861195805	0.003014684584746132	0.0003762658872869571	0.0030171805627321074	0.0003791271168008091	0.13450715281364795	0.13451418417902816	0.13425425719554787	0	0	0	0	0	0.13323364948997277	0.0024418586735507532	0	0.004274438547430849	0.004274042949475644	0.0042744373512103185	3.377559942071754e-12	3.377559942071754e-12	3.377559942071754e-12
0.001148153621496884	0.002888221068230699	0.0003624178889162849	0.002885775849976485	0.00035961428249527415	0.0028882838452557185	0.0003624903370087097	0.12632120984284229	0.1263608539082042	0.1260646323886485	0	0	0	0	0	0.12512582423825216	0.002353237118126746	0	0.004089866023601579	0.00408948521220515	0.0040898712664606636	3.152122342138099e-12	3.152122342138099e-12	3.152122342138099e-12
0.0012302687708123836	0.002764743661744806	0.00034641059095841075	0.002762379287851365	0.00034369959261272	0.002764893713623546	0.00034658360903718795	0.11863345348084933	0.11870172278010152	0.11837458171726489	0	0	0	0	0	0.11751139409027661	0.002267831875002396	0	0.003913263439256682	0.003912896875052773	0.0039132745673496035	2.9417317324386636e-12	2.9417317324386636e-12	2.9417317324386636e-12
0.0013182567385564075	0.0026407029988733716	0.0003304618905036109	0.002638357214380992	0.00032777136181271323	0.0026408057976875796	0.0003305805534942707	0.11116822867967441	0.11121229167132761	0.11093521866885697	0	0	0	0	0	0.11008773549294867	0.0021833598082296748	0	0.003735978993946339	0.0037356238420311835	0.0037359841915434954	2.74538379108937e-12	2.74538379108937e-12	2.74538379108937e-12
0.0014125375446227555	0.0025222274400144603	0.00031524746623099435	0.0025199033388679107	0.000312581300454484	0.0025222869243536686	0.0003153164186043553	0.10417276666207256	0.10419540280557538	0.10396338945890586	0	0	0	0	0	0.10313305871135278	0.002102034151975079	0	0.003566726150657387	0.0035663821293433887	0.0035667259322711225	2.5621412303725006e-12	2.5621412303725006e-12	2.5621412303725006e-12
0.0015135612484362103	0.002403667575061794	0.00030010128498075123	0.0024013900754259105	0.00029748811755136073	0.0024035778153931008	0.00029999759132079255	0.09742749681361013	0.09741532686481993	0.09723503022314385	0	0	0	0	0	0.09644640106795169	0.0020225034297189654	0	0.0033975819965848557	0.0033972494479281583	0.003397574466728859	2.3911293224944297e-12	2.3911293224944297e-12	2.3911293224944297e-12
0.0016218100973589332	0.00229068073709099	0.00028568280761726077	0.002288450594674313	0.0002831237183912696	0.002290455641215466	0.00028542298937881593	0.09111898857556133	0.09107643574148087	0.0909421206032618	0	0	0	0	0	0.09019327454443317	0.0019459817621809371	0	0.0032364591325268754	0.0032361377420801114	0.0032364449851680984	2.23153172397972e-12	2.23153172397972e-12	2.23153172397972e-12
0.0017378008287493763	0.0021784026546512354	0.0002712484089729765	0.0021762616179469003	0.0002687912486391312	0.002178194784934853	0.00027100837947691733	0.08503465949875584	0.08499975416062404	0.08487839762366879	0	0	0	0	0	0.08415646375214017	0.0018718563880001959	0	0.0030763570468143775	0.0030760519652156576	0.003076345376177529	2.082586578769001e-12	2.082586578769001e-12	2.082586578769001e-12
0.0018620871366628695	0.002071627900367262	0.000257543322204194	0.0020695725923778946	0.0002551843263273944	0.002071436108930544	0.0002573217451984118	0.07935660205526801	0.07932851289739144	0.07921898384787843	0	0	0	0	0	0.07852370841438083	0.001800554560886655	0	0.0029241749368531136	0.0029238853370391724	0.0029241655325209547	1.9435828814182605e-12	1.9435828814182605e-12	1.9435828814182605e-12
0.001995262314968883	0.0019654872320648605	0.0002439396427495652	0.001963606980882617	0.00024178221129898434	0.001965328661975974	0.00024375647670521692	0.07391565939389959	0.07388801549959807	0.07379220562539447	0	0	0	0	0	0.07313508294003598	0.0017319051025079001	0	0.002773295554058177	0.0027730243029473094	0.002773287899174515	1.813857083038999e-12	1.813857083038999e-12	1.813857083038999e-12
0.0021379620895022326	0.0018647847225484499	0.00023105452238286194	0.0018630669876337981	0.00022908396664466748	0.0018646564733191058	0.0002309063304771483	0.06884776517812478	0.06882063756231564	0.06873718074340514	0	0	0	0	0	0.0681162474958504	0.001665873031148719	0	0.002630201132369943	0.0026299471074755776	0.002630195071438792	1.6927899237772332e-12	1.6927899237772332e-12	1.6927899237772332e-12
0.0022908676527677745	0.0017652368337992908	0.00021840710140542897	0.0017636090933109891	0.00021653975956435466	0.0017651169645041482	0.00021826875422934673	0.06401486592170687	0.06398267691865754	0.06390722016879956	0	0	0	0	0	0.06331969302844148	0.0016028096485633735	0	0.002488800952144926	0.0024885604952153612	0.00248879320508807	1.579803476710913e-12	1.579803476710913e-12	1.579803476710913e-12
0.0024547089156850338	0.0016710031145811181	0.00020645197268754912	0.0016694606552819069	0.00020468244966667106	0.0016708910960068018	0.00020632283651290272	0.059521221180845886	0.059484815757053645	0.05941664679192222	0	0	0	0	0	0.05886089842897336	0.001542133596914266	0	0.0023550024761096002	0.0023547748624841995	0.0023549932417386062	1.4743583890544974e-12	1.4743583890544974e-12	1.4743583890544974e-12
0.002630267991895387	0.0015783610690457484	0.00019468523867123433	0.0015769026633842774	0.0001930121085567093	0.0015782023142717073	0.000194501966951358	0.055239359162880385	0.05520461528970626	0.05512936963129463	0	0	0	0	0	0.05460680490484777	0.0014849438420814392	0	0.002223462510277418	0.0022232477099609176	0.0022234514979291567	1.3759513075012322e-12	1.3759513075012322e-12	1.3759513075012322e-12
0.002818382931264455	0.0014908551890423826	0.000183589149878641	0.0014894762580484648	0.00018200717311218074	0.0014906552262592455	0.00018335835134556912	0.051265527490683444	0.05123239452789433	0.05115144593378683	0	0	0	0	0	0.050660170359348757	0.0014298749593081971	0	0.002099269781990279	0.0020990670737125053	0.002099257219096577	1.2841124754127703e-12	1.2841124754127703e-12	1.2841124754127703e-12
0.003019951720402019	0.001404864999279536	0.00017273698506287775	0.0014035647654724957	0.00017124508874388368	0.0014047108919504612	0.0001725589457710011	0.047478589857672504	0.047449683448002725	0.04738636712658122	0	0	0	0	0	0.04692274798009305	0.0013779112343805025	0	0.001977006389798618	0.0019768175014325093	0.0019769991077595015	1.1984034903860376e-12	1.1984034903860376e-12	1.1984034903860376e-12
0.0032359365692962876	0.0013238345888365042	0.0001625263041325529	0.0013226085613858517	0.00016111936643742114	0.0013237217132468504	0.000162395601547924	0.043971389844427985	0.043946266421137345	0.04389842258539066	0	0	0	0	0	0.04346105159903038	0.001327835946403734	0	0.001861863729395912	0.001861687738762126	0.0018618611557110244	1.1184152114928943e-12	1.1184152114928943e-12	1.1184152114928943e-12
0.0034673685045253167	0.00124434934173235	0.00015255648047525692	0.0012431987256604556	0.00015123623275095	0.0012442459113749648	0.00015243681868496543	0.04066551616982621	0.04062554574787245	0.04057601494871805	0	0	0	0	0	0.040177413612880325	0.0012807962177808494	0	0.00174951450130917	0.0017493476612934356	0.0017495112951702878	1.0437658062025214e-12	1.0437658062025214e-12	1.0437658062025214e-12
0.003715352290971728	0.0011696365220602047	0.00014319823402872715	0.0011685566815508378	0.0001419593348859346	0.001169541809642139	0.00014308875036825176	0.03760818594111249	0.037555749366654845	0.03750506036785273	0	0	0	0	0	0.03714186622802451	0.001235422911937757	0	0.0016439446893807606	0.0016437865364615915	0.0016439409364870337	9.740989276633413e-13	9.740989276633413e-13	9.740989276633413e-13
0.003981071705534978	0.0010967293072930305	0.0001340445878093293	0.0010957202534717903	0.0001328871325065468	0.0010966379166659085	0.00013393911068087196	0.03470994969911581	0.0346585862172528	0.03460224920785421	0	0	0	0	0	0.034274207978992936	0.0011929050243577137	0	0.0015405436420515034	0.001540393090496485	0.0015405379054937388	9.090820136435497e-13	9.090820136435497e-13	9.090820136435497e-13
0.004265795188015935	0.001028366634240187	0.00012547606919068868	0.0010274237380380358	0.00012439470782250178	0.0010282785192923757	0.00012537453380376503	0.032035063057857006	0.031984918922834435	0.03192410940014697	0	0	0	0	0	0.03162795658611535	0.0011518504176888478	0	0.0014436463272735002	0.0014435030465433883	0.0014436388714393175	8.484046990100311e-13	8.484046990100311e-13	8.484046990100311e-13
0.004570881896148752	0.0009614018965713384	0.00011709210961337636	0.0009604800364325179	0.00011603435334528784	0.0009612684041911196	0.00011693787729831098	0.029513244646183368	0.029468848813695974	0.029408197947969974	0	0	0	0	0	0.02913880128400597	0.0011126905207087673	0	0.001348984962587399	0.0013488500497509633	0.001348976788821622	7.917773341674895e-13	7.917773341674895e-13	7.917773341674895e-13
0.004897788193684466	0.0008987977399849063	0.00010926834273772699	0.0008978981760213689	0.00010823588392096833	0.0008986251560832264	0.00010906893714506598	0.027189945216350597	0.027150703508099176	0.027090563301446435	0	0	0	0	0	0.026845545268059684	0.0010748619576483865	0	0.0012605306403014646	0.0012604036140206967	0.0012605218748129167	7.389296023853855e-13	7.389296023853855e-13	7.389296023853855e-13
0.005248074602497733	0.0008376803875575309	0.0001016126309076822	0.0008368585703884689	0.00010066961558997798	0.0008375770254810954	0.00010149329635274867	0.025000207533457358	0.02497638550604385	0.02491022672366755	0	0	0	0	0	0.02469075811700414	0.0010383090722523914	0	0.0011741170596454838	0.0011739990133394604	0.0011741121938647642	6.896092294123712e-13	6.896092294123712e-13	6.896092294123712e-13
0.005623413251903491	0.000780718954311479	0.00009449330429366834	0.0007799684702956411	0.00009363226996357213	0.0007806762017118383	0.00009444383959519384	0.022986820008011315	0.022976194070272637	0.02290537071967754	0	0	0	0	0	0.022708927321276554	0.001002999242693722	0	0.001093627418228302	0.0010935177176502424	0.0010936259586820196	6.435807792183953e-13	6.435807792183953e-13	6.435807792183953e-13
0.0060255958607435805	0.0007253106986092016	0.00008758823207034893	0.0007246103341474648	0.0000867846474392013	0.0007253017997204164	0.00008757791118328089	0.021093200289831214	0.021090120058858162	0.021018821045027555	0	0	0	0	0	0.020846255756805654	0.0009679663642792972	0	0.001015224033899636	0.0010151220412359554	0.0010152248134344013	6.006245301158458e-13	6.006245301158458e-13	6.006245301158458e-13
0.006456542290346563	0.0006738348116332301	0.00008118774610068699	0.0006731812327673714	0.0000804378130966668	0.0006738551777601826	0.00008121112568168972	0.019355574120816708	0.01935887043505345	0.01928765281861863	0	0	0	0	0	0.019136367514417857	0.0009341571184637399	0	0.0009424414767116672	0.0009423466506032828	0.0009424441817886597	5.605354258947846e-13	5.605354258947846e-13	5.605354258947846e-13
0.006918309709189377	0.0006236862958728674	0.00007500330577181405	0.0006230469683900216	0.00007426941527699091	0.0006237050928541775	0.00007502489118061164	0.01773135833868946	0.017742050308214404	0.01766621599007994	0	0.008282328420909044	0.008635195255003938	0	0	0.017535061195095465	0.0008995128512314386	0	0.0008716790019709583	0.0008715890320442122	0.0008716815679854358	5.231220969653805e-13	5.231220969653805e-13	5.231220969653805e-13
0.007413102413009177	0.0005772699613378597	0.00006928996242516267	0.0005766463857350907	0.00006857404289394725	0.0005772873099309812	0.0000693098913408082	0.01624343801803731	0.01626026426465634	0.01618108695459758	0	0.007809523656739304	0.008131608992670599	0	0	0.016067750103779158	0.0008661534056082016	0	0.0008062296718181795	0.0008061443634287189	0.0008062321044026978	4.882059468348827e-13	4.882059468348827e-13	4.882059468348827e-13
0.00794328234724282	0.0005321482940657047	0.0000637187689365466	0.0005315688805343008	0.00006305360587636245	0.0005321553267177259	0.00006372681536491517	0.01485904673651504	0.014875861419678305	0.014790364439958159	0	0.007373023469448991	0.007652771001056372	0.008049354132554871	0.007268644649715664	0.014699823965651821	0.0008305229696137575	0	0.0007426336618419322	0.0007425534629880162	0.0007426346706746151	4.556202995583211e-13	4.556202995583211e-13	4.556202995583211e-13
0.008511380382023776	0.0004905535119491545	0.000058595521958525335	0.0004900151665604984	0.000057977582277893854	0.0004905517354745023	0.00005859346938786638	0.013592643975540379	0.013609326968841266	0.013519170923472688	0	0.006960920725828634	0.007202129867212832	0.007588362796877809	0.006897237847670825	0.013448356068864194	0.0007963582416116092	0	0.0006840541535230575	0.0006839787889235176	0.0006840539480830785	4.2520960409321636e-13	4.2520960409321636e-13	4.2520960409321636e-13
0.009120108393559097	0.0004502376506521496	0.00005362061054906878	0.000449746303660289	0.00005305671038217807	0.00045023748641038103	0.00005362043589551574	0.012413694522855031	0.01242250775818186	0.01233362505075711	0	0.0065633387763744085	0.0067638144590747235	0.007137236534858869	0.006526525609787217	0.012280910096613364	0.0007594900407072263	0	0.000627336296648708	0.0006272665064298404	0.0006273361076062855	3.968286917601806e-13	3.968286917601806e-13	3.968286917601806e-13
0.009772372209558112	0.00041323512547959847	0.000049068081989097754	0.0004127866879628908	0.00004855349957653626	0.00041323632047301996	0.00004906948121799554	0.011337000511751748	0.011339186673624845	0.011252044060523504	0	0.006188465231850757	0.0063521745484010255	0.0067129296157905334	0.006175738386286434	0.011214809604147958	0.0007243286900203713	0	0.0005753211599783806	0.0005752565378642069	0.0005753209860266856	3.703420832648318e-13	3.703420832648318e-13	3.703420832648318e-13
0.010471285480509006	0.00037757969662839083	0.00004468467836189408	0.0003771698199441722	0.00004421433977273642	0.00037759446394614976	0.000044701961492497603	0.01033237349884506	0.01033513252343436	0.010244440538359203	0	0.00581992484289405	0.005944747653543722	0.0062864669270214675	0.00581549285579437	0.010222921569545724	0.0006860905056801906	0.007649986340201176	0.0005252529772947369	0.00052519200249114	0.0005252519004901724	3.4562334197302147e-13	3.4562334197302147e-13	3.4562334197302147e-13
0.011220184543019653	0.0003450007477958846	0.000040692857747110815	0.00034462611616367824	0.00004026296474175679	0.0003450267368550171	0.000040723180919709894	0.009416771394600553	0.009419984638351909	0.009327066387180019	0	0.005473332063434008	0.005563453018338325	0.005887096794754756	0.00547626130518974	0.009318760559111888	0.0006498709611671749	0.007141579495285488	0.00047954205294196533	0.0004794845800531595	0.00047954023174767523	3.2255447035215123e-13	3.2255447035215123e-13	3.2255447035215123e-13
0.012022644346174132	0.0003137825952859457	0.00003694379221281954	0.00031341395994138307	0.00003652049961499315	0.00031379111224575534	0.00003695378989836248	0.008566632042661965	0.008568458354008275	0.00847331936428751	0	0.0051233529449113534	0.005181614025811967	0.005483696381247907	0.0051261424976027856	0.008482559417687566	0.0006108437592027241	0.006624578499756144	0.0004357724166994241	0.00043571842647093477	0.0004357708413930527	3.0102534669744114e-13	3.0102534669744114e-13	3.0102534669744114e-13
0.01288249551693135	0.0002853892860621732	0.00003354013108506455	0.00028502863154888014	0.000033125898718170656	0.0002853832807913772	0.0000335332986523009	0.007793242660264825	0.007793906400384435	0.007697719526033835	0	0.004795752403456979	0.004825981961920201	0.0051079380975192585	0.004798408154999247	0.0077213931850886935	0.0005741602878927987	0.006145004802985386	0.00039599780246809266	0.0003959471379564669	0.00039599644333559975	2.8093319945429205e-13	2.8093319945429205e-13	2.8093319945429205e-13
0.013803842646028866	0.00025838467635871167	0.000030316059785463742	0.00025804169086032113	0.00002992197306052816	0.0002583817870085443	0.000030312737678246274	0.007075130840125746	0.007077394609052462	0.0069747606319242135	0	0.004463924337589252	0.004470857707196977	0.004728748513721922	0.00446227236030704	0.007013492424679963	0.0005356020086658903	0.005665432270420299	0.00035829223001659433	0.0003582443414517278	0.00035829178605370883	2.6218211662737686e-13	2.6218211662737686e-13	2.6218211662737686e-13
0.014791083881682071	0.00023393534458911587	0.00002740190485794116	0.0002336099144153341	0.00002702793000281255	0.00023393503527115552	0.00002740148158633732	0.006423189753878076	0.006426753399267701	0.006319701011203889	0.006429920690898541	0.004155056144549442	0.004141865592479222	0.00437770820223669	0.004149683389649735	0.0063704923207428005	0.0004996331472867353	0.005223286854898184	0.0003241768547455715	0.00032413167284035994	0.0003241771639973118	2.446825879345581e-13	2.446825879345581e-13	2.446825879345581e-13
0.01584893192461114	0.00021089124574083848	0.000024646844264254225	0.00021059324835467216	0.000024304593055220716	0.00021090343665490586	0.000024660928640543285	0.0058229945823345146	0.005824717833765957	0.005711021095400959	0.005780359133504767	0.0038447323788477423	0.0038162446046607285	0.004029255995631406	0.003834656028400554	0.005777452310717666	0.00046214283209433584	0.004789176217585727	0.00029194878846645856	0.00029190809216609925	0.00029194964889899905	2.2835107752006415e-13	2.2835107752006415e-13	2.2835107752006415e-13
0.01698243652461746	0.0001901171351778366	0.00002216878481024122	0.0001898443238745587	0.000021855659812586942	0.00019013936728755703	0.000022194471474024394	0.005278882798912363	0.0052790788342457744	0.005160965984671091	0.005196417392766129	0.003557585397335977	0.0035162229573665674	0.0037085395207558094	0.0035435442840832947	0.00523961940805305	0.00042746562836353213	0.004391144786846255	0.0002629246778087489	0.00026288802178866177	0.0002629259767753278	2.1310962518722686e-13	2.1310962518722686e-13	2.1310962518722686e-13
0.018197008586099864	0.00017061046660614534	0.00001986852372582592	0.00017035140977854688	0.000019570934070410314	0.00017061917117752664	0.00001987854059808999	0.00477665044275344	0.004775841388273169	0.004651322930801189	0.0046570949902155585	0.0032708168171028075	0.003221907860058402	0.00339468506622548	0.0032551784675567347	0.004744960264708388	0.0003931717214309239	0.004005245289575992	0.00023583985053636744	0.000235805520207577	0.00023584055877479287	1.988854742472141e-13	1.988854742472141e-13	1.988854742472141e-13
0.019498445997580455	0.00015310524897368672	0.000017806940633992004	0.00015285999718755584	0.00001752504676924746	0.00015310296856768437	0.000017804270616328507	0.004322200420315772	0.0043205759341917	0.004192006897711771	0.004173747431852431	0.0030071639767393138	0.0029522275420443282	0.0031073921780684507	0.002990279225023498	0.004297000633110414	0.0003616290814415905	0.003653259140469418	0.00021154512982411855	0.00021151303502548694	0.0002115453552569098	1.8561072420726203e-13	1.8561072420726203e-13	1.8561072420726203e-13
0.02089296130854041	0.00013685906201209628	0.000015886586338045557	0.00013663490878205743	0.00001562897948224342	0.00013685728319966635	0.000015884535360212253	0.0039016328345339774	0.0039029722485212624	0.0037684654769294954	0.0037300828687095275	0.0027493637779376326	0.0026919569363691074	0.002831194158849623	0.0027331371417941702	0.0038833667191725475	0.00033066747034182835	0.0033159613035698915	0.00018898548112989728	0.0001889556426155147	0.00018898529018860225	1.7322200664047137e-13	1.7322200664047137e-13	1.7322200664047137e-13
0.022387211385683423	0.00012233677800327998	0.000014173328853267252	0.00012213200733593235	0.0000139380512287714	0.00012233542001188237	0.000014171794455787998	0.0035219881761988027	0.0035257318942542716	0.003387716766058122	0.0033335793395780746	0.002513664449928589	0.0024546319834980192	0.0025795457752895382	0.0024981073918928453	0.003509549651767403	0.0003023567007011423	0.0030098054761480957	0.00016883164413944738	0.00016880394568561622	0.00016883112306718276	1.6166018268990477e-13	1.6166018268990477e-13	1.6166018268990477e-13
0.02398832919019495	0.0001089009862015719	0.000012593450859119164	0.00010871740468358743	0.000012382568254918089	0.00010890074077239489	0.000012593214785821005	0.0031742330323975007	0.003178179025191855	0.0030343397099998615	0.002971717274080547	0.00228674017437337	0.002228371623112731	0.0023394135563284705	0.002272526556310198	0.0031660899302279758	0.00027510639298559145	0.0027203469581150146	0.00015020974516023267	0.00015018423600034132	0.00015020921915676345	1.508700607629808e-13	1.508700607629808e-13	1.508700607629808e-13
0.025703957827688646	0.0000969407972748558	0.000011189679304201735	0.00009677622057438806	0.000011000676785517976	0.00009694143641820586	0.000011190471265764884	0.002860814642154192	0.0028648865594772953	0.0027178238653036554	0.002649135555953647	0.0020803017782432044	0.0020229672407420136	0.002121635459994559	0.0020673158271318336	0.002856242663853722	0.00025031205621055724	0.0024587261971482687	0.00013364181611870193	0.00013361835027845715	0.00013364129261111594	1.4080013306855543e-13	1.4080013306855543e-13	1.4080013306855543e-13
0.02754228703338169	0.00008595343519681208	9.911018995544511e-6	0.00008580255767388857	9.737762954664373e-6	0.00008595783285137537	9.916190723047798e-6	0.0025727553450902705	0.0025771409618082744	0.0024256661439613697	0.0023556052097399413	0.0018850151574630698	0.0018296690211263556	0.001916682373702227	0.0018731774669181818	0.0025720236481128465	0.00022677020255545258	0.0022122718075054896	0.0001184318579804827	0.00011841012231409336	0.00011843111436623415	1.3140232973901793e-13	1.3140232973901793e-13	1.3140232973901793e-13
0.0295120922666639	0.00007621139117708535	8.778472989226708e-6	0.00007607322191014923	8.619835780110044e-6	0.00007621868729724496	8.78701496305019e-6	0.0023137011283983094	0.002318296169549507	0.002164914480689878	0.002094598704729719	0.0017080609078103256	0.0016548407999140717	0.0017315280550930388	0.0016972703331150274	0.002316086700254719	0.00020544246068508813	0.001990521171474903	0.00010495296601066158	0.00010493287065151787	0.00010495205917262567	1.2263178936368278e-13	1.2263178936368278e-13	1.2263178936368278e-13
0.03162277660168379	0.00006730694009749968	7.748583556121248e-6	0.00006717753589592644	7.599978138363524e-6	0.00006731013915624419	7.752360890023374e-6	0.0020771797968237443	0.002080742726308418	0.0019242657837330167	0.0018588444460444654	0.0015412670550560888	0.0014909888520752228	0.0015585449747527388	0.0015321364190306332	0.0020823262752312187	0.00018533937636368208	0.0017827341373783468	0.00009263762810583938	0.00009261910012715891	0.00009263689671334534	1.144466448380878e-13	1.144466448380878e-13	1.144466448380878e-13
0.03388441561392028	0.0000594428748159436	6.839520631877157e-6	0.000059322074387471096	6.700785163086475e-6	0.00005944283474161473	6.83953533957588e-6	0.0018648371889413444	0.0018675311420312125	0.0017103672405875754	0.001649625136685171	0.001390760788528657	0.0013433604955401255	0.001402843246566103	0.0013830690142398873	0.001872159067292876	0.00016720343163886085	0.0015966376294401447	0.00008176739035849643	0.00008175033862223391	0.0000817668057237823	1.0680782350693114e-13	1.0680782350693114e-13	1.0680782350693114e-13
0.03630780547701017	0.00005227243200178656	6.010130473878239e-6	0.00005216028882982748	5.8812858485480534e-6	0.00005227727236445013	6.01573682448107e-6	0.0016705555570897042	0.0016736452620117093	0.0015146397515910584	0.0014606031303408809	0.0012505625575679976	0.0012060891917191382	0.0012581748434148622	0.0012438987545214475	0.001680017096746704	0.00015021901374669613	0.0014244003557406168	0.00007186477586597184	0.00007184933796709232	0.00007186489048292252	9.967886064660939e-14	9.967886064660939e-14	9.967886064660939e-14
0.038904514499428125	0.00004596694146845869	5.281315790566742e-6	0.00004586312530206527	5.162010479440468e-6	0.00004597548582173588	5.291162008040979e-6	0.0014965144870944923	0.001499888489145969	0.0013413105224768576	0.0012932401773705078	0.0011244972703361386	0.0010828449572628318	0.0011284253892777463	0.0011187323955416427	0.0015075948911982514	0.00013495986218613835	0.0012707431768005035	0.0000631614386569415	0.00006314747380025447	0.00006316209173645513	9.30257253969921e-14	9.30257253969921e-14	9.30257253969921e-14
0.04168693834703355	0.000040244692101280566	4.61819566696876e-6	0.00004015140113204854	4.510996498079932e-6	0.00004025632184552498	4.631602658524403e-6	0.0013372148860364497	0.001341479113306849	0.0011831785848261985	0.0011423840736029703	0.0010074044817007335	0.0009686091285505578	0.0010080492503867248	0.0010023533844721465	0.0013502483678935668	0.00012077177528768054	0.001129030259651541	0.000055268810341064466	0.000055256119477992035	0.0000552698059919416	8.681665831150289e-14	8.681665831150289e-14	8.681665831150289e-14
0.04466835921509635	0.000035234783750800996	4.0383366691504465e-6	0.00003515100644033229	3.942086031544636e-6	0.000035248598673085144	4.054259377023428e-6	0.001194872262753152	0.0011998000014409003	0.0010436893919286122	0.0010091252920050775	0.0009025044493414854	0.0008664247246281851	0.0009005143812437916	0.0008980809989651942	0.0012093239806286158	0.00010807525637526963	0.001003121126660939	0.00004836244172821469	0.00004835092452667227	0.00004836368414036781	8.102201975003284e-14	8.102201975003284e-14	8.102201975003284e-14
0.0478630092322639	0.00003070094922486715	3.5188879150044475e-6	0.000030622593761730104	3.4288511531926984e-6	0.00003071703431776265	3.5374458107284125e-6	0.0010660227701167026	0.0010708596325059996	0.000917352898490266	0.0008887252478711787	0.0008054049069072747	0.0007720815793149028	0.0008011334977757369	0.0008015052248717915	0.0010803941449929755	0.0000962721642022178	0.000886964477235799	0.000042113766617383406	0.000042103159938501035	0.00004211496282049068	7.561414839097686e-14	7.561414839097686e-14	7.561414839097686e-14
0.05128613839913648	0.00002675050569272895	3.066255533610413e-6	0.000026677564703239582	2.982436237228483e-6	0.000026768048455755242	3.0865126525346478e-6	0.0009510678102016185	0.0009557762553373149	0.00080630918247951	0.0007826902887691346	0.000718752206200897	0.0006880112584197197	0.0007127203014480608	0.0007153147948091491	0.0009652099249105772	0.00008575810884960025	0.0007842582146553561	0.00003667245232716907	0.000036662713157204056	0.00003667359352160867	7.056722918698115e-14	7.056722918698115e-14	7.056722918698115e-14
0.05495408738576248	0.00002319071402560202	2.6598350555569654e-6	0.000023121366589223876	2.5801223900642087e-6	0.000023200511764841775	2.671143290136016e-6	0.0008460140314274269	0.0008514511324766494	0.0007077552326840394	0.0006872671567581042	0.0006387313640251734	0.0006105479142738129	0.0006316161320515533	0.0006359848744711417	0.0008604101745869939	0.00007606595994825248	0.000690621394347397	0.00003176923809104102	0.00003176019738126747	0.00003176990217399054	6.585717013407706e-14	6.585717013407706e-14	6.585717013407706e-14
0.05888436553555896	0.00002010463739246008	2.3072840620166725e-6	0.000020039220179957422	2.2320784144900577e-6	0.000020108441862702648	2.3116725183612603e-6	0.0007525643636496929	0.0007585133308631016	0.0006212473828603192	0.000603477712111605	0.0005676194825834395	0.0005418061856724685	0.0005597412301252343	0.0005654528097157437	0.0007669892832913092	0.00006746919143234025	0.0006081643793045167	0.000027521597952627682	0.000027513243042648716	0.000027521892108833542	6.146148726594653e-14	6.146148726594653e-14	6.146148726594653e-14
0.06309573444801943	0.00001732841353521694	1.9882349971667754e-6	0.000017268958989071955	1.919925263129736e-6	0.000017331524248028395	1.9918286364106135e-6	0.000667881296245416	0.0006738774772632116	0.0005450080836038073	0.0005276543704349268	0.0005020298829305816	0.0004786155422547883	0.0004937192828591615	0.0005005663625376716	0.0006821567276337847	0.000059561561761457773	0.0005331990400838778	0.00002370498857523489	0.00002369715133517811	0.000023705152947355838	5.735919732432409e-14	5.735919732432409e-14	5.735919732432409e-14
0.06760829753919818	0.000014935554906357277	1.7133037362133945e-6	0.000014881664151009097	1.6514263083566137e-6	0.00001493809091778257	1.7162384746598306e-6	0.0005927272767889066	0.0005986853966639	0.00047812484911551024	0.0004613577751941736	0.0004440192965332996	0.00042279479885141903	0.00043548467961244887	0.0004431257197751972	0.0006067070442746928	0.00005258073446784318	0.0004674742981025794	0.000020417654684123013	0.000020410352226811675	0.000020417719611551518	5.353071759318878e-14	5.353071759318878e-14	5.353071759318878e-14
0.07244359600749906	0.000012806314596209317	1.4697796696615413e-6	0.000012755553480301312	1.4114673474998979e-6	0.000012805142445278475	1.468423763607118e-6	0.000524472095584269	0.0005304905844421073	0.0004196515753794932	0.0004006072260433514	0.00039062889316238836	0.00037165866389769645	0.00038209820979378276	0.000390467407987838	0.0005381722339416246	0.00004621438465007439	0.0004077673765304047	0.00001748752270555441	0.000017480914654965132	0.000017487453463867036	4.995777241859256e-14	4.995777241859256e-14	4.995777241859256e-14
0.07762471166286927	0.000010980622719767637	1.2608694136889042e-6	0.000010933195571262383	1.2063753998450816e-6	0.000010976748899598508	1.2563920348851757e-6	0.00046407680195982977	0.000470063679104097	0.0003683294123789508	0.00034785617190607516	0.00034365833504226747	0.00032670733610127336	0.0003352564367075842	0.00034406668332880307	0.00047737924937391377	0.000040618857271596385	0.00035568636401482476	0.000014977893157096287	0.000014971930605526348	0.000014977726919018884	4.662330596788877e-14	4.662330596788877e-14	4.662330596788877e-14
0.08317637711026708	9.348563888549006e-6	1.0721371645454215e-6	9.3061586993855e-6	1.0234104238625e-6	9.347162865697642e-6	1.0705266591764603e-6	0.00040969708594882097	0.00041534184619052244	0.0003238115305742026	0.0002991408872760524	0.0003005504726248962	0.00028565520943668094	0.00029245249856864835	0.00030162727533462907	0.00042224034770842775	0.000035525341118420616	0.0003082461462725998	0.000012737734398320462	0.00001273237288693992	0.000012737575438725509	4.351140081190628e-14	4.351140081190628e-14	4.351140081190628e-14
0.08912509381337459	7.959079280717827e-6	9.116551540706209e-7	7.921251309707286e-6	8.68194838691933e-7	7.959501892320065e-6	9.12157428721876e-7	0.00036168949089052744	0.00036699038208129323	0.0002846742720207471	0.0002572479020566738	0.00026284998029783895	0.0002497614521059287	0.0002551135624985603	0.00026442261815523945	0.0003734701738015589	0.00003107054078704121	0.00026713334078769577	0.000010832623513894155	0.000010827816639241148	0.000010832473374260887	4.0607201941413196e-14	4.0607201941413196e-14	4.0607201941413196e-14
0.09549925860214369	6.729875149848178e-6	7.698361989865242e-7	6.695848728649721e-6	7.30735620274695e-7	6.7298349913678816e-6	7.698042196660972e-7	0.0003179405807534714	0.0003230015987883516	0.0002503172091423414	0.00021829221692521613	0.00022827461254149145	0.00021697846276066545	0.0002210424243817416	0.00023035727837496036	0.0003292392977649075	0.000027041001806297303	0.00022951835790410182	9.146551598634417e-6	9.142241088614628e-6	9.146365142838602e-6	3.789684585515578e-14	3.789684585515578e-14	3.789684585515578e-14
0.10232929922807536	5.690509911400126e-6	6.500788929057191e-7	5.660013606943243e-6	6.150399921090976e-7	5.690139863493168e-6	6.496669521686471e-7	0.00027948341169926536	0.00028428546881297044	0.0002201066669918254	0.00018523568740174906	0.00019824729936035167	0.00018849847686669538	0.000191521583164885	0.00020068054718815932	0.0002902467795201409	0.000023534053806786313	0.00019719993191288666	7.72291274031436e-6	7.719060537047614e-6	7.722704911041722e-6	3.53673943809648e-14	3.53673943809648e-14	3.53673943809648e-14
0.10964781961431873	4.773585697396111e-6	5.454090014593991e-7	4.7456215665900275e-6	5.132620208910584e-7	4.772964991583117e-6	5.447070580252656e-7	0.0002443039811631509	0.0002491634816600387	0.00019240030384206735	0.00015450835598107167	0.0001708368211011117	0.00016259870344316523	0.00016456378227628808	0.00017349253105792664	0.0002548683564883769	0.00002034349580359892	0.0001674250196079859	6.467343743887063e-6	6.463947465054304e-6	6.467127982327165e-6	3.300677291401865e-14	3.300677291401865e-14	3.300677291401865e-14
0.11748975549395303	4.004407472295968e-6	4.575921201553059e-7	3.978952281255608e-6	4.283264592043745e-7	4.0036265113688975e-6	4.567044361301013e-7	0.00021355269298196605	0.0002183806328623731	0.000168181534091809	0.00012887814655389347	0.0001472162270966621	0.00014025757025132676	0.00014140045205120804	0.00014998792237029464	0.00022380223906870003	0.000017585488029763474	0.00014214577519792206	5.415901552694868e-6	5.4129147751137305e-6	5.415685931492854e-6	3.080371277743758e-14	3.080371277743758e-14	3.080371277743758e-14
0.12589254117941662	3.330747398331846e-6	3.800781367020504e-7	3.3081722322624396e-6	3.541120017178829e-7	3.3293883751316477e-6	3.785136486600261e-7	0.00018569686088067006	0.00019046759570508182	0.00014451989357329732	0.000105542517493935	0.00012578092299313812	0.00012010924526011182	0.00012031601235207523	0.00012858777641217516	0.00019554265789276896	0.000015114772055227683	0.00011870970474580352	4.49626988444919e-6	4.493691558081974e-6	4.496111153457396e-6	2.874769743005889e-14	2.874769743005889e-14	2.874769743005889e-14
0.1348962882591656	2.770416923913455e-6	3.1569466263945213e-7	2.750473678678705e-6	2.92756394254908e-7	2.768696560726785e-6	3.1370963557076126e-7	0.00016147454597468687	0.000166122354982537	0.00012418723465226268	0.00008643220977964114	0.00010746668965111874	0.00010285527384442274	0.0001023755060066013	0.0001102409846161197	0.00017085142318004555	0.000012991185339572431	0.00009913762108802867	3.732793640561123e-6	3.730571172488617e-6	3.7326786966524577e-6	2.6828912264612998e-14	2.6828912264612998e-14	2.6828912264612998e-14
0.1445439770745928	2.2815571547067902e-6	2.588272491191156e-7	2.264800388732749e-6	2.39552314265912e-7	2.2818265730924812e-6	2.591395506328087e-7	0.00013959838203792528	0.00014414096962351796	0.0001036061950311547	0.00006967923192380661	0.0000910359087882368	0.00008733841266413765	0.00008629797014934316	0.00009364471580021518	0.00014870878897877196	0.000011080788055610365	0.00008114540123311715	3.0686669137213605e-6	3.066791563794856e-6	3.068693442198164e-6	2.5038197756655254e-14	2.5038197756655254e-14	2.5038197756655254e-14
0.15488166189124797	1.8789601685079625e-6	2.1220360308428224e-7	1.8648863432381857e-6	1.9601727715018852e-7	1.8805717403369762e-6	2.1406198308188915e-7	0.00012068594557721486	0.00012506817114525014	0.00008643596645734703	0.00005617344938732849	0.00007711726038835788	0.00007416244244538386	0.00007274532690873055	0.00007954693826292981	0.00012943587772300014	9.451321086101793e-6	0.00006641854090322415	2.5226994937637723e-6	2.521118097175773e-6	2.5228207963989147e-6	2.3367005740604124e-14	2.3367005740604124e-14	2.3367005740604124e-14
0.1659586907437563	1.5305160053401292e-6	1.7221224541575643e-7	1.5186972113390248e-6	1.58617609751776e-7	1.5328987683942423e-6	1.7496346679668195e-7	0.00010363158917211802	0.00010791398016994793	0.00006983000922766685	0.00004457354344633188	0.00006481351349492103	0.00006244011408056908	0.00006068869528235838	0.00006688886332361152	0.0001121218058314771	7.996536531280917e-6	0.00005341232858242472	2.0510622211590213e-6	2.049729338666212e-6	2.0512056653013685e-6	2.1807358604166725e-14	2.1807358604166725e-14	2.1807358604166725e-14
0.1778279410038923	1.2466891432096925e-6	1.397575584961109e-7	1.236773076328102e-6	1.2835371702510562e-7	1.2495022570761151e-6	1.4300631187651533e-7	0.00008898721572734915	0.0000931126361686011	0.00005641436532259208	0.0000353690363869704	0.00005447277963975143	0.00005257065055895002	0.00005063030013867398	0.00005624503135414626	0.000097123761696234	6.765678143147802e-6	0.00004295301892815975	1.6676010144947365e-6	1.6664789985425878e-6	1.6677540820062196e-6	2.035181120636089e-14	2.035181120636089e-14	2.035181120636089e-14
0.1905460717963252	1.0027509826025799e-6	1.1248122497120082e-7	9.941348618167408e-7	1.0257035259722537e-7	1.0049790000606263e-6	1.1505702780378249e-7	0.00007610554514408538	0.00008003634493101149	0.00004443537636939576	0.000027623864208914964	0.00004536693685504475	0.0000438364919702874	0.00004185873971581099	0.000046837284426391957	0.00008358265819506624	5.672671649009365e-6	0.00003390236713882502	1.3385006418265026e-6	1.3375269356049877e-6	1.338588477692346e-6	1.8993415337344653e-14	1.8993415337344653e-14	1.8993415337344653e-14
0.20417379446695316	8.065439075868521e-7	9.052838434762802e-8	7.990989959238208e-7	8.196628407622553e-8	8.08308096158439e-7	9.257017731127514e-8	0.00006508860800213068	0.00006879642520609929	0.000034999997993403956	0.000021574743102520432	0.00003778325565945049	0.000036553438236535894	0.00003460682804164629	0.00003900311120152025	0.00007192947049150607	4.7562421617802845e-6	0.000026758782648969447	1.0743480920181678e-6	1.0735078600050976e-6	1.074390482351732e-6	1.7725686550400457e-14	1.7725686550400457e-14	1.7725686550400457e-14
0.21877616239495518	6.392250690962213e-7	7.179494871655456e-8	6.329144899882689e-7	6.453477479675096e-8	6.406863006725536e-7	7.348648731635085e-8	0.000055266897319687307	0.00005867249639500948	0.000026916495162944624	0.000016489478854845425	0.000031230646654050996	0.00003033935484631422	0.000028399091602180106	0.00003229728614893164	0.00006155038411185116	3.996878041204698e-6	0.00002084245663718827	8.496639244408739e-7	8.48968547775132e-7	8.496934979130149e-7	1.654257320774063e-14	1.654257320774063e-14	1.654257320774063e-14
0.23442288153199276	5.066167943461438e-7	5.69381050855757e-8	5.012905205493376e-7	5.081036922686719e-8	5.078248477533704e-7	5.8336971743472716e-8	0.00004692725859561849	0.00005003838241463117	0.000020699935811234825	0.000012602834324021463	0.00002581443217125774	0.000025181665443731766	0.000023304892400379612	0.00002674439706095295	0.000052668951382920996	3.3587512016597123e-6	0.000016234221278739554	6.719691595859876e-7	6.713948001349369e-7	6.71989423077637e-7	1.5438427592372978e-14	1.5438427592372978e-14	1.5438427592372978e-14
0.25118864315095824	3.9460264764328867e-7	4.452293134689842e-8	3.9006160082165295e-7	3.9296518359185734e-8	3.95321919205957e-7	4.5356895367174744e-8	0.00003954684422336844	0.00004236948168771732	0.000015463382245860274	9.448353983437441e-6	0.000021024989610759384	0.00002040199706838185	0.00001881145856138424	0.000021641710539068326	0.00004471098973525184	2.7202724447654014e-6	0.000012293959983758508	5.220910733515945e-7	5.216213304762652e-7	5.220940596054561e-7	1.4407978948125037e-14	1.4407978948125037e-14	1.4407978948125037e-14
0.2691534803926914	3.0735508823401645e-7	3.481484697710483e-8	3.0351272605119233e-7	3.039175622320185e-8	3.0774275913450383e-7	3.5264908271126103e-8	0.000033327173477237696	0.00003587591948138014	0.00001155154260680401	7.083437796701316e-6	0.000017124149204596	0.000016529545486510827	0.000015184407081875769	0.000017512589047693907	0.000037955428209911884	2.2031647268464905e-6	9.310052480323871e-6	4.056422604890999e-7	4.052590403636506e-7	4.05634668812062e-7	1.3446308319130219e-14	1.3446308319130219e-14	1.3446308319130219e-14
0.28840315031266117	2.3439221428240466e-7	2.6843162044093478e-8	2.3105977576648965e-7	2.3006479586065522e-8	2.3435060600549685e-7	2.679763350990275e-8	0.000027771152015835103	0.00003005744153548248	8.368957438344348e-6	5.184830164007849e-6	0.000013757254990739417	0.000013207797070056676	0.000012086098580751854	0.000013964958458033508	0.00003186346919707276	1.770219989296959e-6	6.903384014184321e-6	3.083907111072358e-7	3.0808238979037685e-7	3.083787333611113e-7	1.25488250686706e-14	1.25488250686706e-14	1.25488250686706e-14
0.30902954325135923	1.7874996126427923e-7	2.0696783444124527e-8	1.7590240999732072e-7	1.74158445815638e-8	1.7846140942390373e-7	2.0363392305178478e-8	0.00002314138295626486	0.000025182624019653462	6.063211727545932e-6	3.795115394692257e-6	0.0000110523485061337	0.000010553581378638584	9.619985694272437e-6	0.00001113599275375476	0.00002674928770814604	1.4223533866176105e-6	5.118844490728223e-6	2.3445493717187222e-7	2.3420762881386052e-7	2.3444111290562612e-7	1.1711244965285953e-14	1.1711244965285953e-14	1.1711244965285953e-14
0.3311311214825908	1.3238247784951593e-7	1.5374392558576177e-8	1.3017544556829678e-7	1.2831527164459186e-8	1.325019162132417e-7	1.5507646787669396e-8	0.00001895936312462104	0.000020772739178083468	4.227988328201819e-6	2.694800313330468e-6	8.687263603046058e-6	8.249150586805797e-6	7.512661435867297e-6	8.698081815511023e-6	0.000022102855665648128	1.1221696285845713e-6	3.6993007270231266e-6	1.7332675474292025e-7	1.7313348373042592e-7	1.7332360511819637e-7	1.0929569731540239e-14	1.0929569731540239e-14	1.0929569731540239e-14
0.354813389233576	9.804265308716125e-8	1.1420709270275526e-8	9.633550006030267e-8	9.453925050901365e-9	9.837845535825402e-8	1.1809776351946624e-8	0.000015533101490545225	0.000017135096510352323	2.9482535175537445e-6	1.913498793444382e-6	6.828281687545869e-6	6.447904551296085e-6	5.866961099907893e-6	6.7938825879545315e-6	0.00001826352289850665	8.853388244901481e-7	2.6734209046086297e-6	1.2813619654206225e-7	1.2798559696984188e-7	1.2813909522456882e-7	1.0200067957820518e-14	1.0200067957820518e-14	1.0200067957820518e-14
0.38018939632056126	7.021242801025526e-8	8.260895968731241e-9	6.888625794960548e-8	6.733005671126157e-9	7.029791466514677e-8	8.359873611379194e-9	0.000012421180097531364	0.000013815125933628962	1.9547149220982497e-6	1.3130242102447833e-6	5.2314315292331195e-6	4.894732258620922e-6	4.464515557959565e-6	5.153253979066419e-6	0.000014759322400951575	6.831997045336391e-7	1.871470628812107e-6	9.1539099832774e-8	9.142732776818353e-8	9.154123768621106e-8	9.519257290057593e-15	9.519257290057593e-15	9.519257290057593e-15
0.40738027780411384	5.0282044517017775e-8	5.975320848400532e-9	4.9258233271525856e-8	4.795189841609095e-9	5.023251064750048e-8	5.9177654779815755e-9	9.932705011244436e-6	0.0000111384084966616	1.2959911364216034e-6	9.009844075132969e-7	4.008017990085306e-6	3.7156883593706414e-6	3.3973123100433647e-6	3.908814470807443e-6	0.000011927468700632763	5.272126595641436e-7	1.310082639238968e-6	6.539453350672654e-8	6.531169491517369e-8	6.539610867735005e-8	8.883887806339335e-15	8.883887806339335e-15	8.883887806339335e-15
0.43651583224016655	3.4614084231899e-8	4.279061184281998e-9	3.3737695986376405e-8	3.272137753211881e-9	3.451127631548404e-8	4.162482482491585e-9	7.68858536513069e-6	8.698345986499242e-6	8.064101609445227e-7	5.917717177119542e-7	2.955074241711401e-6	2.7117502472584374e-6	2.4950772502922856e-6	2.854855866609153e-6	9.328825025163068e-6	3.9764937845537586e-7	8.782619071186387e-7	4.4757934317236995e-8	4.469230099823234e-8	4.4755965974628924e-8	8.290926503064145e-15	8.290926503064145e-15	8.290926503064145e-15
0.4677351412871981	2.3828283808298472e-8	3.0643316205740113e-9	2.310744935156095e-8	2.2328387049639037e-9	2.371030588698942e-8	2.9278383000332956e-9	5.9514850033279665e-6	6.79282169652196e-6	5.017760765479658e-7	3.886790525601726e-7	2.178748647243559e-6	1.97906516701302e-6	1.8324516314034852e-6	2.085082850562899e-6	7.296349169668482e-6	2.999264629128438e-7	5.887750546360535e-7	3.063364132936347e-8	3.058260501600531e-8	3.063020921022958e-8	7.737542816576381e-15	7.737542816576381e-15	7.737542816576381e-15
0.5011872336272735	1.5550719907720136e-8	2.0805262868490216e-9	1.4996923215783358e-8	1.4432042371096467e-9	1.5398880952811013e-8	1.906754314078581e-9	4.39585428299875e-6	5.07980646759898e-6	2.934410290515854e-7	2.4423589008812837e-7	1.5305565075000172e-6	1.3700856509015269e-6	1.278452406683684e-6	1.442269601921101e-6	5.463293672803297e-6	2.1939574283327883e-7	3.780657669125165e-7	1.9863660263657176e-8	1.982855069308903e-8	1.98584587561214e-8	7.221095111170753e-15	7.221095111170753e-15	7.221095111170753e-15
0.5370317963702532	1.0148649042200448e-8	1.4125721906883665e-9	9.7331255612993e-9	9.328208371616142e-10	1.0000947930788585e-8	1.2417735003384629e-9	3.2468425723249526e-6	3.7987797856483e-6	1.7160570532426435e-7	1.5347153291186687e-7	1.0752058185392038e-6	9.484956443548717e-7	8.919419907981455e-7	9.976301920396717e-7	4.0907551244082175e-6	1.6048764589123463e-7	2.4276457194591223e-7	1.2880120741369297e-8	1.2856047494405564e-8	1.2874818499015666e-8	6.73911806896424e-15	6.73911806896424e-15	6.73911806896424e-15
0.5754399373371566	6.267036322572688e-9	8.47053338299891e-10	6.031567963514812e-9	5.753061533960187e-10	6.189122097009493e-9	7.570446238755804e-10	2.276775130550523e-6	2.722271905548682e-6	9.61124566487578e-8	9.173879413883245e-8	7.20568917686726e-7	6.302014087374946e-7	5.952436255798497e-7	6.63780361030601e-7	2.9326985566937595e-6	1.128670715563749e-7	1.5019079247856762e-7	7.97266863764266e-9	7.957592911840622e-9	7.968778325134345e-9	6.2893109214396004e-15	6.2893109214396004e-15	6.2893109214396004e-15
0.6165950018614835	3.769598747810334e-9	5.258105922454427e-10	3.610867656148699e-9	3.4268353706016133e-10	3.725879469797537e-9	4.754652054257597e-10	1.542730820982201e-6	1.8806595458784364e-6	5.3030864787115143e-8	5.333864417160797e-8	4.6943811296412406e-7	4.035414132240451e-7	3.842097624686803e-7	4.237811375577601e-7	2.0288978162805922e-6	7.934301029722167e-8	8.891299557768743e-8	4.769004426010666e-9	4.758112541089239e-9	4.764868689768303e-9	5.869526466482978e-15	5.869526466482978e-15	5.869526466482978e-15
0.6606934480075964	2.2240465354379396e-9	3.648127635668951e-10	2.0785399447966834e-9	1.9668741411348816e-10	2.137722620642231e-9	2.6500723005969924e-10	1.0059550484608585e-6	1.2482984032979843e-6	2.8852675132170597e-8	2.9456457542976458e-8	2.9107008951440404e-7	2.4745322641160074e-7	2.3679888886278055e-7	2.598252060148674e-7	1.345461012488739e-6	5.270180627019387e-8	5.211230980101706e-8	2.743890450374751e-9	2.7370152007418373e-9	2.7405752617629014e-9	5.477760818487014e-15	5.477760818487014e-15	5.477760818487014e-15
0.7079457843841374	1.2243331395989586e-9	1.9547124113483585e-10	1.1491797194699503e-9	1.0864560829883371e-10	1.179748211480194e-9	1.4392896593868842e-10	6.26506435481539e-7	7.935631216122698e-7	1.5513058838403584e-8	1.6003288117754676e-8	1.736816769133731e-7	1.45772625891542e-7	1.4119282651041172e-7	1.532629410176103e-7	8.521197750818808e-7	3.5833676878648006e-8	2.828904368110266e-8	1.516582322556732e-9	1.512906321166045e-9	1.514800735156285e-9	5.112143842590258e-15	5.112143842590258e-15	5.112143842590258e-15
0.7585775750291851	6.478606662116923e-10	1.0275561775060456e-10	6.087823424118479e-10	5.761199384069238e-11	6.246707865899064e-10	7.595224919410499e-11	3.7233895224258957e-7	4.786638116245023e-7	8.147125356310706e-9	8.443290303790962e-9	9.998334173977675e-8	8.177311794367001e-8	8.12683830426939e-8	8.625019227794156e-8	5.134263936390925e-7	2.3284753510336908e-8	1.563727293964352e-8	8.036177380899407e-10	8.01657278313297e-10	8.026274716988809e-10	4.770930227390203e-15	4.770930227390203e-15	4.770930227390203e-15
0.8128305161640995	3.272973249026216e-10	5.2824570911250707e-11	3.0671845912867216e-10	2.9052475108983404e-11	3.1508067569513645e-10	3.870680530260837e-11	2.129121890584103e-7	2.744834723105109e-7	4.30828850859049e-9	4.459230953241926e-9	5.532203844444249e-8	4.481633381507027e-8	4.501797733316205e-8	4.739134172425882e-8	2.9497297659577544e-7	1.4432557197536228e-8	8.493234241162477e-9	4.0502311773201893e-10	4.0398109318918134e-10	4.0447094353482793e-10	4.4524911535142796e-15	4.4524911535142796e-15	4.4524911535142796e-15
0.8709635899560796	1.5266366153682637e-10	2.622792484986055e-11	1.4155753974968222e-10	1.339753305296161e-11	1.4606910861709216e-10	1.8607198554284903e-11	1.18854629669775e-7	1.5417173832249217e-7	2.292297623848995e-9	2.3609794724434963e-9	3.058699468948843e-8	2.3969732695400712e-8	2.4649907697765674e-8	2.5360226930063613e-8	1.6562360202669762e-7	8.134148761381083e-9	4.50058081150083e-9	1.8696120210810408e-10	1.864101504052495e-10	1.866625276150996e-10	4.1553065182777635e-15	4.1553065182777635e-15	4.1553065182777635e-15
0.9332543007969925	5.715667950833756e-11	1.208922645654891e-11	5.086215317497883e-11	4.811687572051437e-12	5.3417693400172694e-11	7.765616631564179e-12	6.780730537067978e-8	8.831684126874517e-8	1.2489803460432418e-9	1.2694428768328701e-9	1.7103130181941558e-8	1.1967291187037121e-8	1.3710049269135646e-8	1.2919537160138246e-8	9.482809097818232e-8	4.3438859116584365e-9	2.0949269309653062e-9	6.721299253745642e-11	6.697084635097487e-11	6.707778310192518e-11	3.8779576793124825e-15	3.8779576793124825e-15	3.8779576793124825e-15