1.e-9	0	0	0	0	0	0	0.00003660957052223799	0	0	0	0	0	0	0	0.00019260410259833695	1.8996398532586587e-10	0	2.050640886313332e-9	2.050640886313332e-9	2.050640886313332e-9	0	0	0
1.0715193052376092e-9	0	0	0	0	0	0	0.00005032851396177665	0	0	0	0	0	0	0	0.0003029634406973212	3.230337963744077e-10	0	3.4871152517149187e-9	3.4871152517149187e-9	3.4871152517149187e-9	0	0	0
1.148153621496884e-9	0	0	0	0	0	0	0.00006918844666757345	0	0	0	0	0	0	0	0.0004765570678967776	5.493190376115254e-10	0	5.9298402074696266e-9	5.9298402074696266e-9	5.9298402074696266e-9	0	0	0
1.2302687708123811e-9	0	0	0	0	0	0	0.00009511588512046229	0	0	0	0	0	0	0	0.000749617308410763	9.341171371825603e-10	0	1.0083694500442209e-8	1.0083694500442209e-8	1.0083694500442209e-8	0	0	0
1.31825673855641e-9	0	0	0	0	0	0	0.00015599104222940643	0	0	0	0	0	0	0	0.0012478855496086357	1.588466385166924e-9	0	1.714732458560445e-8	1.714732458560445e-8	1.714732458560445e-8	0	0	0
1.4125375446227555e-9	0	0	0	0	0	0	0.00025582693390275934	0	0	0	0	0	0	0	0.0020773511062909485	2.7011874168324656e-9	0	2.9159029007786886e-8	2.9159029007786886e-8	2.9159029007786886e-8	0	0	0
1.5135612484362133e-9	0	0	0	0	0	0	0.00017146019787553555	0	0	0	0	0	0	0	0.003510576603534158	4.593369761543738e-9	0	4.9584934864462836e-8	4.9584934864462836e-8	4.9584934864462836e-8	0	0	0
1.6218100973589331e-9	0	0	0	0	0	0	0.00011491596684926331	0	0	0	0	0	0	0	0.005932626435637003	7.811026230459108e-9	0	8.431919200246547e-8	8.431919200246547e-8	8.431919200246547e-8	0	0	0
1.7378008287493762e-9	0	0	0	0	0	0	0.00009425180531097676	0	0	0	0	0	0	0	0.010069654970052641	1.3282651721992716e-8	0	1.4338480345658221e-7	1.4338480345658221e-7	1.4338480345658221e-7	0	0	0
1.8620871366628732e-9	0	0	0	0	0	0	0.00007730346833378588	0	0	0	0	0	0	0	0.017091578631483115	2.2587152003122406e-8	0	2.4382588796251127e-7	2.4382588796251127e-7	2.4382588796251127e-7	0	0	0
1.9952623149688828e-9	0	0	0	0	0	0	0.00009824442152683952	0	0	0	0	0	0	0	0.02904796812350679	3.8409456657470755e-8	0	4.146259729589072e-7	4.146259729589072e-7	4.146259729589072e-7	0	0	0
2.1379620895022324e-9	0	0	0	0	0	0	0.00012485812822094308	0	0	0	0	0	0	0	0.049368432857923514	6.531528899784409e-8	0	7.050715528556142e-7	7.050715528556142e-7	7.050715528556142e-7	0	0	0
2.2908676527677795e-9	0	0	0	0	0	0	0.00016806302708934464	0	0	0	0	0	0	0	0.025363636509001423	1.1106866246289887e-7	0	1.1989743216002207e-6	1.1989743216002207e-6	1.1989743216002207e-6	0	0	0
2.4547089156850337e-9	0	0	0	0	0	0	0.0002262182004238546	0	0	0	0	0	0	0	0.01303087863477822	1.8887228351242147e-7	0	2.0388560821017717e-6	2.0388560821017717e-6	2.0388560821017717e-6	0	0	0
2.6302679918953816e-9	0	0	0	0	0	0	0.00021209088271054838	0	0	0	0	0	0	0	0.006908129001983696	3.016490531228102e-7	0	3.4466433412147874e-6	3.4466433412147874e-6	3.4466433412147874e-6	0	0	0
2.818382931264461e-9	0	0	0	0	0	0	0.00019884581543243347	0	0	0	0	0	0	0	0.0036622431722050587	4.817655060749185e-7	0	5.826478104964749e-6	5.826478104964749e-6	5.826478104964749e-6	0	0	0
3.019951720402019e-9	0	0	0	0	0	0	0.00017872964989593007	0	0	0	0	0	0	0	0.0024707067683971047	7.272836917601864e-7	0	9.814097983453385e-6	9.814097983453385e-6	9.814097983453385e-6	0	0	0
3.2359365692962944e-9	0	0	0	0	0	0	0.00016064852902461976	0	0	0	0	0	0	0	0.0016668450587150729	1.0979232876379846e-6	0	0.000016530830030367523	0.000016530830030367523	0.000016530830030367523	0	0	0
3.4673685045253237e-9	0	0	0	0	0	0	0.000178861809997061	0	0	0	0	0	0	0	0.002032859833720017	1.7855480822525975e-6	0	0.000028024807364347274	0.000028024807364347274	0.000028024807364347274	0	0	0
3.715352290971728e-9	0	0	0	0	0	0	0.00019913999380922874	0	0	0	0	0	0	0	0.002479246095457622	2.9038294295539544e-6	0	0.00004751061056014362	0.00004751061056014362	0.00004751061056014362	0	0	0
3.9810717055349855e-9	0	0	0	0	0	0	0.0002428069230187666	0	0	0	0	0	0	0	0.004031364807132938	4.598574452620899e-6	0	0.000046235769549723025	0.000046235769549723025	0.000046235769549723025	0	0	0
4.265795188015934e-9	0	0	0	0	0	0	0.0002960490293191395	0	0	0	0	0	0	0	0.006555179107861104	7.282413622877973e-6	0	0.000044995136047534944	0.000044995136047534944	0.000044995136047534944	0	0	0
4.570881896148752e-9	0	0	0	0	0	0	0.00033998298413546964	0	0	0	0	0	0	0	0.011099615083612128	0.000010660557755604555	0	0.000047031650789482184	0.000047031650789482184	0.000047031650789482184	0	0	0
4.8977881936844766e-9	0	0	0	0	0	0	0.00039043677923042517	0	0	0	0	0	0	0	0.018794521549624996	0.00001560574523033849	0	0.00004916033976754614	0.00004916033976754614	0.00004916033976754614	0	0	0
5.248074602497734e-9	0	0	0	0	0	0	0.0004486975012032126	0	0	0	0	0	0	0	0.023916276817971538	0.000023601338707753	0	0.000050767888880539266	0.000050767888880539266	0.000050767888880539266	0	0	0
5.623413251903491e-9	0	0	0	0	0	0	0.0005156518501736609	0	0	0	0	0	0	0	0.030433778020023717	0.00003569346933302668	0	0.00005242800504581476	0.00005242800504581476	0.00005242800504581476	0	0	0
6.025595860743593e-9	0	0	0	0	0	0	0.0006951916185493715	0	0	0	0	0	0	0	0.018825156705905375	0.00005816275230489254	0	0.00007779387843228444	0.00007779387843228444	0.00007779387843228444	0	0	0
6.456542290346562e-9	0	0	0	0	0	0	0.0009372435807968369	0	0	0	0	0	0	0	0.011644513039713514	0.00009477660252403379	0	0.00011543234414981494	0.00011543234414981494	0.00011543234414981494	0	0	0
6.918309709189363e-9	0	0	0	0	0	0	0.0012467041813395835	0	0	0	0	0	0	0	0.012603176852041098	0.00009876034102348935	0	0.00012766583837294182	0.00012766583837294182	0.00012766583837294182	0	0	0
7.413102413009192e-9	0	0	0	0	0	0	0.0016583429832063923	0	0	0	0	0	0	0	0.013640765072966531	0.00010291152773283676	0	0.00014119583559971075	0.00014119583559971075	0.00014119583559971075	0	0	0
7.943282347242822e-9	0	0	0	0	0	0	0.002417366872794761	0	0	0	0	0	0	0	0.015850408081926483	0.00013168531583910835	0	0.0001789155970299795	0.0001789155970299795	0.0001789155970299795	0	0	0
8.511380382023759e-9	0	0	0	0	0	0	0.0035237961367840785	0	0	0	0	0	0	0	0.018417987189113465	0.0001685041781972593	0	0.0002267120041085696	0.0002267120041085696	0.0002267120041085696	0	0	0
9.120108393559115e-9	0	0	0	0	0	0	0.005660871056640012	0	0	0	0	0	0	0	0.02502655879753935	0.00015780016146832156	0	0.00022398005188274545	0.00022398005188274545	0.00022398005188274545	0	0	0
9.772372209558111e-9	0	0	0	0	0	0	0.009094016758060902	0	0	0	0	0	0	0	0.03400635687361691	0.0001477761039864436	0	0.00022128102055581121	0.00022128102055581121	0.00022128102055581121	0	0	0
1.0471285480509006e-8	0	0	0	0	0	0	0.011247517193361603	0	0	0	0	0	0	0	0.0352562442725201	0.00010723129130704399	0	0.00017277007576791575	0.00017277007576791575	0.00017277007576791575	0	0	0
1.1220184543019653e-8	0	0	0	0	0	0	0.013910975356717929	0	0	0	0	0	0	0	0.03655207068558291	0.00007781061704286777	0	0.00013489407725016705	0.00013489407725016705	0.00013489407725016705	0	0	0
1.202264434617413e-8	0	0	0	0	0	0	0.01513115142819618	0	0	0	0	0	0	0	0.03292424771710067	0.00007855479051792398	0	0.0001444112714812778	0.0001444112714812778	0.0001444112714812778	0	0	0
1.288249551693135e-8	0	0	0	0	0	0	0.016458353039381656	0	0	0	0	0	0	0	0.029656489151093885	0.00007930608119859986	0	0.00015459993319175415	0.00015459993319175415	0.00015459993319175415	0	0	0
1.3803842646028866e-8	0	0	0	0	0	0	0.013774899381913569	0	0	0	0	0	0	0	0.027842619961501145	0.00004861646274048768	0	0.000113353369120134	0.000113353369120134	0.000113353369120134	0	0	0
1.4791083881682102e-8	0	0	0	0	0	0	0.01152896966833868	0	0	0	0	0	0	0	0.02613969180138061	0.000029803016536378236	0	0.00008311120209184292	0.00008311120209184292	0.00008311120209184292	0	0	0
1.5848931924611173e-8	0	0	0	0	0	0	0.007970828355267396	0	0	0	0	0	0	0	0.025765842046450042	0.00002342821077340934	0	0.00006428763751834933	0.00006428763751834933	0.00006428763751834933	0	0	0
1.698243652461746e-8	0	0	0	0	0	0	0.005510822432260923	0	0	0	0	0	0	0	0.02539733908903806	0.000018416963241735094	0	0.00004972735604429868	0.00004972735604429868	0.00004972735604429868	0	0	0
1.8197008586099862e-8	0	0	0	0	0	0	0.006657247720347932	0	0	0	0	0	0	0	0.0243246508061448	0.000025249413226497652	0	0.00006622999474208016	0.00006622999474208016	0.00006622999474208016	0	0	0
1.9498445997580494e-8	0	0	0	0	0	0	0.008042165712077708	0	0	0	0	0	0	0	0.023297268850352135	0.000034616611865613584	0	0.00008820923838436801	0.00008820923838436801	0.00008820923838436801	0	0	0
2.0892961308540408e-8	0	0	0	0	0	0	0.010714852198366594	0	0	0	0	0	0	0	0.01792236484533895	0.000023868143840611174	0	0.00008568279083145189	0.00008568279083145189	0.00008568279083145189	0	0	0
2.2387211385683424e-8	0	0	0	0	0	0	0.014275763736181266	0	0	0	0	0	0	0	0.013787502891979162	0.000016457078255021778	0	0.00008322870460207258	0.00008322870460207258	0.00008322870460207258	0	0	0
2.3988329190194947e-8	0	0	0	0	0	0	0.015101852845325269	0	0	0	0	0	0	0	0.01455636927749941	0.000017460754160240898	0	0.00009295853059968131	0.00009295853059968131	0.00009295853059968131	0	0	0
2.5703957827688646e-8	0	0	0	0	0	0	0.01597574487618034	0	0	0	0	0	0	0	0.015368111847591558	0.0000185256417402853	0	0.00010382581889946537	0.00010382581889946537	0.00010382581889946537	0	0	0
2.754228703338169e-8	0	0	0	0	0	0	0.01760017052397488	0	0	0	0	0	0	0	0.014447299775918264	0.00002828649905641308	0	0.00012248494513236957	0.00012248494513236957	0.00012248494513236957	0	0	0
2.95120922666639e-8	0	0	0	0	0	0	0.019389768982531298	0	0	0	0	0	0	0	0.013581660055913755	0.00004319019227973761	0	0.0001444974086706369	0.0001444974086706369	0.0001444974086706369	0	0	0
3.162277660168386e-8	0	0	0	0	0	0	0.021552420152391494	0	0	0	0	0	0	0	0.01618766769232796	0.00006202667489280925	0	0.00017069911518161526	0.00017069911518161526	0.00017069911518161526	0	0	0
3.3884415613920346e-8	0	0	0	0	0	0	0.023956284102389296	0	0	0	0	0	0	0	0.019293708150436576	0.00008907828826831257	0	0.00020165197557420121	0.00020165197557420121	0.00020165197557420121	0	0	0
3.6307805477010175e-8	0	0	0	0	0	0	0.026272529305031486	0	0	0	0	0	0	0	0.021445085648583464	0.0000918704164054162	0	0.00020192066443674455	0.00020192066443674455	0.00020192066443674455	0	0	0
3.890451449942813e-8	0	0	0	0	0	0	0.028812723756891114	0	0	0	0	0	0	0	0.023836356126527316	0.00009475006283329092	0	0.00020218971131068337	0.00020218971131068337	0.00020218971131068337	0	0	0
4.1686938347033635e-8	0	0	0	0	0	0	0.02838854529993435	0	0	0	0	0	0	0	0.026809119336775353	0.00009346736220578574	0	0.00020329610659982277	0.00020329610659982277	0.00020329610659982277	0	0	0
4.4668359215096346e-8	0	0	0	0	0	0	0.02797061156197278	0	0	0	0	0	0	0	0.030152632214350533	0.00009220202643114294	0	0.00020440855615615414	0.00020440855615615414	0.00020440855615615414	0	0	0
4.78630092322639e-8	0	0	0	0	0	0	0.024893942794959805	0	0	0	0	0	0	0	0.03317105961055318	0.0000828822424146662	0	0.00020217783696442992	0.00020217783696442992	0.00020217783696442992	0	0	0
5.128613839913659e-8	0	0	0	0	0	0	0.02215569675713686	0	0	0	0	0	0	0	0.036491646495896736	0.00007450450248849709	0	0.0001999714617052982	0.0001999714617052982	0.0001999714617052982	0	0	0
5.495408738576248e-8	0	0	0	0	0	0	0.02218124950746561	0	0	0	0	0	0	0	0.038262511113528457	0.00008766237816780436	0	0.0002100061821428733	0.0002100061821428733	0.0002100061821428733	0	0	0
5.888436553555896e-8	0	0	0	0	0	0	0.022206831728456364	0	0	0	0	0	0	0	0.040119312152097686	0.00010314400189735711	0	0.00022054445250403092	0.00022054445250403092	0.00022054445250403092	0	0	0
6.309573444801943e-8	0	0	0	0	0	0	0.024272752099061098	0	0	0	0	0	0	0	0.035498626936255155	0.00012332438278149193	0	0.0002321164946183725	0.0002321164946183725	0.0002321164946183725	0	0	0
6.760829753919818e-8	0	0	0	0	0	0	0.026530866792109763	0	0	0	0	0	0	0	0.03141012262578241	0.00014745310545125867	0	0.0002442957257015395	0.0002442957257015395	0.0002442957257015395	0	0	0
7.244359600749906e-8	0	0	0	0	0	0	0.0260749699113196	0	0	0	0	0	0	0	0.030569789447337445	0.00015575345417890055	0	0.0002576711878741532	0.0002576711878741532	0.0002576711878741532	0	0	0
7.762471166286928e-8	0	0	0	0	0	0	0.02562690699869721	0	0	0	0	0	0	0	0.029751938188470082	0.00016452104155024251	0	0.00027177897144869533	0.00027177897144869533	0.00027177897144869533	0	0	0
8.317637711026726e-8	0	0	0	0	0	0	0.026251653467255116	0	0	0	0	0	0	0	0.032102917722517714	0.0001743129364616353	0	0.0002942649332765568	0.0002942649332765568	0.0002942649332765568	0	0	0
8.912509381337478e-8	0	0	0	0	0	0	0.026891630339934296	0	0	0	0	0	0	0	0.03463967018787762	0.00018468762130100273	0	0.00031861129834543294	0.00031861129834543294	0.00031861129834543294	0	0	0
9.549925860214369e-8	0	0	0	0	0	0	0.0264876759727355	0	0	0	0	0	0	0	0.032327518347478434	0.000192788425706444	0	0.0003386854237995876	0.0003386854237995876	0.0003386854237995876	0	0	0
1.0232929922807557e-7	0	0	0	0	0	0	0.02608978963223202	0	0	0	0	0	0	0	0.030169699562332546	0.0002012445491719993	0	0.00036002432082600755	0.00036002432082600755	0.0003600243208260083	0	0	0
1.0964781961431874e-7	0	0	0	0	0	0	0.02741868942722382	0	0	0	0	0	0	0	0.032720228373074166	0.0001943332398742771	0	0.00036108488500248255	0.00036108488500248255	0.00036108488500248255	0	0	0
1.1748975549395303e-7	0	0	0	0	0	0	0.028815277566584096	0	0	0	0	0	0	0	0.03548637740240558	0.00018765928456405652	0	0.0003621485734022596	0.0003621485734022596	0.0003621485734022596	0	0	0
1.2589254117941688e-7	0	0	0	0	0	0	0.0314413993707693	0	0	0	0	0	0	0	0.03706797573470135	0.00019497376458891682	0	0.0003793722776494415	0.0003793722776494415	0.0003793722776494423	0	0	0
1.3489628825916562e-7	0.0002691191589050116	0.000038322175387226474	0	0	0	0	0.03430685656620587	0	0	0	0	0	0	0	0.03872006458949693	0.00020257334437933513	0	0.0003974151373752918	0.0003974151373752918	0.00039741513737529265	0	0	0
1.445439770745928e-7	0.00026810570002905283	0.00004142426923635429	0	0	0	0	0.03734218719331153	0	0	0	0	0	0	0	0.04152955047255616	0.00019763888885027749	0	0.00040709139102865476	0.00040709139102865476	0.00040709139102865644	0	0	0
1.5488166189124826e-7	0.00026709605767399034	0.000044777470600950077	0	0	0	0	0.04064607148397081	0	0	0	0	0	0	0	0.04454288960355826	0.0001928246310276013	0	0.00041700324185977997	0.00041700324185977916	0.0004170032418597826	0	0	0
1.659586907437563e-7	0.00027793158878604794	0.00004917392407600248	0	0	0	0	0.04410379660911604	0	0	0	0	0	0	0	0.04435864531018666	0.0001968926732369979	0	0.0004427074798792924	0.0004427074798792915	0.00044270747987929784	0	0	0
1.7782794100389227e-7	0.00028920669484168004	0.000054002041128717994	0	0	0	0	0.04785566733319779	0	0	0	0	0	0	0	0.044175163112852266	0.00020104653937526402	0	0.00046999613688130173	0.00046999613688130076	0.00046999613688130943	0	0	0
1.9054607179632522e-7	0.0003063481736674209	0.00005501105917882514	0	0	0	0	0.0517688856936524	0	0	0	0	0	0	0	0.04323547784872162	0.00021546632598357888	0	0.0004906034154619085	0.0004906034154619066	0.0004906034154619236	0	0	0
2.0417379446695318e-7	0.00032450563968009307	0.000056038930542699225	0	0	0	0	0.056002092861910865	0	0	0	0	0	0	0	0.042315781382218746	0.00023092035195993046	0	0.0005121142332360864	0.0005121142332360843	0.0005121142332361105	0	0	0
2.1877616239495564e-7	0.0003369774259771836	0.00005703908404158355	0	0	0	0	0.05672759176527179	0	0	0	0	0	0	0	0.045051528314538805	0.00024127141634855566	0	0.0005279587930689058	0.0005279587930689005	0.0005279587930689523	0	0	0
2.3442288153199275e-7	0.00034992854278327124	0.000058057087756588044	0	0	0	0	0.05746248940057069	0	0	0	0	0	0	0	0.04796414333326138	0.0002520864698705247	0	0.0005442935757075032	0.0005442935757074942	0.0005442935757075722	0	0	0
2.5118864315095823e-7	0.0003614700392066151	0.000059951303589896985	0	0	0	0	0.05839346576092245	0	0	0	0	0	0	0	0.04899446092856265	0.00026055476302809386	0	0.0005621765849636546	0.0005621765849636385	0.0005621765849637857	0	0	0
2.6915348039269196e-7	0.0003733922023187351	0.00006190732158659029	0	0	0	0	0.059339525299754045	0	0	0	0	0	0	0	0.05004691077252741	0.0002693075299578542	0	0.0005806471484999363	0.0005806471484999126	0.0005806471485001347	0	0	0
2.8840315031266115e-7	0.00038053815940887394	0.00006158862624519083	0	0	0	0	0.062315299337888284	0	0	0	0	0	0	0	0.049953187288630255	0.0002762372387326854	0	0.0005867650643940323	0.0005867650643939866	0.0005867650643944163	0	0	0
3.090295432513592e-7	0.0003878208753879669	0.00006127157152913292	0	0	0	0	0.06544030327095797	0	0	0	0	0	0	0	0.04985963932188868	0.0002833452598766912	0	0.0005929474409420426	0.0005929474409419735	0.0005929474409426162	0	0	0
3.3113112148259143e-7	0.0003959779348282499	0.00006456426390110361	0	0	0	0	0.06597811998736175	0	0	0	0	0	0	0	0.0544323073380527	0.00028664239600127836	0	0.0006121973671121347	0.0006121973671120007	0.0006121973671132327	0	0	0
3.5481338923357606e-7	0.0004043065621828303	0.00006803390331043313	0	0	0	0	0.06652035671415618	0	0	0	0	0	0	0	0.05942433845171195	0.00028997789912246975	0	0.0006320722384830406	0.0006320722384828377	0.0006320722384846979	0	0	0
3.8018939632056126e-7	0.00040809072161695017	0.00006954032446827499	0	0	0	0	0.06664448869900341	0	0	0	0	0	0	0	0.06218578639785179	0.00029187977689061384	0	0.0006409113724607864	0.0006409113724603944	0.000640911372463991	0	0	0
4.0738027780411303e-7	0.0004119102993795413	0.0000710801011238079	0	0	0	0	0.06676885232346315	0	0	0	0	0	0	0	0.06507555878071089	0.0002937941285026464	0	0.0006498741161855177	0.0006498741161849317	0.0006498741161903118	0	0	0
4.365158322401665e-7	0.00042634023297191784	0.00007184384874630407	0	0	0	0	0.06858271987162427	0	0	0	0	0	0	0	0.06728166944150689	0.0003065254621219199	0	0.0006669042927454578	0.0006669042927443313	0.0006669042927546722	0	0	0
4.677351412871981e-7	0.0004412756722139332	0.00007261580275035621	0	0	0	0	0.0704458636222028	0	0	0	0	0	0	0	0.06956256892223571	0.00031980849790267415	0	0.000684380750987403	0.000684380750985708	0.0006843807510012649	0	0	0
5.011872336272736e-7	0.0004599084896465938	0.00007456787452662887	0	0	0	0	0.07377385647144541	0	0	0	0	0	0	0	0.07255018335556213	0.00033486577575405084	0	0.0007095665599104677	0.0007095665599072259	0.0007095665599369829	0	0	0
5.370317963702533e-7	0.00047932807577587565	0.00007657242226647134	0	0	0	0	0.07725906985621854	0	0	0	0	0	0	0	0.07566611162405155	0.0003506319829108726	0	0.000735679228582574	0.0007356792285776739	0.0007356792286226551	0	0	0
5.754399373371578e-7	0.0005080326250939681	0.00007983804598336356	0	0	0	0	0.08001106203123748	0	0	0	0	0	0	0	0.07762419111102319	0.0003735211718803716	0	0.0007753400631816714	0.0007753400631723698	0.0007753400632577826	0	0	0
6.165950018614835e-7	0.0005384561455994329	0.00008324294044479727	0	0	0	0	0.08286108102622072	0	0	0	0	0	0	0	0.07963294156806376	0.0003979045627402206	0	0.0008171390331799885	0.0008171390331658222	0.0008171390332958952	0	0	0
6.606934480075964e-7	0.0005583053785761893	0.00008706036903742209	0	0	0	0	0.08659297576382964	0	0	0	0	0	0	0	0.08265952795761959	0.0004116463671126636	0	0.000849775498052712	0.0008497754980256462	0.0008497754982741251	0	0	0
7.079457843841387e-7	0.0005788863184022162	0.00009105286065619571	0	0	0	0	0.0904929474581969	0	0	0	0	0	0	0	0.08580114494874644	0.0004258627505804313	0	0.0008837154606120471	0.0008837154605710758	0.0008837154609472094	0	0	0
7.585775750291852e-7	0.0006031389382383983	0.00009382295352674259	0	0	0	0	0.09473186708170256	0	0	0	0	0	0	0	0.08889758567254812	0.00044491153978898064	0	0.0009172545298570762	0.0009172545297787393	0.0009172545304978928	0	0	0
8.128305161640995e-7	0.0006284076290201514	0.00009667732067989961	0	0	0	0	0.09916934847249727	0	0	0	0	0	0	0	0.09210577251770638	0.0004648123790296503	0	0.0009520664852469741	0.0009520664851284965	0.0009520664862161649	0	0	0
8.709635899560814e-7	0.0006493143147559622	0.00010077028716201308	0	0	0	0	0.10202419593626555	0	0	0	0	0	0	0	0.09515600575900329	0.00047882229504881145	0	0.0009866841843392008	0.000986684184112517	0.0009866841861935584	0	0	0
9.332543007969924e-7	0.0006709165514180641	0.00010503653497325119	0	0	0	0	0.10496122760479941	0	0	0	0	0	0	0	0.09830725246093287	0.0004932544841306486	0	0.0010225606033937452	0.0010225606030511427	0.0010225606061963566	0	0	0
1.e-6	0.000691215185182876	0.00010917493012269606	0	0	0	0	0.10751625003143271	0	0	0	0	0	0	0	0.10173617169294825	0.0005067729734555032	0	0.0010567231992374773	0.0010567231985811176	0.0010567232046067541	0	0	0
1.0715193052376091e-6	0.0007121279557309363	0.0001134763762945046	0	0	0	0	0.11013346818261616	0	0	0	0	0	0	0	0.1052846903116346	0.0005206619602811515	0	0.0010920271288573245	0.001092027127866625	0.0010920271369616397	0	0	0
1.148153621496884e-6	0.0007449325134873752	0.00011769787577251403	0	0	0	0	0.11298640791870944	0	0	0	0	0	0	0	0.1089492832269416	0.000545894734054785	0	0.0011389738642466837	0.0011389738623566758	0.0011389738797076938	0	0	0
1.2302687708123837e-6	0.0007792482308618757	0.00012207642166339532	0	0	0	0	0.11591325130345764	0	0	0	0	0	0	0	0.11274142784226411	0.0005723503605061244	0	0.0011879388608179023	0.001187938857953096	0.0011879388842531671	0	0	0
1.3182567385564101e-6	0.0008093108981055203	0.00012696976579148328	0	0	0	0	0.11934057516268547	0	0	0	0	0	0	0	0.11783189221353907	0.000594267491887369	0	0.001234383886282435	0.0012343838808077994	0.0012343839310652914	0	0	0
1.4125375446227554e-6	0.0008405333549078767	0.00013205925604205395	0	0	0	0	0.1228692381587582	0	0	0	0	0	0	0	0.1231521995805175	0.000617023900538494	0	0.0012826447799381194	0.0012826447716539596	0.0012826448477020076	0	0	0
1.5135612484362104e-6	0.0008630696819277345	0.0001362649917037368	0	0	0	0	0.12625808891586998	0	0	0	0	0	0	0	0.12824187454875072	0.0006326495191048701	0	0.0013192647519683243	0.0013192647360628067	0.001319264882068503	0	0	0
1.6218100973589331e-6	0.0008862102515187869	0.00014060466884734292	0	0	0	0	0.12974040740848733	0	0	0	0	0	0	0	0.13354189729291074	0.0006486708435026876	0	0.001356930237434879	0.0013569302134795712	0.001356930433375565	0	0	0
1.7378008287493763e-6	0.0009160288983919188	0.00014543711596099165	0	0	0	0	0.13584457394326943	0	0	0	0	0	0	0	0.1379322059688162	0.0006703924738398104	0	0.0014029271612061183	0.001402927115322233	0.0014029275364971312	0	0	0
1.8620871366628694e-6	0.0009468508643982088	0.00015043564962992896	0	0	0	0	0.14223593588485484	0	0	0	0	0	0	0	0.14246684994817768	0.0006928414826759551	0	0.0014504832786175737	0.0014504832093459774	0.001450483845192947	0	0	0
1.995262314968883e-6	0.0009806030395212123	0.0001552164496547329	0	0	0	0	0.14700377334216946	0	0	0	0	0	0	0	0.1471913986071723	0.0007183995346434652	0	0.0015002431375566163	0.001500243004898213	0.001500244222547561	0	0	0
2.1379620895022326e-6	0.0010155583706726592	0.00016014918207676805	0	0	0	0	0.1519314316905837	0	0	0	0	0	0	0	0.15207262483740167	0.0007449003910427398	0	0.0015517100437937165	0.0015517098434809716	0.0015517116821028413	0	0	0
2.2908676527677747e-6	0.0010503438142880062	0.00016575425988718618	0	0	0	0	0.15793771295237166	0	0	0	0	0	0	0	0.15682458854299905	0.000770076241420409	0	0.0016052604657996504	0.0016052600822261428	0.0016052636028930168	0	0	0
2.4547089156850335e-6	0.0010863207473563077	0.0001715555103964182	0	0	0	0	0.16418143958141693	0	0	0	0	0	0	0	0.16172504155811848	0.0007961029752851327	0	0.0016606589442182357	0.0016606583649736851	0.001660663681593836	0	0	0
2.6302679918953817e-6	0.00112291420631876	0.00017795203684203118	0	0	0	0	0.16821585957073892	0	0	0	0	0	0	0	0.16694579166563905	0.0008222368118476739	0	0.001718669381459479	0.0017186682724872385	0.0017186777147387726	0	0	0
2.8183829312644606e-6	0.001160740341028312	0.0001845870607306873	0	0	0	0	0.1723494171038164	0	0	0	0	0	0	0	0.1723350761659948	0.0008492285492530483	0	0.0017787062497392194	0.00177870457473719	0.0017787184243739898	0	0	0
3.0199517204020193e-6	0.0012005451764455623	0.00019133128281827673	0	0	0	0	0.17743227705173573	0	0	0	0	0	0	0	0.1766563572399134	0.000877875043457885	0	0.001841091034875386	0.0018410878282595347	0.0018411105637369482	0	0	0
3.2359365692962877e-6	0.0012417150242317184	0.0001983219172566919	0	0	0	0	0.1826650386685105	0	0	0	0	0	0	0	0.1810859939111669	0.000907487851891029	0	0.0019056638493261458	0.0019056590057211925	0.0019056912333365855	0	0	0
3.4673685045253236e-6	0.0012831732428734074	0.00020398019500662693	0	0	0	0	0.1895333693310237	0	0	0	0	0	0	0	0.18676781117974814	0.0009387741707870711	0	0.0019660713538798926	0.001966062067346637	0.0019661083095346026	0	0	0
3.7153522909717276e-6	0.0013260156630906514	0.0002097999077988307	0	0	0	0	0.1966599539343743	0	0	0	0	0	0	0	0.19262790312753586	0.000971139108805141	0	0.0020283937116789635	0.002028379705421882	0.0020284408183233976	0	0	0
3.981071705534978e-6	0.0013694413368886369	0.00021649547152212257	0	0	0	0	0.20376174525190632	0	0	0	0	0	0	0	0.19911981605016002	0.0010034557194281161	0	0.002094239197065533	0.0020942123523273034	0.002094268972545711	0	0	0
4.265795188015934e-6	0.001414289157647093	0.00022340471776817066	0	0	0	0	0.21111999671248488	0	0	0	0	0	0	0	0.2058305183211104	0.0010368477303852781	0	0.0021622221510908647	0.0021621816491839015	0.0021622334207378334	0	0	0
4.570881896148752e-6	0.0014645914072671392	0.00023237134153131044	0	0	0	0	0.21819397741171007	0	0	0	0	0	0	0	0.2134737275626425	0.0010724642358167695	0	0.0022425597498128367	0.0022424822842974958	0.0022425464858926453	0	0	0
4.897788193684467e-6	0.0015166827650784991	0.00024169785179332457	0	0	0	0	0.22550498541158015	0	0	0	0	0	0	0	0.22140075597727996	0.0011093041952058447	0	0.0023258823007355585	0.002325765181332549	0.0023258426648836822	0	0	0
5.248074602497734e-6	0.0015700276569301109	0.00024937121318552714	0	0	0	0	0.23283392114005166	0	0	0	0	0	0	0	0.22879625590344474	0.0011494429986114577	0	0.002404926146393915	0.002404779204395469	0.0024048491757910568	0	0	0
5.623413251903491e-6	0.0016252487997368975	0.00025728818648664296	0	0	0	0	0.2404010480500368	0	0	0	0	0	0	0	0.23643878939964758	0.0011910341750864264	0	0.0024866562541793445	0.0024864775981294856	0.002486539457557068	0	0	0
6.0255958607435935e-6	0.001677314283414001	0.00026522414988111397	0	0	0	0	0.24733726405595188	0	0	0	0	0	0	0	0.2442994321772472	0.0012294658614300984	0	0.002565287622769271	0.002565087198465357	0.002565136206856072	0	0	0
6.4565422903465625e-6	0.0017310477053113795	0.0002734048952683328	0	0	0	0	0.25447360852582845	0	0	0	0	0	0	0	0.25242140984424544	0.0012691376419256594	0	0.0026464054195158653	0.0026461820290199266	0.002646217312066511	0	0	0
6.9183097091893625e-6	0.001789132203016932	0.0002822033500210197	0	0	0	0	0.26251541365067665	0	0	0	0	0	0	0	0.2601358127817428	0.001312453645553057	0	0.0026705751875303464	0.002670350685356733	0.0026703786639941662	0	0	0
7.413102413009192e-6	0.0018491656989293977	0.00029128494822642256	0	0	0	0	0.2708113536936456	0	0	0	0	0	0	0	0.2680859802398461	0.001357248035848914	0	0.0026949656993815836	0.002694740083858199	0.002694760621736905	0	0	0
7.943282347242822e-6	0.0019075005816172853	0.00030142398306752917	0	0	0	0	0.2792782241694917	0	0	0	0	0	0	0	0.27618873890524664	0.001398935748538059	0	0.0027861530422494426	0.0027859597813055742	0.0027859921103124464	0	0	0
8.511380382023777e-6	0.001967675731264581	0.00031191593702833314	0	0	0	0	0.2880098098970327	0	0	0	0	0	0	0	0.28453639921724233	0.001441903894385591	0	0.002880425816409143	0.002880267358453203	0.0028803122533831546	0	0	0
9.120108393559115e-6	0.0019904436321528	0.00032118048633517196	0	0	0	0	0.29667925749612656	0	0	0	0	0	0	0	0.2935378716003489	0.001489387472776778	0	0.0029722197117996074	0.002972061611214968	0.002972140613828398	0	0	0
9.772372209558111e-6	0.002013474979554388	0.0003307202119432794	0	0	0	0	0.3056096660732509	0	0	0	0	0	0	0	0.3028241107313526	0.0015384347408324453	0	0.003066938910519505	0.0030667813510206095	0.003066896590115336	0	0	0
0.000010471285480509006	0.0020830463748107916	0.0003411881398689632	0	0	0	0	0.31399734017596703	0	0	0	0	0	0	0	0.3115576465462168	0.0015952990910283312	0	0.0031667659924581428	0.0031665560367088955	0.0031666887087840397	0	0	0
0.000011220184543019652	0.002155021663379528	0.0003519873977560454	0	0	0	0	0.32261521994513576	0	0	0	0	0	0	0	0.3205430600852315	0.0016542652881452217	0	0.003269842387988958	0.0032695767927115255	0.003269727910181397	0	0	0
0.000012022644346174132	0.0022271744446287147	0.0003636875677731192	0	0	0	0	0.33139273180485573	0	0	0	0	0	0	0	0.3300800220535213	0.0016770622143676723	0	0.0033778933870972114	0.0033775361123136133	0.003377689270803656	0	0	0
0.000012882495516931348	0.002301742989918901	0.0003757766550619493	0	0	0	0	0.3404090566829449	0	0	0	0	0	0	0	0.33990073261883236	0.0017001732980888654	0	0.0034895149003229403	0.003489060179107102	0.0034892153486462897	0	0	0
0.000013803842646028866	0.002374431941803495	0.000388742875383601	0	0	0	0	0.3498230233392514	0	0	0	0	0	0	0	0.3492007479036488	0.0017533242766425462	0	0.003596762420536378	0.0035962549150312245	0.0035964444762569604	0	0	0
0.000014791083881682102	0.002449416407891539	0.00040215649675362514	0	0	0	0	0.3594973319766698	0	0	0	0	0	0	0	0.3587552206697149	0.0018081368661181081	0	0.0037073061096788472	0.003706743005274246	0.0037069689252104436	0	0	0
0.00001584893192461114	0.002525227744272383	0.0004145515969824342	0	0	0	0	0.3681115508047458	0	0	0	0	0	0	0	0.36752385543069	0.0018651746054395755	0	0.0037581442547437297	0.0037576400187153023	0.0037579371139644393	0	0	0
0.00001698243652461746	0.002603385500276022	0.0004273287338336107	0	0	0	0	0.37693218219674895	0	0	0	0	0	0	0	0.3765068116876094	0.001924011602199945	0	0.0038096795413224767	0.003809235895275155	0.003809606079098633	0	0	0
0.000018197008586099864	0.0026803982710046467	0.00044103632680909645	0	0	0	0	0.3867369142373436	0	0	0	0	0	0	0	0.38540764506090713	0.0019815337754054184	0	0.00392436842656437	0.003923927960790833	0.0039243712362438165	0	0	0
0.000019498445997580493	0.002759689216384978	0.0004551836236713224	0	0	0	0	0.39679668624249725	0	0	0	0	0	0	0	0.39451889915510746	0.0020407756889734346	0	0.004042509975017288	0.004042073283141736	0.0040425937170653035	0	0	0
0.00002089296130854041	0.002843157652465032	0.0004690489374822853	0	0	0	0	0.4066805451095007	0	0	0	0	0	0	0	0.4044422900416739	0.0021029404662103474	0	0.004163185539162945	0.004162755047397912	0.004163285758684289	0	0	0
0.000022387211385683423	0.0029291506408679834	0.00048333660156483154	0	0	0	0	0.41681060226769673	0	0	0	0	0	0	0	0.4146152854133473	0.002166998866323026	0	0.004287463467154821	0.00428703993490394	0.004287581073332859	0	0	0
0.000023988329190194948	0.0029779373115063176	0.0004987789588675859	0	0	0	0	0.426501177617617	0	0	0	0	0	0	0	0.42420395597515	0.002231626247193648	0	0.004415275544493757	0.004414860384182027	0.00441537945701002	0	0	0
0.000025703957827688645	0.0030275365519042306	0.0005147146915908958	0	0	0	0	0.4364170525402984	0	0	0	0	0	0	0	0.4340143805493543	0.002298181039482492	0	0.004546897783071135	0.004546491870329803	0.004546987081047018	0	0	0
0.00002754228703338169	0.0031162571361672557	0.0005266987280426135	0.0031049806133866997	0.0005144641884659033	0	0	0.44541604467358553	0	0	0	0	0	0	0	0.44254186467593337	0.002365371218511088	0	0.004673208153710244	0.004672800305418112	0.004673277121244622	0	0	0
0.0000295120922666639	0.003207577636876237	0.0005389617872850616	0.003197390458755151	0.0005279057127472325	0	0	0.4546005975198297	0	0	0	0	0	0	0	0.4512368962128954	0.0024345257859322267	0	0.004803027358392323	0.004802617780273694	0.004803074797151095	0	0	0
0.000031622776601683856	0.003300855621136598	0.0005511083247723357	0.003291579506062277	0.0005410534885865153	0	0	0.46363632812451355	0	0	0	0	0	0	0	0.46012935973679775	0.0025040262932278113	0	0.004938448314991111	0.004938006845640716	0.0049384878470424545	0	0	0
0.000033884415613920276	0.0033968461764810084	0.0005635286077762844	0.003388543183727193	0.0005545287168578225	0	0	0.4728516546822275	0	0	0	0	0	0	0	0.46919706581774	0.0025755108914466596	0	0.005077687454189666	0.005077212620947917	0.005077718595981859	0	0	0
0.000036307805477010174	0.0034871319056997093	0.0005594707763554143	0.003476989393084025	0.0005484012057234808	0	0	0.481458787072611	0	0	0	0	0	0	0	0.47809957638759704	0.002625295006056836	0	0.005211101479668524	0.005210575445219572	0.005211118734004451	0	0	0
0.00003890451449942813	0.0035798173646903754	0.0005554421643842962	0.0035677441850751534	0.0005423414032425577	0	0	0.4902225917031162	0	0	0	0	0	0	0	0.48717100253732243	0.0026760414377264017	0	0.005348020900537483	0.005347441302400306	0.005348023516187195	0	0	0
0.00004168693834703355	0.0036727658547612485	0.0005658915519371774	0.003661964667415507	0.0005541858751847299	0	0	0.49791804310509596	0	0	0	0	0	0	0	0.4948428355846056	0.0027478395588645026	0	0.005484342889075646	0.005483749394278896	0.005484361343659635	0	0	0
0.00004466835921509635	0.003768127714265886	0.0005765375210735798	0.003758673416523843	0.0005662890246218317	0	0	0.5057342967166871	0	0	0	0	0	0	0	0.5026354825185896	0.00282156402169756	0	0.0056241397489549035	0.005623532025635481	0.005624174848294581	0	0	0
0.0000478630092322639	0.0038646407053946545	0.0005877361800128997	0.00385602470271635	0.0005784082452169225	0	0	0.5122641177387418	0	0	0	0	0	0	0	0.509445054416758	0.002892487803091143	0	0.005763969235011163	0.0057633290561658	0.0057639586254130334	0	0	0
0.00005128613839913659	0.00396362568212552	0.0005991523615894343	0.0039558974298197856	0.0005907868307324769	0	0	0.5188782489664828	0	0	0	0	0	0	0	0.5163468805847656	0.002965194348486688	0	0.005907275214547904	0.005906601342043789	0.00590721660183581	0	0	0
0.00005495408738576248	0.004061635970305198	0.0006120313786295964	0.004053414269091146	0.000603128725673754	0	0	0.5250907093716526	0	0	0	0	0	0	0	0.5221893844877479	0.003065903578054169	0	0.006048894260014156	0.006048199447169288	0.0060487935909923005	0	0	0
0.00005888436553555896	0.004162069801311449	0.0006251872352360453	0.004153334996256529	0.0006157284502801813	0	0	0.5313775507406872	0	0	0	0	0	0	0	0.5280979967631063	0.0031700332744538785	0	0.006193908433235675	0.006193192063319686	0.006193763725382791	0	0	0
0.00006309573444801943	0.004287283938879759	0.0006376113196641693	0.004277936633648138	0.0006274806587877683	0	0	0.5369326399271667	0	0	0	0	0	0	0	0.5329920096761588	0.0032438466759853756	0	0.00636837847617757	0.0063676721233986424	0.006368216387993834	0	0	0
0.00006760829753919819	0.0044162650916581775	0.0006502823027255016	0.0044062763677872475	0.0006394571778737354	0	0	0.5425458027297182	0	0	0	0	0	0	0	0.5379313766002872	0.0033193788034020593	0	0.006547762992139604	0.006547067789364533	0.006547582659331598	0	0	0
0.00007244359600749906	0.004507691282390743	0.0006600183612922069	0.004499054360433004	0.0006506716172884785	0	0	0.5467551940110134	0	0	0	0	0	0	0	0.5418822189613078	0.0033933190568925476	0	0.006678083604958845	0.006677398518799194	0.006677929631326696	0	0	0
0.00007762471166286927	0.004601010192010995	0.0006699001886058385	0.004593785874646872	0.0006620827292181926	0	0	0.5509972442399425	0	0	0	0	0	0	0	0.5458620783234589	0.003468906353824027	0	0.0068109979986076844	0.006810323707246902	0.006810871504981318	0	0	0
0.00008317637711026725	0.004693873834727296	0.0006809799409429994	0.004686426774644065	0.000672919016683635	0	0	0.5533861564030279	0	0	0	0	0	0	0	0.5481911128326247	0.0035431732205285023	0	0.006915935869417644	0.006915267384851231	0.006915844192014069	0	0	0
0.00008912509381337459	0.004788611773691318	0.0006922429458212716	0.004780935923747011	0.0006839326613294604	0	0	0.5557854259705889	0	0	0	0	0	0	0	0.5505300846537249	0.003619030089074346	0	0.007022490530708606	0.007021828191969903	0.00702243477258877	0	0	0
0.00009549925860214369	0.004862566381796166	0.0007027027097515143	0.004854876530576387	0.0006943798384363766	0	0	0.557085605486362	0	0	0	0	0	0	0	0.5521410961307937	0.003689560306355265	0	0.007150087915309306	0.007149402490106887	0.007150033197184332	0	0	0
0.00010232929922807557	0.004937663133870581	0.0007133205203070601	0.004929960681980611	0.0007049865977882636	0	0	0.5583888265838216	0	0	0	0	0	0	0	0.5537568218969658	0.0037614650663803017	0	0.007280003721342658	0.007279294589406218	0.007279950099414291	0	0	0
0.00010964781961431851	0.005026319851693295	0.0007239884918017786	0.005017875968219005	0.0007148474634366119	0	0	0.5584000323031632	0	0	0	0	0	0	0	0.5541037457779019	0.003822476780432697	0	0.007400644453594581	0.007399901140781971	0.007400582127602111	0	0	0
0.00011748975549395303	0.0051165684184133415	0.0007348160067451591	0.0051073590352274535	0.000724846256063485	0	0	0.5584112382473796	0	0	0	0	0	0	0	0.5544508870036611	0.0038844781166631212	0	0.007523284386236403	0.007522505954497013	0.007523213082434466	0	0	0
0.00012589254117941688	0.005198266596017393	0.0007439346648486491	0.005188550215898751	0.0007334139966067317	0	0	0.5569721785402199	0	0	0	0	0	0	0	0.5530559778380048	0.003951810622024434	0	0.007633506111339092	0.007632686702718205	0.007633420866020698	0	0	0
0.0001348962882591656	0.0052812692792349614	0.0007531664804294439	0.00527103208472674	0.0007420830085263579	0	0	0.5555368273774057	0	0	0	0	0	0	0	0.5516645780392289	0.004020310251035827	0	0.007745342666888269	0.007744481247904375	0.007745243086873265	0	0	0
0.0001445439770745928	0.005354918014603967	0.0007603745658786518	0.005344403950306637	0.0007489894558988408	0	0	0.5526455412580503	0	0	0	0	0	0	0	0.5487251702610393	0.004082262087785518	0	0.007843951114624612	0.00784307755178008	0.007843873507926381	0	0	0
0.00015488166189124827	0.005429593801602908	0.0007676516354066678	0.005418797139713074	0.0007559601804677541	0	0	0.5497693028097245	0	0	0	0	0	0	0	0.5458014243876185	0.004145168584707419	0	0.007943814978213158	0.00794292910191781	0.007943759920540739	0	0	0
0.00016595869074375631	0.005493892107065249	0.0007731639635434278	0.0054837761125504205	0.0007622154876831323	0	0	0.5455374819324031	0	0	0	0	0	0	0	0.5414883068033977	0.00420122887077538	0	0.008030190576373294	0.00802932562024773	0.008030164564839775	0	0	0
0.00017782794100389227	0.005558951845562242	0.0007787158744285138	0.0055495342743483575	0.0007685225553871825	0	0	0.5413382352782076	0	0	0	0	0	0	0	0.5372092730131425	0.004258047330029727	0	0.008117505363572678	0.008116661887413827	0.008117509036453708	0	0	0
0.00019054607179632481	0.005613041753579017	0.0007822554128681194	0.0056047254172790105	0.000773266256354575	0	0	0.5355150014708698	0	0	0	0	0	0	0	0.5313844891843107	0.004307316097976898	0	0.0081890512256154	0.008188210066635896	0.008189059141981177	0	0	0
0.00020417379446695317	0.005667657969113938	0.0007858110397589538	0.005660465446315679	0.0007780392377883788	0	0	0.529754408817926	0	0	0	0	0	0	0	0.525622861574773	0.004357154942136687	0	0.008261227676754933	0.008260388941336128	0.008261239911124561	0	0	0
0.00021877616239495564	0.005710810963736375	0.0007916957812111172	0.005702617011020417	0.0007828346220861473	0	0	0.5224929199318915	0	0	0	0	0	0	0	0.5183516022586888	0.004397243595673601	0	0.008313469026576195	0.008312625641781932	0.008313467384011649	0	0	0
0.00023442288153199226	0.005754292521048218	0.0007976245920135547	0.005745082464118957	0.0007876595623618768	0	0	0.5153309662643751	0	0	0	0	0	0	0	0.5111809306755735	0.004437701090843139	0	0.00836604073391066	0.008365192674478793	0.008366025038439721	0	0	0
0.0002511886431509582	0.00578320028732534	0.0007981964260632299	0.005774330308510529	0.0007886015931740816	0	0	0.506815282447305	0	0	0	0	0	0	0	0.5029062834816546	0.0044689221337356295	0	0.008399211403186509	0.00839839297300673	0.008399204342611037	4.322393684437511e-11	4.322393684437511e-11	4.322393684437511e-11
0.00026915348039269194	0.00581225327718087	0.0007987686700729077	0.005803727051792044	0.0007895447506431478	0	0	0.49844031765474434	0	0	0	0	0	0	0	0.4947655806156144	0.004500362829439191	0	0.008432513591461034	0.00843172503895058	0.008432515234510126	4.033892495739057e-11	4.033892495739057e-11	4.033892495739057e-11
0.00028840315031266115	0.005826411665856761	0.0007980852451680217	0.005817943701488335	0.0007889242757430052	0	0	0.4887568930815276	0	0	0	0	0	0	0	0.4853623540827622	0.004520663858373568	0	0.008444564578917192	0.008443786818187636	0.008444550375709339	3.764647520601181e-11	3.764647520601181e-11	3.764647520601181e-11
0.0003090295432513592	0.005840604543733374	0.0007974024050001426	0.005832195175897577	0.0007883042884518324	0	0	0.47926159275938807	0	0	0	0	0	0	0	0.47613783979807905	0.0045410564647632365	0	0.008456632788557124	0.008455865852081097	0.008456602693826675	3.513373489585786e-11	3.513373489585786e-11	3.513373489585786e-11
0.0003311311214825914	0.005840543717621064	0.0007936419740760747	0.005831437773716361	0.0007837797415798656	0	0	0.46893956831543593	0.46880012064599746	0	0	0	0	0	0	0.4656371310599035	0.004550916372886073	0	0.008446881337339668	0.008446120250576512	0.008446829137302735	3.278870919462065e-11	3.278870919462065e-11	3.278870919462065e-11
0.000354813389233576	0.005840482892142222	0.0007898992767839184	0.0058306804698957234	0.0007792811637717452	0	0	0.45883985291988516	0.45863908451702745	0	0	0	0	0	0	0.4553680041763668	0.004560797689636827	0	0.008437141130645101	0.008436385881126744	0.008437066876379486	3.060020387346155e-11	3.060020387346155e-11	3.060020387346155e-11
0.00038018939632056124	0.00582206240594263	0.0007844125541316467	0.005812757504343207	0.0007743364837571858	0	0	0.4475306969002277	0.4473763044989539	0	0	0	0	0	0	0.4439944481046422	0.004558465541982925	0	0.008402712431812122	0.00840197466095515	0.00840265592980836	2.8557771870172784e-11	2.8557771870172784e-11	2.8557771870172784e-11
0.00040738027780411304	0.005803700016704907	0.0007789639428264148	0.005794889632307805	0.0007694231786321837	0	0	0.4365002808571942	0.4363901040791262	0	0	0	0	0	0	0.43290496508269366	0.004556134586864425	0	0.008368424223138672	0.008367703800896341	0.008368385329789108	2.6651663419018062e-11	2.6651663419018062e-11	2.6651663419018062e-11
0.00043651583224016654	0.005769093502080699	0.0007713534075325069	0.00576097955057337	0.0007625723302954922	0	0	0.4245078268116466	0.4243097927384879	0	0	0	0	0	0	0.420772409313959	0.004542228937926768	0	0.008311567522187407	0.008310858085678849	0.008311534174660485	2.4872779509192428e-11	2.4872779509192428e-11	2.4872779509192428e-11
0.00046773514128719906	0.0057346933404470056	0.0007638172277309089	0.005727267901201976	0.0007557824810607734	0.005736448844707101	0.0007657303712392098	0.41284485469392795	0.4125638930188346	0	0	0	0	0	0	0.4089798794662795	0.004528365730025194	0	0.008255097116715073	0.008254398549921762	0.008255069241450688	2.3212628449729095e-11	2.3212628449729095e-11	2.3212628449729095e-11
0.0005011872336272725	0.005684204193311829	0.0007546354345670344	0.0056768447850115014	0.0007466705028196771	0.00568577196294591	0.0007563426048304362	0.40029735933912786	0.39992402450785586	0	0	0	0	0	0	0.39640677309910066	0.004502815276983876	0	0.008174792969287442	0.008174123571576038	0.008174778888493684	2.1663285333512294e-11	2.1663285333512294e-11	2.1663285333512294e-11
0.0005370317963702533	0.005634159560613099	0.0007455640150928898	0.0056268655961333545	0.0007376683817789621	0.005635542770411026	0.0007470699313596673	0.3881312170226145	0.3876714081987254	0	0	0	0	0	0	0.3842201967585983	0.004477408987574548	0	0.00809527000662395	0.00809462927665739	0.008095269454580403	2.0217354206892722e-11	2.0217354206892722e-11	2.0217354206892722e-11
0.0005754399373371578	0.005567576640715255	0.00073454577299382	0.005560532190369916	0.0007269205675610213	0.00556862918704422	0.0007356898911840679	0.3751710078962505	0.37460012385971514	0	0	0	0	0	0	0.3712954747602663	0.0044405746780098445	0	0.00799328392239003	0.007992667103200074	0.00799329307815716	1.886793276431876e-11	1.886793276431876e-11	1.886793276431876e-11
0.0006165950018614823	0.005501780579118895	0.000723690362866917	0.005494980768935947	0.0007163293487907335	0.005502510101709175	0.0007244832020014105	0.36264355710838797	0.36196956966138066	0	0	0	0	0	0	0.35880552542652505	0.0044040433933340605	0	0.007892582682437883	0.007891989273282267	0.007892601301512439	1.7608579399448967e-11	1.7608579399448967e-11	1.7608579399448967e-11
0.0006606934480075965	0.005419995348294597	0.0007107585611840908	0.005413572660375326	0.0007038084363339861	0.0054205272365815405	0.0007113352548934884	0.3492347863788659	0.34875616439240775	0	0	0	0	0	0	0.34570299238963587	0.004356780961112323	0	0.00776945053759644	0.007768865145233585	0.0077694750405123	1.643328245546104e-11	1.643328245546104e-11	1.643328245546104e-11
0.0007079457843841388	0.005339425873694083	0.0006980578410567816	0.0053333706124758865	0.0006915063802580552	0.005339765848570759	0.0006984259172007666	0.3363218058790406	0.33602510375523753	0	0	0	0	0	0	0.33307892570796405	0.004310025730409734	0	0.007648239376760256	0.007647661895480951	0.007648269575402978	1.5336431527770744e-11	1.5336431527770744e-11	1.5336431527770744e-11
0.0007585775750291852	0.00524482769487225	0.0006844297854835153	0.005238461725063872	0.0006775386806032377	0.005244744940805892	0.000684337658749645	0.32314667945336295	0.32274737534895664	0	0	0	0	0	0	0.31995444311592036	0.004253291805453753	0	0.007506668977395477	0.007506098040401594	0.0075066865008682915	1.4312790682170607e-11	1.4312790682170607e-11	1.4312790682170607e-11
0.0008128305161640995	0.005151905504377278	0.0006710677879469689	0.005145241769017089	0.0006638531137518447	0.005151414926081761	0.0006705335807982708	0.31048767762412377	0.3099943043854112	0	0	0	0	0	0	0.30734711135514864	0.004197304683055869	0	0.007367719073675396	0.007367154636558039	0.007367724380890339	1.3357473460542839e-11	1.3357473460542839e-11	1.3357473460542839e-11
0.0008709635899560814	0.005044563183613682	0.0006554296087908396	0.005038162583707604	0.0006485000705826799	0.0050441934299900034	0.0006550272795706247	0.2974870597059642	0.29698824392198353	0	0	0	0	0	0	0.294456310348382	0.004132428750752642	0	0.00720919242472333	0.007208650591674515	0.007209195265040745	1.2465919554833262e-11	1.2465919554833262e-11	1.2465919554833262e-11
0.0009332543007969925	0.004939457389474487	0.0006401558527998685	0.004933311855765388	0.000633502099837928	0.004939203640990205	0.0006398795664654052	0.2850307985479417	0.28452786319003903	0	0	0	0	0	0	0.28210617735005494	0.004068555577817635	0	0.007054076695511378	0.0070535567551392436	0.00705407717263243	1.1633873037937447e-11	1.1633873037937447e-11	1.1633873037937447e-11
0.001	0.004821649828334111	0.0006234517556542296	0.004815672231316782	0.000616979830987262	0.004821196562828866	0.0006229585308866469	0.27220089363780164	0.2718356400310912	0	0	0	0	0	0	0.2694964777862215	0.003996917922749668	0	0.006880947829360093	0.006880442032152136	0.006880936434931557	1.0857362047581294e-11	1.0857362047581294e-11	1.0857362047581294e-11
0.001071519305237607	0.004706652013359658	0.0006071835318357354	0.0047008378382512725	0.0006008884768376576	0.004706008900814007	0.0006064849567679243	0.2599484928459593	0.25970959175185565	0	0	0	0	0	0	0.2574504118321999	0.003926541637601683	0	0.006712068081213699	0.006711576046129262	0.006712045397697229	1.0132679826215262e-11	1.0132679826215262e-11	1.0132679826215262e-11
0.001148153621496884	0.004579837571835104	0.0005893036406805774	0.004574333833346478	0.0005833454755492809	0.004578994221605574	0.0005883863010048729	0.2475279364183637	0.24735029979674544	0	0	0	0	0	0	0.2451878351890112	0.0038493849611218626	0	0.006526835464948296	0.006526364410957963	0.0065268145548261595	9.456367026414297e-12	9.456367026414297e-12	9.456367026414297e-12
0.0012302687708123836	0.004456439975773849	0.0005719502633238981	0.004451234171200905	0.0005663146439996612	0.004455407655066374	0.0005708277432884001	0.2357008445663157	0.2355791728631935	0	0	0	0	0	0	0.23350933524183504	0.003773744415954237	0	0.0063467147041815775	0.0063462638479948935	0.006346695486848997	8.825195197315992e-12	8.825195197315992e-12	8.825195197315992e-12
0.0013182567385564075	0.00432289904156186	0.0005532454100920641	0.004318099181246354	0.0005480511586518049	0.00432243644291936	0.000552744115369505	0.22391432745885384	0.22369700902677062	0.22389611141208313	0	0	0	0	0	0.22175410735992065	0.0036927024077732097	0	0.006152613979098617	0.006152180693689486	0.006152600047120686	8.23615137326811e-12	8.23615137326811e-12	8.23615137326811e-12
0.0014125375446227555	0.004193359772626897	0.0005351522735720837	0.004188946216246784	0.0005303766654845062	0.004193433743785907	0.0005352333706059123	0.2127172099599511	0.2124141588551323	0.21262568038405794	0	0	0	0	0	0.210590656172555	0.0036134007949041314	0	0.005964449410473563	0.005964033042805836	0.005964440458545368	7.686423691117504e-12	7.686423691117504e-12	7.686423691117504e-12
0.0015135612484362103	0.004055611793180543	0.0005164760702359888	0.004051269846714046	0.0005117772711880148	0.004055619855457875	0.0005164854191755695	0.2015178143247923	0.2012087941928254	0.20139304933528682	0	0	0	0	0	0.19942695243679717	0.0035295549766372635	0	0.005764477910982178	0.005764075437829646	0.005764467304726971	7.173387967483289e-12	7.173387967483289e-12	7.173387967483289e-12
0.0016218100973589332	0.003922388707106184	0.0004984516450727174	0.003918118429699005	0.000493830125549334	0.003922335111734604	0.0004983941638746863	0.19090805815799822	0.1905945398307547	0.1907538179175006	0	0	0	0	0	0.18885505217116885	0.0034476547275557336	0	0.005571210903030049	0.0055708218607320465	0.005571198763441135	6.6945951719391625e-12	6.6945951719391625e-12	6.6945951719391625e-12
0.0017378008287493763	0.0037817502978067154	0.0004794953693138961	0.003777624798655806	0.00047503068136740654	0.0037816601493850938	0.0004793983288229705	0.1803722258656749	0.18013371508975623	0.18026858765634188	0	0	0	0	0	0.1783979699138041	0.0033628906321621784	0	0.00536787339558763	0.0053674946551765575	0.005367855867513522	6.2477597363070035e-12	6.2477597363070035e-12	6.2477597363070035e-12
0.0018620871366628695	0.0036461545203439224	0.0004612600067954983	0.0036421689072107946	0.00045694690656906636	0.0036460305093928727	0.0004611265025487778	0.17041784499642365	0.17024703509791472	0.17035970262816297	0	0	0	0	0	0.16851990615808962	0.0032802105482012188	0	0.005171957280487472	0.005171588608213554	0.005171934773442184	5.830748644254782e-12	5.830748644254782e-12	5.830748644254782e-12
0.001995262314968883	0.003504667329215154	0.00044230333496005607	0.0035008425359780815	0.00043816416222960486	0.0035045638715684776	0.0004421920727845087	0.16061889945689806	0.16047109185977432	0.16049960135971317	0	0	0	0	0	0.15881319664597432	0.0031954596101715924	0	0.0049675411598876975	0.004967188873670843	0.004967521181126005	5.441571249116997e-12	5.441571249116997e-12	5.441571249116997e-12
0.0021379620895022326	0.0033686704773306037	0.00042412573653610107	0.0033650000244220225	0.00042015348020165013	0.0033685861646693175	0.0004240351143399673	0.1513833886544368	0.15125650386720646	0.15121018432893393	0	0	0	0	0	0.14966559146580807	0.0031128983856958258	0	0.004771204369432186	0.00477086774990835	0.004771186754258354	5.0783697713317e-12	5.0783697713317e-12	5.0783697713317e-12
0.0022908676527677745	0.0032274828779821365	0.00040536567249808633	0.0032240885860766893	0.0004016930064785365	0.0032276345260476265	0.00040553210645748335	0.14227140092427476	0.1421682483450354	0.142119020755312	0	0	0	0	0	0.1406369324381495	0.003029159447711991	0	0.0045687310666879255	0.00456841326677986	0.004568718101445509	4.739410430132739e-12	4.739410430132739e-12	4.739410430132739e-12
0.0024547089156850338	0.003092212728364632	0.00038743540956005784	0.003089077900573091	0.0003840436389490884	0.0030925807221432156	0.0003878364876074665	0.13370787707203624	0.13362606116587442	0.13357444242321423	0	0	0	0	0	0.13215293222645091	0.002947673140192061	0	0.004374850026012091	0.004374550054650155	0.00437484134777291	4.423075167163492e-12	4.423075167163492e-12	4.423075167163492e-12
0.002630267991895387	0.002953084271311801	0.0003692403015195208	0.0029500649559310445	0.000365973100428976	0.0029533668184238333	0.00036954819256289145	0.12535810952780538	0.12527508864170186	0.12523661332685077	0	0	0	0	0	0.12392754137572407	0.002864751202358877	0	0.004175305537369101	0.0041750213867208855	0.004175297014192533	4.1278539225036964e-12	4.1278539225036964e-12	4.1278539225036964e-12
0.002818382931264455	0.0028202156447629857	0.00035189968934703835	0.002817307793564508	0.0003487528412242576	0.0028204196908147867	0.00035212227572749657	0.1175297668956249	0.11744601088484531	0.11741923853880433	0	0	0	0	0	0.11621411082362552	0.0027841619681352866	0	0.003984862618542467	0.003984593469458156	0.003984854254337645	3.852337426238311e-12	3.852337426238311e-12	3.852337426238311e-12
0.003019951720402019	0.0026850661698739815	0.0003343132023678719	0.0026821758069637686	0.0003311839730960974	0.0026849878625843904	0.0003342276712767919	0.10991193916317601	0.10986199898564275	0.10980631920287243	0	0	0	0	0	0.108687136117348	0.0027042382804014476	0	0.0037911298212734163	0.0037908779491332566	0.003791123136554505	3.595210471158112e-12	3.595210471158112e-12	3.595210471158112e-12
0.0032359365692962876	0.0025563932850275486	0.0003176056150684474	0.0025535254173842618	0.00031450015905443916	0.0025560592438435476	0.0003172424579396874	0.10278786974314516	0.10276772050568458	0.10268698628034806	0	0	0	0	0	0.10164766975087036	0.002626608926091485	0	0.0036068157669650516	0.003606580128029716	0.0036068106181985976	3.3552456344786834e-12	3.3552456344786834e-12	3.3552456344786834e-12
0.0034673685045253167	0.002426019570065427	0.00030066977023046523	0.002423363344075662	0.00029779407885305434	0.00242576757428326	0.0003003959783649386	0.0959281023909944	0.09591055990065243	0.09582095658099703	0	0	0	0	0	0.09483351120800834	0.002549206862697349	0	0.00342057195405832	0.0034203482510795935	0.0034205688129469464	3.1312974186075643e-12	3.1312974186075643e-12	3.1312974186075643e-12
0.003715352290971728	0.0023022947950972284	0.0002846370040119027	0.002299836084430024	0.0002819754166947448	0.0023021173466995963	0.00028444409491677834	0.08952613621950052	0.08951094229970576	0.08941401488821822	0	0	0	0	0	0.08847615365980803	0.002474085717241986	0	0.0032439451440946614	0.0032437327727012936	0.0032439438170304927	2.9222967829900234e-12	2.9222967829900234e-12	2.9222967829900234e-12
0.003981071705534978	0.002177698034286017	0.0002687115255709951	0.0021752698673349904	0.0002660824090146247	0.0021775461921558995	0.00026854669173649706	0.08335981796963425	0.08333863196344306	0.08322886669648868	0	0	0	0	0	0.08235597696591367	0.0023993203025774856	0	0.0030661250231377685	0.0030659193743675737	0.0030661203289225375	2.727246040930649e-12	2.727246040930649e-12	2.727246040930649e-12
0.004265795188015935	0.002059844264354038	0.00025367707977867873	0.0020574505408320364	0.00025108518046334166	0.0020597157767698283	0.0002535377845116347	0.07761821905162217	0.07759193903113501	0.0774715715454875	0	0	0	0	0	0.07665915234164598	0.0023268142547534306	0	0.002898052291243446	0.002897853266221589	0.00289804460301591	2.5452140970300934e-12	2.5452140970300934e-12	2.5452140970300934e-12
0.004570881896148752	0.001941144397517347	0.00023861226340095084	0.001938752728389272	0.00023602156483987102	0.0019408560745987624	0.00023829856740480236	0.07209902017374754	0.0720716157146216	0.0719510628342198	0	0	0	0	0	0.07121769613250374	0.0022528738824878496	0	0.0027289519974774976	0.0027287628450532956	0.002728944114853831	2.375332002502468e-12	2.375332002502468e-12	2.375332002502468e-12
0.004897788193684466	0.0018292846877890686	0.00022444208319883865	0.0018269027941331668	0.0002218616764504524	0.0018288553910163407	0.00022397532319122686	0.06697227498298036	0.06694403898878955	0.06682393734499348	0	0	0	0	0	0.06616248794165479	0.002181283151427878	0	0.0025697186441522445	0.002569538889818297	0.00256971061599443	2.2167888071561568e-12	2.2167888071561568e-12	2.2167888071561568e-12
0.005248074602497733	0.0017173607873251816	0.00021005227070478483	0.0017151780442646522	0.00020768782583458766	0.0017170420064039282	0.00020970573310869183	0.06207264034664171	0.0620461306558857	0.06192171318153015	0	0	0	0	0	0.06133312479358631	0.002108304262465614	0	0.0024105942523342952	0.0024104289235379593	0.002410591873124347	2.0688276882371137e-12	2.0688276882371137e-12	2.0688276882371137e-12
0.005623413251903491	0.0016122848966755538	0.0001965850423387291	0.0016102858526325535	0.00019441948555514086	0.0016120647188607	0.0001963452663984213	0.05753145881012259	0.05750657396115464	0.05737911765869572	0	0	0	0	0	0.056856268770650364	0.0020377670181062923	0	0.0022613233019151	0.0022611713013766586	0.002261325902848569	1.9307423376551853e-12	1.9307423376551853e-12	1.9307423376551853e-12
0.0060255958607435805	0.0015074538200421312	0.00018318190986827947	0.0015056626705826305	0.00018124218960735884	0.0015073449228724198	0.00018306346242068474	0.05321267157162431	0.053184041116035675	0.05305435708224196	0	0	0	0	0	0.052575203594173406	0.0019640180567774782	0	0.0021126762735934755	0.0021125348130407416	0.002112680930448893	1.8018735903475377e-12	1.8018735903475377e-12	1.8018735903475377e-12
0.006456542290346563	0.001409438880340079	0.0001706926005345407	0.0014078370457517285	0.00016895801981922897	0.0014094277294989875	0.0001706801079963234	0.049218088231257194	0.04918641530171551	0.0490555609821836	0	0	0	0	0	0.04861648667306954	0.001892938149000297	0	0.00197380048807032	0.0019736688386200593	0.001973806919321037	1.6816062776843538e-12	1.6816062776843538e-12	1.6816062776843538e-12
0.006918309709189377	0.001311945419271292	0.0001584020692645866	0.00131048976130306	0.00015682621831959067	0.0013119785411222112	0.00015843804497723483	0.04542252361490263	0.04538837294454652	0.04525750594512106	0	0	0	0	0	0.04487253650434359	0.0018172701559236771	0	0.0018357308789538871	0.0018356064269372644	0.0018357346176518842	1.5693662908961413e-12	1.5693662908961413e-12	1.5693662908961413e-12
0.007413102413009177	0.0012211957589332476	0.00014699650405891837	0.0012198737202309816	0.00014556552437545122	0.0012212670833268197	0.00014707404624298153	0.041919662581207315	0.04188360517667967	0.041753509762462414	0	0	0	0	0	0.041416907516869786	0.0017446269025509244	0	0.0017073193974328172	0.0017072017800966223	0.0017073207888057892	1.4646178405046478e-12	1.4646178405046478e-12	1.4646178405046478e-12
0.00794328234724282	0.0011316295172358521	0.00013583621981622042	0.0011303679679199221	0.00013447058034371404	0.0011316309497308886	0.00013583762647059077	0.038594399722471896	0.03856594319584025	0.03843082826842342	0	0	0	0	0	0.038142514547451795	0.0016661355863374504	0	0.001580665672080272	0.0015805536086229	0.0015806648078682999	1.3668608986749635e-12	1.3668608986749635e-12	1.3668608986749635e-12
0.008511380382023776	0.001048632338355055	0.00012552324786285345	0.0010474295180795251	0.00012422128835490082	0.0010485737508788137	0.00012545966631447237	0.03553291219967254	0.035511078101101635	0.03537256076912732	0	0	0	0	0	0.035126992893179824	0.001591175619269122	0	0.0014634074741081322	0.00146330078778941	0.0014634046813082743	1.2756288122796489e-12	1.2756288122796489e-12	1.2756288122796489e-12
0.009120108393559097	0.0009669665028713602	0.0001154052722095179	0.0009658233131903125	0.00011416788302270139	0.0009669416332465568	0.00011537836325159993	0.03265343571775467	0.03263438807417083	0.03248437702056546	0	0	0	0	0	0.03228314827861838	0.001510268712436482	0	0.0013482859074122288	0.0013481855133582934	0.001348282851697911	1.1904860752805417e-12	1.1904860752805417e-12	1.1904860752805417e-12
0.009772372209558112	0.0008916606740757191	0.00010610287003013606	0.0008905751233860939	0.00010492811406565134	0.0008916646266625591	0.00010610714261944823	0.030007303037305217	0.029990733650593997	0.029832014631387193	0	0	0	0	0	0.029669538350423658	0.001433475699440543	0	0.0012422205846900631	0.0012421261531438059	0.0012422173247098576	1.1110262497944953e-12	1.1110262497944953e-12	1.1110262497944953e-12
0.010471285480509006	0.0008181540789175239	0.00009706037048085572	0.0008171235685369057	0.00009594500576123458	0.0008181600886305038	0.00009706692774492562	0.027518637780599767	0.027505783715851127	0.027321295379764052	0	0	0	0	0	0.027213815961883353	0.0013510597051592012	0	0.0011386703060199108	0.0011385819198994679	0.001138667344689895	1.0368700259190643e-12	1.0368700259190643e-12	1.0368700259190643e-12
0.011220184543019653	0.0007507072099408736	0.00008878850793767615	0.0007497300437944314	0.00008773095954782607	0.0007507149107544398	0.00008879692949258317	0.02523637077142203	0.025226729917232165	0.025021883049190723	0	0	0	0	0	0.024961351621323152	0.00127338212124368	0	0.0010437518761090045	0.001043669183714444	0.0010437491862915144	9.676634110564538e-13	9.676634110564538e-13	9.676634110564538e-13
0.012022644346174132	0.0006852646779034454	0.00008086871338620316	0.0006843293400069925	0.00007985617600548688	0.0006852048221193832	0.00008080340448478504	0.02309757253911512	0.02309031393274765	0.022867525501733613	0	0	0	0	0	0.022859376403348213	0.0011913485667174833	0	0.0009519383890829919	0.0009518615886290219	0.0009519366106012564	9.030760400923233e-13	9.030760400923233e-13	9.030760400923233e-13
0.01288249551693135	0.000625527066429929	0.00007365535198913741	0.0006246336924478514	0.00007268823775651167	0.0006254113799122748	0.0000735294588860431	0.02114003879685518	0.021134827988491693	0.020898655850337726	0	0	0	0	0	0.020934406817280055	0.0011145997605444572	0	0.0008682012625338572	0.0008681299573134304	0.0008682002558705833	8.427995983628763e-13	8.427995983628763e-13	8.427995983628763e-13
0.013803842646028866	0.0005681467147387768	0.00006672096519343593	0.0005673573691968192	0.00006586644140809718	0.0005681030527050046	0.00006667353366430715	0.0193030956361616	0.019308045815528217	0.01904391205017199	0	0	0	0	0	0.01912185025359148	0.001035183465205185	0	0.0007880175132109998	0.0007879514637074755	0.0007880183014984804	7.865463498821305e-13	7.865463498821305e-13	7.865463498821305e-13
0.014791083881682071	0.0005160299318632672	0.000060439426003968194	0.0005153330476306483	0.00005968487113828344	0.0005160460600157548	0.0000604568584976939	0.017625771869171386	0.017639160981936283	0.01735377570557132	0	0	0	0	0	0.017466229653039893	0.0009614256566058844	0	0.0007152392284191515	0.0007151780720482564	0.0007152414886976439	7.340477638036742e-13	7.340477638036742e-13	7.340477638036742e-13
0.01584893192461114	0.00046647951153110844	0.000054540566184936266	0.000465823693283455	0.000053830675222239	0.0004665220206887666	0.000054586699445745594	0.016057787241973747	0.016072684814720243	0.015772321872955193	0	0	0	0	0	0.015929373278023854	0.0008867859433405945	0	0.0006460694394533528	0.0006460123704270125	0.0006460720268812071	6.850532325601925e-13	6.850532325601925e-13	6.850532325601925e-13
0.01698243652461746	0.00042168704030904876	0.000049217432335940865	0.00042107082831559705	0.00004855068863545699	0.0004217507169435324	0.00004928651323313171	0.0146292901679668	0.01464532227002676	0.014334986315642883	0	0	0	0	0	0.014527745144268023	0.0008179408401505045	0	0.0005835889643778838	0.0005835357641062681	0.0005835917945398204	6.393288755616805e-13	6.393288755616805e-13	6.393288755616805e-13
0.018197008586099864	0.0003795429298020172	0.000044262183596846545	0.00037893047792227227	0.00004359921690071174	0.00037957035667884247	0.00004429179287334938	0.013307259916081164	0.01332190024680138	0.012985924415632854	0	0	0	0	0	0.013218006280805291	0.0007498715820652603	0	0.0005248662887496076	0.0005248159919199956	0.0005248689568207619	5.966564227416423e-13	5.966564227416423e-13	5.966564227416423e-13
0.019498445997580455	0.0003416107724276399	0.00003980583309158741	0.0003410074919528294	0.00003915272404534091	0.0003416085613639728	0.00003980324001935969	0.012104699848109737	0.012118069026650578	0.011763822386388324	0	0	0	0	0	0.012026346023033272	0.0006874670660601701	0	0.00047205248536435037	0.00047200504633476166	0.0004720549953094281	5.568321726217862e-13	5.568321726217862e-13	5.568321726217862e-13
0.02089296130854041	0.0003061416264929407	0.00003563620349351661	0.0003055671952705297	0.000035014179661305466	0.000306160539550524	0.00003565660750023057	0.010984314672630611	0.01099718550259979	0.010625227499428581	0	0.007702733615751545	0.00765047758681328	0	0	0.010919906498378363	0.0006269073757015493	0	0.00042276418576091886	0.0004227200988142565	0.00042276632332182134	5.19666019921414e-13	5.19666019921414e-13	5.19666019921414e-13
0.022387211385683423	0.0002743552107730902	0.000031903339304804464	0.0002738101450228957	0.00003131309014244872	0.0002743908864684374	0.00003194196396592624	0.009967629957070736	0.009979980202507418	0.009596834745247638	0	0.0070834102312999254	0.007023200438737198	0	0	0.009915260853541486	0.0005716824515846778	0	0.0003786222132145789	0.00037858129553725256	0.00037862402879116665	4.849805480697143e-13	4.849805480697143e-13	4.849805480697143e-13
0.02398832919019495	0.0002448241125446039	0.000028428216169742865	0.00024432406078553565	0.000027886698672333994	0.0002448392525614133	0.000028444527048759244	0.009027125035921195	0.009039200377800403	0.00863892039482821	0	0.006476803942111457	0.006413675790906576	0.006632866054276148	0.006512722855852035	0.008987434944904905	0.0005188160366921646	0	0.00033767699138341066	0.000337639282225447	0.00033767820723069924	4.5261018228894246e-13	4.5261018228894246e-13	4.5261018228894246e-13
0.025703957827688646	0.00021847168826994316	0.000025331626475599914	0.0002180132758548547	0.00002483523533780312	0.0002184703011327137	0.000025330036684365723	0.008175362324355716	0.0081871047649472	0.007776620893168589	0	0.0059221459628566895	0.005857050145397461	0.006046155192424214	0.005949625557236713	0.008146430848568913	0.0004708384509316999	0	0.0003011596956809555	0.0003011249796161623	0.00030116042027916783	4.224003992056662e-13	4.224003992056662e-13	4.224003992056662e-13
0.02754228703338169	0.00019414682454596356	0.00002247498304941445	0.00019373373878253517	0.00002202773655248921	0.0001941538735269692	0.000022482626658531215	0.007387563186273896	0.007399583297645216	0.006974932177007601	0	0.005390457593298322	0.005325715077395071	0.005486230443703188	0.005410129495206172	0.007369203861284157	0.00042551413010985105	0	0.00026748474009639933	0.0002674521986432523	0.00026748469415884663	3.9420698921705375e-13	3.9420698921705375e-13	3.9420698921705375e-13
0.0295120922666639	0.00017253031630674165	0.000019940482841005716	0.0001721581467710594	0.000019537611422883785	0.00017254394034376045	0.00001995530080613282	0.006675678418386224	0.006687813891574546	0.00625588922774833	0	0.0049065040354275835	0.004842581228006277	0.004978159429173954	0.004919553486739745	0.0066661298129972	0.00038455286428891965	0	0.00023757523735923582	0.00023754481826877437	0.0002375745841466435	3.678953680910483e-13	3.678953680910483e-13	3.678953680910483e-13
0.03162277660168379	0.0001527002602542939	0.00001765475843704706	0.00015232956958904676	0.000017253341336088337	0.0001526815214412724	0.000017634382479169888	0.006020739933248909	0.00603263941780664	0.0055857017449519	0	0.004448686823995631	0.004386402130931163	0.004498361490938513	0.004454727786190878	0.006018087746346204	0.00034608334880616815	0.005341677753989045	0.00021010431736199795	0.00021007554838434978	0.0002101031223874811	3.4333993451426345e-13	3.4333993451426345e-13	3.4333993451426345e-13
0.03388441561392028	0.00013514940435322133	0.00001563104052974692	0.0001347847790325128	0.000015236140222899167	0.00013510556756254487	0.000015583400543182118	0.005430056253755385	0.005441649384281267	0.004987310811893704	0	0.004033587726636319	0.00397319585326994	0.00406480676062161	0.004033821301577577	0.005433044530892252	0.0003114622083035738	0.004795089386417173	0.0001858098708637779	0.0001857827771223008	0.00018580826815094465	3.204234705207934e-13	3.204234705207934e-13	3.204234705207934e-13
0.03630780547701017	0.00011907839608905054	0.000013780519800017392	0.00011872814106682774	0.000013401103232505526	0.00011905185143208445	0.000013751666230416261	0.004886938007714854	0.0048975564323237054	0.004434581128299853	0	0.003641986661231193	0.0035843013955881007	0.0036592643729400857	0.003638761474499276	0.004894573159034171	0.00027914816802641977	0.004287863277051876	0.00016360318441555616	0.00016357829453544692	0.0001636020543645441	2.990365819398282e-13	2.990365819398282e-13	2.990365819398282e-13
0.038904514499428125	0.00010491843810189024	0.000012149077701978556	0.0001045842978885932	0.000011787077647024789	0.00010490569400736045	0.000012135241187489568	0.004398142850680654	0.004407865577867136	0.003943108926873983	0	0.003288404204771584	0.003233471736320661	0.003294182611775842	0.0032823925698250225	0.0044094699156098	0.0002501866924302936	0.003834291709925274	0.0001440504846512343	0.0001440276588475729	0.00014404973717615027	2.7907717619097635e-13	2.7907717619097635e-13	2.7907717619097635e-13
0.04168693834703355	0.00009199010865757293	0.000010629018504466252	0.00009170200808268977	0.000010316958572085363	0.00009199510812866899	0.000010634496023790957	0.0039489170372393285	0.0039616969102903125	0.0034924017591810652	0	0.0029570524865451388	0.002905286368279014	0.002953940812262113	0.002949536317046336	0.003964718570578443	0.00022329931479725726	0.0034111408002507177	0.0001262548319748292	0.00012623443002007077	0.00012625447863140595	2.6044997493450864e-13	2.6044997493450864e-13	2.6044997493450864e-13
0.04466835921509635	0.00008065484240829147	9.299144934260052e-6	0.00008040650897093078	9.030197082394885e-6	0.00008067340862366989	9.319345527027041e-6	0.0035455750975859454	0.003560689892135556	0.0030932115429031255	0.0029786555456497374	0.0026590889877511703	0.0026104105957989367	0.002648841108915878	0.0026504338833666695	0.0035648260776750752	0.00019930150362740427	0.0030346886568423975	0.00011065761170874148	0.00011063938308791458	0.00011065756652506573	2.430660592500986e-13	2.430660592500986e-13	2.430660592500986e-13
0.0478630092322639	0.0000703880272580247	8.106609516908293e-6	0.00007016613782854448	7.8663276152188e-6	0.00007040177622865582	8.121579275001562e-6	0.0031742451586025755	0.0031923223013149275	0.002728394281120593	0.002635628607448913	0.0023818665574400866	0.002336333151991585	0.0023663139299848405	0.002372940786408032	0.0031975736146868296	0.00017723803880293995	0.002689188300760371	0.00009652056265535469	0.00009650390900995904	0.00009652043260385689	2.268424451729306e-13	2.268424451729306e-13	2.268424451729306e-13
0.05128613839913648	0.00006142810813758555	7.067006517718886e-6	0.00006122995464899773	6.852465077489015e-6	0.00006143796550447878	7.077755592261739e-6	0.0028418047988243707	0.002862063809033528	0.0024066040262687347	0.002332105223293909	0.002133545858594785	0.0020910321946591513	0.0021139212904816586	0.0021245004492043	0.002868155920809937	0.00015761708681054406	0.002383023280045841	0.0000841895904985481	0.00008417440692707344	0.00008418939800131467	2.1170168756094342e-13	2.1170168756094342e-13	2.1170168756094342e-13
0.05495408738576248	0.00005332835063077876	6.133820210087276e-6	0.000053146934560023196	5.937321280879195e-6	0.0000533423093361078	6.149023699353306e-6	0.002539598569332589	0.0025586084098799203	0.0021178617920591205	0.00205812638657768	0.001903123548495195	0.0018637009139837338	0.0018803867492009378	0.0018945146790937293	0.002567750489827577	0.00013941698651570732	0.0021029128775241364	0.00007304726284697046	0.00007303329565449854	0.00007304719406165358	1.975715104022312e-13	1.975715104022312e-13	1.975715104022312e-13
0.05888436553555896	0.0000462966069967439	5.3238595826029436e-6	0.00004613096105197957	5.14439454907787e-6	0.0000463134145466062	5.34215853632296e-6	0.0022695298762336748	0.002287327408440588	0.0018637625971307233	0.0018163349495630642	0.0016975867784826612	0.0016610844661576263	0.0016726518354734123	0.0016894257992018282	0.002298808976935909	0.00012331845818521148	0.0018557278090761146	0.00006337960046885387	0.00006336679364760505	0.0000633796260212902	1.8438446179783962e-13	1.8438446179783962e-13	1.8438446179783962e-13
0.06309573444801943	0.00003998167278757965	4.60659200242544e-6	0.0000398186867651065	4.429954004358588e-6	0.000039986967433936956	4.612377270100891e-6	0.002022716418350552	0.002039729187729747	0.0016406756593796282	0.0015948086657803595	0.0015068128302227922	0.0014735060245470218	0.0014808108364490816	0.001500003189302731	0.002051916782700625	0.00010865271249670628	0.0016298750993603889	0.00005466673729021461	0.000054655166319472854	0.000054666592265305255	1.720775919729722e-13	1.720775919729722e-13	1.720775919729722e-13
0.06760829753919818	0.00003452810610949355	3.985959724812067e-6	0.00003437014489923869	3.814733161213398e-6	0.000034524717734937805	3.982289918409362e-6	0.0018027441506320331	0.0018189329362835436	0.0014442915763117365	0.0014003004682919204	0.0013374779623068441	0.0013071099324640494	0.0013109726046032803	0.0013318191121393986	0.0018315408219522905	0.00009573110227474187	0.0014315099588002615	0.000047151640967284826	0.00004714120809112701	0.00004715137178148202	1.6059215277956632e-13	1.6059215277956632e-13	1.6059215277956632e-13
0.07244359600749906	0.000029632361711186106	3.4219637868780116e-6	0.000029486747167299245	3.2641003331631903e-6	0.000029629241038894018	3.4186050753565073e-6	0.0016011424512894518	0.0016180129482636502	0.0012727551621239648	0.0012219773694035238	0.0011803595234619135	0.0011532264817100874	0.0011545203802518175	0.0011768231990765953	0.0016305824854113058	0.00008395783883398656	0.0012509290117888828	0.00004042391696999295	0.00004041441517922171	0.00004042336174051183	1.4987331725577768e-13	1.4987331725577768e-13	1.4987331725577768e-13
0.07762471166286927	0.000025430785511318218	2.93777081735481e-6	0.000025297195023681363	2.7929479034824816e-6	0.000025427924748896198	2.9347086477122507e-6	0.0014220859617946264	0.0014392866545689554	0.0011215918788711106	0.0010663630593195385	0.001041698363555986	0.0010174594233327834	0.0010167392543036094	0.0010398655712788082	0.0014516734816186192	0.0000736324823822014	0.0010931278423285137	0.00003465612287662825	0.00003464749887447054	0.00003465536871285724	1.3986991790366632e-13	1.3986991790366632e-13	1.3986991790366632e-13
0.08317637711026708	0.000021672504331243897	2.505158570531706e-6	0.000021549947781693128	2.3722591461329663e-6	0.00002166050301321105	2.4921163559878106e-6	0.0012592446655548325	0.001277065675163348	0.0009912265588335335	0.0009214206917235293	0.0009140319047692275	0.0008929874586623154	0.0008900864136411643	0.0009140328826194985	0.0012884576196274915	0.00006429033655643615	0.0009490765171382004	0.000029499397489666287	0.000029491883827513105	0.000029498896480946733	1.3053420243571887e-13	1.3053420243571887e-13	1.3053420243571887e-13
0.08912509381337459	0.000018469639633378194	2.13625223126126e-6	0.00001835777638425767	2.0149367803797918e-6	0.000018451265505089607	2.1162727470828965e-6	0.0011150501237823887	0.001133128507447212	0.0008760139133014115	0.0007961792034300518	0.0008020117455921845	0.0007837429022143525	0.0007792104223331293	0.0008034270328637552	0.0011435925906183076	0.000056133478606432365	0.0008240081356490367	0.00002510997711288094	0.000025103434301181315	0.00002510967061997428	1.218216058242396e-13	1.218216058242396e-13	1.218216058242396e-13
0.09549925860214369	0.00001563120447342809	1.8073053440092108e-6	0.000015530312025058557	1.6978511062706634e-6	0.00001561754524135732	1.7924396639246825e-6	0.0009832539210219793	0.0010012753638082177	0.0007754647659849958	0.0006781596111712776	0.000699065502001183	0.000683593441744511	0.0006777146401185815	0.0007018272681360687	0.0010115561458749155	0.000048770236303779694	0.0007089212001162382	0.000021220037578548844	0.000021214454957595144	0.00002121999530655961	1.136905375654673e-13	1.136905375654673e-13	1.136905375654673e-13
0.10232929922807536	0.000013228983247110012	1.529010740719409e-6	0.0000131383336710925	1.4306644293431266e-6	0.000013219023882051015	1.5181596763645284e-6	0.0008670357077093845	0.0008847649208189984	0.0006864566808281507	0.0005776343519683315	0.0006093334402818879	0.0005962414361595098	0.000589439155672254	0.0006130756050660141	0.0008947643108671043	0.00004237285855386065	0.0006099081383200138	0.000017932712276509276	0.00001792794936932818	0.000017932859718686138	1.061021831428944e-13	1.061021831428944e-13	1.061021831428944e-13
0.10964781961431873	0.000011104593726960871	1.2789027316646314e-6	0.000011026930443434778	1.1946395991626245e-6	0.00001110108283110353	1.275071211336107e-6	0.0007610152138233511	0.0007781499305085257	0.0006044562935348113	0.00048330811826625535	0.0005269729542061889	0.0005164161606966337	0.0005087651028525665	0.0005316868990585015	0.0007877709791484854	0.00003663243643995846	0.0005179717003339511	0.000015030530340410603	0.000015026414238028498	0.000015030806318279662	9.902031874205594e-14	9.902031874205594e-14	9.902031874205594e-14
0.11748975549395303	9.321351424932726e-6	1.0697061528094429e-6	9.254841447046236e-6	9.97553124699353e-7	9.322476540068272e-6	1.0709061894407543e-6	0.0006679588285938561	0.0006843821450221153	0.0005322512272049865	0.0004043851207707909	0.0004557447139883406	0.0004472779563031049	0.0004391325676106066	0.00046110293134238854	0.0006935716009807872	0.00003166969247122796	0.0004398935929693647	0.000012598029725260402	0.000012594475821039718	0.000012598388774670602	9.241113833231276e-14	9.241113833231276e-14	9.241113833231276e-14
0.12589254117941662	7.759599965130787e-6	8.88231280242973e-7	7.701378279929566e-6	8.250541385632568e-7	7.760819041675768e-6	8.895366137683068e-7	0.0005829736884611468	0.0005990112894801741	0.0004609373393540367	0.0003323509055934464	0.00039138649061883253	0.0003848344658495594	0.00037521905012258646	0.0003960533854860597	0.0006081996741396665	0.000027249739913978265	0.000366763991580701	0.000010466640128963331	0.000010463553982453059	0.00001046696591903178	8.624309229017668e-14	8.624309229017668e-14	8.624309229017668e-14
0.1348962882591656	6.459513097832984e-6	7.3754348811585e-7	6.408670288943734e-6	6.823840402139059e-7	6.460763075001039e-6	7.388839424371945e-7	0.0005088013016512401	0.0005242897225395956	0.0003991784705250672	0.00027314833997413757	0.0003361166467480807	0.00033110857358092954	0.0003206078208704788	0.0003401806266950275	0.0005333362022039318	0.000023446654117467736	0.00030579173616101087	8.695848317420915e-6	8.693173380094647e-6	8.69614182493238e-6	8.048673679383898e-14	8.048673679383898e-14	8.048673679383898e-14
0.1445439770745928	5.3262733345874624e-6	6.076384905794784e-7	5.281032067424947e-6	5.585397850446816e-7	5.328051788393208e-6	6.095619952689119e-7	0.0004417480434421469	0.0004566714282054994	0.00033529695300554493	0.00022089492106388875	0.0002861818276057529	0.00028254557072457723	0.00027103029961945074	0.0002891309035055836	0.0004652793848983002	0.00002004866800254614	0.00024982413660975373	7.153300441982869e-6	7.150957464150788e-6	7.153483217497655e-6	7.511459326996578e-14	7.511459326996578e-14	7.511459326996578e-14
0.15488166189124797	4.391846135315464e-6	5.006139179357926e-7	4.351807541930388e-6	4.5717172895773844e-7	4.393929251119529e-6	5.028744092754455e-7	0.00038353151466331186	0.00039777394897055294	0.0002816385526677412	0.0001786376082550661	0.00024366552280034165	0.00024110520205712668	0.0002291192495316107	0.0002457420346776525	0.000405907015343697	0.00001714313209307187	0.00020410001923644694	5.884383598407642e-6	5.88233898235412e-6	5.884485691839378e-6	7.010101722181236e-14	7.010101722181236e-14	7.010101722181236e-14
0.1659586907437563	3.583059339675844e-6	4.092591254921148e-7	3.547084831329411e-6	3.7021136039462623e-7	3.583986816972427e-6	4.1026394966886444e-7	0.00033102719660950424	0.00034456943011353	0.00022878089334086522	0.00014197842250822902	0.00020595107324122968	0.00020414872030660096	0.0001919556014113335	0.00020690213024457163	0.0003524898649345329	0.000014547100926735663	0.0001634131579073038	4.788237213099042e-6	4.786507602627366e-6	4.7883201321043165e-6	6.542207581250016e-14	6.542207581250016e-14	6.542207581250016e-14
0.1778279410038923	2.9232158495726222e-6	3.345752600910598e-7	2.8911689405883613e-6	2.997920533662551e-7	2.9233428146253163e-6	3.3470883642779354e-7	0.00028571056277172836	0.00029848131702952	0.00018584350992455586	0.00011284226571788404	0.00017407405069764457	0.000172856909130266	0.00016081997906554533	0.0001742009321111682	0.0003061023835135239	0.000012344193827810351	0.00013083712719449416	3.896281611401236e-6	3.894820597510168e-6	3.896348956938136e-6	6.105543361908267e-14	6.105543361908267e-14	6.105543361908267e-14
0.1905460717963252	2.3521382151166908e-6	2.679723402396289e-7	2.3260228222259086e-6	2.396262026952327e-7	2.3553481836690198e-6	2.7145540428423755e-7	0.0002450228416582399	0.0002571814596034831	0.0001470021376611073	0.00008817505336101731	0.0001457233037726067	0.00014497113513913283	0.0001334199578396117	0.00014522544873787354	0.00026411453264263624	0.000010380948267233862	0.0001026538090948598	3.1294749436951033e-6	3.1282623061513466e-6	3.1295866717434223e-6	5.698024601203395e-14	5.698024601203395e-14	5.698024601203395e-14
0.20417379446695316	1.8926259529624785e-6	2.1462786911967232e-7	1.8713476385142744e-6	1.915351536953075e-7	1.8977127959671263e-6	2.2015563527261824e-7	0.00021012941331905195	0.00022159612474919845	0.00011627862864680066	0.00006890007025077085	0.00012198993001712784	0.00012158397445190147	0.00011068826928940753	0.0001210695643560499	0.0002278861260482699	8.729941252559083e-6	0.00008054139331582266	2.5135794585683114e-6	2.5125740226246503e-6	2.513715492169583e-6	5.3177059651201364e-14	5.3177059651201364e-14	5.3177059651201364e-14
0.21877616239495518	1.4994776541686886e-6	1.6870270324967499e-7	1.4829858650113163e-6	1.5081203320882848e-7	1.5051197577255189e-6	1.748430092525265e-7	0.0001792430823728406	0.00018985439057657487	0.00008973717290804883	0.00005287648184382143	0.00010104089603272787	0.00010081814258237957	0.00009094376337511398	0.00009986539301412181	0.00019549167731067993	7.259180601754221e-6	0.0000619032853967827	1.988737099734617e-6	1.987886124532665e-6	1.9888381450251074e-6	4.9627719623221894e-14	4.9627719623221894e-14	4.9627719623221894e-14
0.23442288153199276	1.1879966201624714e-6	1.3260441060372458e-7	1.1752210174959197e-6	1.1874723214915338e-7	1.1937451704546206e-6	1.3885666767795317e-7	0.00015289664626691097	0.00016265938613320755	0.00006925400045772286	0.00004057938289473152	0.00008368938870333795	0.00008359899336718827	0.00007472127037422297	0.00008237492861984124	0.00016770216142797427	6.036203622038925e-6	0.00004757822760638354	1.573483280339003e-6	1.5727660990387377e-6	1.5735580177742738e-6	4.6315282777118934e-14	4.6315282777118934e-14	4.6315282777118934e-14
0.25118864315095824	9.255230603727963e-7	1.0454856106722259e-7	9.137442671724767e-7	9.177471278216816e-8	9.290624636414982e-7	1.0840569684933432e-7	0.00012949103803962223	0.00013829622201265698	0.000052095741510635664	0.000030480929479920446	0.00006853135791631479	0.00006839392832577623	0.000060567398614828	0.00006693380766511998	0.00014287739837932746	4.962819815897514e-6	0.00003569070741448799	1.2215918487797344e-6	1.2209941829168087e-6	1.221639835932236e-6	4.322393684437511e-14	4.322393684437511e-14	4.322393684437511e-14
0.2691534803926914	7.210398756561105e-7	8.242864299507524e-8	7.104438853293962e-7	7.092879348691016e-8	7.23066432192468e-7	8.463255892504518e-8	0.00010966838934653417	0.0001175821787948424	0.00003918858500022325	0.000022895544379520605	0.000056118787466620916	0.00005595437508781512	0.00004909458520438896	0.00005438711369604965	0.00012172741718902993	4.080309755479324e-6	0.000026773309133854358	9.483968871175939e-7	9.479011504812256e-7	9.484263509060059e-7	4.0338924957390656e-14	4.0338924957390656e-14	4.0338924957390656e-14
0.28840315031266117	5.490041156056762e-7	6.284312931224796e-8	5.405507933721847e-7	5.3667718302796e-8	5.497807182553468e-7	6.368317120447839e-8	0.00009180367944547749	0.00009882686432044775	0.000028462509149925786	0.000016787303004889368	0.000045203569295415545	0.00004500545845817337	0.00003919708287479067	0.00004348734297298425	0.00010252772590966264	3.2979092379611932e-6	0.000019521351686771456	7.206164272153554e-7	7.202230676420345e-7	7.206381869693439e-7	3.764647520601181e-14	3.764647520601181e-14	3.764647520601181e-14
0.30902954325135923	4.1801504899810325e-7	4.7911244905389636e-8	4.1128534744137784e-7	4.0607260411948946e-8	4.180236071101606e-7	4.791945731253106e-8	0.00007684908668711495	0.0000830631751470887	0.00002067220408966054	0.000012308663096477715	0.00003641138323348202	0.00003619897975540926	0.00003129492385966584	0.000034772005174221076	0.00008635634290903488	2.665534234802783e-6	0.000014233697066484376	5.475429561466332e-7	5.472313931683373e-7	5.475590129084668e-7	3.5133734895857865e-14	3.5133734895857865e-14	3.5133734895857865e-14
0.3311311214825908	3.0989764370985767e-7	3.5910550539384405e-8	3.043879067919466e-7	2.993151703941239e-8	3.098090050038668e-7	3.581373569251235e-8	0.00006330631638833469	0.00006886857471034712	0.000014436208239112755	8.74464784716459e-6	0.000028750160580930586	0.00002851109529568518	0.00002450421799800356	0.00002723202934708545	0.00007167637948670121	2.1329123363307797e-6	0.000010032859099785078	4.0483075871880937e-7	4.045940387905451e-7	4.048501470732821e-7	3.278870919462072e-14	3.278870919462072e-14	3.278870919462072e-14
0.354813389233576	2.2974423960835917e-7	2.691576147913021e-8	2.2527424907688252e-7	2.206245147276658e-8	2.2960813205028028e-7	2.676623935633974e-8	0.000052150127834009065	0.00005709967833803481	0.00001008136855746594	6.212605331020994e-6	0.000022700915483738377	0.000022455952086278368	0.00001918703181341067	0.00002132702496289459	0.00005949190532226724	1.7067179160835501e-6	7.0718282991391625e-6	2.993152251619041e-7	2.99135499659623e-7	2.993351177157127e-7	3.060020387346155e-14	3.060020387346155e-14	3.060020387346155e-14
0.38018939632056126	1.64247181685937e-7	1.935204793276416e-8	1.6088953440938864e-7	1.5707142323814576e-8	1.6415151433595763e-7	1.9247110925416574e-8	0.00004201568952192689	0.00004629561292210574	6.682450940249618e-6	4.2724737385414535e-6	0.000017433926927216393	0.000017175916582174272	0.000014663792388168665	0.00001626056370197089	0.000048322782122829686	1.329313638436058e-6	4.825072930747258e-6	2.1361548617980295e-7	2.134745132389076e-7	2.1362695682882935e-7	2.8557771870172785e-14	2.8557771870172785e-14	2.8557771870172785e-14
0.40738027780411384	1.1742247264941232e-7	1.3913845962796667e-8	1.1490635253936635e-7	1.1182543349051691e-8	1.1735524965155372e-7	1.3840243825195348e-8	0.00003385069681174784	0.00003753582924136627	4.42947307345208e-6	2.938224927210374e-6	0.00001338896699215686	0.00001313736818213423	0.000011206882299169262	0.000012397694116543214	0.000039250571307831947	1.0353642700294808e-6	3.2921230270626554e-6	1.5245324026250172e-7	1.5234356288184373e-7	1.52459480973054e-7	2.665166341901801e-14	2.665166341901801e-14	2.665166341901801e-14
0.43651583224016655	8.091951766020331e-8	1.0176109458590155e-8	7.85470416339012e-8	7.619405385670476e-9	8.041544244742166e-8	9.646051045388006e-9	0.000026389884121818533	0.000029546607884114317	2.7582543545840433e-6	1.9571509410722264e-6	9.876193283455106e-6	9.63372436055138e-6	8.24432251823635e-6	9.078413989648444e-6	0.00003092770693531348	7.941122920254251e-7	2.135876734576127e-6	1.0413501765511394e-7	1.0405558655810447e-7	1.0413742498942226e-7	2.487277950919243e-14	2.487277950919243e-14	2.487277950919243e-14
0.4677351412871981	5.576418372580349e-8	7.442457246550827e-9	5.369274729457738e-8	5.1916041475580344e-9	5.51031453915788e-8	6.72288017071244e-9	0.000020573460801590256	0.000023257832718812495	1.7175783571594514e-6	1.3036577869403022e-6	7.2850425151769705e-6	7.064477737732398e-6	6.064920820105103e-6	6.647816907941648e-6	0.00002436965945730774	6.090748450571109e-7	1.3857226439602198e-6	7.113067510640637e-8	7.107333509292379e-8	7.113105209471536e-8	2.3212628449729144e-14	2.3212628449729144e-14	2.3212628449729144e-14
0.5011872336272735	3.6029625665329824e-8	4.726126854718609e-9	3.475690525073302e-8	3.3442137762335297e-9	3.560435629789095e-8	4.263190582758404e-9	0.000015259706713637244	0.00001750401135398838	1.0011480354974973e-6	8.182463881356137e-7	5.129392047393945e-6	4.928784088914413e-6	4.243991457624611e-6	4.619399149823958e-6	0.000018332127553136554	4.5980744857778515e-7	8.554673274974416e-7	4.599220875840969e-8	4.595285350633357e-8	4.5991992580771346e-8	2.1663285333512258e-14	2.1663285333512258e-14	2.1663285333512258e-14
0.5370317963702532	2.3278990901522752e-8	3.001196285977258e-9	2.2499173975596975e-8	2.1542023357868804e-9	2.3005405197448654e-8	2.7034237534229794e-9	0.000011318399526064661	0.000013173644216330166	5.83552642476315e-7	5.135758466709132e-7	3.6116004431073092e-6	3.438741474884177e-6	2.9697771869804677e-6	3.209903160826041e-6	0.000013790381486996811	3.471213619859665e-7	5.281174783462967e-7	2.9737989458315632e-8	2.971106875192694e-8	2.973755229619226e-8	2.0217354206892724e-14	2.0217354206892724e-14	2.0217354206892724e-14
0.5754399373371566	1.4482351456428966e-8	1.9912249856977515e-9	1.3865449059837989e-8	1.3210390209246192e-9	1.4211439221279537e-8	1.6963115362499628e-9	8.058166249214297e-6	9.49141337335e-6	3.2791935705110963e-7	3.0842267142978415e-7	2.4341724453220553e-6	2.3037962107614647e-6	1.9827282511834425e-6	2.136166147363969e-6	9.954006935399375e-6	2.5298249064649944e-7	3.18947466326675e-7	1.8307306017719947e-8	1.828805795597696e-8	1.8307611586505398e-8	1.88679327643188e-14	1.88679327643188e-14	1.88679327643188e-14
0.6165950018614835	8.744840383730529e-9	1.3107051244830541e-9	8.25842707587466e-9	7.821199920327789e-10	8.582047022979649e-9	1.133445103208305e-9	5.4975255140827275e-6	6.631946162153235e-6	1.8193829523442225e-7	1.8059166772086812e-7	1.5796535923530386e-6	1.485635276293322e-6	1.2838712680680704e-6	1.376135591635995e-6	6.939456510180582e-6	1.8162565333244474e-7	1.8403801819678728e-7	1.0889691901614382e-8	1.0876828788332247e-8	1.089051788519904e-8	1.760857939944893e-14	1.760857939944893e-14	1.760857939944893e-14
0.6606934480075964	5.086907319354994e-9	8.29319739979227e-10	4.734214600539441e-9	4.4590115921763125e-10	4.962966218625075e-9	6.941954022609941e-10	3.6034475639257193e-6	4.450687143721574e-6	9.985505674653738e-8	1.0270887190516068e-7	9.888367184205427e-7	9.215826667340009e-7	7.957466133145346e-7	8.474968787169643e-7	4.665611493243731e-6	1.2877729445746754e-7	1.0369268138928329e-7	6.2341934869860545e-9	6.227014133572368e-9	6.237284755984384e-9	1.6433282455461038e-14	1.6433282455461038e-14	1.6433282455461038e-14
0.7079457843841374	2.7868372226703225e-9	4.4269595366892826e-10	2.6047334141493117e-9	2.447267959070202e-10	2.8290780341774937e-9	4.883709866097925e-10	2.261883257272667e-6	2.8473369516368122e-6	5.415457092102737e-8	5.6771272829015875e-8	5.907322201285013e-7	5.458134182645482e-7	4.703386241933589e-7	4.978555850013714e-7	2.9799123525078216e-6	9.140551541564897e-8	5.635748441980488e-8	3.4277307973278244e-9	3.42403616566412e-9	3.4321667682383055e-9	1.5336431527770775e-14	1.5336431527770775e-14	1.5336431527770775e-14
0.7585775750291851	1.4700053414266526e-9	2.319091698706278e-10	1.3753491961739712e-9	1.2900214133800519e-10	1.6745287360863134e-9	4.543299803270742e-10	1.3445332380086244e-6	1.7340207910828495e-6	2.8793059989384405e-8	3.022359449299612e-8	3.3692276771542076e-7	3.083953769933292e-7	2.691496507872501e-7	2.82165142982353e-7	1.8146566759016067e-6	6.084471888646032e-8	2.9811057516257346e-8	1.8090852729628797e-9	1.8072259302185947e-9	1.8120876792562613e-9	1.4312790682170605e-14	1.4312790682170605e-14	1.4312790682170605e-14
0.8128305161640995	7.395857865795362e-10	1.1877457445660632e-10	6.897506100860931e-10	6.459295358807657e-11	8.472714208965494e-10	2.3588641235736505e-10	7.682749620390063e-7	1.0073204794429298e-6	1.5346911870997868e-8	1.586221497645926e-8	1.8773008908576858e-7	1.6959285465195303e-7	1.4906439235260294e-7	1.5452870547260845e-7	1.0553662770012357e-6	3.8710374284904343e-8	1.5575191640561877e-8	9.069396096111392e-10	9.059965851418273e-10	9.084788364210033e-10	1.3357473460542837e-14	1.3357473460542837e-14	1.3357473460542837e-14
0.8709635899560796	3.4095996084799915e-10	5.86201597013501e-11	3.1406239968589594e-10	2.9375600296301976e-11	3.990904967283805e-10	1.2183810420670725e-10	4.2967949302007974e-7	5.687378600673747e-7	8.291422501374462e-9	8.45008046429572e-9	1.0374209309512094e-7	9.177325713903588e-8	8.2138669124003e-8	8.354554670775893e-8	5.941843447150864e-7	2.2448585474282157e-8	8.18689916072708e-9	4.1289991621891115e-10	4.1240680067786333e-10	4.137456084311065e-10	1.246591955483329e-14	1.246591955483329e-14	1.246591955483329e-14
0.9332543007969925	1.224777721028308e-10	2.661296253429493e-11	1.072195305572281e-10	1.0016552384795614e-11	1.5546646332475836e-10	6.249874152291084e-11	2.45895563409759e-7	3.265718185501795e-7	4.583613718674764e-9	4.62868345502213e-9	5.8521795426046684e-8	4.8501246319971465e-8	4.6046781811037165e-8	4.408388437946546e-8	3.417285968916156e-7	1.2241822782914116e-8	3.791567193393875e-9	1.4093423747140336e-10	1.4075320593241395e-10	1.4126836816070083e-10	1.1633873037937448e-14	1.1633873037937448e-14	1.1633873037937448e-14